   18  115   10    7   14   68   48   46
   18  245   21    5   83   59   49   63
   18  261   22    9   89   32   32   32
   18   80    7    8   35  238  194  129
   18  279   24    3   86  112   92   99
   18  130   11   10   89   32   32   32
   18   97    9    1   29  215  199  176
   18   83    7   11   35  238  194  129
   18  334   28   10   11  217  197  191
   18  114   10    6   82  104   94  109
   18   65    6    5   40  216  201  145
   18   78    7    6   45  204  203  170
   18  219   19    3   36  183  140   82
   18  193   17    1   74  183  205  210
   18   27    3    3   45  204  203  170
   18   23    2   11   75  130  151  157
   18   47    4   11   46  151  149  122
   18  135   12    3   60  154  180  165
   18  243   21    3   71   57   78   77
   18  300   25   12   45  204  203  170
   18  112   10    4    5  208  163  160
   18   24    2   12   75  130  151  157
   18   45    4    9   53   70   76   59
   18   49    5    1   35  238  194  129
   18  256   22    4   12  166  143  136
   18  202   17   10   38  130  122   98
   18  189   16    9   20  192  170  156
   18   92    8    8   48  180  177  120
   18    1    1    1   90   64   64   64
   18  215   18   11    8  197  130  127
   18   72    6   12   83   59   49   63
   18  197   17    5   37  182  174  146
   18  105    9    9   11  217  197  191
   18  331   28    7   45  204  203  170
   18  123   11    3   89   32   32   32
   18  163   14    7   89   32   32   32
   18   37    4    1   93  160  160  160
   18  207   18    3   58  122  157  119
   18  133   12    1   88    0    0    0
   18  212   18    8   78  167  174  186
   18  303   26    3   29  215  199  176
   18  320   27    8   95  224  224  224
   18  277   24    1   19  143   81   65
   18  205   18    1   46  151  149  122
   18  298   25   10   41  162  147   98
   18  203   17   11   93  160  160  160
   18  125   11    5   90   64   64   64
   18  286   24   10   43  195  173   95
   18   82    7   10   54  166  180  127
   18   54    5    6   37  182  174  146
   18  103    9    7   11  217  197  191
   18  117   10    9   28  165  110   72
   18  172   15    4   95  224  224  224
   18  167   14   11   62   61   78   69
   18  344   29    8   40  216  201  145
   18  101    9    5   43  195  173   95
   18  351   30    3   28  165  110   72
   18  147   13    3   24  235  193  163
   18  134   12    2    4   68   47   49
   18  356   30    8   26  127   89   66
   18  188   16    8   33  200  169  128
   18  165   14    9   41  162  147   98
   18  358   30   10   71   57   78   77
   18  177   15    9   94  192  192  192
   18  322   27   10   11  217  197  191
   18  226   19   10   75  130  151  157
   18   57    5    9   18  197  132  112
   18  253   22    1   40  216  201  145
   18   21    2    9   75  130  151  157
   18  176   15    8   28  165  110   72
   18  143   12   11   32   63   51   38
   18  200   17    8   53   70   76   59
   18   15    2    3   75  130  151  157
   18  216   18   12   29  215  199  176
   18  196   17    4   67  127  154  145
   18   30    3    6   29  215  199  176
   18  174   15    6   75  130  151  157
   18  100    9    4   46  151  149  122
   18  248   21    8   89   32   32   32
   18  312   26   12   20  192  170  156
   18  263   22   11    9  143   79   78
   18   13    2    1   92  128  128  128
   18  124   11    4   44  142  120   48
   18  186   16    6   94  192  192  192
   18  332   28    8   33  200  169  128
   18  250   21   10   90   64   64   64
   18   12    1   12   24  235  193  163
   18  151   13    7   38  130  122   98
   18  359   30   11   28  165  110   72
   18   10    1   10   75  130  151  157
   18  182   16    2   91   96   96   96
   18  317   27    5   92  128  128  128
   18  210   18    6   29  215  199  176
   18  252   21   12   91   96   96   96
   18  338   29    2   40  216  201  145
   18  162   14    6   10   88   35   44
   18   58    5   10   28  165  110   72
   18  328   28    4   80   67   74   88
   18   55    5    7   29  215  199  176
   18  262   22   10   28  165  110   72
   18  104    9    8   94  192  192  192
   18  221   19    5   75  130  151  157
   18  234   20    6   13  116   92   87
   18  327   28    3   11  217  197  191
   18  113   10    5   25  179  140  114
   18  168   14   12   92  128  128  128
   18  289   25    1   37  182  174  146
   18    2    1    2   94  192  192  192
   18  233   20    5   19  143   81   65
   18  315   27    3   74  183  205  210
   18  293   25    5   40  216  201  145
   18   71    6   11   88    0    0    0
   18  159   14    3   90   64   64   64
   18  285   24    9   28  165  110   72
   18   73    7    1   22   90   70   60
   18  118   10   10   40  216  201  145
   18  339   29    3   37  182  174  146
   18  309   26    9   44  142  120   48
   18  307   26    7   37  182  174  146
   18  244   21    4   90   64   64   64
   18  345   29    9   19  143   81   65
   18  357   30    9   26  127   89   66
   18  217   19    1   78  167  174  186
   18  299   25   11   94  192  192  192
   18   95    8   11   41  162  147   98
   18   99    9    3   29  215  199  176
   18  218   19    2   37  182  174  146
   18   64    6    4   88    0    0    0
   18   26    3    2   74  183  205  210
   18   70    6   10   39   81   73   55
   18  142   12   10   89   32   32   32
   18  183   16    3   75  130  151  157
   18  282   24    6   34  147  117   81
   18  116   10    8   24  235  193  163
   18   86    8    2   50  155  151   70
   18  106    9   10   54  166  180  127
   18   28    3    4   51  170  177  149
   18  164   14    8   91   96   96   96
   18   63    6    3   89   32   32   32
   18  225   19    9   91   96   96   96
   18  239   20   11   55  160  179  157
   18  247   21    7   39   81   73   55
   18  353   30    5   26  127   89   66
   18  329   28    5   28  165  110   72
   18  273   23    9   20  192  170  156
   18  232   20    4   93  160  160  160
   18  181   16    1   95  224  224  224
   18  194   17    2   75  130  151  157
   18  191   16   11   90   64   64   64
   18  131   11   11   32   63   51   38
   18  161   14    5   89   32   32   32
   18   19    2    7   79  116  122  135
   18  325   28    1   47  100   99   76
   18  283   24    7   43  195  173   95
   18    6    1    6   93  160  160  160
   18  128   11    8   89   32   32   32
   18  119   10   11   78  167  174  186
   18  323   27   11   94  192  192  192
   18   18    2    6   91   96   96   96
   18   41    4    5   36  183  140   82
   18  155   13   11   75  130  151  157
   18  302   26    2    1  215  197  195
   18  310   26   10   75  130  151  157
   18  198   17    6   69  150  180  175
   18  129   11    9   40  216  201  145
   18    3    1    3   70  102  127  124
   18  227   19   11   38  130  122   98
   18  281   24    5   36  183  140   82
   18  342   29    6   25  179  140  114
   18  318   27    6   69  150  180  175
   18   36    3   12   40  216  201  145
   18  340   29    4   37  182  174  146
   18  274   23   10   28  165  110   72
   18  326   28    2   90   64   64   64
   18    5    1    5   60  154  180  165
   18  354   30    6   26  127   89   66
   18   87    8    3   23   66   49   42
   18   77    7    5   29  215  199  176
   18    9    1    9   75  130  151  157
   18  235   20    7   80   67   74   88
   18  291   25    3   92  128  128  128
   18  140   12    8   88    0    0    0
   18  255   22    3   45  204  203  170
   18  268   23    4   75  130  151  157
   18  267   23    3   40  216  201  145
   18   62    6    2   83   59   49   63
   18   40    4    4   90   64   64   64
   18  352   30    4   39   81   73   55
   18   74    7    2   19  143   81   65
   18  214   18   10   25  179  140  114
   18  288   24   12   26  127   89   66
   18  284   24    8   41  162  147   98
   18  305   26    5   30  162  145  125
   18  153   13    9   93  160  160  160
   18  111   10    3   80   67   74   88
   18   31    3    7   29  215  199  176
   18  173   15    5   95  224  224  224
   18   91    8    7   52  118  125  103
   18   52    5    4   20  192  170  156
   18  171   15    3   29  215  199  176
   18   81    7    9   40  216  201  145
   18  127   11    7   57   65   77   65
   18  199   17    7   49  127  125   74
   18  258   22    6   25  179  140  114
   18  301   26    1   33  200  169  128
   18   32    3    8   69  150  180  175
   18   69    6    9   89   32   32   32
   18  311   26   11   30  162  145  125
   18  280   24    4   27  100   66   47
   18  324   27   12   75  130  151  157
   18   11    1   11   93  160  160  160
   18  306   26    6   37  182  174  146
   18  132   11   12   58  122  157  119
   18  343   29    7   19  143   81   65
   18  126   11    6   71   57   78   77
   18  224   19    8   92  128  128  128
   18  108    9   12   11  217  197  191
   18   17    2    5   53   70   76   59
   18  316   27    4   84  212  197  201
   18  294   25    6   78  167  174  186
   18  157   14    1   53   70   76   59
   18   84    7   12   90   64   64   64
   18  251   21   11   88    0    0    0
   18  166   14   10   70  102  127  124
   18  220   19    4   26  127   89   66
   18   48    4   12   46  151  149  122
   18   43    4    7   26  127   89   66
   18   94    8   10   54  166  180  127
   18  237   20    9   75  130  151  157
   18  249   21    9   88    0    0    0
   18  292   25    4   40  216  201  145
   18   25    3    1   92  128  128  128
   18  156   13   12   90   64   64   64
   18   68    6    8   83   59   49   63
   18  145   13    1   40  216  201  145
   18   89    8    5   53   70   76   59
   18  236   20    8   27  100   66   47
   18  257   22    5    2  164  143  141
   18  150   13    6   11  217  197  191
   18  107    9   11   29  215  199  176
   18  148   13    4   19  143   81   65
   18   50    5    2   20  192  170  156
   18    4    1    4   30  162  145  125
   18  346   29   10   25  179  140  114
   18   22    2   10   23   66   49   42
   18  290   25    2   19  143   81   65
   18  241   21    1   91   96   96   96
   18  204   17   12   74  183  205  210
   18   51    5    3   18  197  132  112
   18  209   18    5   45  204  203  170
   18   16    2    4   57   65   77   65
   18  158   14    2   75  130  151  157
   18  348   29   12   26  127   89   66
   18  139   12    7   90   64   64   64
   18  120   10   12   26  127   89   66
   18   67    6    7   28  165  110   72
   18  141   12    9   88    0    0    0
   18  304   26    4   42  111   96   52
   18   33    3    9   45  204  203  170
   18  195   17    3   37  182  174  146
   18    8    1    8   78  167  174  186
   18  149   13    5   40  216  201  145
   18  222   19    6   93  160  160  160
   18  138   12    6   79  116  122  135
   18    7    1    7   56  110  127  109
   18   61    6    1    4   68   47   49
   18   35    3   11   29  215  199  176
   18  137   12    5   88    0    0    0
   18  319   27    7   95  224  224  224
   18  211   18    7   37  182  174  146
   18   14    2    2   92  128  128  128
   18   42    4    6   71   57   78   77
   18   38    4    2    3  115   92   91
   18   75    7    3   59   74  105   73
   18  297   25    9   40  216  201  145
   18  360   30   12   26  127   89   66
   18   76    7    4   11  217  197  191
   18  187   16    7   70  102  127  124
   18   60    5   12   20  192  170  156
   18   88    8    4    8  197  130  127
   18  321   27    9   74  183  205  210
   18  154   13   10   24  235  193  163
   18  278   24    2   29  215  199  176
   18  185   16    5   70  102  127  124
   18  170   15    2   95  224  224  224
   18   29    3    5    1  215  197  195
   18  270   23    6   28  165  110   72
   18   96    8   12   58  122  157  119
   18   46    4   10   32   63   51   38
   18  313   27    1   11  217  197  191
   18  178   15   10   24  235  193  163
   18   34    3   10   45  204  203  170
   18  271   23    7   25  179  140  114
   18  208   18    4   56  110  127  109
   18  206   18    2   30  162  145  125
   18  242   21    2   89   32   32   32
   18  264   22   12   19  143   81   65
   18  295   25    7   70  102  127  124
   18  238   20   10   92  128  128  128
   18   39    4    3   32   63   51   38
   18  260   22    8   24  235  193  163
   18   59    5   11   29  215  199  176
   18  190   16   10   75  130  151  157
   18  144   12   12   89   32   32   32
   18  276   23   12   91   96   96   96
   18   85    8    1   23   66   49   42
   18  122   11    2   89   32   32   32
   18  230   20    2   74  183  205  210
   18  335   28   11   18  197  132  112
   18   53    5    5   19  143   81   65
   18  146   13    2   33  200  169  128
   18  180   15   12   94  192  192  192
   18  308   26    8   37  182  174  146
   18  160   14    4   21  139  118  106
   18  109   10    1   37  182  174  146
   18  110   10    2   12  166  143  136
   18  201   17    9   37  182  174  146
   18  265   23    1   26  127   89   66
   18  184   16    4   74  183  205  210
   18  152   13    8   92  128  128  128
   18  272   23    8   21  139  118  106
   18  337   29    1   26  127   89   66
   18  231   20    3   67  127  154  145
   18   66    6    6   19  143   81   65
   18  314   27    2   96  240  240  240
   18  229   20    1   58  122  157  119
   18  347   29   11   45  204  203  170
   18  330   28    6   92  128  128  128
   18  136   12    4   89   32   32   32
   18   44    4    8   32   63   51   38
   18  287   24   11   70  102  127  124
   18   79    7    7   36  183  140   82
   18  192   16   12   20  192  170  156
   18  349   30    1   13  116   92   87
   18  179   15   11   24  235  193  163
   18  240   20   12   92  128  128  128
   18  341   29    5   28  165  110   72
   18  102    9    6   25  179  140  114
   18   93    8    9   62   61   78   69
   18  269   23    5   40  216  201  145
   18  175   15    7   29  215  199  176
   18  350   30    2   39   81   73   55
   18   20    2    8   90   64   64   64
   18   56    5    8   29  215  199  176
   18  275   23   11   10   88   35   44
   18  259   22    7   19  143   81   65
   18  169   15    1   37  182  174  146
   18  223   19    7   44  142  120   48
   18  254   22    2   36  183  140   82
   18   90    8    6   54  166  180  127
   18  266   23    2   24  235  193  163
   18  246   21    6   22   90   70   60
   18  213   18    9   75  130  151  157
   18  121   11    1   19  143   81   65
   18  336   28   12   94  192  192  192
   18  333   28    9    5  208  163  160
   18  355   30    7   37  182  174  146
   18  228   19   12   40  216  201  145
   18   98    9    2   11  217  197  191
   18  296   25    8   40  216  201  145
