   20  155   13   11   79  116  122  135
   20  353   30    5   13  116   92   87
   20  257   22    5   16  156  112  100
   20   83    7   11   28  165  110   72
   20  219   19    3   47  100   99   76
   20  108    9   12   95  224  224  224
   20   17    2    5   68   80  102   95
   20   31    3    7   11  217  197  191
   20  245   21    5   90   64   64   64
   20  337   29    1   28  165  110   72
   20  183   16    3   75  130  151  157
   20  119   10   11   93  160  160  160
   20   60    5   12   11  217  197  191
   20  135   12    3   67  127  154  145
   20  127   11    7   79  116  122  135
   20   56    5    8   29  215  199  176
   20   20    2    8   80   67   74   88
   20  298   25   10   47  100   99   76
   20  199   17    7   47  100   99   76
   20  252   21   12   53   70   76   59
   20   40    4    4   53   70   76   59
   20  306   26    6   46  151  149  122
   20   53    5    5   19  143   81   65
   20  129   11    9   46  151  149  122
   20   47    4   11   80   67   74   88
   20  110   10    2    6  155  111  109
   20  147   13    3   55  160  179  157
   20  271   23    7   33  200  169  128
   20    9    1    9   79  116  122  135
   20  255   22    3   45  204  203  170
   20  124   11    4   68   80  102   95
   20  180   15   12   78  167  174  186
   20  214   18   10    6  155  111  109
   20   37    4    1   79  116  122  135
   20  360   30   12   16  156  112  100
   20  327   28    3   78  167  174  186
   20  313   27    1   11  217  197  191
   20  159   14    3   83   59   49   63
   20   24    2   12   91   96   96   96
   20  305   26    5   93  160  160  160
   20   80    7    8   30  162  145  125
   20  116   10    8   25  179  140  114
   20  107    9   11   95  224  224  224
   20  272   23    8   12  166  143  136
   20  111   10    3   80   67   74   88
   20  146   13    2   12  166  143  136
   20  158   14    2   79  116  122  135
   20  133   12    1   89   32   32   32
   20   28    3    4   46  151  149  122
   20  300   25   12   37  182  174  146
   20  198   17    6   75  130  151  157
   20  318   27    6   93  160  160  160
   20  165   14    9   31  111   95   77
   20   11    1   11   93  160  160  160
   20  346   29   10   33  200  169  128
   20  101    9    5   58  122  157  119
   20  273   23    9   12  166  143  136
   20   39    4    3   31  111   95   77
   20   18    2    6   39   81   73   55
   20  262   22   10   28  165  110   72
   20  302   26    2   94  192  192  192
   20  170   15    2   95  224  224  224
   20  148   13    4    8  197  130  127
   20  200   17    8   62   61   78   69
   20  181   16    1   94  192  192  192
   20   77    7    5   45  204  203  170
   20  247   21    7   62   61   78   69
   20  350   30    2   42  111   96   52
   20  279   24    3   42  111   96   52
   20  210   18    6   40  216  201  145
   20   90    8    6   58  122  157  119
   20  227   19   11   56  110  127  109
   20  325   28    1   92  128  128  128
   20  289   25    1   46  151  149  122
   20   57    5    9    9  143   79   78
   20   25    3    1   56  110  127  109
   20    1    1    1   90   64   64   64
   20  231   20    3   93  160  160  160
   20  320   27    8   93  160  160  160
   20  347   29   11   46  151  149  122
   20  203   17   11   47  100   99   76
   20  234   20    6   80   67   74   88
   20   64    6    4   89   32   32   32
   20   48    4   12   61  105  127  115
   20  259   22    7   19  143   81   65
   20  309   26    9   47  100   99   76
   20  166   14   10   79  116  122  135
   20   43    4    7    7  106   62   62
   20  157   14    1   83   59   49   63
   20  123   11    3   90   64   64   64
   20  113   10    5    9  143   79   78
   20   14    2    2   55  160  179  157
   20  143   12   11   89   32   32   32
   20  156   13   12   21  139  118  106
   20  249   21    9   88    0    0    0
   20  136   12    4   89   32   32   32
   20  296   25    8   45  204  203  170
   20  233   20    5   19  143   81   65
   20  222   19    6   12  166  143  136
   20  239   20   11   46  151  149  122
   20  168   14   12   82  104   94  109
   20  295   25    7   61  105  127  115
   20   89    8    5   56  110  127  109
   20  213   18    9   78  167  174  186
   20  207   18    3   64   86  163  127
   20   59    5   11   29  215  199  176
   20  310   26   10   79  116  122  135
   20  345   29    9   18  197  132  112
   20  151   13    7   61  105  127  115
   20  268   23    4   60  154  180  165
   20  270   23    6   41  162  147   98
   20  332   28    8   29  215  199  176
   20  258   22    6    5  208  163  160
   20  316   27    4   94  192  192  192
   20  126   11    6   62   61   78   69
   20  176   15    8   24  235  193  163
   20  128   11    8   89   32   32   32
   20   10    1   10   78  167  174  186
   20   94    8   10   61  105  127  115
   20  145   13    1   60  154  180  165
   20  321   27    9   94  192  192  192
   20  254   22    2   43  195  173   95
   20  343   29    7   19  143   81   65
   20  141   12    9   89   32   32   32
   20  149   13    5   46  151  149  122
   20  312   26   12   93  160  160  160
   20  344   29    8   29  215  199  176
   20   61    6    1   83   59   49   63
   20  221   19    5   70  102  127  124
   20  122   11    2   80   67   74   88
   20  191   16   11   80   67   74   88
   20   87    8    3   80   67   74   88
   20  256   22    4   12  166  143  136
   20  202   17   10   30  162  145  125
   20  175   15    7   94  192  192  192
   20  197   17    5   37  182  174  146
   20   52    5    4   11  217  197  191
   20    5    1    5   61  105  127  115
   20   88    8    4   46  151  149  122
   20  102    9    6   45  204  203  170
   20   75    7    3   59   74  105   73
   20  150   13    6   61  105  127  115
   20  285   24    9   17  105   63   55
   20  283   24    7   30  162  145  125
   20  189   16    9   30  162  145  125
   20   12    1   12   15  210  164  149
   20  248   21    8   90   64   64   64
   20   69    6    9   89   32   32   32
   20   41    4    5   62   61   78   69
   20  205   18    1   12  166  143  136
   20  212   18    8   37  182  174  146
   20   67    6    7   19  143   81   65
   20  188   16    8   56  110  127  109
   20  138   12    6   79  116  122  135
   20  351   30    3   28  165  110   72
   20   92    8    8   61  105  127  115
   20  288   24   12   46  151  149  122
   20  348   29   12   36  183  140   82
   20   15    2    3   75  130  151  157
   20   13    2    1   79  116  122  135
   20   19    2    7   79  116  122  135
   20  211   18    7   46  151  149  122
   20  120   10   12   26  127   89   66
   20   72    6   12   89   32   32   32
   20  354   30    6   25  179  140  114
   20  152   13    8   56  110  127  109
   20   27    3    3   70  102  127  124
   20  132   11   12   62   61   78   69
   20  317   27    5   53   70   76   59
   20  139   12    7   91   96   96   96
   20   76    7    4   78  167  174  186
   20  292   25    4   29  215  199  176
   20  290   25    2   19  143   81   65
   20   93    8    9   62   61   78   69
   20  334   28   10   20  192  170  156
   20  275   23   11   83   59   49   63
   20  131   11   11   62   61   78   69
   20  281   24    5   36  183  140   82
   20  206   18    2   47  100   99   76
   20   45    4    9   90   64   64   64
   20  144   12   12   89   32   32   32
   20   73    7    1   46  151  149  122
   20   97    9    1   94  192  192  192
   20  117   10    9   28  165  110   72
   20  277   24    1   19  143   81   65
   20  140   12    8   88    0    0    0
   20  291   25    3   46  151  149  122
   20   70    6   10   89   32   32   32
   20  154   13   10   15  210  164  149
   20  358   30   10   91   96   96   96
   20  240   20   12   91   96   96   96
   20  225   19    9   59   74  105   73
   20   26    3    2   70  102  127  124
   20  174   15    6   51  170  177  149
   20   81    7    9   46  151  149  122
   20   85    8    1   39   81   73   55
   20  359   30   11   28  165  110   72
   20  236   20    8   27  100   66   47
   20  340   29    4   46  151  149  122
   20  238   20   10   92  128  128  128
   20  335   28   11   24  235  193  163
   20  341   29    5   19  143   81   65
   20    2    1    2   93  160  160  160
   20  282   24    6    9  143   79   78
   20  314   27    2   94  192  192  192
   20  241   21    1   80   67   74   88
   20  193   17    1   67  127  154  145
   20  263   22   11    9  143   79   78
   20  186   16    6   79  116  122  135
   20   62    6    2   83   59   49   63
   20  190   16   10   81  152  145  158
   20  324   27   12   46  151  149  122
   20  125   11    5   13  116   92   87
   20   36    3   12   45  204  203  170
   20  209   18    5   93  160  160  160
   20  208   18    4   55  160  179  157
   20  294   25    6   94  192  192  192
   20  218   19    2   93  160  160  160
   20    6    1    6   92  128  128  128
   20  251   21   11   89   32   32   32
   20  184   16    4   79  116  122  135
   20  187   16    7   80   67   74   88
   20  100    9    4   37  182  174  146
   20  134   12    2   47  100   99   76
   20   23    2   11   79  116  122  135
   20  349   30    1   47  100   99   76
   20   30    3    6   30  162  145  125
   20  220   19    4   25  179  140  114
   20  235   20    7   80   67   74   88
   20    3    1    3   68   80  102   95
   20   49    5    1   28  165  110   72
   20   98    9    2   11  217  197  191
   20   33    3    9   45  204  203  170
   20  216   18   12   30  162  145  125
   20  121   11    1   90   64   64   64
   20  215   18   11    8  197  130  127
   20  250   21   10   90   64   64   64
   20   74    7    2   28  165  110   72
   20  162   14    6   27  100   66   47
   20  244   21    4   69  150  180  175
   20   21    2    9   91   96   96   96
   20   86    8    2   58  122  157  119
   20  232   20    4   92  128  128  128
   20  137   12    5   88    0    0    0
   20   34    3   10   60  154  180  165
   20  115   10    7   47  100   99   76
   20   79    7    7   61  105  127  115
   20  311   26   11   20  192  170  156
   20  303   26    3   94  192  192  192
   20   68    6    8   83   59   49   63
   20  326   28    2   79  116  122  135
   20  322   27   10   30  162  145  125
   20  276   23   12   68   80  102   95
   20   78    7    6   45  204  203  170
   20  299   25   11   46  151  149  122
   20  260   22    8   36  183  140   82
   20    8    1    8   93  160  160  160
   20  280   24    4   27  100   66   47
   20   50    5    2   29  215  199  176
   20   44    4    8   38  130  122   98
   20  246   21    6   14   68   48   46
   20  109   10    1   29  215  199  176
   20  308   26    8   46  151  149  122
   20    7    1    7   47  100   99   76
   20  167   14   11   62   61   78   69
   20  304   26    4   47  100   99   76
   20   96    8   12   46  151  149  122
   20  329   28    5   18  197  132  112
   20  226   19   10   52  118  125  103
   20  229   20    1   59   74  105   73
   20  173   15    5    1  215  197  195
   20   71    6   11   88    0    0    0
   20  106    9   10   94  192  192  192
   20  265   23    1   31  111   95   77
   20  297   25    9   46  151  149  122
   20  287   24   11   80   67   74   88
   20  228   19   12   47  100   99   76
   20  177   15    9   94  192  192  192
   20   66    6    6   80   67   74   88
   20  130   11   10   71   57   78   77
   20   38    4    2   27  100   66   47
   20  160   14    4   31  111   95   77
   20  319   27    7   94  192  192  192
   20   46    4   10   80   67   74   88
   20  195   17    3   30  162  145  125
   20  339   29    3   37  182  174  146
   20   91    8    7   61  105  127  115
   20   99    9    3   29  215  199  176
   20  114   10    6   80   67   74   88
   20  333   28    9   11  217  197  191
   20  293   25    5   46  151  149  122
   20  266   23    2   37  182  174  146
   20  204   17   12   78  167  174  186
   20  315   27    3   78  167  174  186
   20  105    9    9   11  217  197  191
   20  356   30    8   27  100   66   47
   20  161   14    5   90   64   64   64
   20  301   26    1   30  162  145  125
   20   82    7   10   65   62  136  104
   20  104    9    8   93  160  160  160
   20   29    3    5   94  192  192  192
   20  179   15   11   12  166  143  136
   20  164   14    8   82  104   94  109
   20  103    9    7   20  192  170  156
   20  336   28   12   78  167  174  186
   20   22    2   10   14   68   48   46
   20   32    3    8   74  183  205  210
   20  323   27   11   94  192  192  192
   20  182   16    2   56  110  127  109
   20  171   15    3   96  240  240  240
   20  352   30    4   62   61   78   69
   20  357   30    9   47  100   99   76
   20   16    2    4   62   61   78   69
   20   58    5   10   16  156  112  100
   20  331   28    7   34  147  117   81
   20  284   24    8   34  147  117   81
   20  224   19    8   78  167  174  186
   20  185   16    5   56  110  127  109
   20  286   24   10   30  162  145  125
   20  153   13    9   61  105  127  115
   20  267   23    3   41  162  147   98
   20  243   21    3   90   64   64   64
   20  201   17    9   56  110  127  109
   20  330   28    6   91   96   96   96
   20  328   28    4   46  151  149  122
   20   35    3   11   46  151  149  122
   20  223   19    7   59   74  105   73
   20    4    1    4   30  162  145  125
   20   63    6    3   80   67   74   88
   20  242   21    2   90   64   64   64
   20  118   10   10   46  151  149  122
   20   55    5    7   30  162  145  125
   20   65    6    5   89   32   32   32
   20   54    5    6   29  215  199  176
   20  261   22    9   23   66   49   42
   20  237   20    9   78  167  174  186
   20  192   16   12   61  105  127  115
   20  172   15    4   95  224  224  224
   20  112   10    4   15  210  164  149
   20  253   22    1   47  100   99   76
   20   42    4    6   61  105  127  115
   20  338   29    2   40  216  201  145
   20  178   15   10   24  235  193  163
   20  307   26    7   45  204  203  170
   20   51    5    3   24  235  193  163
   20  217   19    1   61  105  127  115
   20  342   29    6   20  192  170  156
   20  264   22   12   42  111   96   52
   20   95    8   11   47  100   99   76
   20  142   12   10   90   64   64   64
   20  355   30    7   30  162  145  125
   20   84    7   12   75  130  151  157
   20  194   17    2   47  100   99   76
   20  163   14    7   62   61   78   69
   20  274   23   10   25  179  140  114
   20  196   17    4   61  105  127  115
   20  169   15    1   29  215  199  176
   20  269   23    5   37  182  174  146
   20  230   20    2   75  130  151  157
   20  278   24    2   45  204  203  170
