    2   46    4   10   90   64   64   64
    2  247   21    7   39   81   73   55
    2   22    2   10    4   68   47   49
    2  359   30   11   28  165  110   72
    2  334   28   10    1  215  197  195
    2  349   30    1   22   90   70   60
    2  200   17    8   53   70   76   59
    2   84    7   12   93  160  160  160
    2   62    6    2   10   88   35   44
    2    1    1    1   89   32   32   32
    2   66    6    6   10   88   35   44
    2  154   13   10    6  155  111  109
    2   32    3    8   96  240  240  240
    2  149   13    5   29  215  199  176
    2  176   15    8   15  210  164  149
    2   19    2    7   85  161  143  149
    2  303   26    3   96  240  240  240
    2  201   17    9   46  151  149  122
    2   36    3   12   37  182  174  146
    2  193   17    1   90   64   64   64
    2   27    3    3   91   96   96   96
    2   77    7    5   89   32   32   32
    2    6    1    6   92  128  128  128
    2  155   13   11   79  116  122  135
    2  325   28    1   91   96   96   96
    2  105    9    9   94  192  192  192
    2  294   25    6   95  224  224  224
    2   18    2    6   90   64   64   64
    2  309   26    9   41  162  147   98
    2   35    3   11   37  182  174  146
    2  263   22   11    8  197  130  127
    2  168   14   12   90   64   64   64
    2  185   16    5   91   96   96   96
    2  103    9    7   93  160  160  160
    2  245   21    5   89   32   32   32
    2  152   13    8   37  182  174  146
    2  347   29   11   45  204  203  170
    2   81    7    9   49  127  125   74
    2   88    8    4   11  217  197  191
    2  211   18    7   45  204  203  170
    2  192   16   12   93  160  160  160
    2  315   27    3   81  152  145  158
    2  174   15    6   78  167  174  186
    2  135   12    3   53   70   76   59
    2   83    7   11   35  238  194  129
    2   42    4    6   90   64   64   64
    2  175   15    7   78  167  174  186
    2  336   28   12   95  224  224  224
    2   86    8    2   48  180  177  120
    2  348   29   12   35  238  194  129
    2  250   21   10   88    0    0    0
    2   73    7    1   74  183  205  210
    2  199   17    7   31  111   95   77
    2   64    6    4   88    0    0    0
    2  256   22    4   11  217  197  191
    2  313   27    1   29  215  199  176
    2  177   15    9   94  192  192  192
    2  346   29   10   33  200  169  128
    2  278   24    2   95  224  224  224
    2  357   30    9   27  100   66   47
    2   54    5    6   91   96   96   96
    2  109   10    1   94  192  192  192
    2   16    2    4   88    0    0    0
    2  242   21    2   88    0    0    0
    2  328   28    4   81  152  145  158
    2  351   30    3   28  165  110   72
    2  161   14    5   89   32   32   32
    2   25    3    1   83   59   49   63
    2  249   21    9   88    0    0    0
    2  298   25   10   34  147  117   81
    2  353   30    5    3  115   92   91
    2  345   29    9    9  143   79   78
    2  222   19    6   82  104   94  109
    2  166   14   10   90   64   64   64
    2  184   16    4   91   96   96   96
    2   15    2    3   70  102  127  124
    2   94    8   10   56  110  127  109
    2  157   14    1   89   32   32   32
    2  106    9   10   95  224  224  224
    2   79    7    7   70  102  127  124
    2   34    3   10   52  118  125  103
    2  330   28    6   91   96   96   96
    2  227   19   11   26  127   89   66
    2   58    5   10   18  197  132  112
    2  344   29    8   33  200  169  128
    2  140   12    8   88    0    0    0
    2   70    6   10   88    0    0    0
    2   17    2    5   90   64   64   64
    2  244   21    4   88    0    0    0
    2   85    8    1   32   63   51   38
    2   48    4   12   39   81   73   55
    2  195   17    3   41  162  147   98
    2  122   11    2   90   64   64   64
    2  215   18   11   18  197  132  112
    2  301   26    1   40  216  201  145
    2   60    5   12   15  210  164  149
    2   37    4    1   90   64   64   64
    2  196   17    4   71   57   78   77
    2  114   10    6   82  104   94  109
    2  342   29    6   12  166  143  136
    2   56    5    8   94  192  192  192
    2  300   25   12   95  224  224  224
    2  360   30   12   33  200  169  128
    2   44    4    8   90   64   64   64
    2   89    8    5   61  105  127  115
    2  111   10    3   80   67   74   88
    2   96    8   12   61  105  127  115
    2  311   26   11   29  215  199  176
    2   21    2    9   92  128  128  128
    2  273   23    9   95  224  224  224
    2  186   16    6   90   64   64   64
    2  223   19    7   47  100   99   76
    2  219   19    3   39   81   73   55
    2   20    2    8   90   64   64   64
    2  107    9   11   96  240  240  240
    2  271   23    7   36  183  140   82
    2  355   30    7   30  162  145  125
    2  327   28    3   92  128  128  128
    2  207   18    3   52  118  125  103
    2   55    5    7   92  128  128  128
    2   38    4    2   83   59   49   63
    2  125   11    5   32   63   51   38
    2  306   26    6   94  192  192  192
    2   41    4    5   32   63   51   38
    2   13    2    1   87   66   48   57
    2  204   17   12   81  152  145  158
    2  316   27    4   93  160  160  160
    2  280   24    4   19  143   81   65
    2   72    6   12   88    0    0    0
    2    9    1    9   79  116  122  135
    2  124   11    4   32   63   51   38
    2   93    8    9   10   88   35   44
    2   45    4    9   88    0    0    0
    2  173   15    5   95  224  224  224
    2   95    8   11   41  162  147   98
    2  165   14    9   91   96   96   96
    2  350   30    2   87   66   48   57
    2   69    6    9   89   32   32   32
    2  299   25   11   94  192  192  192
    2  230   20    2   94  192  192  192
    2  295   25    7   55  160  179  157
    2  251   21   11   88    0    0    0
    2   78    7    6   96  240  240  240
    2   26    3    2   80   67   74   88
    2  190   16   10   26  127   89   66
    2  129   11    9   33  200  169  128
    2   80    7    8   33  200  169  128
    2   98    9    2    1  215  197  195
    2  216   18   12   29  215  199  176
    2   43    4    7   26  127   89   66
    2  286   24   10   41  162  147   98
    2   30    3    6    1  215  197  195
    2   53    5    5   19  143   81   65
    2  282   24    6    9  143   79   78
    2   57    5    9   19  143   81   65
    2   99    9    3   95  224  224  224
    2  197   17    5   37  182  174  146
    2  236   20    8   19  143   81   65
    2  102    9    6   33  200  169  128
    2  331   28    7   95  224  224  224
    2  233   20    5   19  143   81   65
    2  235   20    7   77   50  132  154
    2  112   10    4    8  197  130  127
    2  258   22    6   27  100   66   47
    2   31    3    7   91   96   96   96
    2  240   20   12   53   70   76   59
    2  323   27   11   78  167  174  186
    2   49    5    1   19  143   81   65
    2  202   17   10   38  130  122   98
    2  158   14    2   70  102  127  124
    2  134   12    2   88    0    0    0
    2  141   12    9   88    0    0    0
    2  151   13    7   90   64   64   64
    2  246   21    6   89   32   32   32
    2  194   17    2   17  105   63   55
    2  232   20    4   53   70   76   59
    2  274   23   10   33  200  169  128
    2  128   11    8   89   32   32   32
    2  358   30   10   89   32   32   32
    2  119   10   11   78  167  174  186
    2  123   11    3   89   32   32   32
    2  302   26    2   94  192  192  192
    2  272   23    8   12  166  143  136
    2   90    8    6   55  160  179  157
    2   71    6   11   88    0    0    0
    2  304   26    4   39   81   73   55
    2  164   14    8   83   59   49   63
    2  100    9    4   94  192  192  192
    2  339   29    3   95  224  224  224
    2  352   30    4   90   64   64   64
    2  162   14    6   10   88   35   44
    2   51    5    3   28  165  110   72
    2   24    2   12   91   96   96   96
    2   65    6    5   89   32   32   32
    2  153   13    9   14   68   48   46
    2  312   26   12   84  212  197  201
    2  234   20    6   82  104   94  109
    2  285   24    9   26  127   89   66
    2   76    7    4   78  167  174  186
    2  228   19   12   27  100   66   47
    2  281   24    5   28  165  110   72
    2  143   12   11   83   59   49   63
    2  340   29    4   94  192  192  192
    2  115   10    7   14   68   48   46
    2  191   16   11    4   68   47   49
    2   61    6    1   23   66   49   42
    2  276   23   12   77   50  132  154
    2    2    1    2   78  167  174  186
    2  203   17   11   33  200  169  128
    2   11    1   11   93  160  160  160
    2  341   29    5   28  165  110   72
    2  318   27    6   94  192  192  192
    2  170   15    2   95  224  224  224
    2  144   12   12   89   32   32   32
    2   33    3    9   95  224  224  224
    2   23    2   11   79  116  122  135
    2   87    8    3   83   59   49   63
    2  229   20    1   53   70   76   59
    2  356   30    8   17  105   63   55
    2   59    5   11   29  215  199  176
    2  284   24    8   51  170  177  149
    2   91    8    7   61  105  127  115
    2  307   26    7   37  182  174  146
    2  289   25    1   45  204  203  170
    2  210   18    6   29  215  199  176
    2  319   27    7   96  240  240  240
    2   10    1   10   81  152  145  158
    2  188   16    8   32   63   51   38
    2  224   19    8   93  160  160  160
    2   97    9    1   96  240  240  240
    2  136   12    4   14   68   48   46
    2   47    4   11   90   64   64   64
    2  314   27    2   96  240  240  240
    2    5    1    5   56  110  127  109
    2  291   25    3   42  111   96   52
    2  264   22   12   42  111   96   52
    2  310   26   10   79  116  122  135
    2  205   18    1   91   96   96   96
    2  145   13    1   55  160  179  157
    2  320   27    8   96  240  240  240
    2  189   16    9   29  215  199  176
    2  101    9    5   41  162  147   98
    2  225   19    9   90   64   64   64
    2  212   18    8   75  130  151  157
    2  208   18    4   51  170  177  149
    2  127   11    7   80   67   74   88
    2  169   15    1   95  224  224  224
    2  254   22    2   36  183  140   82
    2  237   20    9   85  161  143  149
    2  326   28    2   91   96   96   96
    2  167   14   11   89   32   32   32
    2  181   16    1   51  170  177  149
    2  217   19    1   38  130  122   98
    2  239   20   11   52  118  125  103
    2  260   22    8   28  165  110   72
    2  321   27    9   95  224  224  224
    2  131   11   11   89   32   32   32
    2  209   18    5   94  192  192  192
    2   82    7   10   50  155  151   70
    2  116   10    8   24  235  193  163
    2  198   17    6   56  110  127  109
    2  290   25    2   19  143   81   65
    2  317   27    5   90   64   64   64
    2  283   24    7   16  156  112  100
    2  120   10   12    6  155  111  109
    2  146   13    2   19  143   81   65
    2  262   22   10   19  143   81   65
    2  130   11   10   89   32   32   32
    2  354   30    6    9  143   79   78
    2  118   10   10   42  111   96   52
    2    3    1    3   62   61   78   69
    2  183   16    3   79  116  122  135
    2  214   18   10   16  156  112  100
    2  108    9   12   95  224  224  224
    2  269   23    5   37  182  174  146
    2  296   25    8   51  170  177  149
    2  324   27   12   36  183  140   82
    2  110   10    2   26  127   89   66
    2   50    5    2   95  224  224  224
    2  163   14    7   90   64   64   64
    2  277   24    1   19  143   81   65
    2  147   13    3   14   68   48   46
    2   74    7    2   17  105   63   55
    2  333   28    9   11  217  197  191
    2  343   29    7   18  197  132  112
    2  148   13    4   10   88   35   44
    2  213   18    9   30  162  145  125
    2  226   19   10   32   63   51   38
    2  322   27   10    2  164  143  141
    2  292   25    4   29  215  199  176
    2  150   13    6   14   68   48   46
    2  137   12    5   89   32   32   32
    2  267   23    3   33  200  169  128
    2   68    6    8   87   66   48   57
    2  178   15   10   33  200  169  128
    2  279   24    3   82  104   94  109
    2  293   25    5   34  147  117   81
    2  187   16    7   80   67   74   88
    2  287   24   11   80   67   74   88
    2  138   12    6   83   59   49   63
    2  253   22    1   22   90   70   60
    2   28    3    4   22   90   70   60
    2  265   23    1   25  179  140  114
    2  297   25    9   41  162  147   98
    2  113   10    5   16  156  112  100
    2  220   19    4   26  127   89   66
    2  159   14    3   89   32   32   32
    2  179   15   11   25  179  140  114
    2  238   20   10   90   64   64   64
    2  305   26    5   92  128  128  128
    2  248   21    8   88    0    0    0
    2  266   23    2   33  200  169  128
    2  329   28    5   19  143   81   65
    2  270   23    6   34  147  117   81
    2  338   29    2   36  183  140   82
    2   40    4    4   90   64   64   64
    2  171   15    3   96  240  240  240
    2   52    5    4   91   96   96   96
    2  160   14    4   87   66   48   57
    2  243   21    3   88    0    0    0
    2  221   19    5   90   64   64   64
    2  218   19    2   39   81   73   55
    2   63    6    3   88    0    0    0
    2    4    1    4   94  192  192  192
    2  117   10    9   28  165  110   72
    2  126   11    6   89   32   32   32
    2  156   13   12   90   64   64   64
    2   29    3    5   84  212  197  201
    2  206   18    2   84  212  197  201
    2  288   24   12   91   96   96   96
    2  255   22    3   95  224  224  224
    2  133   12    1   88    0    0    0
    2  332   28    8   29  215  199  176
    2    7    1    7   27  100   66   47
    2  252   21   12   89   32   32   32
    2  337   29    1   19  143   81   65
    2  335   28   11   18  197  132  112
    2  275   23   11   10   88   35   44
    2  142   12   10   89   32   32   32
    2  268   23    4   78  167  174  186
    2   14    2    2   80   67   74   88
    2  172   15    4   95  224  224  224
    2  182   16    2   91   96   96   96
    2  104    9    8   94  192  192  192
    2  139   12    7   88    0    0    0
    2   75    7    3   59   74  105   73
    2  261   22    9   88    0    0    0
    2  132   11   12   59   74  105   73
    2   67    6    7   10   88   35   44
    2   92    8    8   57   65   77   65
    2  121   11    1    4   68   47   49
    2  231   20    3   56  110  127  109
    2    8    1    8   85  161  143  149
    2  257   22    5   85  161  143  149
    2   39    4    3   91   96   96   96
    2  241   21    1   83   59   49   63
    2  180   15   12   96  240  240  240
    2  308   26    8   94  192  192  192
    2   12    1   12   16  156  112  100
    2  259   22    7   19  143   81   65
