   12   70    6   10   89   32   32   32
   12   50    5    2   11  217  197  191
   12   78    7    6   29  215  199  176
   12  179   15   11   25  179  140  114
   12  266   23    2   29  215  199  176
   12    6    1    6   93  160  160  160
   12  280   24    4   17  105   63   55
   12  354   30    6   13  116   92   87
   12   26    3    2   76  104  186  206
   12  151   13    7   21  139  118  106
   12   60    5   12   11  217  197  191
   12  255   22    3   29  215  199  176
   12  335   28   11   18  197  132  112
   12   83    7   11   33  200  169  128
   12  242   21    2   89   32   32   32
   12  119   10   11   92  128  128  128
   12  308   26    8    1  215  197  195
   12  324   27   12   92  128  128  128
   12  105    9    9    1  215  197  195
   12  201   17    9   46  151  149  122
   12    7    1    7   92  128  128  128
   12   99    9    3   29  215  199  176
   12  162   14    6   23   66   49   42
   12  158   14    2   92  128  128  128
   12   41    4    5   21  139  118  106
   12   77    7    5   29  215  199  176
   12  259   22    7   19  143   81   65
   12  332   28    8   29  215  199  176
   12  287   24   11   25  179  140  114
   12  208   18    4   92  128  128  128
   12  181   16    1   94  192  192  192
   12  146   13    2   15  210  164  149
   12   84    7   12   93  160  160  160
   12  122   11    2   90   64   64   64
   12  156   13   12   23   66   49   42
   12  220   19    4   26  127   89   66
   12  104    9    8   92  128  128  128
   12  123   11    3   89   32   32   32
   12   48    4   12   92  128  128  128
   12   81    7    9   48  180  177  120
   12    5    1    5   93  160  160  160
   12  227   19   11   30  162  145  125
   12  112   10    4    5  208  163  160
   12  342   29    6   30  162  145  125
   12  268   23    4   93  160  160  160
   12   64    6    4   88    0    0    0
   12  247   21    7   90   64   64   64
   12  298   25   10   93  160  160  160
   12  202   17   10   30  162  145  125
   12  310   26   10   93  160  160  160
   12  328   28    4   29  215  199  176
   12  235   20    7   77   50  132  154
   12   14    2    2   93  160  160  160
   12   54    5    6   29  215  199  176
   12  127   11    7   91   96   96   96
   12  223   19    7   47  100   99   76
   12  252   21   12   90   64   64   64
   12  234   20    6   91   96   96   96
   12  106    9   10   95  224  224  224
   12   55    5    7   93  160  160  160
   12  225   19    9   91   96   96   96
   12   58    5   10   28  165  110   72
   12  241   21    1   90   64   64   64
   12  219   19    3   42  111   96   52
   12  337   29    1   27  100   66   47
   12  262   22   10   90   64   64   64
   12  121   11    1   90   64   64   64
   12  311   26   11   29  215  199  176
   12  264   22   12   26  127   89   66
   12   44    4    8   91   96   96   96
   12   89    8    5   63  134  185  158
   12  113   10    5   28  165  110   72
   12  257   22    5   30  162  145  125
   12  163   14    7   41  162  147   98
   12  275   23   11   90   64   64   64
   12  203   17   11   92  128  128  128
   12  207   18    3   46  151  149  122
   12  356   30    8   27  100   66   47
   12  355   30    7   30  162  145  125
   12  233   20    5   19  143   81   65
   12  100    9    4   92  128  128  128
   12  108    9   12   94  192  192  192
   12  313   27    1   29  215  199  176
   12   39    4    3   92  128  128  128
   12  209   18    5   94  192  192  192
   12  124   11    4   32   63   51   38
   12  147   13    3   11  217  197  191
   12  329   28    5   28  165  110   72
   12  198   17    6   93  160  160  160
   12  154   13   10   24  235  193  163
   12  296   25    8   45  204  203  170
   12   13    2    1   91   96   96   96
   12   59    5   11    1  215  197  195
   12  326   28    2   91   96   96   96
   12  171   15    3   95  224  224  224
   12  279   24    3   30  162  145  125
   12  253   22    1   31  111   95   77
   12   88    8    4    8  197  130  127
   12  184   16    4   93  160  160  160
   12  114   10    6   78  167  174  186
   12  283   24    7   43  195  173   95
   12  331   28    7   29  215  199  176
   12  349   30    1   22   90   70   60
   12  343   29    7   28  165  110   72
   12  169   15    1   93  160  160  160
   12   29    3    5   94  192  192  192
   12   18    2    6   90   64   64   64
   12  357   30    9   28  165  110   72
   12  297   25    9   45  204  203  170
   12  172   15    4   29  215  199  176
   12  210   18    6   25  179  140  114
   12  303   26    3   11  217  197  191
   12  261   22    9   91   96   96   96
   12  111   10    3   79  116  122  135
   12  159   14    3   91   96   96   96
   12   52    5    4    1  215  197  195
   12  327   28    3   12  166  143  136
   12  194   17    2   92  128  128  128
   12  110   10    2   11  217  197  191
   12   96    8   12   46  151  149  122
   12  174   15    6   78  167  174  186
   12  348   29   12   35  238  194  129
   12  260   22    8   18  197  132  112
   12  199   17    7   37  182  174  146
   12  315   27    3   78  167  174  186
   12  216   18   12   33  200  169  128
   12   19    2    7   81  152  145  158
   12  185   16    5   92  128  128  128
   12  251   21   11   90   64   64   64
   12  299   25   11   93  160  160  160
   12   43    4    7   27  100   66   47
   12  129   11    9   30  162  145  125
   12  360   30   12   30  162  145  125
   12  228   19   12   91   96   96   96
   12  102    9    6   20  192  170  156
   12   86    8    2   50  155  151   70
   12  230   20    2   93  160  160  160
   12  282   24    6   12  166  143  136
   12   80    7    8   21  139  118  106
   12   30    3    6   29  215  199  176
   12   46    4   10   90   64   64   64
   12  285   24    9   34  147  117   81
   12  134   12    2   23   66   49   42
   12  306   26    6   20  192  170  156
   12   17    2    5   31  111   95   77
   12   65    6    5   90   64   64   64
   12   73    7    1   22   90   70   60
   12  339   29    3   94  192  192  192
   12  321   27    9   95  224  224  224
   12  215   18   11   18  197  132  112
   12  246   21    6   32   63   51   38
   12   25    3    1   31  111   95   77
   12  224   19    8   78  167  174  186
   12  309   26    9   46  151  149  122
   12  131   11   11   91   96   96   96
   12  334   28   10   24  235  193  163
   12   94    8   10   48  180  177  120
   12  286   24   10   25  179  140  114
   12   42    4    6   91   96   96   96
   12   37    4    1   92  128  128  128
   12   10    1   10   92  128  128  128
   12  301   26    1   30  162  145  125
   12  248   21    8   90   64   64   64
   12  212   18    8   93  160  160  160
   12    8    1    8   93  160  160  160
   12  170   15    2   95  224  224  224
   12  256   22    4   30  162  145  125
   12  232   20    4   93  160  160  160
   12   36    3   12   33  200  169  128
   12  115   10    7    3  115   92   91
   12   97    9    1    1  215  197  195
   12   91    8    7   48  180  177  120
   12   68    6    8   90   64   64   64
   12  144   12   12   89   32   32   32
   12  269   23    5   37  182  174  146
   12   34    3   10   29  215  199  176
   12  191   16   11   90   64   64   64
   12  133   12    1   89   32   32   32
   12  190   16   10   92  128  128  128
   12  288   24   12   30  162  145  125
   12  300   25   12   93  160  160  160
   12  338   29    2   33  200  169  128
   12   23    2   11   92  128  128  128
   12  221   19    5   91   96   96   96
   12  164   14    8   91   96   96   96
   12  204   17   12   11  217  197  191
   12  142   12   10   90   64   64   64
   12   71    6   11   89   32   32   32
   12   40    4    4   91   96   96   96
   12  281   24    5   28  165  110   72
   12  238   20   10   92  128  128  128
   12  351   30    3   28  165  110   72
   12  197   17    5    1  215  197  195
   12   90    8    6   49  127  125   74
   12  250   21   10   90   64   64   64
   12  330   28    6   91   96   96   96
   12  125   11    5   22   90   70   60
   12   75    7    3   59   74  105   73
   12  336   28   12   94  192  192  192
   12   16    2    4   91   96   96   96
   12  240   20   12   92  128  128  128
   12  178   15   10   33  200  169  128
   12  118   10   10   46  151  149  122
   12  117   10    9   28  165  110   72
   12  322   27   10   11  217  197  191
   12  211   18    7   29  215  199  176
   12  254   22    2   36  183  140   82
   12   62    6    2   90   64   64   64
   12  130   11   10   89   32   32   32
   12  249   21    9   89   32   32   32
   12   66    6    6   90   64   64   64
   12  137   12    5   90   64   64   64
   12   20    2    8   91   96   96   96
   12  312   26   12   94  192  192  192
   12  340   29    4   29  215  199  176
   12  270   23    6   29  215  199  176
   12  109   10    1   94  192  192  192
   12  307   26    7   94  192  192  192
   12  218   19    2   94  192  192  192
   12   76    7    4   11  217  197  191
   12  213   18    9   93  160  160  160
   12  120   10   12   34  147  117   81
   12  317   27    5   92  128  128  128
   12  206   18    2   21  139  118  106
   12   21    2    9   92  128  128  128
   12  320   27    8   11  217  197  191
   12  226   19   10   75  130  151  157
   12  192   16   12   93  160  160  160
   12   33    3    9   95  224  224  224
   12  168   14   12   78  167  174  186
   12  289   25    1   20  192  170  156
   12  135   12    3   75  130  151  157
   12  353   30    5   13  116   92   87
   12  126   11    6   91   96   96   96
   12  346   29   10   33  200  169  128
   12  157   14    1   90   64   64   64
   12   61    6    1   14   68   48   46
   12   49    5    1   19  143   81   65
   12  150   13    6   11  217  197  191
   12   79    7    7   45  204  203  170
   12   22    2   10   13  116   92   87
   12   24    2   12   91   96   96   96
   12   15    2    3   91   96   96   96
   12  141   12    9   90   64   64   64
   12  290   25    2   19  143   81   65
   12  103    9    7    5  208  163  160
   12  273   23    9   94  192  192  192
   12  277   24    1   19  143   81   65
   12  166   14   10   92  128  128  128
   12   38    4    2   13  116   92   87
   12  258   22    6    9  143   79   78
   12  183   16    3   78  167  174  186
   12  161   14    5   91   96   96   96
   12    4    1    4   12  166  143  136
   12  359   30   11   28  165  110   72
   12  319   27    7   93  160  160  160
   12   72    6   12   90   64   64   64
   12  128   11    8   90   64   64   64
   12   98    9    2    1  215  197  195
   12  344   29    8   33  200  169  128
   12  237   20    9    2  164  143  141
   12  186   16    6   93  160  160  160
   12   28    3    4   94  192  192  192
   12  200   17    8   92  128  128  128
   12  239   20   11   93  160  160  160
   12  140   12    8   89   32   32   32
   12  291   25    3   12  166  143  136
   12  294   25    6   94  192  192  192
   12  107    9   11   29  215  199  176
   12  222   19    6   12  166  143  136
   12   56    5    8   11  217  197  191
   12  153   13    9   92  128  128  128
   12    2    1    2   93  160  160  160
   12    9    1    9   92  128  128  128
   12   85    8    1   91   96   96   96
   12  138   12    6   91   96   96   96
   12  274   23   10   29  215  199  176
   12  292   25    4   29  215  199  176
   12  139   12    7   92  128  128  128
   12   12    1   12   15  210  164  149
   12  323   27   11   93  160  160  160
   12  101    9    5   41  162  147   98
   12  325   28    1   31  111   95   77
   12   32    3    8   74  183  205  210
   12   31    3    7   29  215  199  176
   12  116   10    8   15  210  164  149
   12  305   26    5   92  128  128  128
   12   93    8    9   91   96   96   96
   12  293   25    5   48  180  177  120
   12  347   29   11   29  215  199  176
   12  263   22   11   18  197  132  112
   12  195   17    3   37  182  174  146
   12    3    1    3   75  130  151  157
   12  165   14    9   31  111   95   77
   12   69    6    9   89   32   32   32
   12   53    5    5   28  165  110   72
   12   57    5    9   28  165  110   72
   12  350   30    2   91   96   96   96
   12  173   15    5   93  160  160  160
   12  231   20    3   92  128  128  128
   12  352   30    4   91   96   96   96
   12  302   26    2   30  162  145  125
   12  149   13    5   24  235  193  163
   12  265   23    1   31  111   95   77
   12  182   16    2   92  128  128  128
   12  358   30   10   91   96   96   96
   12  295   25    7   93  160  160  160
   12   45    4    9   90   64   64   64
   12   27    3    3   29  215  199  176
   12   74    7    2   19  143   81   65
   12  267   23    3   40  216  201  145
   12  148   13    4    8  197  130  127
   12  189   16    9    2  164  143  141
   12   63    6    3   90   64   64   64
   12  341   29    5   28  165  110   72
   12   67    6    7   28  165  110   72
   12  176   15    8   28  165  110   72
   12  316   27    4   78  167  174  186
   12   82    7   10   50  155  151   70
   12  136   12    4   91   96   96   96
   12  180   15   12   95  224  224  224
   12  145   13    1   30  162  145  125
   12   51    5    3   18  197  132  112
   12  152   13    8   93  160  160  160
   12  167   14   11   92  128  128  128
   12  188   16    8   46  151  149  122
   12   35    3   11   30  162  145  125
   12  318   27    6   94  192  192  192
   12  276   23   12   93  160  160  160
   12  271   23    7   25  179  140  114
   12   95    8   11   46  151  149  122
   12  193   17    1   92  128  128  128
   12  244   21    4   91   96   96   96
   12  155   13   11   78  167  174  186
   12  229   20    1   46  151  149  122
   12  214   18   10   29  215  199  176
   12  187   16    7   91   96   96   96
   12  314   27    2   95  224  224  224
   12  236   20    8   28  165  110   72
   12  304   26    4   47  100   99   76
   12  143   12   11   90   64   64   64
   12    1    1    1   89   32   32   32
   12  278   24    2   30  162  145  125
   12  177   15    9   95  224  224  224
   12  272   23    8   29  215  199  176
   12   11    1   11   93  160  160  160
   12  333   28    9   15  210  164  149
   12  160   14    4   25  179  140  114
   12  284   24    8   46  151  149  122
   12  196   17    4   75  130  151  157
   12   92    8    8   48  180  177  120
   12  245   21    5   91   96   96   96
   12  205   18    1   93  160  160  160
   12  132   11   12   71   57   78   77
   12  345   29    9   19  143   81   65
   12   87    8    3   92  128  128  128
   12  217   19    1   94  192  192  192
   12  175   15    7   94  192  192  192
   12  243   21    3   91   96   96   96
   12   47    4   11   91   96   96   96
