   15   45    4    9   90   64   64   64
   15    2    1    2   20  192  170  156
   15    6    1    6   93  160  160  160
   15  139   12    7   88    0    0    0
   15   13    2    1   86  112   92   99
   15  229   20    1   58  122  157  119
   15   44    4    8   92  128  128  128
   15  124   11    4   53   70   76   59
   15  339   29    3   51  170  177  149
   15  353   30    5    7  106   62   62
   15  354   30    6   28  165  110   72
   15  338   29    2   35  238  194  129
   15  285   24    9   28  165  110   72
   15   19    2    7    6  155  111  109
   15   28    3    4   52  118  125  103
   15  128   11    8   89   32   32   32
   15  228   19   12   57   65   77   65
   15  261   22    9   89   32   32   32
   15  162   14    6   10   88   35   44
   15  280   24    4   39   81   73   55
   15  110   10    2    5  208  163  160
   15  209   18    5    1  215  197  195
   15  331   28    7   40  216  201  145
   15  117   10    9   28  165  110   72
   15  251   21   11   88    0    0    0
   15  270   23    6   33  200  169  128
   15   43    4    7   26  127   89   66
   15  258   22    6   26  127   89   66
   15   22    2   10   87   66   48   57
   15  157   14    1   90   64   64   64
   15  178   15   10   24  235  193  163
   15   94    8   10   46  151  149  122
   15  319   27    7   95  224  224  224
   15   47    4   11   91   96   96   96
   15   57    5    9    8  197  130  127
   15  193   17    1   56  110  127  109
   15  357   30    9   26  127   89   66
   15  327   28    3   20  192  170  156
   15  341   29    5   18  197  132  112
   15  311   26   11   20  192  170  156
   15  306   26    6   20  192  170  156
   15  302   26    2   12  166  143  136
   15   83    7   11   18  197  132  112
   15  219   19    3   42  111   96   52
   15   10    1   10   86  112   92   99
   15  165   14    9   22   90   70   60
   15  118   10   10   55  160  179  157
   15  158   14    2   79  116  122  135
   15  202   17   10   21  139  118  106
   15  307   26    7   20  192  170  156
   15   99    9    3   33  200  169  128
   15  287   24   11   25  179  140  114
   15  276   23   12   90   64   64   64
   15  168   14   12   87   66   48   57
   15   98    9    2    1  215  197  195
   15  358   30   10   91   96   96   96
   15   31    3    7   11  217  197  191
   15  113   10    5   16  156  112  100
   15  182   16    2   52  118  125  103
   15  221   19    5   70  102  127  124
   15  217   19    1   81  152  145  158
   15  180   15   12   93  160  160  160
   15    1    1    1   90   64   64   64
   15  132   11   12   57   65   77   65
   15  259   22    7    9  143   79   78
   15  300   25   12   30  162  145  125
   15    7    1    7   38  130  122   98
   15  310   26   10   75  130  151  157
   15  316   27    4   96  240  240  240
   15  147   13    3   56  110  127  109
   15  190   16   10   82  104   94  109
   15  347   29   11   46  151  149  122
   15  335   28   11   18  197  132  112
   15   14    2    2   75  130  151  157
   15  266   23    2   35  238  194  129
   15   86    8    2   50  155  151   70
   15    8    1    8   85  161  143  149
   15  172   15    4   95  224  224  224
   15  346   29   10   25  179  140  114
   15  102    9    6   33  200  169  128
   15   38    4    2   22   90   70   60
   15  274   23   10   34  147  117   81
   15  330   28    6   91   96   96   96
   15  351   30    3   16  156  112  100
   15   78    7    6   40  216  201  145
   15  290   25    2    9  143   79   78
   15  164   14    8   86  112   92   99
   15  211   18    7   41  162  147   98
   15  137   12    5   88    0    0    0
   15  234   20    6   90   64   64   64
   15  145   13    1   47  100   99   76
   15  313   27    1   11  217  197  191
   15   97    9    1   11  217  197  191
   15  253   22    1   42  111   96   52
   15  177   15    9   95  224  224  224
   15  320   27    8    2  164  143  141
   15  161   14    5   90   64   64   64
   15   91    8    7   38  130  122   98
   15  275   23   11   87   66   48   57
   15  281   24    5   28  165  110   72
   15   74    7    2   18  197  132  112
   15   72    6   12   89   32   32   32
   15  305   26    5   94  192  192  192
   15  166   14   10   92  128  128  128
   15  247   21    7   91   96   96   96
   15  196   17    4   70  102  127  124
   15  152   13    8   55  160  179  157
   15   48    4   12   82  104   94  109
   15   95    8   11   54  166  180  127
   15  197   17    5   37  182  174  146
   15  203   17   11   12  166  143  136
   15  214   18   10   15  210  164  149
   15  344   29    8   35  238  194  129
   15   30    3    6    5  208  163  160
   15   23    2   11   79  116  122  135
   15   63    6    3   89   32   32   32
   15  236   20    8   19  143   81   65
   15  321   27    9   95  224  224  224
   15  127   11    7   83   59   49   63
   15   41    4    5   53   70   76   59
   15   40    4    4   53   70   76   59
   15  315   27    3   95  224  224  224
   15   37    4    1   55  160  179  157
   15  317   27    5   39   81   73   55
   15  324   27   12   52  118  125  103
   15  207   18    3   58  122  157  119
   15  167   14   11   83   59   49   63
   15  243   21    3   89   32   32   32
   15  295   25    7   61  105  127  115
   15  121   11    1   89   32   32   32
   15  284   24    8   34  147  117   81
   15   58    5   10   28  165  110   72
   15  293   25    5   33  200  169  128
   15  318   27    6   95  224  224  224
   15  337   29    1   28  165  110   72
   15   84    7   12   93  160  160  160
   15  272   23    8    5  208  163  160
   15  264   22   12   28  165  110   72
   15   16    2    4   91   96   96   96
   15  163   14    7   62   61   78   69
   15  322   27   10    1  215  197  195
   15  298   25   10   52  118  125  103
   15    3    1    3   75  130  151  157
   15  122   11    2   90   64   64   64
   15  195   17    3   30  162  145  125
   15  130   11   10   91   96   96   96
   15   88    8    4   46  151  149  122
   15  136   12    4   89   32   32   32
   15  125   11    5   39   81   73   55
   15  120   10   12   19  143   81   65
   15   66    6    6   89   32   32   32
   15  138   12    6   90   64   64   64
   15  222   19    6   85  161  143  149
   15  198   17    6   56  110  127  109
   15   42    4    6   56  110  127  109
   15  140   12    8   88    0    0    0
   15  104    9    8   95  224  224  224
   15  184   16    4   93  160  160  160
   15  176   15    8   28  165  110   72
   15   34    3   10   51  170  177  149
   15  294   25    6   96  240  240  240
   15   54    5    6   20  192  170  156
   15   87    8    3   91   96   96   96
   15   24    2   12   92  128  128  128
   15   70    6   10   88    0    0    0
   15  288   24   12   86  112   92   99
   15  359   30   11   28  165  110   72
   15  191   16   11   91   96   96   96
   15  336   28   12   95  224  224  224
   15   79    7    7   51  170  177  149
   15  111   10    3   86  112   92   99
   15  238   20   10   92  128  128  128
   15  255   22    3   45  204  203  170
   15   32    3    8   76  104  186  206
   15  245   21    5   87   66   48   57
   15   59    5   11   11  217  197  191
   15  246   21    6   85  161  143  149
   15   20    2    8   90   64   64   64
   15   90    8    6   54  166  180  127
   15  242   21    2   88    0    0    0
   15  267   23    3   35  238  194  129
   15  271   23    7   36  183  140   82
   15  204   17   12   85  161  143  149
   15  133   12    1   88    0    0    0
   15  192   16   12   82  104   94  109
   15  159   14    3   89   32   32   32
   15  237   20    9   92  128  128  128
   15  183   16    3   75  130  151  157
   15  213   18    9   78  167  174  186
   15  250   21   10   89   32   32   32
   15  210   18    6   24  235  193  163
   15  220   19    4   25  179  140  114
   15  149   13    5   46  151  149  122
   15  304   26    4   39   81   73   55
   15   17    2    5   39   81   73   55
   15  144   12   12   88    0    0    0
   15  265   23    1   27  100   66   47
   15  240   20   12   39   81   73   55
   15  328   28    4   93  160  160  160
   15  356   30    8   19  143   81   65
   15  194   17    2   92  128  128  128
   15   93    8    9   53   70   76   59
   15   21    2    9   91   96   96   96
   15  171   15    3   96  240  240  240
   15   55    5    7   11  217  197  191
   15  257   22    5   12  166  143  136
   15  262   22   10   91   96   96   96
   15   81    7    9   43  195  173   95
   15  179   15   11   15  210  164  149
   15  303   26    3   20  192  170  156
   15   80    7    8   33  200  169  128
   15  254   22    2   25  179  140  114
   15  181   16    1   78  167  174  186
   15  141   12    9   88    0    0    0
   15  123   11    3   90   64   64   64
   15   67    6    7   89   32   32   32
   15  160   14    4   27  100   66   47
   15   85    8    1   53   70   76   59
   15  268   23    4   78  167  174  186
   15  188   16    8   61  105  127  115
   15   35    3   11   52  118  125  103
   15  230   20    2   81  152  145  158
   15  174   15    6   96  240  240  240
   15   56    5    8    1  215  197  195
   15  282   24    6    8  197  130  127
   15  201   17    9   52  118  125  103
   15  205   18    1    2  164  143  141
   15    9    1    9   79  116  122  135
   15  146   13    2   18  197  132  112
   15  170   15    2   96  240  240  240
   15  297   25    9   41  162  147   98
   15  106    9   10   95  224  224  224
   15  116   10    8   18  197  132  112
   15  227   19   11   52  118  125  103
   15   29    3    5    1  215  197  195
   15  314   27    2   96  240  240  240
   15  334   28   10   15  210  164  149
   15   77    7    5   90   64   64   64
   15  226   19   10   55  160  179  157
   15  235   20    7   77   50  132  154
   15  323   27   11    1  215  197  195
   15  239   20   11   55  160  179  157
   15  223   19    7   52  118  125  103
   15  224   19    8   93  160  160  160
   15  151   13    7   46  151  149  122
   15  312   26   12   20  192  170  156
   15  252   21   12   32   63   51   38
   15  241   21    1   89   32   32   32
   15  215   18   11   18  197  132  112
   15   92    8    8   44  142  120   48
   15   76    7    4   11  217  197  191
   15   11    1   11    2  164  143  141
   15  244   21    4   90   64   64   64
   15  109   10    1   20  192  170  156
   15  206   18    2   21  139  118  106
   15   64    6    4   88    0    0    0
   15  101    9    5   41  162  147   98
   15  142   12   10   89   32   32   32
   15  156   13   12   82  104   94  109
   15  289   25    1   46  151  149  122
   15  189   16    9   42  111   96   52
   15   36    3   12   35  238  194  129
   15   96    8   12   52  118  125  103
   15  115   10    7   14   68   48   46
   15  232   20    4   92  128  128  128
   15  301   26    1   36  183  140   82
   15   53    5    5    9  143   79   78
   15  186   16    6   93  160  160  160
   15   68    6    8   88    0    0    0
   15  333   28    9    5  208  163  160
   15  352   30    4   90   64   64   64
   15  114   10    6   86  112   92   99
   15  212   18    8   81  152  145  158
   15  296   25    8   40  216  201  145
   15   25    3    1   82  104   94  109
   15   51    5    3   25  179  140  114
   15  108    9   12   95  224  224  224
   15  150   13    6   93  160  160  160
   15  248   21    8   90   64   64   64
   15  119   10   11   85  161  143  149
   15  216   18   12   36  183  140   82
   15  332   28    8   29  215  199  176
   15   46    4   10   91   96   96   96
   15   33    3    9   24  235  193  163
   15   18    2    6   91   96   96   96
   15  225   19    9   91   96   96   96
   15  343   29    7   18  197  132  112
   15   75    7    3   59   74  105   73
   15  231   20    3   92  128  128  128
   15  292   25    4   20  192  170  156
   15  107    9   11   20  192  170  156
   15   27    3    3   21  139  118  106
   15  350   30    2   87   66   48   57
   15  175   15    7   85  161  143  149
   15  143   12   11   88    0    0    0
   15  134   12    2   88    0    0    0
   15  269   23    5   40  216  201  145
   15  260   22    8   28  165  110   72
   15   69    6    9   88    0    0    0
   15   62    6    2   88    0    0    0
   15   60    5   12   15  210  164  149
   15  326   28    2   92  128  128  128
   15  329   28    5   18  197  132  112
   15   52    5    4   15  210  164  149
   15  100    9    4    1  215  197  195
   15   12    1   12   15  210  164  149
   15   65    6    5   88    0    0    0
   15   49    5    1   19  143   81   65
   15  135   12    3   90   64   64   64
   15  112   10    4    5  208  163  160
   15  342   29    6   15  210  164  149
   15    4    1    4   25  179  140  114
   15  278   24    2   30  162  145  125
   15  355   30    7   31  111   95   77
   15  185   16    5   52  118  125  103
   15  308   26    8   21  139  118  106
   15  256   22    4   31  111   95   77
   15    5    1    5   52  118  125  103
   15  233   20    5    9  143   79   78
   15  131   11   11   53   70   76   59
   15   73    7    1   22   90   70   60
   15  129   11    9   40  216  201  145
   15  349   30    1   86  112   92   99
   15  279   24    3   20  192  170  156
   15  345   29    9   19  143   81   65
   15  103    9    7   84  212  197  201
   15  153   13    9   86  112   92   99
   15   39    4    3   86  112   92   99
   15  154   13   10   18  197  132  112
   15  105    9    9   84  212  197  201
   15  249   21    9   88    0    0    0
   15   15    2    3   75  130  151  157
   15  283   24    7   43  195  173   95
   15  340   29    4   40  216  201  145
   15  299   25   11   85  161  143  149
   15   82    7   10   40  216  201  145
   15   26    3    2   76  104  186  206
   15  309   26    9   41  162  147   98
   15  155   13   11   81  152  145  158
   15  187   16    7   83   59   49   63
   15   71    6   11   88    0    0    0
   15   50    5    2    5  208  163  160
   15  126   11    6   91   96   96   96
   15  200   17    8   53   70   76   59
   15  277   24    1    9  143   79   78
   15  291   25    3   31  111   95   77
   15   89    8    5   69  150  180  175
   15  273   23    9    5  208  163  160
   15  148   13    4   56  110  127  109
   15  199   17    7   52  118  125  103
   15  348   29   12   35  238  194  129
   15  286   24   10   30  162  145  125
   15  173   15    5   95  224  224  224
   15  208   18    4   56  110  127  109
   15   61    6    1   89   32   32   32
   15  218   19    2   95  224  224  224
   15  360   30   12   25  179  140  114
   15  263   22   11    9  143   79   78
   15  325   28    1   85  161  143  149
   15  169   15    1   95  224  224  224
