    8   11    1   11   95  224  224  224
    8  250   21   10   90   64   64   64
    8   96    8   12   54  166  180  127
    8   60    5   12   24  235  193  163
    8   67    6    7   89   32   32   32
    8   12    1   12   24  235  193  163
    8   58    5   10   28  165  110   72
    8  151   13    7   92  128  128  128
    8  244   21    4   90   64   64   64
    8  322   27   10   96  240  240  240
    8  108    9   12   96  240  240  240
    8   76    7    4   96  240  240  240
    8  161   14    5   91   96   96   96
    8   45    4    9   90   64   64   64
    8  319   27    7   96  240  240  240
    8  260   22    8   24  235  193  163
    8  301   26    1   29  215  199  176
    8   31    3    7   96  240  240  240
    8   62    6    2   89   32   32   32
    8  230   20    2   95  224  224  224
    8  216   18   12   33  200  169  128
    8   54    5    6   96  240  240  240
    8   83    7   11   95  224  224  224
    8  149   13    5   94  192  192  192
    8  184   16    4   96  240  240  240
    8  333   28    9   15  210  164  149
    8   68    6    8   89   32   32   32
    8  208   18    4   95  224  224  224
    8  357   30    9   91   96   96   96
    8  351   30    3   25  179  140  114
    8  311   26   11   95  224  224  224
    8   66    6    6   89   32   32   32
    8  223   19    7   92  128  128  128
    8  113   10    5   16  156  112  100
    8   59    5   11   96  240  240  240
    8    4    1    4   93  160  160  160
    8  259   22    7   19  143   81   65
    8  315   27    3   95  224  224  224
    8  210   18    6   94  192  192  192
    8  234   20    6   91   96   96   96
    8  255   22    3   96  240  240  240
    8  251   21   11   88    0    0    0
    8  130   11   10   88    0    0    0
    8   16    2    4   91   96   96   96
    8  354   30    6   22   90   70   60
    8  243   21    3   89   32   32   32
    8  318   27    6   95  224  224  224
    8  245   21    5   89   32   32   32
    8  277   24    1   19  143   81   65
    8  227   19   11   92  128  128  128
    8  117   10    9   28  165  110   72
    8    7    1    7   93  160  160  160
    8  235   20    7   91   96   96   96
    8  202   17   10   91   96   96   96
    8  212   18    8   94  192  192  192
    8  324   27   12   94  192  192  192
    8  198   17    6   94  192  192  192
    8  253   22    1   38  130  122   98
    8  160   14    4   92  128  128  128
    8  159   14    3   91   96   96   96
    8  172   15    4   96  240  240  240
    8  170   15    2   96  240  240  240
    8  291   25    3   93  160  160  160
    8  254   22    2   93  160  160  160
    8   48    4   12   92  128  128  128
    8  112   10    4    5  208  163  160
    8   55    5    7   93  160  160  160
    8  325   28    1   94  192  192  192
    8  228   19   12   92  128  128  128
    8   19    2    7   93  160  160  160
    8    3    1    3   93  160  160  160
    8   78    7    6   96  240  240  240
    8  105    9    9   96  240  240  240
    8  109   10    1   95  224  224  224
    8  249   21    9   88    0    0    0
    8  349   30    1   92  128  128  128
    8   36    3   12   96  240  240  240
    8   27    3    3   94  192  192  192
    8   21    2    9   92  128  128  128
    8  231   20    3   92  128  128  128
    8  299   25   11   94  192  192  192
    8   71    6   11   88    0    0    0
    8  213   18    9   94  192  192  192
    8  203   17   11   93  160  160  160
    8   70    6   10   89   32   32   32
    8  239   20   11   93  160  160  160
    8  312   26   12   95  224  224  224
    8   87    8    3   91   96   96   96
    8  152   13    8   93  160  160  160
    8  286   24   10   41  162  147   98
    8  167   14   11   91   96   96   96
    8  136   12    4   88    0    0    0
    8  290   25    2   19  143   81   65
    8  150   13    6   94  192  192  192
    8  280   24    4   26  127   89   66
    8   46    4   10   91   96   96   96
    8  179   15   11   24  235  193  163
    8   13    2    1   93  160  160  160
    8  118   10   10   93  160  160  160
    8  189   16    9   93  160  160  160
    8  192   16   12   93  160  160  160
    8   25    3    1   92  128  128  128
    8   69    6    9   88    0    0    0
    8  196   17    4   92  128  128  128
    8  284   24    8   41  162  147   98
    8   49    5    1   28  165  110   72
    8  201   17    9   92  128  128  128
    8  342   29    6   15  210  164  149
    8  313   27    1   96  240  240  240
    8  138   12    6   91   96   96   96
    8   38    4    2   91   96   96   96
    8  133   12    1   88    0    0    0
    8  344   29    8   29  215  199  176
    8  180   15   12   96  240  240  240
    8  242   21    2   88    0    0    0
    8  262   22   10   89   32   32   32
    8  140   12    8   88    0    0    0
    8  238   20   10   92  128  128  128
    8  181   16    1   94  192  192  192
    8   80    7    8   96  240  240  240
    8  233   20    5   19  143   81   65
    8  326   28    2   92  128  128  128
    8  153   13    9   93  160  160  160
    8  217   19    1   93  160  160  160
    8   34    3   10   96  240  240  240
    8  164   14    8   92  128  128  128
    8  347   29   11   29  215  199  176
    8  332   28    8   96  240  240  240
    8  163   14    7   89   32   32   32
    8   75    7    3   59   74  105   73
    8  355   30    7   93  160  160  160
    8  156   13   12   92  128  128  128
    8  266   23    2   29  215  199  176
    8  225   19    9   91   96   96   96
    8   39    4    3   92  128  128  128
    8  177   15    9   96  240  240  240
    8   33    3    9   96  240  240  240
    8  107    9   11   96  240  240  240
    8   30    3    6   96  240  240  240
    8  241   21    1   91   96   96   96
    8  271   23    7   33  200  169  128
    8    1    1    1   89   32   32   32
    8  334   28   10   24  235  193  163
    8  337   29    1   27  100   66   47
    8   61    6    1   23   66   49   42
    8  126   11    6   91   96   96   96
    8  257   22    5    2  164  143  141
    8   47    4   11   91   96   96   96
    8    8    1    8   93  160  160  160
    8  306   26    6   94  192  192  192
    8  222   19    6   93  160  160  160
    8  272   23    8   12  166  143  136
    8  293   25    5   29  215  199  176
    8  300   25   12   95  224  224  224
    8   73    7    1    3  115   92   91
    8  275   23   11    4   68   47   49
    8  305   26    5   95  224  224  224
    8   43    4    7    3  115   92   91
    8   17    2    5   92  128  128  128
    8  265   23    1   20  192  170  156
    8  323   27   11   95  224  224  224
    8  321   27    9   95  224  224  224
    8   14    2    2   93  160  160  160
    8  279   24    3   94  192  192  192
    8  224   19    8   94  192  192  192
    8  338   29    2   33  200  169  128
    8  148   13    4   18  197  132  112
    8  273   23    9   94  192  192  192
    8  316   27    4   96  240  240  240
    8  282   24    6    6  155  111  109
    8   28    3    4   93  160  160  160
    8   41    4    5   91   96   96   96
    8   29    3    5   96  240  240  240
    8  267   23    3   29  215  199  176
    8   94    8   10   54  166  180  127
    8  137   12    5   88    0    0    0
    8  155   13   11   92  128  128  128
    8  211   18    7   94  192  192  192
    8   32    3    8   96  240  240  240
    8  173   15    5   96  240  240  240
    8   64    6    4   88    0    0    0
    8  131   11   11   90   64   64   64
    8  200   17    8   91   96   96   96
    8  261   22    9   89   32   32   32
    8  195   17    3   93  160  160  160
    8  162   14    6   14   68   48   46
    8  320   27    8   96  240  240  240
    8   52    5    4   96  240  240  240
    8  104    9    8   94  192  192  192
    8  270   23    6   29  215  199  176
    8  328   28    4   77   50  132  154
    8  309   26    9   42  111   96   52
    8    6    1    6   94  192  192  192
    8  209   18    5   95  224  224  224
    8  193   17    1   93  160  160  160
    8  346   29   10   25  179  140  114
    8   90    8    6   54  166  180  127
    8  178   15   10   24  235  193  163
    8  120   10   12   28  165  110   72
    8  186   16    6   96  240  240  240
    8  232   20    4   92  128  128  128
    8  256   22    4   16  156  112  100
    8   88    8    4    8  197  130  127
    8  187   16    7   79  116  122  135
    8  190   16   10   93  160  160  160
    8  336   28   12   96  240  240  240
    8  341   29    5   19  143   81   65
    8   63    6    3   89   32   32   32
    8   40    4    4   90   64   64   64
    8  264   22   12   25  179  140  114
    8  121   11    1   88    0    0    0
    8  166   14   10   92  128  128  128
    8  206   18    2   21  139  118  106
    8    9    1    9   93  160  160  160
    8   82    7   10   54  166  180  127
    8  101    9    5   37  182  174  146
    8   98    9    2   96  240  240  240
    8   92    8    8   54  166  180  127
    8  100    9    4   95  224  224  224
    8  353   30    5   92  128  128  128
    8   10    1   10   92  128  128  128
    8  285   24    9   26  127   89   66
    8  175   15    7   93  160  160  160
    8   79    7    7   95  224  224  224
    8  188   16    8   93  160  160  160
    8  268   23    4   95  224  224  224
    8  214   18   10   15  210  164  149
    8  358   30   10   91   96   96   96
    8  154   13   10   15  210  164  149
    8  302   26    2   96  240  240  240
    8    2    1    2   94  192  192  192
    8  283   24    7   29  215  199  176
    8  204   17   12   94  192  192  192
    8  197   17    5   94  192  192  192
    8  303   26    3   96  240  240  240
    8  124   11    4   90   64   64   64
    8  247   21    7   90   64   64   64
    8   15    2    3   92  128  128  128
    8  171   15    3   96  240  240  240
    8   84    7   12   93  160  160  160
    8  276   23   12   92  128  128  128
    8  246   21    6   91   96   96   96
    8  229   20    1   93  160  160  160
    8  297   25    9   29  215  199  176
    8  176   15    8   24  235  193  163
    8   42    4    6   92  128  128  128
    8  111   10    3   90   64   64   64
    8  258   22    6   16  156  112  100
    8  141   12    9   89   32   32   32
    8  199   17    7   92  128  128  128
    8   22    2   10   23   66   49   42
    8  308   26    8   94  192  192  192
    8   65    6    5   89   32   32   32
    8  350   30    2   91   96   96   96
    8  359   30   11   28  165  110   72
    8  298   25   10   92  128  128  128
    8  139   12    7   90   64   64   64
    8   23    2   11   92  128  128  128
    8  215   18   11   19  143   81   65
    8  119   10   11   94  192  192  192
    8  289   25    1   95  224  224  224
    8   18    2    6   91   96   96   96
    8  169   15    1   96  240  240  240
    8   99    9    3   96  240  240  240
    8  125   11    5   90   64   64   64
    8  128   11    8   89   32   32   32
    8  237   20    9   93  160  160  160
    8  135   12    3   91   96   96   96
    8   85    8    1   90   64   64   64
    8  123   11    3   89   32   32   32
    8  327   28    3   92  128  128  128
    8  339   29    3   94  192  192  192
    8  307   26    7   94  192  192  192
    8   56    5    8   96  240  240  240
    8  157   14    1   91   96   96   96
    8   72    6   12   89   32   32   32
    8  329   28    5   19  143   81   65
    8  314   27    2   96  240  240  240
    8   97    9    1   96  240  240  240
    8  122   11    2   91   96   96   96
    8  240   20   12   91   96   96   96
    8  263   22   11    9  143   79   78
    8   53    5    5   19  143   81   65
    8  132   11   12   91   96   96   96
    8  205   18    1   92  128  128  128
    8  287   24   11   92  128  128  128
    8  317   27    5   93  160  160  160
    8  330   28    6   92  128  128  128
    8    5    1    5   92  128  128  128
    8   74    7    2   89   32   32   32
    8  185   16    5   92  128  128  128
    8   20    2    8   91   96   96   96
    8   51    5    3   24  235  193  163
    8   81    7    9   96  240  240  240
    8   91    8    7   54  166  180  127
    8  115   10    7   92  128  128  128
    8  226   19   10   92  128  128  128
    8   86    8    2   48  180  177  120
    8  304   26    4   38  130  122   98
    8  145   13    1   92  128  128  128
    8   35    3   11   90   64   64   64
    8  168   14   12   92  128  128  128
    8   93    8    9   92  128  128  128
    8  340   29    4   94  192  192  192
    8  295   25    7   94  192  192  192
    8  183   16    3   94  192  192  192
    8  174   15    6   95  224  224  224
    8  352   30    4   91   96   96   96
    8  165   14    9   91   96   96   96
    8   57    5    9   18  197  132  112
    8   44    4    8   91   96   96   96
    8  219   19    3   91   96   96   96
    8   26    3    2   89   32   32   32
    8  331   28    7   96  240  240  240
    8  274   23   10   33  200  169  128
    8  182   16    2   92  128  128  128
    8  129   11    9   90   64   64   64
    8  221   19    5   92  128  128  128
    8  269   23    5   96  240  240  240
    8  127   11    7   91   96   96   96
    8  345   29    9   19  143   81   65
    8  296   25    8   96  240  240  240
    8  207   18    3   93  160  160  160
    8  147   13    3   92  128  128  128
    8   24    2   12   92  128  128  128
    8  335   28   11   15  210  164  149
    8  278   24    2   15  210  164  149
    8  134   12    2   88    0    0    0
    8  158   14    2   92  128  128  128
    8  106    9   10   96  240  240  240
    8  110   10    2    5  208  163  160
    8  343   29    7   19  143   81   65
    8  292   25    4   11  217  197  191
    8   89    8    5   54  166  180  127
    8  218   19    2   94  192  192  192
    8  356   30    8   22   90   70   60
    8  103    9    7   94  192  192  192
    8  220   19    4   22   90   70   60
    8  146   13    2   11  217  197  191
    8  288   24   12   92  128  128  128
    8  142   12   10   88    0    0    0
    8  143   12   11   88    0    0    0
    8  144   12   12   88    0    0    0
    8  348   29   12   24  235  193  163
    8  102    9    6   29  215  199  176
    8  248   21    8   88    0    0    0
    8  236   20    8   27  100   66   47
    8  252   21   12   91   96   96   96
    8  281   24    5   19  143   81   65
    8  310   26   10   94  192  192  192
    8   37    4    1   93  160  160  160
    8  116   10    8   24  235  193  163
    8   95    8   11   51  170  177  149
    8  114   10    6   75  130  151  157
    8  360   30   12   21  139  118  106
    8  294   25    6   96  240  240  240
    8   50    5    2   95  224  224  224
    8   77    7    5   89   32   32   32
    8  191   16   11   91   96   96   96
    8  194   17    2   93  160  160  160
