   13   15    2    3   78  167  174  186
   13  108    9   12   95  224  224  224
   13  168   14   12   79  116  122  135
   13  353   30    5   22   90   70   60
   13   21    2    9   91   96   96   96
   13  346   29   10   35  238  194  129
   13   38    4    2   91   96   96   96
   13  127   11    7   79  116  122  135
   13  360   30   12   25  179  140  114
   13   11    1   11   94  192  192  192
   13  275   23   11   10   88   35   44
   13   88    8    4   30  162  145  125
   13  293   25    5   40  216  201  145
   13   33    3    9   95  224  224  224
   13  203   17   11   92  128  128  128
   13  102    9    6   33  200  169  128
   13  218   19    2   94  192  192  192
   13  281   24    5   28  165  110   72
   13  192   16   12   91   96   96   96
   13  330   28    6   95  224  224  224
   13  117   10    9   24  235  193  163
   13  196   17    4   91   96   96   96
   13  169   15    1   96  240  240  240
   13  125   11    5   90   64   64   64
   13    4    1    4   34  147  117   81
   13  164   14    8   91   96   96   96
   13   81    7    9   40  216  201  145
   13  144   12   12   89   32   32   32
   13  314   27    2   96  240  240  240
   13  268   23    4   94  192  192  192
   13  322   27   10   84  212  197  201
   13  321   27    9   96  240  240  240
   13  350   30    2   22   90   70   60
   13   31    3    7   96  240  240  240
   13  115   10    7   14   68   48   46
   13  139   12    7   91   96   96   96
   13   41    4    5   31  111   95   77
   13  215   18   11    9  143   79   78
   13  326   28    2   94  192  192  192
   13  210   18    6   33  200  169  128
   13   79    7    7   33  200  169  128
   13   30    3    6   95  224  224  224
   13  173   15    5   96  240  240  240
   13  266   23    2   35  238  194  129
   13  129   11    9   29  215  199  176
   13  152   13    8   95  224  224  224
   13   95    8   11   33  200  169  128
   13  134   12    2   91   96   96   96
   13  190   16   10   91   96   96   96
   13  290   25    2    9  143   79   78
   13   73    7    1   29  215  199  176
   13  280   24    4    7  106   62   62
   13  335   28   11   15  210  164  149
   13  158   14    2   93  160  160  160
   13  220   19    4   16  156  112  100
   13  112   10    4   15  210  164  149
   13  172   15    4   94  192  192  192
   13  247   21    7   32   63   51   38
   13   75    7    3   96  240  240  240
   13  116   10    8   15  210  164  149
   13  278   24    2   96  240  240  240
   13  319   27    7   96  240  240  240
   13   94    8   10   29  215  199  176
   13  188   16    8   37  182  174  146
   13  273   23    9   94  192  192  192
   13  111   10    3   80   67   74   88
   13  342   29    6   15  210  164  149
   13  313   27    1   11  217  197  191
   13  308   26    8   12  166  143  136
   13   39    4    3   95  224  224  224
   13  113   10    5   26  127   89   66
   13  339   29    3   40  216  201  145
   13  138   12    6   91   96   96   96
   13  184   16    4   92  128  128  128
   13  317   27    5   92  128  128  128
   13   35    3   11   96  240  240  240
   13  286   24   10   33  200  169  128
   13  320   27    8   95  224  224  224
   13  123   11    3   89   32   32   32
   13   57    5    9   15  210  164  149
   13   99    9    3   29  215  199  176
   13  351   30    3   26  127   89   66
   13  294   25    6   95  224  224  224
   13  137   12    5   88    0    0    0
   13  306   26    6   29  215  199  176
   13   68    6    8   89   32   32   32
   13  297   25    9   33  200  169  128
   13  316   27    4   96  240  240  240
   13   72    6   12   88    0    0    0
   13  229   20    1   58  122  157  119
   13  219   19    3   25  179  140  114
   13  202   17   10   93  160  160  160
   13  213   18    9   93  160  160  160
   13  271   23    7   28  165  110   72
   13  160   14    4   13  116   92   87
   13   71    6   11   88    0    0    0
   13  141   12    9   90   64   64   64
   13  163   14    7   89   32   32   32
   13   50    5    2   29  215  199  176
   13   26    3    2   89   32   32   32
   13  231   20    3   92  128  128  128
   13  226   19   10   96  240  240  240
   13  161   14    5   90   64   64   64
   13  336   28   12   96  240  240  240
   13  222   19    6   93  160  160  160
   13   17    2    5   91   96   96   96
   13   89    8    5   66  177  208  196
   13  343   29    7   28  165  110   72
   13  258   22    6   13  116   92   87
   13  288   24   12   31  111   95   77
   13  107    9   11   96  240  240  240
   13  284   24    8   33  200  169  128
   13   92    8    8   43  195  173   95
   13  302   26    2   95  224  224  224
   13  331   28    7   33  200  169  128
   13   28    3    4   95  224  224  224
   13  189   16    9   29  215  199  176
   13   69    6    9   89   32   32   32
   13  264   22   12   19  143   81   65
   13   42    4    6   92  128  128  128
   13   60    5   12   24  235  193  163
   13  153   13    9   91   96   96   96
   13   74    7    2   28  165  110   72
   13   40    4    4   92  128  128  128
   13  344   29    8   33  200  169  128
   13   10    1   10   92  128  128  128
   13  301   26    1   33  200  169  128
   13  277   24    1   19  143   81   65
   13  246   21    6   22   90   70   60
   13  292   25    4   29  215  199  176
   13  201   17    9   55  160  179  157
   13  157   14    1   90   64   64   64
   13  224   19    8   92  128  128  128
   13    9    1    9   92  128  128  128
   13   83    7   11   28  165  110   72
   13  148   13    4   89   32   32   32
   13  257   22    5   43  195  173   95
   13   76    7    4   95  224  224  224
   13  100    9    4   95  224  224  224
   13  122   11    2   91   96   96   96
   13  274   23   10   33  200  169  128
   13  327   28    3   31  111   95   77
   13  140   12    8   88    0    0    0
   13   52    5    4   95  224  224  224
   13  311   26   11   29  215  199  176
   13  199   17    7   31  111   95   77
   13   64    6    4   88    0    0    0
   13  238   20   10   92  128  128  128
   13   12    1   12   24  235  193  163
   13   62    6    2   88    0    0    0
   13  183   16    3   78  167  174  186
   13   54    5    6   11  217  197  191
   13   82    7   10   50  155  151   70
   13  136   12    4   90   64   64   64
   13   53    5    5   19  143   81   65
   13   18    2    6   90   64   64   64
   13   67    6    7   89   32   32   32
   13   91    8    7   48  180  177  120
   13   85    8    1   39   81   73   55
   13  223   19    7   38  130  122   98
   13  191   16   11   90   64   64   64
   13  143   12   11   89   32   32   32
   13  170   15    2   96  240  240  240
   13   55    5    7   95  224  224  224
   13  245   21    5   90   64   64   64
   13  279   24    3   29  215  199  176
   13  272   23    8   15  210  164  149
   13  356   30    8    7  106   62   62
   13  352   30    4   91   96   96   96
   13  256   22    4   12  166  143  136
   13  282   24    6   26  127   89   66
   13   22    2   10   22   90   70   60
   13  303   26    3   95  224  224  224
   13  147   13    3   90   64   64   64
   13  251   21   11   89   32   32   32
   13  181   16    1   95  224  224  224
   13   90    8    6   60  154  180  165
   13  230   20    2   94  192  192  192
   13  276   23   12   75  130  151  157
   13  132   11   12   89   32   32   32
   13  298   25   10   21  139  118  106
   13  176   15    8   24  235  193  163
   13  287   24   11   15  210  164  149
   13  145   13    1   90   64   64   64
   13   49    5    1   19  143   81   65
   13  228   19   12   91   96   96   96
   13  309   26    9   25  179  140  114
   13  347   29   11   29  215  199  176
   13    6    1    6   93  160  160  160
   13  151   13    7   30  162  145  125
   13   29    3    5   96  240  240  240
   13  198   17    6   93  160  160  160
   13  142   12   10   89   32   32   32
   13  104    9    8   95  224  224  224
   13  208   18    4   93  160  160  160
   13  124   11    4   90   64   64   64
   13  263   22   11    9  143   79   78
   13  133   12    1   89   32   32   32
   13  357   30    9   26  127   89   66
   13  341   29    5   28  165  110   72
   13  310   26   10   78  167  174  186
   13   80    7    8   93  160  160  160
   13  105    9    9   95  224  224  224
   13   84    7   12   91   96   96   96
   13   20    2    8   90   64   64   64
   13  178   15   10   15  210  164  149
   13   32    3    8   96  240  240  240
   13   98    9    2   96  240  240  240
   13   13    2    1   91   96   96   96
   13  149   13    5   29  215  199  176
   13  267   23    3   35  238  194  129
   13   19    2    7   12  166  143  136
   13  262   22   10   89   32   32   32
   13  285   24    9   19  143   81   65
   13  255   22    3   96  240  240  240
   13  193   17    1   92  128  128  128
   13   58    5   10   28  165  110   72
   13  340   29    4   29  215  199  176
   13  101    9    5   29  215  199  176
   13  260   22    8   28  165  110   72
   13  205   18    1   92  128  128  128
   13  236   20    8   27  100   66   47
   13   44    4    8   90   64   64   64
   13  118   10   10   30  162  145  125
   13  259   22    7   19  143   81   65
   13   59    5   11   96  240  240  240
   13  295   25    7   92  128  128  128
   13  349   30    1   17  105   63   55
   13  179   15   11   15  210  164  149
   13  221   19    5   90   64   64   64
   13  182   16    2   91   96   96   96
   13   43    4    7   26  127   89   66
   13   66    6    6   88    0    0    0
   13  204   17   12   95  224  224  224
   13  315   27    3   94  192  192  192
   13  234   20    6   91   96   96   96
   13  270   23    6   34  147  117   81
   13  299   25   11   93  160  160  160
   13  131   11   11   90   64   64   64
   13   34    3   10   96  240  240  240
   13  250   21   10   89   32   32   32
   13   45    4    9   89   32   32   32
   13   36    3   12   29  215  199  176
   13   47    4   11   91   96   96   96
   13   14    2    2   92  128  128  128
   13   77    7    5   96  240  240  240
   13  232   20    4   92  128  128  128
   13  171   15    3   96  240  240  240
   13  194   17    2   92  128  128  128
   13   27    3    3   90   64   64   64
   13  304   26    4   27  100   66   47
   13  254   22    2   95  224  224  224
   13  242   21    2   89   32   32   32
   13   65    6    5   89   32   32   32
   13  233   20    5   19  143   81   65
   13  110   10    2   16  156  112  100
   13  209   18    5   95  224  224  224
   13  253   22    1   26  127   89   66
   13  318   27    6   94  192  192  192
   13  186   16    6   91   96   96   96
   13   16    2    4   90   64   64   64
   13  355   30    7   31  111   95   77
   13   23    2   11   93  160  160  160
   13  121   11    1   89   32   32   32
   13  252   21   12   90   64   64   64
   13    7    1    7   92  128  128  128
   13  162   14    6   27  100   66   47
   13  167   14   11   91   96   96   96
   13   63    6    3   89   32   32   32
   13  126   11    6   90   64   64   64
   13  177   15    9   94  192  192  192
   13   70    6   10   89   32   32   32
   13  114   10    6   13  116   92   87
   13    2    1    2   94  192  192  192
   13  187   16    7   90   64   64   64
   13  165   14    9   31  111   95   77
   13  211   18    7   30  162  145  125
   13  180   15   12   95  224  224  224
   13  146   13    2   24  235  193  163
   13  135   12    3   92  128  128  128
   13  333   28    9   15  210  164  149
   13  241   21    1   91   96   96   96
   13  227   19   11   92  128  128  128
   13  206   18    2   12  166  143  136
   13    5    1    5   94  192  192  192
   13    1    1    1   89   32   32   32
   13   97    9    1   96  240  240  240
   13    8    1    8   94  192  192  192
   13  120   10   12   28  165  110   72
   13  185   16    5   92  128  128  128
   13   93    8    9   91   96   96   96
   13  109   10    1   29  215  199  176
   13  329   28    5   18  197  132  112
   13  325   28    1   93  160  160  160
   13  323   27   11   94  192  192  192
   13  348   29   12   24  235  193  163
   13  154   13   10   15  210  164  149
   13  337   29    1   27  100   66   47
   13   37    4    1   91   96   96   96
   13   87    8    3   90   64   64   64
   13  291   25    3   31  111   95   77
   13  332   28    8   15  210  164  149
   13  328   28    4   94  192  192  192
   13  166   14   10   92  128  128  128
   13   25    3    1   91   96   96   96
   13  197   17    5   29  215  199  176
   13  155   13   11   79  116  122  135
   13  212   18    8   78  167  174  186
   13  338   29    2   35  238  194  129
   13   86    8    2   48  180  177  120
   13  235   20    7   80   67   74   88
   13    3    1    3   75  130  151  157
   13  324   27   12   78  167  174  186
   13  300   25   12   29  215  199  176
   13  354   30    6   26  127   89   66
   13  159   14    3   91   96   96   96
   13  237   20    9   12  166  143  136
   13  305   26    5   29  215  199  176
   13  174   15    6   78  167  174  186
   13  217   19    1   78  167  174  186
   13  269   23    5   35  238  194  129
   13  150   13    6   92  128  128  128
   13  216   18   12   24  235  193  163
   13  130   11   10   89   32   32   32
   13  358   30   10   90   64   64   64
   13  240   20   12   91   96   96   96
   13   48    4   12   91   96   96   96
   13  119   10   11   94  192  192  192
   13   78    7    6   29  215  199  176
   13  239   20   11   55  160  179  157
   13  359   30   11   28  165  110   72
   13  175   15    7   78  167  174  186
   13  128   11    8   32   63   51   38
   13   24    2   12   75  130  151  157
   13  214   18   10   25  179  140  114
   13   61    6    1   23   66   49   42
   13   51    5    3   18  197  132  112
   13  243   21    3   89   32   32   32
   13  345   29    9   18  197  132  112
   13  103    9    7   93  160  160  160
   13  261   22    9   23   66   49   42
   13  312   26   12   29  215  199  176
   13  200   17    8   53   70   76   59
   13  106    9   10   96  240  240  240
   13  225   19    9   91   96   96   96
   13  207   18    3   60  154  180  165
   13  283   24    7   24  235  193  163
   13   56    5    8   95  224  224  224
   13  249   21    9   88    0    0    0
   13  248   21    8   89   32   32   32
   13  244   21    4   90   64   64   64
   13  289   25    1   29  215  199  176
   13  307   26    7   29  215  199  176
   13   96    8   12   63  134  185  158
   13  334   28   10   15  210  164  149
   13  156   13   12   23   66   49   42
   13   46    4   10   90   64   64   64
   13  195   17    3   29  215  199  176
   13  265   23    1   13  116   92   87
   13  296   25    8   40  216  201  145
