   17  340   29    4   29  215  199  176
   17  332   28    8   33  200  169  128
   17   76    7    4   95  224  224  224
   17  360   30   12   16  156  112  100
   17  208   18    4   46  151  149  122
   17   34    3   10   45  204  203  170
   17  245   21    5   90   64   64   64
   17   58    5   10   19  143   81   65
   17  315   27    3   96  240  240  240
   17  246   21    6   22   90   70   60
   17  309   26    9   44  142  120   48
   17  345   29    9    8  197  130  127
   17  165   14    9    3  115   92   91
   17  168   14   12   82  104   94  109
   17  237   20    9   94  192  192  192
   17   16    2    4   32   63   51   38
   17   70    6   10   90   64   64   64
   17   25    3    1   93  160  160  160
   17   30    3    6    1  215  197  195
   17   97    9    1   29  215  199  176
   17   85    8    1    4   68   47   49
   17  310   26   10   75  130  151  157
   17  195   17    3   37  182  174  146
   17  263   22   11    9  143   79   78
   17  297   25    9   43  195  173   95
   17  110   10    2    6  155  111  109
   17  285   24    9   19  143   81   65
   17  288   24   12   16  156  112  100
   17  131   11   11   71   57   78   77
   17  145   13    1   51  170  177  149
   17   65    6    5   88    0    0    0
   17  172   15    4   96  240  240  240
   17  322   27   10   11  217  197  191
   17  313   27    1   29  215  199  176
   17  129   11    9   42  111   96   52
   17   92    8    8   49  127  125   74
   17  233   20    5   19  143   81   65
   17   84    7   12   95  224  224  224
   17  197   17    5   51  170  177  149
   17   67    6    7   87   66   48   57
   17    8    1    8   78  167  174  186
   17  199   17    7   49  127  125   74
   17  210   18    6   33  200  169  128
   17  113   10    5   16  156  112  100
   17  201   17    9   51  170  177  149
   17   55    5    7   95  224  224  224
   17  269   23    5   40  216  201  145
   17  346   29   10   18  197  132  112
   17   47    4   11   91   96   96   96
   17  248   21    8   89   32   32   32
   17  289   25    1   29  215  199  176
   17   52    5    4   29  215  199  176
   17  130   11   10   89   32   32   32
   17  212   18    8   93  160  160  160
   17  153   13    9   57   65   77   65
   17  156   13   12   21  139  118  106
   17  214   18   10   36  183  140   82
   17  174   15    6   78  167  174  186
   17  283   24    7   35  238  194  129
   17  352   30    4   90   64   64   64
   17  114   10    6   82  104   94  109
   17  276   23   12   79  116  122  135
   17   29    3    5   95  224  224  224
   17  270   23    6   35  238  194  129
   17  218   19    2   93  160  160  160
   17  287   24   11   34  147  117   81
   17  280   24    4   17  105   63   55
   17   75    7    3   62   61   78   69
   17  302   26    2   29  215  199  176
   17   56    5    8   29  215  199  176
   17  326   28    2   90   64   64   64
   17   20    2    8   80   67   74   88
   17  273   23    9   29  215  199  176
   17   53    5    5   19  143   81   65
   17  323   27   11   96  240  240  240
   17  179   15   11   15  210  164  149
   17  154   13   10   16  156  112  100
   17  277   24    1   19  143   81   65
   17  324   27   12   36  183  140   82
   17   32    3    8   76  104  186  206
   17    9    1    9   92  128  128  128
   17  143   12   11   88    0    0    0
   17  170   15    2   96  240  240  240
   17   96    8   12   56  110  127  109
   17  203   17   11   30  162  145  125
   17  307   26    7   45  204  203  170
   17  226   19   10   75  130  151  157
   17  357   30    9   34  147  117   81
   17   93    8    9   90   64   64   64
   17    6    1    6   93  160  160  160
   17   44    4    8   31  111   95   77
   17  126   11    6   90   64   64   64
   17  164   14    8   82  104   94  109
   17    3    1    3   67  127  154  145
   17   99    9    3   29  215  199  176
   17  356   30    8   17  105   63   55
   17  234   20    6   86  112   92   99
   17  128   11    8   87   66   48   57
   17  294   25    6   96  240  240  240
   17  148   13    4   15  210  164  149
   17   48    4   12   38  130  122   98
   17   27    3    3   29  215  199  176
   17   38    4    2   22   90   70   60
   17  321   27    9   96  240  240  240
   17  219   19    3   34  147  117   81
   17  158   14    2   75  130  151  157
   17   91    8    7   51  170  177  149
   17   17    2    5   52  118  125  103
   17  103    9    7   29  215  199  176
   17  213   18    9   95  224  224  224
   17  295   25    7   60  154  180  165
   17  260   22    8   35  238  194  129
   17  286   24   10   40  216  201  145
   17   66    6    6   83   59   49   63
   17  278   24    2   29  215  199  176
   17  308   26    8   29  215  199  176
   17  221   19    5   69  150  180  175
   17   10    1   10   75  130  151  157
   17  101    9    5   48  180  177  120
   17   36    3   12   40  216  201  145
   17  152   13    8   37  182  174  146
   17   37    4    1   93  160  160  160
   17  182   16    2   92  128  128  128
   17  134   12    2   13  116   92   87
   17  163   14    7   57   65   77   65
   17   62    6    2   83   59   49   63
   17  140   12    8   88    0    0    0
   17   72    6   12   88    0    0    0
   17  318   27    6   95  224  224  224
   17  185   16    5   92  128  128  128
   17  121   11    1   89   32   32   32
   17   50    5    2   29  215  199  176
   17  116   10    8   18  197  132  112
   17  100    9    4   20  192  170  156
   17   64    6    4   88    0    0    0
   17  176   15    8   19  143   81   65
   17  175   15    7   94  192  192  192
   17  160   14    4   26  127   89   66
   17  194   17    2   75  130  151  157
   17   12    1   12   15  210  164  149
   17  314   27    2   95  224  224  224
   17  359   30   11   36  183  140   82
   17   23    2   11   75  130  151  157
   17  193   17    1   70  102  127  124
   17   88    8    4   29  215  199  176
   17  282   24    6    6  155  111  109
   17   28    3    4   46  151  149  122
   17  147   13    3   71   57   78   77
   17   90    8    6   57   65   77   65
   17  192   16   12   21  139  118  106
   17   61    6    1   27  100   66   47
   17   26    3    2   76  104  186  206
   17  358   30   10   91   96   96   96
   17  107    9   11   29  215  199  176
   17   95    8   11   55  160  179  157
   17  215   18   11    9  143   79   78
   17  136   12    4   89   32   32   32
   17  353   30    5   21  139  118  106
   17  190   16   10   91   96   96   96
   17   51    5    3   15  210  164  149
   17   35    3   11   45  204  203  170
   17  262   22   10   14   68   48   46
   17  293   25    5   35  238  194  129
   17  239   20   11   60  154  180  165
   17  320   27    8   96  240  240  240
   17  223   19    7   43  195  173   95
   17   40    4    4   92  128  128  128
   17   79    7    7   54  166  180  127
   17  274   23   10   33  200  169  128
   17   49    5    1   19  143   81   65
   17  305   26    5   92  128  128  128
   17  253   22    1   42  111   96   52
   17  187   16    7   80   67   74   88
   17  304   26    4   49  127  125   74
   17  298   25   10   38  130  122   98
   17  330   28    6   90   64   64   64
   17  238   20   10   93  160  160  160
   17   41    4    5   47  100   99   76
   17   78    7    6   45  204  203  170
   17  265   23    1   31  111   95   77
   17   82    7   10   29  215  199  176
   17  144   12   12   89   32   32   32
   17  204   17   12   95  224  224  224
   17  183   16    3   74  183  205  210
   17   31    3    7   20  192  170  156
   17  251   21   11   89   32   32   32
   17  227   19   11   39   81   73   55
   17   89    8    5   58  122  157  119
   17  102    9    6   24  235  193  163
   17  296   25    8   43  195  173   95
   17  284   24    8   44  142  120   48
   17  122   11    2   80   67   74   88
   17   39    4    3   38  130  122   98
   17  349   30    1   22   90   70   60
   17  159   14    3   39   81   73   55
   17  267   23    3   40  216  201  145
   17  109   10    1   30  162  145  125
   17  335   28   11   15  210  164  149
   17   22    2   10   22   90   70   60
   17  258   22    6    8  197  130  127
   17  329   28    5   19  143   81   65
   17  268   23    4   78  167  174  186
   17   45    4    9   90   64   64   64
   17  290   25    2    9  143   79   78
   17  291   25    3   47  100   99   76
   17  142   12   10   88    0    0    0
   17  279   24    3   20  192  170  156
   17  337   29    1   28  165  110   72
   17   59    5   11   29  215  199  176
   17  333   28    9    1  215  197  195
   17  242   21    2   88    0    0    0
   17  334   28   10   24  235  193  163
   17  104    9    8   94  192  192  192
   17  135   12    3   69  150  180  175
   17  339   29    3   45  204  203  170
   17  178   15   10   35  238  194  129
   17   60    5   12   20  192  170  156
   17  222   19    6   84  212  197  201
   17  311   26   11   29  215  199  176
   17  317   27    5   92  128  128  128
   17    5    1    5   55  160  179  157
   17   57    5    9   16  156  112  100
   17  347   29   11   45  204  203  170
   17  191   16   11   80   67   74   88
   17  292   25    4   29  215  199  176
   17  244   21    4   91   96   96   96
   17  133   12    1   89   32   32   32
   17  225   19    9   90   64   64   64
   17  149   13    5   40  216  201  145
   17  125   11    5   42  111   96   52
   17  137   12    5   88    0    0    0
   17  264   22   12   36  183  140   82
   17   74    7    2   28  165  110   72
   17   54    5    6   45  204  203  170
   17  124   11    4   62   61   78   69
   17  181   16    1   95  224  224  224
   17  272   23    8   11  217  197  191
   17  256   22    4   12  166  143  136
   17  344   29    8   40  216  201  145
   17  120   10   12   28  165  110   72
   17  319   27    7   95  224  224  224
   17   68    6    8   83   59   49   63
   17    4    1    4   21  139  118  106
   17   19    2    7   79  116  122  135
   17  119   10   11   94  192  192  192
   17   18    2    6   91   96   96   96
   17  111   10    3   80   67   74   88
   17  151   13    7   42  111   96   52
   17   98    9    2   11  217  197  191
   17  254   22    2   21  139  118  106
   17  250   21   10   89   32   32   32
   17  217   19    1   74  183  205  210
   17  138   12    6   92  128  128  128
   17  281   24    5   35  238  194  129
   17  117   10    9   28  165  110   72
   17  229   20    1   58  122  157  119
   17   43    4    7   17  105   63   55
   17  232   20    4   93  160  160  160
   17   71    6   11   88    0    0    0
   17  228   19   12   38  130  122   98
   17  186   16    6   94  192  192  192
   17  127   11    7   90   64   64   64
   17  328   28    4   74  183  205  210
   17  209   18    5   29  215  199  176
   17  247   21    7   23   66   49   42
   17  261   22    9   89   32   32   32
   17  235   20    7   77   50  132  154
   17  141   12    9   89   32   32   32
   17  118   10   10   46  151  149  122
   17  150   13    6   93  160  160  160
   17  266   23    2   29  215  199  176
   17   15    2    3   70  102  127  124
   17  354   30    6   26  127   89   66
   17  166   14   10   75  130  151  157
   17  341   29    5   19  143   81   65
   17  139   12    7   90   64   64   64
   17  198   17    6   67  127  154  145
   17  342   29    6   21  139  118  106
   17  249   21    9   88    0    0    0
   17   69    6    9   88    0    0    0
   17   33    3    9   45  204  203  170
   17   11    1   11   94  192  192  192
   17  177   15    9   95  224  224  224
   17  161   14    5   90   64   64   64
   17  327   28    3   20  192  170  156
   17  240   20   12   92  128  128  128
   17  252   21   12   92  128  128  128
   17  300   25   12   29  215  199  176
   17  275   23   11   87   66   48   57
   17  220   19    4   33  200  169  128
   17  299   25   11   94  192  192  192
   17   77    7    5   29  215  199  176
   17  196   17    4   72   66  163  154
   17   42    4    6   52  118  125  103
   17  200   17    8   52  118  125  103
   17  105    9    9    1  215  197  195
   17  312   26   12   45  204  203  170
   17   14    2    2   92  128  128  128
   17  115   10    7   21  139  118  106
   17    7    1    7   92  128  128  128
   17  123   11    3   88    0    0    0
   17   94    8   10   56  110  127  109
   17  155   13   11   78  167  174  186
   17  180   15   12   95  224  224  224
   17  224   19    8   94  192  192  192
   17   21    2    9   92  128  128  128
   17  169   15    1   29  215  199  176
   17  255   22    3   29  215  199  176
   17  348   29   12   35  238  194  129
   17  355   30    7   34  147  117   81
   17  108    9   12   96  240  240  240
   17  338   29    2   43  195  173   95
   17  189   16    9   41  162  147   98
   17  132   11   12   56  110  127  109
   17  173   15    5   95  224  224  224
   17  207   18    3   63  134  185  158
   17  211   18    7   41  162  147   98
   17  303   26    3   29  215  199  176
   17  146   13    2   11  217  197  191
   17   87    8    3   87   66   48   57
   17  306   26    6   37  182  174  146
   17  162   14    6    7  106   62   62
   17  331   28    7   34  147  117   81
   17  243   21    3   89   32   32   32
   17   80    7    8   34  147  117   81
   17  216   18   12   35  238  194  129
   17  167   14   11   87   66   48   57
   17  205   18    1   29  215  199  176
   17  112   10    4    8  197  130  127
   17  157   14    1   89   32   32   32
   17  188   16    8   56  110  127  109
   17  325   28    1   13  116   92   87
   17   83    7   11   28  165  110   72
   17  336   28   12   96  240  240  240
   17  241   21    1   83   59   49   63
   17  316   27    4   96  240  240  240
   17  202   17   10   30  162  145  125
   17   13    2    1   86  112   92   99
   17   63    6    3   88    0    0    0
   17  171   15    3   96  240  240  240
   17  350   30    2   21  139  118  106
   17  259   22    7   19  143   81   65
   17  231   20    3   94  192  192  192
   17  271   23    7   28  165  110   72
   17   46    4   10   89   32   32   32
   17  257   22    5   85  161  143  149
   17  343   29    7   28  165  110   72
   17   86    8    2   54  166  180  127
   17  351   30    3   28  165  110   72
   17    2    1    2   93  160  160  160
   17   73    7    1   34  147  117   81
   17  106    9   10   95  224  224  224
   17  230   20    2   95  224  224  224
   17    1    1    1   89   32   32   32
   17   81    7    9   50  155  151   70
   17  236   20    8   27  100   66   47
   17  184   16    4   80   67   74   88
   17  301   26    1   40  216  201  145
   17   24    2   12   79  116  122  135
   17  206   18    2   34  147  117   81
