    3   84    7   12   92  128  128  128
    3   98    9    2   11  217  197  191
    3  223   19    7   44  142  120   48
    3   21    2    9   92  128  128  128
    3  265   23    1   34  147  117   81
    3  304   26    4   89   32   32   32
    3  241   21    1   89   32   32   32
    3   40    4    4   90   64   64   64
    3  267   23    3   35  238  194  129
    3  322   27   10   96  240  240  240
    3   41    4    5   89   32   32   32
    3  299   25   11   93  160  160  160
    3   59    5   11   96  240  240  240
    3  135   12    3   89   32   32   32
    3  276   23   12   90   64   64   64
    3   37    4    1   90   64   64   64
    3  216   18   12   24  235  193  163
    3   38    4    2   90   64   64   64
    3  174   15    6   96  240  240  240
    3  236   20    8   19  143   81   65
    3   77    7    5   88    0    0    0
    3  325   28    1   89   32   32   32
    3  327   28    3   94  192  192  192
    3   74    7    2   18  197  132  112
    3  190   16   10   90   64   64   64
    3  353   30    5   32   63   51   38
    3  274   23   10   93  160  160  160
    3   78    7    6   10   88   35   44
    3  160   14    4   91   96   96   96
    3  164   14    8   90   64   64   64
    3   57    5    9   10   88   35   44
    3  320   27    8   96  240  240  240
    3  156   13   12   89   32   32   32
    3  144   12   12   88    0    0    0
    3  166   14   10   91   96   96   96
    3  295   25    7   91   96   96   96
    3  215   18   11   19  143   81   65
    3  346   29   10   33  200  169  128
    3   33    3    9   95  224  224  224
    3  263   22   11   10   88   35   44
    3   88    8    4    8  197  130  127
    3  240   20   12   91   96   96   96
    3  249   21    9   88    0    0    0
    3   89    8    5   37  182  174  146
    3  233   20    5   18  197  132  112
    3   71    6   11   88    0    0    0
    3  230   20    2   93  160  160  160
    3  205   18    1   93  160  160  160
    3  255   22    3   49  127  125   74
    3  298   25   10   92  128  128  128
    3   31    3    7   95  224  224  224
    3  188   16    8   93  160  160  160
    3  266   23    2   96  240  240  240
    3  189   16    9   93  160  160  160
    3  171   15    3   96  240  240  240
    3  110   10    2   15  210  164  149
    3  319   27    7   96  240  240  240
    3   79    7    7   88    0    0    0
    3  237   20    9   92  128  128  128
    3  336   28   12   96  240  240  240
    3  195   17    3   29  215  199  176
    3  107    9   11   29  215  199  176
    3  310   26   10   78  167  174  186
    3   22    2   10   44  142  120   48
    3  247   21    7   39   81   73   55
    3  186   16    6   95  224  224  224
    3   76    7    4   95  224  224  224
    3   10    1   10   92  128  128  128
    3   20    2    8   89   32   32   32
    3  149   13    5   43  195  173   95
    3   94    8   10   48  180  177  120
    3  280   24    4   28  165  110   72
    3  339   29    3   29  215  199  176
    3   70    6   10   88    0    0    0
    3  100    9    4   30  162  145  125
    3  288   24   12   12  166  143  136
    3  120   10   12   18  197  132  112
    3  332   28    8   96  240  240  240
    3  114   10    6   82  104   94  109
    3  176   15    8    8  197  130  127
    3   13    2    1   90   64   64   64
    3  159   14    3   89   32   32   32
    3   86    8    2   43  195  173   95
    3  138   12    6   88    0    0    0
    3  268   23    4   93  160  160  160
    3  210   18    6   29  215  199  176
    3   17    2    5   89   32   32   32
    3   32    3    8   95  224  224  224
    3  126   11    6   89   32   32   32
    3  141   12    9   88    0    0    0
    3  283   24    7   43  195  173   95
    3  102    9    6   33  200  169  128
    3  289   25    1   40  216  201  145
    3  198   17    6   78  167  174  186
    3  119   10   11   12  166  143  136
    3  152   13    8   92  128  128  128
    3  151   13    7   90   64   64   64
    3  146   13    2   18  197  132  112
    3  227   19   11   10   88   35   44
    3  290   25    2   19  143   81   65
    3  178   15   10   96  240  240  240
    3   12    1   12   33  200  169  128
    3  354   30    6   28  165  110   72
    3  109   10    1   94  192  192  192
    3  123   11    3   89   32   32   32
    3  225   19    9   89   32   32   32
    3   14    2    2   90   64   64   64
    3  326   28    2   89   32   32   32
    3  217   19    1   90   64   64   64
    3   30    3    6   94  192  192  192
    3   63    6    3   88    0    0    0
    3  355   30    7   92  128  128  128
    3  140   12    8   88    0    0    0
    3   16    2    4   88    0    0    0
    3  158   14    2   90   64   64   64
    3  278   24    2   95  224  224  224
    3   68    6    8   88    0    0    0
    3   81    7    9   48  180  177  120
    3  124   11    4   88    0    0    0
    3  165   14    9   89   32   32   32
    3  161   14    5   88    0    0    0
    3  335   28   11    8  197  130  127
    3  103    9    7   94  192  192  192
    3  302   26    2   29  215  199  176
    3  116   10    8   35  238  194  129
    3   11    1   11   94  192  192  192
    3  175   15    7   94  192  192  192
    3  219   19    3   39   81   73   55
    3  128   11    8   89   32   32   32
    3  122   11    2   89   32   32   32
    3   50    5    2   95  224  224  224
    3  147   13    3   15  210  164  149
    3  136   12    4   88    0    0    0
    3  341   29    5   19  143   81   65
    3   24    2   12   91   96   96   96
    3  218   19    2   92  128  128  128
    3  292   25    4   33  200  169  128
    3  360   30   12   33  200  169  128
    3  251   21   11   88    0    0    0
    3  297   25    9   48  180  177  120
    3  125   11    5   32   63   51   38
    3  330   28    6   89   32   32   32
    3  301   26    1   33  200  169  128
    3  182   16    2   91   96   96   96
    3  130   11   10   89   32   32   32
    3  285   24    9   28  165  110   72
    3  191   16   11   90   64   64   64
    3  248   21    8   89   32   32   32
    3   44    4    8   89   32   32   32
    3  211   18    7   92  128  128  128
    3  173   15    5   95  224  224  224
    3  194   17    2   94  192  192  192
    3   56    5    8   95  224  224  224
    3   67    6    7   89   32   32   32
    3   80    7    8   89   32   32   32
    3  356   30    8   90   64   64   64
    3  192   16   12   90   64   64   64
    3  269   23    5   96  240  240  240
    3   27    3    3   92  128  128  128
    3  239   20   11   94  192  192  192
    3   92    8    8   50  155  151   70
    3    7    1    7   95  224  224  224
    3  181   16    1   94  192  192  192
    3  132   11   12   63  134  185  158
    3  142   12   10   88    0    0    0
    3  303   26    3   96  240  240  240
    3  262   22   10   18  197  132  112
    3  209   18    5   94  192  192  192
    3   58    5   10   18  197  132  112
    3   34    3   10   95  224  224  224
    3  279   24    3   34  147  117   81
    3  351   30    3    9  143   79   78
    3  112   10    4   15  210  164  149
    3  342   29    6   25  179  140  114
    3  293   25    5   33  200  169  128
    3  134   12    2   88    0    0    0
    3  256   22    4   92  128  128  128
    3  111   10    3   89   32   32   32
    3   45    4    9   88    0    0    0
    3  150   13    6   90   64   64   64
    3  317   27    5   90   64   64   64
    3  202   17   10   91   96   96   96
    3  105    9    9   94  192  192  192
    3  220   19    4    7  106   62   62
    3  261   22    9   89   32   32   32
    3  226   19   10   90   64   64   64
    3  257   22    5   13  116   92   87
    3  250   21   10   88    0    0    0
    3   73    7    1   12  166  143  136
    3  180   15   12   95  224  224  224
    3   53    5    5   18  197  132  112
    3  206   18    2   15  210  164  149
    3  200   17    8   57   65   77   65
    3  117   10    9   18  197  132  112
    3    9    1    9   91   96   96   96
    3   15    2    3   91   96   96   96
    3  131   11   11   89   32   32   32
    3  313   27    1   95  224  224  224
    3  208   18    4   94  192  192  192
    3  254   22    2   92  128  128  128
    3   83    7   11   88    0    0    0
    3  329   28    5   15  210  164  149
    3   18    2    6   88    0    0    0
    3  118   10   10   90   64   64   64
    3  272   23    8   34  147  117   81
    3  245   21    5   88    0    0    0
    3    3    1    3   91   96   96   96
    3  121   11    1   88    0    0    0
    3  232   20    4   92  128  128  128
    3  296   25    8   48  180  177  120
    3  306   26    6   93  160  160  160
    3   72    6   12   88    0    0    0
    3   93    8    9   91   96   96   96
    3    4    1    4   92  128  128  128
    3   29    3    5   95  224  224  224
    3  291   25    3   91   96   96   96
    3    5    1    5   92  128  128  128
    3   62    6    2   88    0    0    0
    3   54    5    6   93  160  160  160
    3  154   13   10   15  210  164  149
    3  258   22    6   33  200  169  128
    3  316   27    4   96  240  240  240
    3   87    8    3   92  128  128  128
    3    1    1    1   89   32   32   32
    3    8    1    8   91   96   96   96
    3  169   15    1   95  224  224  224
    3  345   29    9   19  143   81   65
    3  350   30    2   89   32   32   32
    3  347   29   11   45  204  203  170
    3   82    7   10   50  155  151   70
    3  264   22   12   28  165  110   72
    3  315   27    3   96  240  240  240
    3  137   12    5   88    0    0    0
    3  284   24    8   43  195  173   95
    3   46    4   10   88    0    0    0
    3  235   20    7   77   50  132  154
    3    2    1    2   94  192  192  192
    3  340   29    4   29  215  199  176
    3  324   27   12   94  192  192  192
    3   19    2    7   93  160  160  160
    3   39    4    3   89   32   32   32
    3   85    8    1   89   32   32   32
    3   61    6    1   88    0    0    0
    3  287   24   11   28  165  110   72
    3  252   21   12   89   32   32   32
    3   69    6    9   88    0    0    0
    3  133   12    1   88    0    0    0
    3  309   26    9   91   96   96   96
    3  312   26   12   93  160  160  160
    3  321   27    9   94  192  192  192
    3  244   21    4   89   32   32   32
    3   48    4   12   90   64   64   64
    3   25    3    1   90   64   64   64
    3   95    8   11   91   96   96   96
    3  113   10    5   28  165  110   72
    3   99    9    3   29  215  199  176
    3  157   14    1   88    0    0    0
    3   23    2   11   90   64   64   64
    3  108    9   12   95  224  224  224
    3  162   14    6   88    0    0    0
    3  168   14   12   88    0    0    0
    3  281   24    5   28  165  110   72
    3  172   15    4   96  240  240  240
    3  177   15    9   96  240  240  240
    3  308   26    8   95  224  224  224
    3   96    8   12   45  204  203  170
    3  196   17    4   90   64   64   64
    3  212   18    8   92  128  128  128
    3  333   28    9   11  217  197  191
    3  221   19    5   90   64   64   64
    3  337   29    1   39   81   73   55
    3  238   20   10   90   64   64   64
    3  231   20    3   91   96   96   96
    3  286   24   10   43  195  173   95
    3  311   26   11   29  215  199  176
    3  338   29    2   43  195  173   95
    3  148   13    4   91   96   96   96
    3   75    7    3   53   70   76   59
    3  214   18   10   18  197  132  112
    3   42    4    6   90   64   64   64
    3   91    8    7   91   96   96   96
    3   47    4   11   90   64   64   64
    3  277   24    1   19  143   81   65
    3  106    9   10   96  240  240  240
    3  343   29    7   18  197  132  112
    3   52    5    4   95  224  224  224
    3   90    8    6   48  180  177  120
    3  270   23    6   35  238  194  129
    3  167   14   11   89   32   32   32
    3  127   11    7   89   32   32   32
    3   28    3    4   91   96   96   96
    3  348   29   12   35  238  194  129
    3  201   17    9   89   32   32   32
    3   97    9    1   96  240  240  240
    3  243   21    3   88    0    0    0
    3  155   13   11   91   96   96   96
    3  129   11    9   90   64   64   64
    3  334   28   10   24  235  193  163
    3  229   20    1   54  166  180  127
    3   43    4    7   15  210  164  149
    3   51    5    3   18  197  132  112
    3  204   17   12   78  167  174  186
    3  143   12   11   88    0    0    0
    3  115   10    7   14   68   48   46
    3  242   21    2   88    0    0    0
    3   36    3   12   92  128  128  128
    3  246   21    6   89   32   32   32
    3   65    6    5   88    0    0    0
    3  183   16    3   91   96   96   96
    3  314   27    2   96  240  240  240
    3  349   30    1   90   64   64   64
    3  193   17    1   89   32   32   32
    3  228   19   12   89   32   32   32
    3  104    9    8   94  192  192  192
    3  259   22    7   19  143   81   65
    3  282   24    6   16  156  112  100
    3  101    9    5   48  180  177  120
    3  344   29    8   40  216  201  145
    3  305   26    5   94  192  192  192
    3  145   13    1   91   96   96   96
    3  207   18    3   68   80  102   95
    3  358   30   10   90   64   64   64
    3  271   23    7   35  238  194  129
    3   35    3   11   93  160  160  160
    3  139   12    7   88    0    0    0
    3    6    1    6   91   96   96   96
    3  185   16    5   91   96   96   96
    3  163   14    7   89   32   32   32
    3  153   13    9   91   96   96   96
    3  352   30    4   91   96   96   96
    3  294   25    6   92  128  128  128
    3  184   16    4   92  128  128  128
    3  179   15   11   15  210  164  149
    3  203   17   11   91   96   96   96
    3  300   25   12   92  128  128  128
    3  224   19    8   91   96   96   96
    3   60    5   12   15  210  164  149
    3   66    6    6   19  143   81   65
    3  199   17    7   89   32   32   32
    3  275   23   11   88    0    0    0
    3  328   28    4   77   50  132  154
    3   64    6    4   88    0    0    0
    3  234   20    6   88    0    0    0
    3  357   30    9   89   32   32   32
    3  307   26    7   92  128  128  128
    3   26    3    2   90   64   64   64
    3  197   17    5   92  128  128  128
    3  260   22    8   19  143   81   65
    3  187   16    7   91   96   96   96
    3   49    5    1   19  143   81   65
    3   55    5    7   94  192  192  192
    3  253   22    1   43  195  173   95
    3  318   27    6   96  240  240  240
    3  170   15    2   96  240  240  240
    3  331   28    7   96  240  240  240
    3  213   18    9   95  224  224  224
    3  222   19    6   93  160  160  160
    3  323   27   11   94  192  192  192
    3  359   30   11   28  165  110   72
    3  273   23    9   95  224  224  224
