    7  172   15    4   84  212  197  201
    7   89    8    5   63  134  185  158
    7  223   19    7   49  127  125   74
    7  126   11    6   32   63   51   38
    7  274   23   10   28  165  110   72
    7   42    4    6   91   96   96   96
    7  156   13   12   27  100   66   47
    7  138   12    6   91   96   96   96
    7    1    1    1   88    0    0    0
    7  291   25    3   26  127   89   66
    7  281   24    5   35  238  194  129
    7  251   21   11   88    0    0    0
    7   49    5    1   19  143   81   65
    7  319   27    7   96  240  240  240
    7   94    8   10   93  160  160  160
    7  148   13    4   15  210  164  149
    7  225   19    9   89   32   32   32
    7   83    7   11   95  224  224  224
    7   31    3    7   95  224  224  224
    7  216   18   12   33  200  169  128
    7   85    8    1   91   96   96   96
    7  282   24    6   18  197  132  112
    7  347   29   11   45  204  203  170
    7   12    1   12   33  200  169  128
    7  230   20    2   95  224  224  224
    7   15    2    3   92  128  128  128
    7  153   13    9   93  160  160  160
    7  312   26   12   95  224  224  224
    7  113   10    5   20  192  170  156
    7  112   10    4   15  210  164  149
    7  244   21    4   90   64   64   64
    7  297   25    9   46  151  149  122
    7  214   18   10   30  162  145  125
    7  317   27    5   90   64   64   64
    7  314   27    2   96  240  240  240
    7   27    3    3   94  192  192  192
    7  134   12    2   89   32   32   32
    7  262   22   10   91   96   96   96
    7   22    2   10   89   32   32   32
    7  173   15    5   96  240  240  240
    7  326   28    2   91   96   96   96
    7   95    8   11   56  110  127  109
    7    4    1    4   15  210  164  149
    7  120   10   12   28  165  110   72
    7  210   18    6   30  162  145  125
    7  303   26    3   96  240  240  240
    7   78    7    6   96  240  240  240
    7  279   24    3   92  128  128  128
    7  283   24    7   43  195  173   95
    7  178   15   10    1  215  197  195
    7  341   29    5   28  165  110   72
    7  205   18    1   94  192  192  192
    7  318   27    6   96  240  240  240
    7  351   30    3   18  197  132  112
    7  294   25    6   96  240  240  240
    7  155   13   11   93  160  160  160
    7   55    5    7   94  192  192  192
    7  202   17   10   92  128  128  128
    7   93    8    9   91   96   96   96
    7   60    5   12   15  210  164  149
    7   76    7    4   94  192  192  192
    7  246   21    6   90   64   64   64
    7   17    2    5   91   96   96   96
    7  201   17    9   48  180  177  120
    7   70    6   10   88    0    0    0
    7  287   24   11   18  197  132  112
    7  323   27   11   96  240  240  240
    7  124   11    4   90   64   64   64
    7  268   23    4   94  192  192  192
    7  264   22   12   28  165  110   72
    7    9    1    9   94  192  192  192
    7  260   22    8   28  165  110   72
    7  278   24    2   95  224  224  224
    7  233   20    5   19  143   81   65
    7   51    5    3   24  235  193  163
    7  345   29    9   28  165  110   72
    7  357   30    9   17  105   63   55
    7  166   14   10   91   96   96   96
    7   84    7   12   95  224  224  224
    7  316   27    4   96  240  240  240
    7    7    1    7   90   64   64   64
    7  315   27    3   96  240  240  240
    7  118   10   10   49  127  125   74
    7  129   11    9   88    0    0    0
    7  271   23    7   35  238  194  129
    7  353   30    5   91   96   96   96
    7  306   26    6   96  240  240  240
    7   11    1   11   94  192  192  192
    7   38    4    2   89   32   32   32
    7  175   15    7   92  128  128  128
    7  107    9   11   96  240  240  240
    7  213   18    9   95  224  224  224
    7  146   13    2   18  197  132  112
    7   88    8    4   93  160  160  160
    7   66    6    6   88    0    0    0
    7  229   20    1   65   62  136  104
    7  198   17    6   75  130  151  157
    7  100    9    4   96  240  240  240
    7  336   28   12   96  240  240  240
    7  149   13    5   58  122  157  119
    7  158   14    2   91   96   96   96
    7  257   22    5   94  192  192  192
    7  354   30    6   18  197  132  112
    7   48    4   12   91   96   96   96
    7  360   30   12   34  147  117   81
    7  177   15    9   96  240  240  240
    7  308   26    8   95  224  224  224
    7   52    5    4   95  224  224  224
    7   61    6    1   89   32   32   32
    7  188   16    8   94  192  192  192
    7  136   12    4   88    0    0    0
    7   10    1   10   94  192  192  192
    7  183   16    3   74  183  205  210
    7  227   19   11   85  161  143  149
    7  295   25    7   67  127  154  145
    7   74    7    2   91   96   96   96
    7  105    9    9   95  224  224  224
    7  101    9    5   48  180  177  120
    7   37    4    1   91   96   96   96
    7  252   21   12   90   64   64   64
    7    2    1    2   94  192  192  192
    7  108    9   12   96  240  240  240
    7  231   20    3   60  154  180  165
    7  290   25    2   19  143   81   65
    7   45    4    9   90   64   64   64
    7  154   13   10   22   90   70   60
    7  144   12   12   88    0    0    0
    7   65    6    5   88    0    0    0
    7   99    9    3   24  235  193  163
    7  133   12    1   88    0    0    0
    7   58    5   10   28  165  110   72
    7  200   17    8   89   32   32   32
    7   13    2    1   90   64   64   64
    7  329   28    5   18  197  132  112
    7   72    6   12   88    0    0    0
    7  242   21    2   88    0    0    0
    7   90    8    6   50  155  151   70
    7  215   18   11   16  156  112  100
    7   96    8   12   51  170  177  149
    7   53    5    5   28  165  110   72
    7  352   30    4   89   32   32   32
    7  179   15   11   15  210  164  149
    7  349   30    1   30  162  145  125
    7  121   11    1   88    0    0    0
    7  249   21    9   88    0    0    0
    7   79    7    7   67  127  154  145
    7  110   10    2   15  210  164  149
    7  150   13    6   94  192  192  192
    7  140   12    8   88    0    0    0
    7  152   13    8   29  215  199  176
    7  226   19   10   92  128  128  128
    7  103    9    7   94  192  192  192
    7   43    4    7   19  143   81   65
    7  258   22    6   28  165  110   72
    7  320   27    8   96  240  240  240
    7  104    9    8   95  224  224  224
    7   62    6    2   88    0    0    0
    7  139   12    7   89   32   32   32
    7   91    8    7   54  166  180  127
    7  241   21    1   89   32   32   32
    7  359   30   11   28  165  110   72
    7  286   24   10   92  128  128  128
    7   40    4    4   92  128  128  128
    7   75    7    3   59   74  105   73
    7  250   21   10   89   32   32   32
    7  164   14    8   91   96   96   96
    7  187   16    7   77   50  132  154
    7  204   17   12   94  192  192  192
    7   54    5    6   90   64   64   64
    7  186   16    6   75  130  151  157
    7  335   28   11   15  210  164  149
    7   30    3    6   94  192  192  192
    7   32    3    8   95  224  224  224
    7  197   17    5   63  134  185  158
    7   20    2    8   88    0    0    0
    7  115   10    7   89   32   32   32
    7   77    7    5   89   32   32   32
    7  355   30    7   47  100   99   76
    7  285   24    9   28  165  110   72
    7  111   10    3   77   50  132  154
    7   97    9    1   96  240  240  240
    7  165   14    9   34  147  117   81
    7  163   14    7   89   32   32   32
    7  247   21    7   89   32   32   32
    7  321   27    9   94  192  192  192
    7  203   17   11   43  195  173   95
    7  119   10   11   95  224  224  224
    7  305   26    5   94  192  192  192
    7  240   20   12   92  128  128  128
    7  254   22    2   92  128  128  128
    7   67    6    7   89   32   32   32
    7  141   12    9   88    0    0    0
    7  348   29   12   35  238  194  129
    7   18    2    6   90   64   64   64
    7  310   26   10   75  130  151  157
    7  301   26    1   35  238  194  129
    7    8    1    8   85  161  143  149
    7  263   22   11    9  143   79   78
    7  239   20   11   93  160  160  160
    7   19    2    7   85  161  143  149
    7  269   23    5   95  224  224  224
    7  191   16   11   80   67   74   88
    7  288   24   12   31  111   95   77
    7  199   17    7   49  127  125   74
    7   35    3   11   91   96   96   96
    7   80    7    8   92  128  128  128
    7  116   10    8   18  197  132  112
    7  235   20    7   77   50  132  154
    7   50    5    2   90   64   64   64
    7   39    4    3   90   64   64   64
    7  356   30    8   26  127   89   66
    7  209   18    5   75  130  151  157
    7   73    7    1   34  147  117   81
    7  169   15    1   95  224  224  224
    7   98    9    2   45  204  203  170
    7  185   16    5   66  177  208  196
    7  276   23   12   75  130  151  157
    7  298   25   10   46  151  149  122
    7  206   18    2   46  151  149  122
    7  330   28    6   90   64   64   64
    7  194   17    2   92  128  128  128
    7  342   29    6   34  147  117   81
    7  219   19    3   46  151  149  122
    7  277   24    1   10   88   35   44
    7  243   21    3   88    0    0    0
    7  228   19   12   90   64   64   64
    7  275   23   11   86  112   92   99
    7   59    5   11   15  210  164  149
    7  265   23    1   22   90   70   60
    7  127   11    7   90   64   64   64
    7  337   29    1   26  127   89   66
    7   56    5    8   94  192  192  192
    7  147   13    3   15  210  164  149
    7  160   14    4   25  179  140  114
    7  293   25    5   30  162  145  125
    7  236   20    8   27  100   66   47
    7   26    3    2   89   32   32   32
    7  224   19    8   93  160  160  160
    7  135   12    3   94  192  192  192
    7  256   22    4   16  156  112  100
    7  234   20    6   91   96   96   96
    7  237   20    9   78  167  174  186
    7  344   29    8   33  200  169  128
    7  255   22    3   94  192  192  192
    7  350   30    2   89   32   32   32
    7  238   20   10   93  160  160  160
    7  212   18    8   94  192  192  192
    7  161   14    5   88    0    0    0
    7  217   19    1   93  160  160  160
    7  248   21    8   89   32   32   32
    7   21    2    9   79  116  122  135
    7   81    7    9   58  122  157  119
    7  145   13    1   93  160  160  160
    7   41    4    5   91   96   96   96
    7  218   19    2   94  192  192  192
    7  167   14   11   70  102  127  124
    7  196   17    4   91   96   96   96
    7  289   25    1   94  192  192  192
    7  300   25   12   93  160  160  160
    7  180   15   12   94  192  192  192
    7  174   15    6   95  224  224  224
    7  292   25    4   24  235  193  163
    7  137   12    5   88    0    0    0
    7  157   14    1   88    0    0    0
    7  207   18    3   66  177  208  196
    7  340   29    4   29  215  199  176
    7  102    9    6   40  216  201  145
    7   33    3    9   37  182  174  146
    7   23    2   11   74  183  205  210
    7  324   27   12   94  192  192  192
    7  266   23    2   29  215  199  176
    7  128   11    8   88    0    0    0
    7  273   23    9   95  224  224  224
    7   86    8    2   93  160  160  160
    7  122   11    2   89   32   32   32
    7   29    3    5   95  224  224  224
    7  189   16    9   48  180  177  120
    7  181   16    1   93  160  160  160
    7  192   16   12   93  160  160  160
    7  123   11    3   90   64   64   64
    7  125   11    5   90   64   64   64
    7  117   10    9   25  179  140  114
    7  358   30   10   90   64   64   64
    7   87    8    3   90   64   64   64
    7  130   11   10   91   96   96   96
    7  159   14    3   89   32   32   32
    7  168   14   12   90   64   64   64
    7   69    6    9   88    0    0    0
    7  334   28   10   15  210  164  149
    7  299   25   11   95  224  224  224
    7   44    4    8   95  224  224  224
    7  131   11   11   90   64   64   64
    7  208   18    4   94  192  192  192
    7  327   28    3   11  217  197  191
    7  106    9   10   95  224  224  224
    7   28    3    4   92  128  128  128
    7  270   23    6   35  238  194  129
    7   68    6    8   89   32   32   32
    7  272   23    8   15  210  164  149
    7  151   13    7   38  130  122   98
    7  193   17    1   95  224  224  224
    7   16    2    4   89   32   32   32
    7  309   26    9   34  147  117   81
    7  221   19    5   91   96   96   96
    7  162   14    6   17  105   63   55
    7  332   28    8   96  240  240  240
    7  296   25    8   95  224  224  224
    7   63    6    3   88    0    0    0
    7  132   11   12   89   32   32   32
    7  171   15    3   96  240  240  240
    7   64    6    4   88    0    0    0
    7  333   28    9   11  217  197  191
    7  311   26   11   95  224  224  224
    7  343   29    7   28  165  110   72
    7    5    1    5   94  192  192  192
    7   25    3    1   92  128  128  128
    7   82    7   10   94  192  192  192
    7  328   28    4   11  217  197  191
    7   47    4   11   92  128  128  128
    7   14    2    2   93  160  160  160
    7  170   15    2   96  240  240  240
    7  195   17    3   34  147  117   81
    7  322   27   10   96  240  240  240
    7   34    3   10   93  160  160  160
    7  211   18    7   33  200  169  128
    7  302   26    2   95  224  224  224
    7    6    1    6   93  160  160  160
    7  222   19    6   94  192  192  192
    7  307   26    7   93  160  160  160
    7  232   20    4   95  224  224  224
    7  325   28    1   91   96   96   96
    7  267   23    3   24  235  193  163
    7  304   26    4   90   64   64   64
    7   36    3   12   29  215  199  176
    7  109   10    1   95  224  224  224
    7  182   16    2   93  160  160  160
    7  259   22    7    9  143   79   78
    7  261   22    9   90   64   64   64
    7  143   12   11   89   32   32   32
    7  313   27    1   29  215  199  176
    7  176   15    8   28  165  110   72
    7   24    2   12   94  192  192  192
    7   92    8    8   93  160  160  160
    7  331   28    7   96  240  240  240
    7  280   24    4    9  143   79   78
    7  338   29    2   40  216  201  145
    7  253   22    1   27  100   66   47
    7    3    1    3   75  130  151  157
    7   71    6   11   88    0    0    0
    7  339   29    3   93  160  160  160
    7   46    4   10   89   32   32   32
    7  220   19    4   25  179  140  114
    7  114   10    6   85  161  143  149
    7  190   16   10   93  160  160  160
    7   57    5    9    9  143   79   78
    7  184   16    4   75  130  151  157
    7  284   24    8   35  238  194  129
    7  346   29   10   25  179  140  114
    7  142   12   10   89   32   32   32
    7  245   21    5   89   32   32   32
