    5   46    4   10   14   68   48   46
    5  332   28    8   35  238  194  129
    5  150   13    6    5  208  163  160
    5   11    1   11   94  192  192  192
    5  213   18    9    9  143   79   78
    5  339   29    3   28  165  110   72
    5   32    3    8   74  183  205  210
    5  185   16    5   35  238  194  129
    5  172   15    4   55  160  179  157
    5  312   26   12   35  238  194  129
    5   14    2    2   91   96   96   96
    5  319   27    7   95  224  224  224
    5   73    7    1   66  177  208  196
    5   67    6    7   28  165  110   72
    5   99    9    3   29  215  199  176
    5  350   30    2   40  216  201  145
    5   22    2   10   28  165  110   72
    5   81    7    9   64   86  163  127
    5  357   30    9   28  165  110   72
    5   36    3   12   29  215  199  176
    5  348   29   12   35  238  194  129
    5   64    6    4   88    0    0    0
    5  235   20    7   77   50  132  154
    5  124   11    4   36  183  140   82
    5   35    3   11   19  143   81   65
    5   28    3    4   66  177  208  196
    5  299   25   11   29  215  199  176
    5   53    5    5   18  197  132  112
    5   96    8   12   54  166  180  127
    5  174   15    6   74  183  205  210
    5  288   24   12   15  210  164  149
    5   89    8    5    9  143   79   78
    5   37    4    1   35  238  194  129
    5  147   13    3   15  210  164  149
    5  342   29    6   18  197  132  112
    5  133   12    1   88    0    0    0
    5  129   11    9   48  180  177  120
    5  192   16   12    5  208  163  160
    5  246   21    6    2  164  143  141
    5  170   15    2   11  217  197  191
    5  242   21    2   71   57   78   77
    5  234   20    6    3  115   92   91
    5  323   27   11    5  208  163  160
    5  356   30    8    7  106   62   62
    5  355   30    7   34  147  117   81
    5  228   19   12   35  238  194  129
    5  262   22   10   18  197  132  112
    5  309   26    9   36  183  140   82
    5   24    2   12   92  128  128  128
    5  165   14    9   18  197  132  112
    5  171   15    3   48  180  177  120
    5  351   30    3   25  179  140  114
    5  112   10    4   15  210  164  149
    5  167   14   11   31  111   95   77
    5   38    4    2   18  197  132  112
    5  220   19    4   28  165  110   72
    5  163   14    7   54  166  180  127
    5  219   19    3   36  183  140   82
    5  346   29   10   48  180  177  120
    5  222   19    6   23   66   49   42
    5  353   30    5   20  192  170  156
    5   86    8    2   50  155  151   70
    5  294   25    6   74  183  205  210
    5  108    9   12   11  217  197  191
    5   76    7    4   50  155  151   70
    5  297   25    9   48  180  177  120
    5   88    8    4    8  197  130  127
    5  198   17    6   44  142  120   48
    5   27    3    3   35  238  194  129
    5  218   19    2   19  143   81   65
    5   39    4    3   18  197  132  112
    5  209   18    5   81  152  145  158
    5   95    8   11   54  166  180  127
    5  276   23   12   71   57   78   77
    5  164   14    8   80   67   74   88
    5  148   13    4   18  197  132  112
    5  106    9   10   50  155  151   70
    5  115   10    7   16  156  112  100
    5  152   13    8   48  180  177  120
    5  208   18    4   36  183  140   82
    5  328   28    4   77   50  132  154
    5  273   23    9   79  116  122  135
    5  320   27    8   88    0    0    0
    5   56    5    8   35  238  194  129
    5  290   25    2   19  143   81   65
    5   68    6    8   81  152  145  158
    5  128   11    8   48  180  177  120
    5   13    2    1   28  165  110   72
    5  179   15   11   18  197  132  112
    5  155   13   11   28  165  110   72
    5   45    4    9   89   32   32   32
    5  359   30   11   28  165  110   72
    5  237   20    9   36  183  140   82
    5  243   21    3   82  104   94  109
    5  204   17   12   81  152  145  158
    5  304   26    4   44  142  120   48
    5  259   22    7   19  143   81   65
    5    2    1    2    1  215  197  195
    5  231   20    3   93  160  160  160
    5   48    4   12   92  128  128  128
    5  193   17    1   90   64   64   64
    5   41    4    5   36  183  140   82
    5  118   10   10   54  166  180  127
    5   84    7   12   94  192  192  192
    5   90    8    6   58  122  157  119
    5   58    5   10   28  165  110   72
    5  316   27    4   19  143   81   65
    5  205   18    1   36  183  140   82
    5  162   14    6   10   88   35   44
    5  212   18    8   80   67   74   88
    5  275   23   11    9  143   79   78
    5  300   25   12   38  130  122   98
    5   19    2    7   81  152  145  158
    5  338   29    2   40  216  201  145
    5  341   29    5   28  165  110   72
    5   70    6   10   44  142  120   48
    5   93    8    9   82  104   94  109
    5  287   24   11   80   67   74   88
    5  214   18   10   15  210  164  149
    5   94    8   10   80   67   74   88
    5   23    2   11   82  104   94  109
    5  255   22    3   39   81   73   55
    5   72    6   12    9  143   79   78
    5  215   18   11   18  197  132  112
    5  248   21    8   82  104   94  109
    5   79    7    7   28  165  110   72
    5   61    6    1   10   88   35   44
    5   75    7    3   57   65   77   65
    5  226   19   10   91   96   96   96
    5  283   24    7    5  208  163  160
    5  244   21    4   36  183  140   82
    5   60    5   12   15  210  164  149
    5   77    7    5   29  215  199  176
    5  303   26    3   29  215  199  176
    5  285   24    9   35  238  194  129
    5   57    5    9   19  143   81   65
    5    1    1    1   45  204  203  170
    5  311   26   11   29  215  199  176
    5  352   30    4   45  204  203  170
    5  132   11   12   64   86  163  127
    5   34    3   10   54  166  180  127
    5  314   27    2   36  183  140   82
    5   59    5   11   24  235  193  163
    5   33    3    9   35  238  194  129
    5  102    9    6   35  238  194  129
    5  211   18    7   43  195  173   95
    5   18    2    6   91   96   96   96
    5  265   23    1   34  147  117   81
    5    3    1    3   75  130  151  157
    5  340   29    4   29  215  199  176
    5  221   19    5   87   66   48   57
    5  253   22    1   36  183  140   82
    5  120   10   12   18  197  132  112
    5  201   17    9   48  180  177  120
    5  360   30   12   15  210  164  149
    5  142   12   10    3  115   92   91
    5  347   29   11   48  180  177  120
    5  110   10    2    8  197  130  127
    5  135   12    3   48  180  177  120
    5   65    6    5   29  215  199  176
    5   87    8    3   43  195  173   95
    5  272   23    8   19  143   81   65
    5    8    1    8   86  112   92   99
    5  116   10    8   18  197  132  112
    5   15    2    3   71   57   78   77
    5  298   25   10   50  155  151   70
    5  104    9    8   81  152  145  158
    5  296   25    8   50  155  151   70
    5  254   22    2   36  183  140   82
    5  267   23    3   36  183  140   82
    5  145   13    1   29  215  199  176
    5  266   23    2   35  238  194  129
    5  301   26    1   35  238  194  129
    5  293   25    5   15  210  164  149
    5  154   13   10    8  197  130  127
    5  137   12    5   86  112   92   99
    5  279   24    3   85  161  143  149
    5   47    4   11   75  130  151  157
    5  195   17    3   33  200  169  128
    5  310   26   10   81  152  145  158
    5   63    6    3   83   59   49   63
    5  190   16   10   35  238  194  129
    5   92    8    8   50  155  151   70
    5  199   17    7   36  183  140   82
    5  225   19    9   82  104   94  109
    5  156   13   12    3  115   92   91
    5  144   12   12   77   50  132  154
    5  224   19    8   17  105   63   55
    5  176   15    8   28  165  110   72
    5   49    5    1   28  165  110   72
    5  194   17    2    9  143   79   78
    5   40    4    4   89   32   32   32
    5   51    5    3   24  235  193  163
    5  281   24    5   15  210  164  149
    5  306   26    6   29  215  199  176
    5  318   27    6   95  224  224  224
    5  189   16    9   33  200  169  128
    5  229   20    1   58  122  157  119
    5  261   22    9   88    0    0    0
    5  305   26    5   93  160  160  160
    5   66    6    6   28  165  110   72
    5  240   20   12   28  165  110   72
    5  160   14    4   29  215  199  176
    5  292   25    4   35  238  194  129
    5  203   17   11   35  238  194  129
    5  322   27   10    5  208  163  160
    5  100    9    4    1  215  197  195
    5  153   13    9    1  215  197  195
    5  197   17    5   35  238  194  129
    5   10    1   10   79  116  122  135
    5  349   30    1   12  166  143  136
    5  337   29    1   28  165  110   72
    5  121   11    1   36  183  140   82
    5   82    7   10   50  155  151   70
    5   31    3    7    5  208  163  160
    5   78    7    6   45  204  203  170
    5  271   23    7   35  238  194  129
    5  136   12    4   36  183  140   82
    5  210   18    6   36  183  140   82
    5   62    6    2    5  208  163  160
    5  238   20   10    5  208  163  160
    5  233   20    5   18  197  132  112
    5  223   19    7   50  155  151   70
    5  336   28   12   27  100   66   47
    5  321   27    9   23   66   49   42
    5   74    7    2   28  165  110   72
    5  158   14    2   81  152  145  158
    5  241   21    1    3  115   92   91
    5  307   26    7   29  215  199  176
    5  308   26    8   12  166  143  136
    5   29    3    5   45  204  203  170
    5  289   25    1   45  204  203  170
    5  284   24    8   40  216  201  145
    5  325   28    1   92  128  128  128
    5  354   30    6   28  165  110   72
    5  256   22    4    6  155  111  109
    5  180   15   12   80   67   74   88
    5   44    4    8   31  111   95   77
    5   21    2    9   38  130  122   98
    5  327   28    3   30  162  145  125
    5  166   14   10   36  183  140   82
    5  264   22   12   36  183  140   82
    5   85    8    1   29  215  199  176
    5  123   11    3   15  210  164  149
    5  216   18   12   35  238  194  129
    5    4    1    4   24  235  193  163
    5  151   13    7   33  200  169  128
    5   42    4    6   68   80  102   95
    5  200   17    8   44  142  120   48
    5  257   22    5    2  164  143  141
    5  117   10    9   36  183  140   82
    5  161   14    5   46  151  149  122
    5  324   27   12   36  183  140   82
    5  184   16    4   28  165  110   72
    5  282   24    6   24  235  193  163
    5    5    1    5   58  122  157  119
    5  140   12    8   63  134  185  158
    5  227   19   11   10   88   35   44
    5  107    9   11   29  215  199  176
    5  149   13    5   45  204  203  170
    5   17    2    5   38  130  122   98
    5   16    2    4   47  100   99   76
    5    6    1    6   78  167  174  186
    5    9    1    9   79  116  122  135
    5  178   15   10   24  235  193  163
    5  247   21    7   87   66   48   57
    5  191   16   11   89   32   32   32
    5  146   13    2   15  210  164  149
    5  119   10   11   94  192  192  192
    5   80    7    8   35  238  194  129
    5  232   20    4   91   96   96   96
    5   25    3    1   89   32   32   32
    5  177   15    9   29  215  199  176
    5  358   30   10   91   96   96   96
    5   97    9    1   29  215  199  176
    5  236   20    8   28  165  110   72
    5  127   11    7   80   67   74   88
    5   83    7   11   28  165  110   72
    5  207   18    3   64   86  163  127
    5  263   22   11    9  143   79   78
    5  329   28    5   28  165  110   72
    5  130   11   10   89   32   32   32
    5  206   18    2   26  127   89   66
    5  295   25    7   33  200  169  128
    5  330   28    6   39   81   73   55
    5  196   17    4   28  165  110   72
    5  280   24    4   17  105   63   55
    5  302   26    2   16  156  112  100
    5  268   23    4   35  238  194  129
    5  186   16    6   36  183  140   82
    5  249   21    9   88    0    0    0
    5  157   14    1   88    0    0    0
    5  258   22    6    9  143   79   78
    5  286   24   10   50  155  151   70
    5   69    6    9   42  111   96   52
    5  202   17   10   44  142  120   48
    5  187   16    7   35  238  194  129
    5  111   10    3   77   50  132  154
    5  181   16    1   60  154  180  165
    5  114   10    6   81  152  145  158
    5  343   29    7   28  165  110   72
    5  334   28   10   15  210  164  149
    5  250   21   10   87   66   48   57
    5  245   21    5   50  155  151   70
    5  126   11    6   36  183  140   82
    5  217   19    1   36  183  140   82
    5  183   16    3   74  183  205  210
    5  344   29    8   33  200  169  128
    5  103    9    7   11  217  197  191
    5  331   28    7   33  200  169  128
    5  326   28    2   88    0    0    0
    5  278   24    2   47  100   99   76
    5  317   27    5   57   65   77   65
    5  168   14   12    3  115   92   91
    5  134   12    2   32   63   51   38
    5  122   11    2   71   57   78   77
    5  138   12    6   80   67   74   88
    5   54    5    6   24  235  193  163
    5   55    5    7   29  215  199  176
    5  105    9    9   11  217  197  191
    5  159   14    3   35  238  194  129
    5  101    9    5   44  142  120   48
    5  182   16    2   33  200  169  128
    5  277   24    1   28  165  110   72
    5  274   23   10   36  183  140   82
    5  239   20   11   55  160  179  157
    5  173   15    5   19  143   81   65
    5  139   12    7   22   90   70   60
    5   71    6   11   88    0    0    0
    5    7    1    7   29  215  199  176
    5  333   28    9   18  197  132  112
    5  315   27    3   77   50  132  154
    5   43    4    7   17  105   63   55
    5  131   11   11   28  165  110   72
    5  143   12   11   80   67   74   88
    5  169   15    1   59   74  105   73
    5  251   21   11   87   66   48   57
    5  269   23    5   36  183  140   82
    5  270   23    6   36  183  140   82
    5  260   22    8   24  235  193  163
    5  125   11    5   35  238  194  129
    5  109   10    1   28  165  110   72
    5   91    8    7   48  180  177  120
    5  335   28   11   24  235  193  163
    5  313   27    1   35  238  194  129
    5  188   16    8   48  180  177  120
    5  291   25    3   91   96   96   96
    5  175   15    7   94  192  192  192
    5   50    5    2   37  182  174  146
    5   26    3    2   71   57   78   77
    5   20    2    8   90   64   64   64
    5  345   29    9   18  197  132  112
    5  252   21   12   36  183  140   82
    5  230   20    2   24  235  193  163
    5  113   10    5   28  165  110   72
    5   52    5    4   15  210  164  149
    5   12    1   12   28  165  110   72
    5   98    9    2   24  235  193  163
    5  141   12    9   21  139  118  106
    5   30    3    6   15  210  164  149
