   10   37    4    1   93  160  160  160
   10  111   10    3   80   67   74   88
   10  236   20    8   28  165  110   72
   10  314   27    2   95  224  224  224
   10   75    7    3   37  182  174  146
   10   14    2    2   92  128  128  128
   10   52    5    4   29  215  199  176
   10  234   20    6   82  104   94  109
   10  107    9   11   29  215  199  176
   10  190   16   10   75  130  151  157
   10   93    8    9   47  100   99   76
   10   62    6    2   83   59   49   63
   10  164   14    8   82  104   94  109
   10   17    2    5   47  100   99   76
   10  279   24    3   11  217  197  191
   10  328   28    4   77   50  132  154
   10  155   13   11   89   32   32   32
   10   31    3    7   29  215  199  176
   10  175   15    7   95  224  224  224
   10  266   23    2   35  238  194  129
   10  326   28    2   91   96   96   96
   10   23    2   11   79  116  122  135
   10  355   30    7   34  147  117   81
   10  199   17    7   47  100   99   76
   10  263   22   11    9  143   79   78
   10  148   13    4   62   61   78   69
   10  262   22   10   89   32   32   32
   10  128   11    8   89   32   32   32
   10  315   27    3   95  224  224  224
   10   70    6   10   88    0    0    0
   10  289   25    1   29  215  199  176
   10  298   25   10   46  151  149  122
   10   67    6    7   89   32   32   32
   10  180   15   12   94  192  192  192
   10  186   16    6   90   64   64   64
   10   12    1   12   24  235  193  163
   10  287   24   11   29  215  199  176
   10  350   30    2   14   68   48   46
   10   20    2    8   90   64   64   64
   10  327   28    3   34  147  117   81
   10  178   15   10   35  238  194  129
   10   71    6   11   88    0    0    0
   10  208   18    4   45  204  203  170
   10  174   15    6   74  183  205  210
   10  241   21    1   82  104   94  109
   10   51    5    3   15  210  164  149
   10  129   11    9   40  216  201  145
   10  103    9    7   84  212  197  201
   10   28    3    4   94  192  192  192
   10  303   26    3   29  215  199  176
   10   27    3    3   94  192  192  192
   10    1    1    1   90   64   64   64
   10  132   11   12   63  134  185  158
   10   15    2    3   75  130  151  157
   10  147   13    3   15  210  164  149
   10  357   30    9   34  147  117   81
   10  310   26   10   74  183  205  210
   10   90    8    6   54  166  180  127
   10  340   29    4   29  215  199  176
   10    6    1    6   94  192  192  192
   10   54    5    6   11  217  197  191
   10   18    2    6   91   96   96   96
   10  205   18    1   95  224  224  224
   10  246   21    6   38  130  122   98
   10   25    3    1   91   96   96   96
   10  316   27    4   94  192  192  192
   10   49    5    1   28  165  110   72
   10  170   15    2   95  224  224  224
   10  172   15    4   95  224  224  224
   10  192   16   12   92  128  128  128
   10   99    9    3   29  215  199  176
   10  264   22   12   34  147  117   81
   10  283   24    7   35  238  194  129
   10  166   14   10   93  160  160  160
   10  331   28    7   36  183  140   82
   10   32    3    8   95  224  224  224
   10  270   23    6   35  238  194  129
   10   78    7    6   40  216  201  145
   10   44    4    8   91   96   96   96
   10  215   18   11   18  197  132  112
   10  349   30    1   21  139  118  106
   10  267   23    3   35  238  194  129
   10  237   20    9   78  167  174  186
   10  156   13   12   27  100   66   47
   10  150   13    6   93  160  160  160
   10   13    2    1   81  152  145  158
   10   43    4    7   17  105   63   55
   10   66    6    6   18  197  132  112
   10  193   17    1   75  130  151  157
   10  145   13    1   49  127  125   74
   10  356   30    8   27  100   66   47
   10  187   16    7   75  130  151  157
   10  127   11    7   75  130  151  157
   10  209   18    5   95  224  224  224
   10  257   22    5   33  200  169  128
   10  295   25    7   92  128  128  128
   10  358   30   10   90   64   64   64
   10  157   14    1   90   64   64   64
   10  273   23    9   95  224  224  224
   10   86    8    2   50  155  151   70
   10  274   23   10   33  200  169  128
   10  348   29   12   35  238  194  129
   10  294   25    6   95  224  224  224
   10  143   12   11   89   32   32   32
   10  336   28   12   94  192  192  192
   10  255   22    3   94  192  192  192
   10  342   29    6   28  165  110   72
   10  183   16    3   75  130  151  157
   10  225   19    9   89   32   32   32
   10  319   27    7   94  192  192  192
   10  195   17    3   43  195  173   95
   10  124   11    4   57   65   77   65
   10  131   11   11   53   70   76   59
   10   21    2    9   70  102  127  124
   10  194   17    2   94  192  192  192
   10   88    8    4   44  142  120   48
   10  100    9    4    1  215  197  195
   10   80    7    8   35  238  194  129
   10   84    7   12   91   96   96   96
   10  282   24    6   15  210  164  149
   10  152   13    8   62   61   78   69
   10  347   29   11   45  204  203  170
   10  104    9    8   75  130  151  157
   10  275   23   11   10   88   35   44
   10  260   22    8   35  238  194  129
   10  227   19   11   47  100   99   76
   10  318   27    6   94  192  192  192
   10  278   24    2   37  182  174  146
   10  333   28    9    5  208  163  160
   10   98    9    2    1  215  197  195
   10  189   16    9   44  142  120   48
   10  197   17    5   45  204  203  170
   10  317   27    5   90   64   64   64
   10  281   24    5   35  238  194  129
   10  320   27    8   94  192  192  192
   10  247   21    7   39   81   73   55
   10   11    1   11   94  192  192  192
   10  313   27    1   29  215  199  176
   10   79    7    7   46  151  149  122
   10  222   19    6    6  155  111  109
   10  285   24    9   34  147  117   81
   10  210   18    6   29  215  199  176
   10   19    2    7   81  152  145  158
   10   35    3   11   29  215  199  176
   10  265   23    1   25  179  140  114
   10  112   10    4   15  210  164  149
   10  284   24    8   44  142  120   48
   10  339   29    3   29  215  199  176
   10   65    6    5   90   64   64   64
   10  105    9    9   84  212  197  201
   10   77    7    5   93  160  160  160
   10   60    5   12   24  235  193  163
   10  249   21    9   90   64   64   64
   10   73    7    1   32   63   51   38
   10  293   25    5   35  238  194  129
   10   33    3    9   24  235  193  163
   10   69    6    9   89   32   32   32
   10  101    9    5   40  216  201  145
   10   38    4    2   39   81   73   55
   10   24    2   12   92  128  128  128
   10  239   20   11   45  204  203  170
   10  146   13    2   15  210  164  149
   10   42    4    6   91   96   96   96
   10  173   15    5    1  215  197  195
   10   40    4    4   90   64   64   64
   10  232   20    4   91   96   96   96
   10  161   14    5   90   64   64   64
   10   59    5   11   35  238  194  129
   10  204   17   12   84  212  197  201
   10   95    8   11   47  100   99   76
   10  269   23    5   33  200  169  128
   10   47    4   11   38  130  122   98
   10    8    1    8   81  152  145  158
   10  219   19    3   47  100   99   76
   10  139   12    7   90   64   64   64
   10  109   10    1   25  179  140  114
   10  134   12    2   90   64   64   64
   10  321   27    9   94  192  192  192
   10   74    7    2   28  165  110   72
   10  153   13    9   93  160  160  160
   10   94    8   10   54  166  180  127
   10  191   16   11   87   66   48   57
   10   87    8    3   71   57   78   77
   10  141   12    9   22   90   70   60
   10  254   22    2   34  147  117   81
   10   96    8   12   64   86  163  127
   10  140   12    8   89   32   32   32
   10  288   24   12   21  139  118  106
   10  252   21   12   90   64   64   64
   10    5    1    5   92  128  128  128
   10   82    7   10   49  127  125   74
   10  184   16    4   93  160  160  160
   10  223   19    7   56  110  127  109
   10  198   17    6   75  130  151  157
   10   83    7   11   36  183  140   82
   10  106    9   10   51  170  177  149
   10  291   25    3   31  111   95   77
   10  171   15    3   95  224  224  224
   10   91    8    7   47  100   99   76
   10  102    9    6   33  200  169  128
   10  159   14    3    3  115   92   91
   10  325   28    1    3  115   92   91
   10  185   16    5   75  130  151  157
   10    4    1    4   34  147  117   81
   10  290   25    2   19  143   81   65
   10  244   21    4   71   57   78   77
   10  196   17    4   73    5  110  106
   10  120   10   12   34  147  117   81
   10  137   12    5   88    0    0    0
   10  116   10    8   33  200  169  128
   10  242   21    2   88    0    0    0
   10  226   19   10   70  102  127  124
   10  216   18   12   33  200  169  128
   10   16    2    4   39   81   73   55
   10   68    6    8   83   59   49   63
   10  330   28    6   92  128  128  128
   10   72    6   12   90   64   64   64
   10  334   28   10   15  210  164  149
   10  158   14    2   78  167  174  186
   10  354   30    6   26  127   89   66
   10  312   26   12   24  235  193  163
   10  113   10    5   28  165  110   72
   10   81    7    9   48  180  177  120
   10  214   18   10   33  200  169  128
   10  341   29    5   28  165  110   72
   10  117   10    9   33  200  169  128
   10  297   25    9   48  180  177  120
   10  323   27   11   95  224  224  224
   10  322   27   10   95  224  224  224
   10   97    9    1   24  235  193  163
   10   92    8    8   48  180  177  120
   10  261   22    9    4   68   47   49
   10  202   17   10   93  160  160  160
   10  238   20   10   93  160  160  160
   10   76    7    4   93  160  160  160
   10  167   14   11   82  104   94  109
   10  301   26    1   35  238  194  129
   10  163   14    7   90   64   64   64
   10   34    3   10   37  182  174  146
   10   41    4    5   71   57   78   77
   10   57    5    9   28  165  110   72
   10  126   11    6   91   96   96   96
   10   10    1   10   92  128  128  128
   10  188   16    8   52  118  125  103
   10  217   19    1   69  150  180  175
   10   89    8    5   60  154  180  165
   10  245   21    5   14   68   48   46
   10  338   29    2   35  238  194  129
   10  228   19   12   90   64   64   64
   10   39    4    3   91   96   96   96
   10  133   12    1   89   32   32   32
   10    7    1    7   40  216  201  145
   10  125   11    5   89   32   32   32
   10  168   14   12   82  104   94  109
   10  142   12   10   89   32   32   32
   10  224   19    8   30  162  145  125
   10  181   16    1   95  224  224  224
   10  309   26    9   44  142  120   48
   10  302   26    2   15  210  164  149
   10  138   12    6   81  152  145  158
   10  280   24    4   28  165  110   72
   10  256   22    4   15  210  164  149
   10  305   26    5   29  215  199  176
   10  179   15   11    8  197  130  127
   10  251   21   11   89   32   32   32
   10  304   26    4   32   63   51   38
   10  154   13   10   15  210  164  149
   10  169   15    1   29  215  199  176
   10  235   20    7   77   50  132  154
   10  259   22    7   26  127   89   66
   10   56    5    8   15  210  164  149
   10   29    3    5   11  217  197  191
   10  276   23   12   91   96   96   96
   10  123   11    3   90   64   64   64
   10  240   20   12   92  128  128  128
   10  329   28    5   28  165  110   72
   10  160   14    4   30  162  145  125
   10   30    3    6   30  162  145  125
   10  258   22    6   15  210  164  149
   10  345   29    9   18  197  132  112
   10  110   10    2   15  210  164  149
   10  324   27   12   35  238  194  129
   10  353   30    5   12  166  143  136
   10   22    2   10   32   63   51   38
   10  233   20    5   19  143   81   65
   10  136   12    4   90   64   64   64
   10  243   21    3   90   64   64   64
   10  213   18    9   94  192  192  192
   10  165   14    9   22   90   70   60
   10  220   19    4   25  179  140  114
   10  118   10   10   47  100   99   76
   10  352   30    4   91   96   96   96
   10   26    3    2   89   32   32   32
   10  151   13    7   46  151  149  122
   10   45    4    9   90   64   64   64
   10  200   17    8   90   64   64   64
   10  344   29    8   35  238  194  129
   10  253   22    1   21  139  118  106
   10  351   30    3   28  165  110   72
   10  229   20    1   60  154  180  165
   10  271   23    7   33  200  169  128
   10  122   11    2   71   57   78   77
   10  119   10   11   78  167  174  186
   10   64    6    4   89   32   32   32
   10  300   25   12   33  200  169  128
   10   53    5    5   19  143   81   65
   10   36    3   12   33  200  169  128
   10   61    6    1   14   68   48   46
   10    3    1    3   75  130  151  157
   10  359   30   11   28  165  110   72
   10    9    1    9   94  192  192  192
   10  308   26    8   29  215  199  176
   10  115   10    7   21  139  118  106
   10  307   26    7   37  182  174  146
   10  211   18    7   37  182  174  146
   10  306   26    6   37  182  174  146
   10  221   19    5   38  130  122   98
   10  268   23    4   11  217  197  191
   10  108    9   12   95  224  224  224
   10   50    5    2   37  182  174  146
   10   85    8    1   14   68   48   46
   10  144   12   12   89   32   32   32
   10   48    4   12   91   96   96   96
   10  177   15    9   92  128  128  128
   10  337   29    1   28  165  110   72
   10  182   16    2   92  128  128  128
   10  286   24   10   28  165  110   72
   10   63    6    3   90   64   64   64
   10  162   14    6   23   66   49   42
   10  230   20    2   95  224  224  224
   10  114   10    6   81  152  145  158
   10  272   23    8   15  210  164  149
   10  343   29    7   19  143   81   65
   10  130   11   10   89   32   32   32
   10   46    4   10   90   64   64   64
   10  135   12    3   92  128  128  128
   10   55    5    7   29  215  199  176
   10  231   20    3   75  130  151  157
   10  296   25    8   43  195  173   95
   10  292   25    4   24  235  193  163
   10  121   11    1   89   32   32   32
   10  207   18    3   63  134  185  158
   10  250   21   10   90   64   64   64
   10    2    1    2   30  162  145  125
   10  218   19    2   30  162  145  125
   10  176   15    8   18  197  132  112
   10  201   17    9   49  127  125   74
   10  248   21    8   90   64   64   64
   10  360   30   12   34  147  117   81
   10   58    5   10   28  165  110   72
   10  203   17   11   21  139  118  106
   10  206   18    2   21  139  118  106
   10  332   28    8   20  192  170  156
   10  212   18    8   84  212  197  201
   10  299   25   11   95  224  224  224
   10  346   29   10   33  200  169  128
   10  149   13    5   48  180  177  120
   10  277   24    1   19  143   81   65
   10  335   28   11   15  210  164  149
   10  311   26   11   29  215  199  176
