    4  297   25    9   45  204  203  170
    4   98    9    2    1  215  197  195
    4    9    1    9   78  167  174  186
    4  280   24    4   27  100   66   47
    4  276   23   12   75  130  151  157
    4  114   10    6   82  104   94  109
    4  357   30    9   42  111   96   52
    4  164   14    8   91   96   96   96
    4  214   18   10   12  166  143  136
    4  207   18    3   63  134  185  158
    4  231   20    3   93  160  160  160
    4  206   18    2   20  192  170  156
    4  235   20    7   77   50  132  154
    4  298   25   10   38  130  122   98
    4  266   23    2   29  215  199  176
    4  325   28    1   23   66   49   42
    4  210   18    6   24  235  193  163
    4   16    2    4   53   70   76   59
    4  254   22    2   29  215  199  176
    4   20    2    8   71   57   78   77
    4  310   26   10   95  224  224  224
    4   78    7    6   96  240  240  240
    4  129   11    9   32   63   51   38
    4   75    7    3   59   74  105   73
    4  320   27    8   96  240  240  240
    4   23    2   11   75  130  151  157
    4  105    9    9   84  212  197  201
    4   56    5    8   11  217  197  191
    4   73    7    1   47  100   99   76
    4  237   20    9   78  167  174  186
    4   53    5    5    9  143   79   78
    4  275   23   11   10   88   35   44
    4   25    3    1   92  128  128  128
    4  307   26    7   96  240  240  240
    4   61    6    1   14   68   48   46
    4  221   19    5   71   57   78   77
    4  130   11   10   89   32   32   32
    4  112   10    4   15  210  164  149
    4  170   15    2   96  240  240  240
    4  162   14    6    3  115   92   91
    4  154   13   10   24  235  193  163
    4   95    8   11   45  204  203  170
    4  322   27   10    1  215  197  195
    4  242   21    2   88    0    0    0
    4  308   26    8   45  204  203  170
    4  287   24   11   74  183  205  210
    4   30    3    6    1  215  197  195
    4  145   13    1   45  204  203  170
    4  250   21   10   88    0    0    0
    4  319   27    7   96  240  240  240
    4   26    3    2   74  183  205  210
    4   87    8    3   90   64   64   64
    4  211   18    7   46  151  149  122
    4  225   19    9   91   96   96   96
    4  232   20    4   92  128  128  128
    4  196   17    4   69  150  180  175
    4  302   26    2    1  215  197  195
    4  150   13    6    2  164  143  141
    4  202   17   10   31  111   95   77
    4  327   28    3    5  208  163  160
    4   70    6   10   88    0    0    0
    4   44    4    8   22   90   70   60
    4  352   30    4   90   64   64   64
    4  253   22    1   41  162  147   98
    4  110   10    2    5  208  163  160
    4  263   22   11    9  143   79   78
    4  178   15   10   24  235  193  163
    4  316   27    4   96  240  240  240
    4  252   21   12   75  130  151  157
    4    3    1    3   75  130  151  157
    4  309   26    9   41  162  147   98
    4   35    3   11   62   61   78   69
    4  350   30    2   80   67   74   88
    4  248   21    8   88    0    0    0
    4  337   29    1   26  127   89   66
    4  146   13    2   24  235  193  163
    4   57    5    9   18  197  132  112
    4  330   28    6   75  130  151  157
    4  277   24    1   19  143   81   65
    4   52    5    4    5  208  163  160
    4  224   19    8   92  128  128  128
    4  188   16    8   46  151  149  122
    4   13    2    1    4   68   47   49
    4  167   14   11   39   81   73   55
    4  355   30    7   38  130  122   98
    4  265   23    1   26  127   89   66
    4   38    4    2   38  130  122   98
    4  324   27   12   57   65   77   65
    4  300   25   12   29  215  199  176
    4  117   10    9   25  179  140  114
    4  120   10   12   16  156  112  100
    4    1    1    1   32   63   51   38
    4  246   21    6   39   81   73   55
    4  194   17    2   41  162  147   98
    4  230   20    2   93  160  160  160
    4  185   16    5   75  130  151  157
    4  124   11    4   57   65   77   65
    4   77    7    5   29  215  199  176
    4  236   20    8   19  143   81   65
    4  198   17    6   68   80  102   95
    4  103    9    7   20  192  170  156
    4  312   26   12   11  217  197  191
    4  354   30    6   25  179  140  114
    4  151   13    7   39   81   73   55
    4  160   14    4   22   90   70   60
    4   11    1   11   81  152  145  158
    4  286   24   10   46  151  149  122
    4   49    5    1   19  143   81   65
    4  289   25    1   37  182  174  146
    4  334   28   10   24  235  193  163
    4  228   19   12   62   61   78   69
    4  290   25    2   19  143   81   65
    4  348   29   12   35  238  194  129
    4  331   28    7   24  235  193  163
    4  121   11    1   89   32   32   32
    4  173   15    5   84  212  197  201
    4   80    7    8   24  235  193  163
    4  222   19    6   82  104   94  109
    4   41    4    5   62   61   78   69
    4  333   28    9    8  197  130  127
    4  249   21    9    4   68   47   49
    4   91    8    7   45  204  203  170
    4  169   15    1   45  204  203  170
    4  156   13   12   89   32   32   32
    4   51    5    3   15  210  164  149
    4  220   19    4   15  210  164  149
    4   45    4    9   89   32   32   32
    4  318   27    6   93  160  160  160
    4  168   14   12   82  104   94  109
    4  238   20   10   92  128  128  128
    4   21    2    9   91   96   96   96
    4  138   12    6   82  104   94  109
    4  332   28    8   24  235  193  163
    4   27    3    3   45  204  203  170
    4  143   12   11   83   59   49   63
    4  273   23    9    1  215  197  195
    4  197   17    5   45  204  203  170
    4  132   11   12   62   61   78   69
    4  306   26    6   33  200  169  128
    4  270   23    6   43  195  173   95
    4  184   16    4   74  183  205  210
    4  336   28   12   95  224  224  224
    4    8    1    8   78  167  174  186
    4  360   30   12   12  166  143  136
    4  264   22   12   34  147  117   81
    4  152   13    8   62   61   78   69
    4  106    9   10   74  183  205  210
    4  191   16   11   89   32   32   32
    4   42    4    6   70  102  127  124
    4  261   22    9   88    0    0    0
    4  200   17    8   53   70   76   59
    4  175   15    7   81  152  145  158
    4  183   16    3   74  183  205  210
    4  299   25   11   95  224  224  224
    4  193   17    1   71   57   78   77
    4  229   20    1   65   62  136  104
    4  341   29    5   19  143   81   65
    4  123   11    3   83   59   49   63
    4   69    6    9   57   65   77   65
    4   58    5   10   25  179  140  114
    4  356   30    8   27  100   66   47
    4   54    5    6   24  235  193  163
    4  190   16   10   20  192  170  156
    4  180   15   12   95  224  224  224
    4  116   10    8   24  235  193  163
    4  100    9    4    1  215  197  195
    4  176   15    8   18  197  132  112
    4    2    1    2   11  217  197  191
    4   99    9    3   29  215  199  176
    4  157   14    1   91   96   96   96
    4   65    6    5   88    0    0    0
    4   66    6    6   83   59   49   63
    4  133   12    1   88    0    0    0
    4  166   14   10   75  130  151  157
    4  226   19   10   70  102  127  124
    4   33    3    9   11  217  197  191
    4  131   11   11   57   65   77   65
    4  128   11    8   83   59   49   63
    4  240   20   12   75  130  151  157
    4   37    4    1   75  130  151  157
    4  216   18   12   29  215  199  176
    4  209   18    5   84  212  197  201
    4   85    8    1   23   66   49   42
    4  344   29    8   29  215  199  176
    4   34    3   10   45  204  203  170
    4  217   19    1   78  167  174  186
    4  317   27    5   90   64   64   64
    4  305   26    5   20  192  170  156
    4   67    6    7   83   59   49   63
    4   32    3    8   95  224  224  224
    4    4    1    4   20  192  170  156
    4  359   30   11   28  165  110   72
    4   97    9    1   20  192  170  156
    4   90    8    6   45  204  203  170
    4  323   27   11   11  217  197  191
    4  288   24   12   20  192  170  156
    4  296   25    8   43  195  173   95
    4  174   15    6   95  224  224  224
    4  179   15   11   24  235  193  163
    4  177   15    9   96  240  240  240
    4  223   19    7   48  180  177  120
    4  285   24    9   17  105   63   55
    4  189   16    9   46  151  149  122
    4   55    5    7   11  217  197  191
    4  204   17   12   20  192  170  156
    4  347   29   11   45  204  203  170
    4   59    5   11   96  240  240  240
    4   24    2   12   70  102  127  124
    4  119   10   11   78  167  174  186
    4  326   28    2   71   57   78   77
    4  269   23    5   29  215  199  176
    4  205   18    1   84  212  197  201
    4    6    1    6   75  130  151  157
    4  321   27    9   95  224  224  224
    4   88    8    4    5  208  163  160
    4  283   24    7   43  195  173   95
    4  259   22    7   17  105   63   55
    4  161   14    5   89   32   32   32
    4   94    8   10   50  155  151   70
    4  142   12   10   88    0    0    0
    4    7    1    7   75  130  151  157
    4  301   26    1   45  204  203  170
    4  241   21    1   82  104   94  109
    4  126   11    6   89   32   32   32
    4  282   24    6   12  166  143  136
    4  311   26   11   20  192  170  156
    4  137   12    5   88    0    0    0
    4   64    6    4   88    0    0    0
    4  139   12    7   88    0    0    0
    4  284   24    8   48  180  177  120
    4  149   13    5   45  204  203  170
    4  247   21    7   39   81   73   55
    4  136   12    4   83   59   49   63
    4  104    9    8   94  192  192  192
    4  278   24    2   45  204  203  170
    4  227   19   11   38  130  122   98
    4   14    2    2   75  130  151  157
    4  187   16    7   70  102  127  124
    4   79    7    7   55  160  179  157
    4  349   30    1   23   66   49   42
    4  212   18    8   30  162  145  125
    4  109   10    1   29  215  199  176
    4  122   11    2   90   64   64   64
    4   50    5    2   29  215  199  176
    4  271   23    7   33  200  169  128
    4  244   21    4   91   96   96   96
    4  267   23    3   29  215  199  176
    4   10    1   10   94  192  192  192
    4  239   20   11   75  130  151  157
    4  233   20    5   19  143   81   65
    4  165   14    9   32   63   51   38
    4   92    8    8   48  180  177  120
    4   28    3    4   29  215  199  176
    4  293   25    5   37  182  174  146
    4   17    2    5   57   65   77   65
    4  163   14    7   71   57   78   77
    4  304   26    4   53   70   76   59
    4  186   16    6   29  215  199  176
    4  134   12    2   89   32   32   32
    4  294   25    6   78  167  174  186
    4  272   23    8   20  192  170  156
    4  102    9    6   29  215  199  176
    4  118   10   10   46  151  149  122
    4  155   13   11   74  183  205  210
    4   62    6    2   83   59   49   63
    4  111   10    3   80   67   74   88
    4  181   16    1   66  177  208  196
    4   71    6   11   88    0    0    0
    4   72    6   12   88    0    0    0
    4  219   19    3   38  130  122   98
    4  313   27    1   29  215  199  176
    4  281   24    5   29  215  199  176
    4  274   23   10   20  192  170  156
    4  346   29   10   25  179  140  114
    4  295   25    7   60  154  180  165
    4   18    2    6   89   32   32   32
    4   93    8    9   57   65   77   65
    4   68    6    8   89   32   32   32
    4  340   29    4   29  215  199  176
    4  335   28   11   24  235  193  163
    4   15    2    3   75  130  151  157
    4  328   28    4   40  216  201  145
    4  343   29    7   28  165  110   72
    4  125   11    5   57   65   77   65
    4  262   22   10   24  235  193  163
    4  339   29    3   37  182  174  146
    4   47    4   11   68   80  102   95
    4   76    7    4   11  217  197  191
    4  141   12    9   88    0    0    0
    4  147   13    3   24  235  193  163
    4  234   20    6   79  116  122  135
    4  338   29    2   29  215  199  176
    4  182   16    2   75  130  151  157
    4  140   12    8   88    0    0    0
    4  135   12    3   75  130  151  157
    4  107    9   11    1  215  197  195
    4  171   15    3   96  240  240  240
    4   31    3    7   11  217  197  191
    4   19    2    7    2  164  143  141
    4  115   10    7    3  115   92   91
    4   81    7    9   47  100   99   76
    4  215   18   11   15  210  164  149
    4  303   26    3   11  217  197  191
    4  291   25    3   37  182  174  146
    4  351   30    3   16  156  112  100
    4   36    3   12   45  204  203  170
    4  314   27    2   96  240  240  240
    4  113   10    5   11  217  197  191
    4  108    9   12    1  215  197  195
    4  199   17    7   54  166  180  127
    4   84    7   12   68   80  102   95
    4  257   22    5   21  139  118  106
    4   29    3    5   11  217  197  191
    4   39    4    3   53   70   76   59
    4  256   22    4   25  179  140  114
    4  268   23    4   75  130  151  157
    4  195   17    3   41  162  147   98
    4  213   18    9   94  192  192  192
    4  245   21    5   23   66   49   42
    4   48    4   12   46  151  149  122
    4   86    8    2   50  155  151   70
    4  243   21    3   88    0    0    0
    4  353   30    5   22   90   70   60
    4  159   14    3   23   66   49   42
    4  358   30   10   53   70   76   59
    4   12    1   12   24  235  193  163
    4   60    5   12   24  235  193  163
    4  315   27    3   84  212  197  201
    4  260   22    8   35  238  194  129
    4  255   22    3   49  127  125   74
    4  153   13    9   20  192  170  156
    4   82    7   10   48  180  177  120
    4  148   13    4   24  235  193  163
    4   74    7    2   18  197  132  112
    4   83    7   11   28  165  110   72
    4  258   22    6   18  197  132  112
    4   63    6    3    4   68   47   49
    4   89    8    5   48  180  177  120
    4   96    8   12   45  204  203  170
    4  172   15    4    1  215  197  195
    4  201   17    9   41  162  147   98
    4  342   29    6   29  215  199  176
    4  127   11    7   89   32   32   32
    4  192   16   12   38  130  122   98
    4   40    4    4   75  130  151  157
    4  279   24    3   25  179  140  114
    4  292   25    4   20  192  170  156
    4   22    2   10    4   68   47   49
    4   46    4   10   23   66   49   42
    4  345   29    9   28  165  110   72
    4  208   18    4   46  151  149  122
    4  251   21   11   23   66   49   42
    4  158   14    2   74  183  205  210
    4  218   19    2   95  224  224  224
    4  144   12   12   88    0    0    0
    4  329   28    5   19  143   81   65
    4   43    4    7   26  127   89   66
    4  203   17   11   75  130  151  157
    4    5    1    5   75  130  151  157
    4  101    9    5   40  216  201  145
