   11   41    4    5   67  127  154  145
   11  210   18    6   20  192  170  156
   11   21    2    9   91   96   96   96
   11   72    6   12   88    0    0    0
   11  280   24    4    7  106   62   62
   11  356   30    8   16  156  112  100
   11  201   17    9   52  118  125  103
   11  250   21   10   87   66   48   57
   11  328   28    4   74  183  205  210
   11  178   15   10   24  235  193  163
   11  344   29    8   40  216  201  145
   11   35    3   11   96  240  240  240
   11  217   19    1   75  130  151  157
   11  223   19    7   44  142  120   48
   11   20    2    8   80   67   74   88
   11  331   28    7   45  204  203  170
   11  174   15    6   74  183  205  210
   11  312   26   12   94  192  192  192
   11  318   27    6   94  192  192  192
   11   94    8   10   52  118  125  103
   11   11    1   11   94  192  192  192
   11  152   13    8   95  224  224  224
   11   83    7   11   45  204  203  170
   11  351   30    3   19  143   81   65
   11  275   23   11    4   68   47   49
   11  177   15    9   95  224  224  224
   11  259   22    7   19  143   81   65
   11  183   16    3   75  130  151  157
   11   12    1   12   24  235  193  163
   11  294   25    6    1  215  197  195
   11  261   22    9   89   32   32   32
   11   63    6    3   89   32   32   32
   11  334   28   10   24  235  193  163
   11  233   20    5   19  143   81   65
   11   18    2    6   90   64   64   64
   11  310   26   10   70  102  127  124
   11  224   19    8   92  128  128  128
   11  297   25    9   48  180  177  120
   11  108    9   12   95  224  224  224
   11  101    9    5   41  162  147   98
   11  119   10   11   93  160  160  160
   11  163   14    7   53   70   76   59
   11   51    5    3   18  197  132  112
   11  134   12    2   23   66   49   42
   11  266   23    2   29  215  199  176
   11  175   15    7   94  192  192  192
   11  269   23    5   45  204  203  170
   11  158   14    2   75  130  151  157
   11  260   22    8   28  165  110   72
   11  211   18    7   46  151  149  122
   11  124   11    4   71   57   78   77
   11   78    7    6   45  204  203  170
   11  191   16   11   29  215  199  176
   11  139   12    7   90   64   64   64
   11   93    8    9   57   65   77   65
   11  105    9    9   84  212  197  201
   11    2    1    2    1  215  197  195
   11  180   15   12   95  224  224  224
   11  287   24   11   28  165  110   72
   11  293   25    5   43  195  173   95
   11  196   17    4   73    5  110  106
   11   81    7    9   53   70   76   59
   11  145   13    1   45  204  203  170
   11  252   21   12   80   67   74   88
   11  120   10   12   26  127   89   66
   11  307   26    7   45  204  203  170
   11   88    8    4   45  204  203  170
   11  167   14   11   80   67   74   88
   11  350   30    2   22   90   70   60
   11  136   12    4   89   32   32   32
   11  144   12   12   88    0    0    0
   11  214   18   10   16  156  112  100
   11  203   17   11   75  130  151  157
   11    9    1    9   70  102  127  124
   11  248   21    8   90   64   64   64
   11   16    2    4   39   81   73   55
   11  244   21    4   93  160  160  160
   11  254   22    2   94  192  192  192
   11   23    2   11   79  116  122  135
   11   54    5    6   29  215  199  176
   11   91    8    7   50  155  151   70
   11  278   24    2   37  182  174  146
   11   24    2   12   70  102  127  124
   11  326   28    2   90   64   64   64
   11  253   22    1   42  111   96   52
   11  235   20    7   77   50  132  154
   11   40    4    4   94  192  192  192
   11  337   29    1   27  100   66   47
   11   64    6    4   88    0    0    0
   11  329   28    5   19  143   81   65
   11  122   11    2   71   57   78   77
   11  103    9    7    1  215  197  195
   11  198   17    6   69  150  180  175
   11  192   16   12   29  215  199  176
   11   82    7   10   43  195  173   95
   11  321   27    9   95  224  224  224
   11   26    3    2   76  104  186  206
   11  166   14   10   91   96   96   96
   11  277   24    1   19  143   81   65
   11    4    1    4   21  139  118  106
   11  162   14    6    7  106   62   62
   11  325   28    1   11  217  197  191
   11  104    9    8   94  192  192  192
   11  185   16    5   75  130  151  157
   11  151   13    7   46  151  149  122
   11  358   30   10   71   57   78   77
   11  319   27    7   94  192  192  192
   11  148   13    4   19  143   81   65
   11  359   30   11   28  165  110   72
   11  288   24   12   31  111   95   77
   11  270   23    6   29  215  199  176
   11  170   15    2   96  240  240  240
   11   46    4   10   90   64   64   64
   11  313   27    1   11  217  197  191
   11    3    1    3   70  102  127  124
   11  336   28   12   96  240  240  240
   11  184   16    4   95  224  224  224
   11  207   18    3   58  122  157  119
   11  360   30   12   25  179  140  114
   11  114   10    6   81  152  145  158
   11  234   20    6   86  112   92   99
   11  306   26    6   29  215  199  176
   11  242   21    2   88    0    0    0
   11  218   19    2   95  224  224  224
   11   30    3    6   11  217  197  191
   11   34    3   10   45  204  203  170
   11   17    2    5   53   70   76   59
   11  330   28    6   92  128  128  128
   11    5    1    5   70  102  127  124
   11  315   27    3   76  104  186  206
   11   62    6    2   87   66   48   57
   11  212   18    8   75  130  151  157
   11   57    5    9   17  105   63   55
   11  164   14    8   86  112   92   99
   11  141   12    9   90   64   64   64
   11  229   20    1   59   74  105   73
   11  231   20    3   37  182  174  146
   11  332   28    8   29  215  199  176
   11  301   26    1   40  216  201  145
   11  118   10   10   56  110  127  109
   11  193   17    1   74  183  205  210
   11  150   13    6   24  235  193  163
   11  302   26    2   11  217  197  191
   11   80    7    8   43  195  173   95
   11  333   28    9   15  210  164  149
   11  286   24   10   44  142  120   48
   11  111   10    3   80   67   74   88
   11   39    4    3   92  128  128  128
   11  247   21    7   39   81   73   55
   11  273   23    9   29  215  199  176
   11  208   18    4   46  151  149  122
   11  258   22    6   20  192  170  156
   11   45    4    9   90   64   64   64
   11  219   19    3   39   81   73   55
   11  161   14    5   90   64   64   64
   11  199   17    7   49  127  125   74
   11  194   17    2   92  128  128  128
   11  349   30    1    3  115   92   91
   11  240   20   12   94  192  192  192
   11  335   28   11   24  235  193  163
   11  228   19   12   28  165  110   72
   11  230   20    2   95  224  224  224
   11  320   27    8   78  167  174  186
   11  237   20    9   79  116  122  135
   11  107    9   11   37  182  174  146
   11  181   16    1   70  102  127  124
   11  281   24    5   35  238  194  129
   11   71    6   11   88    0    0    0
   11  142   12   10   89   32   32   32
   11  346   29   10   24  235  193  163
   11  314   27    2   94  192  192  192
   11   97    9    1   11  217  197  191
   11  132   11   12   90   64   64   64
   11   32    3    8   74  183  205  210
   11   14    2    2   70  102  127  124
   11  239   20   11   60  154  180  165
   11  112   10    4    5  208  163  160
   11  121   11    1   89   32   32   32
   11  264   22   12   28  165  110   72
   11  353   30    5   21  139  118  106
   11   55    5    7   94  192  192  192
   11  354   30    6   15  210  164  149
   11  246   21    6   22   90   70   60
   11  222   19    6   81  152  145  158
   11  284   24    8   43  195  173   95
   11   15    2    3   67  127  154  145
   11  154   13   10   24  235  193  163
   11  157   14    1   89   32   32   32
   11  128   11    8   14   68   48   46
   11  236   20    8   28  165  110   72
   11  322   27   10   11  217  197  191
   11  155   13   11   74  183  205  210
   11  298   25   10   52  118  125  103
   11   99    9    3   29  215  199  176
   11   86    8    2   52  118  125  103
   11  135   12    3   69  150  180  175
   11  143   12   11   88    0    0    0
   11   48    4   12   92  128  128  128
   11   50    5    2   29  215  199  176
   11  305   26    5   95  224  224  224
   11   22    2   10   23   66   49   42
   11  209   18    5   29  215  199  176
   11  295   25    7   61  105  127  115
   11  245   21    5   83   59   49   63
   11  129   11    9   40  216  201  145
   11  299   25   11   94  192  192  192
   11   29    3    5   94  192  192  192
   11  327   28    3   11  217  197  191
   11  339   29    3   45  204  203  170
   11  285   24    9   26  127   89   66
   11  241   21    1   82  104   94  109
   11   85    8    1   53   70   76   59
   11  190   16   10   30  162  145  125
   11   56    5    8   95  224  224  224
   11  232   20    4   92  128  128  128
   11   92    8    8   50  155  151   70
   11  283   24    7   43  195  173   95
   11  202   17   10   20  192  170  156
   11   70    6   10   57   65   77   65
   11  165   14    9   13  116   92   87
   11  323   27   11   11  217  197  191
   11  160   14    4   31  111   95   77
   11   73    7    1   13  116   92   87
   11  200   17    8   53   70   76   59
   11  296   25    8   40  216  201  145
   11  188   16    8   45  204  203  170
   11   28    3    4   95  224  224  224
   11  309   26    9   44  142  120   48
   11   38    4    2    4   68   47   49
   11   10    1   10   79  116  122  135
   11  116   10    8   18  197  132  112
   11   47    4   11   91   96   96   96
   11   68    6    8   82  104   94  109
   11  225   19    9   91   96   96   96
   11   90    8    6   58  122  157  119
   11   53    5    5   19  143   81   65
   11   52    5    4   11  217  197  191
   11  324   27   12   75  130  151  157
   11  267   23    3   40  216  201  145
   11   98    9    2    1  215  197  195
   11    8    1    8   93  160  160  160
   11   49    5    1   19  143   81   65
   11   43    4    7   17  105   63   55
   11  256   22    4   13  116   92   87
   11  109   10    1   29  215  199  176
   11  179   15   11   15  210  164  149
   11  187   16    7   96  240  240  240
   11   75    7    3   65   62  136  104
   11  292   25    4   29  215  199  176
   11  189   16    9   37  182  174  146
   11  238   20   10   92  128  128  128
   11   69    6    9   89   32   32   32
   11   74    7    2   28  165  110   72
   11   13    2    1   82  104   94  109
   11  159   14    3   80   67   74   88
   11  215   18   11    9  143   79   78
   11   19    2    7    2  164  143  141
   11   44    4    8   92  128  128  128
   11  304   26    4   44  142  120   48
   11   60    5   12   24  235  193  163
   11  176   15    8   24  235  193  163
   11  140   12    8   88    0    0    0
   11  274   23   10   34  147  117   81
   11   58    5   10   28  165  110   72
   11  186   16    6   74  183  205  210
   11    6    1    6   93  160  160  160
   11  316   27    4   95  224  224  224
   11  257   22    5   12  166  143  136
   11  146   13    2   15  210  164  149
   11  221   19    5   69  150  180  175
   11  100    9    4    2  164  143  141
   11  352   30    4   91   96   96   96
   11  341   29    5   19  143   81   65
   11  291   25    3   92  128  128  128
   11  171   15    3   96  240  240  240
   11  197   17    5   29  215  199  176
   11  290   25    2   10   88   35   44
   11   37    4    1   71   57   78   77
   11  251   21   11   87   66   48   57
   11   31    3    7   29  215  199  176
   11  345   29    9   18  197  132  112
   11   42    4    6   71   57   78   77
   11  263   22   11    9  143   79   78
   11  303   26    3   29  215  199  176
   11  265   23    1   26  127   89   66
   11   79    7    7   37  182  174  146
   11  138   12    6   82  104   94  109
   11  220   19    4   16  156  112  100
   11   77    7    5   29  215  199  176
   11   87    8    3   90   64   64   64
   11  282   24    6   12  166  143  136
   11  147   13    3   15  210  164  149
   11  348   29   12   35  238  194  129
   11  317   27    5   90   64   64   64
   11  338   29    2   40  216  201  145
   11  123   11    3   89   32   32   32
   11  195   17    3   45  204  203  170
   11  113   10    5   16  156  112  100
   11  153   13    9   80   67   74   88
   11  226   19   10   61  105  127  115
   11    7    1    7   61  105  127  115
   11  125   11    5   32   63   51   38
   11  115   10    7   23   66   49   42
   11  311   26   11   29  215  199  176
   11   96    8   12   54  166  180  127
   11  204   17   12   84  212  197  201
   11  342   29    6   15  210  164  149
   11    1    1    1   89   32   32   32
   11   66    6    6   87   66   48   57
   11   95    8   11   58  122  157  119
   11  357   30    9   26  127   89   66
   11  117   10    9   25  179  140  114
   11  276   23   12   70  102  127  124
   11  156   13   12   12  166  143  136
   11  308   26    8   12  166  143  136
   11  137   12    5   88    0    0    0
   11  130   11   10   89   32   32   32
   11  110   10    2   12  166  143  136
   11  216   18   12   33  200  169  128
   11  127   11    7   69  150  180  175
   11  249   21    9   88    0    0    0
   11   27    3    3   55  160  179  157
   11  168   14   12   81  152  145  158
   11  343   29    7   19  143   81   65
   11  279   24    3   81  152  145  158
   11   89    8    5   63  134  185  158
   11  133   12    1   88    0    0    0
   11  272   23    8    1  215  197  195
   11  213   18    9   94  192  192  192
   11   65    6    5   88    0    0    0
   11  262   22   10   18  197  132  112
   11   36    3   12   40  216  201  145
   11  205   18    1   94  192  192  192
   11  268   23    4   75  130  151  157
   11  255   22    3   45  204  203  170
   11  243   21    3   88    0    0    0
   11   33    3    9   66  177  208  196
   11  227   19   11   44  142  120   48
   11  173   15    5   12  166  143  136
   11   61    6    1   14   68   48   46
   11  300   25   12   29  215  199  176
   11  102    9    6   24  235  193  163
   11  131   11   11   57   65   77   65
   11  182   16    2   70  102  127  124
   11  106    9   10   95  224  224  224
   11  347   29   11   45  204  203  170
   11  340   29    4   37  182  174  146
   11  355   30    7   38  130  122   98
   11   76    7    4   11  217  197  191
   11   25    3    1   84  212  197  201
   11  126   11    6   44  142  120   48
   11  172   15    4   11  217  197  191
   11  289   25    1   37  182  174  146
   11  206   18    2   21  139  118  106
   11  149   13    5   45  204  203  170
   11   84    7   12   95  224  224  224
   11   67    6    7   10   88   35   44
   11   59    5   11   24  235  193  163
   11  169   15    1   11  217  197  191
   11  271   23    7   35  238  194  129
