   16  325   28    1   79  116  122  135
   16  203   17   11   78  167  174  186
   16  293   25    5   40  216  201  145
   16  252   21   12   80   67   74   88
   16   41    4    5   39   81   73   55
   16   98    9    2    1  215  197  195
   16  242   21    2   89   32   32   32
   16  331   28    7   45  204  203  170
   16  217   19    1   94  192  192  192
   16  107    9   11   29  215  199  176
   16  226   19   10   75  130  151  157
   16  186   16    6   78  167  174  186
   16  298   25   10   38  130  122   98
   16  122   11    2   90   64   64   64
   16  341   29    5   18  197  132  112
   16  151   13    7   44  142  120   48
   16   46    4   10   91   96   96   96
   16  319   27    7   94  192  192  192
   16  191   16   11   29  215  199  176
   16   95    8   11   41  162  147   98
   16  284   24    8   41  162  147   98
   16  140   12    8   89   32   32   32
   16  101    9    5   48  180  177  120
   16  142   12   10   90   64   64   64
   16  352   30    4   91   96   96   96
   16  201   17    9   54  166  180  127
   16   12    1   12   24  235  193  163
   16  164   14    8   92  128  128  128
   16   40    4    4   93  160  160  160
   16   76    7    4   29  215  199  176
   16  295   25    7   75  130  151  157
   16  272   23    8   12  166  143  136
   16  112   10    4   15  210  164  149
   16  111   10    3   79  116  122  135
   16  120   10   12   28  165  110   72
   16  228   19   12   47  100   99   76
   16  141   12    9   91   96   96   96
   16  130   11   10   89   32   32   32
   16  320   27    8   30  162  145  125
   16   35    3   11   45  204  203  170
   16   68    6    8   14   68   48   46
   16  110   10    2   12  166  143  136
   16  212   18    8    1  215  197  195
   16  210   18    6   33  200  169  128
   16  182   16    2   38  130  122   98
   16   16    2    4   47  100   99   76
   16  177   15    9   94  192  192  192
   16  294   25    6   95  224  224  224
   16   66    6    6    4   68   47   49
   16  267   23    3   43  195  173   95
   16  103    9    7    1  215  197  195
   16   84    7   12   94  192  192  192
   16   75    7    3   59   74  105   73
   16  336   28   12   94  192  192  192
   16  157   14    1   90   64   64   64
   16  150   13    6   84  212  197  201
   16   62    6    2   87   66   48   57
   16  351   30    3   18  197  132  112
   16    3    1    3   77   50  132  154
   16  248   21    8   90   64   64   64
   16  119   10   11   81  152  145  158
   16  270   23    6   40  216  201  145
   16  308   26    8   37  182  174  146
   16   21    2    9   92  128  128  128
   16  123   11    3   14   68   48   46
   16  303   26    3   29  215  199  176
   16  118   10   10   55  160  179  157
   16   39    4    3   29  215  199  176
   16  231   20    3   93  160  160  160
   16  353   30    5   13  116   92   87
   16   72    6   12   23   66   49   42
   16  155   13   11   78  167  174  186
   16  176   15    8   24  235  193  163
   16  349   30    1   13  116   92   87
   16  213   18    9   20  192  170  156
   16  134   12    2   91   96   96   96
   16  285   24    9   28  165  110   72
   16  350   30    2   53   70   76   59
   16   34    3   10   45  204  203  170
   16  181   16    1   66  177  208  196
   16  345   29    9   15  210  164  149
   16  314   27    2   95  224  224  224
   16   52    5    4   94  192  192  192
   16  160   14    4   39   81   73   55
   16  291   25    3   30  162  145  125
   16  263   22   11    9  143   79   78
   16  204   17   12   84  212  197  201
   16  335   28   11   18  197  132  112
   16  174   15    6   75  130  151  157
   16  236   20    8   28  165  110   72
   16  313   27    1   29  215  199  176
   16   77    7    5   29  215  199  176
   16  207   18    3   64   86  163  127
   16  139   12    7   91   96   96   96
   16   90    8    6   54  166  180  127
   16  193   17    1   75  130  151  157
   16  117   10    9   18  197  132  112
   16  161   14    5   90   64   64   64
   16  192   16   12   31  111   95   77
   16  323   27   11   95  224  224  224
   16  340   29    4   29  215  199  176
   16   47    4   11   52  118  125  103
   16   56    5    8   29  215  199  176
   16   43    4    7   26  127   89   66
   16  221   19    5   61  105  127  115
   16  292   25    4   29  215  199  176
   16   74    7    2   28  165  110   72
   16  264   22   12   28  165  110   72
   16   69    6    9   47  100   99   76
   16  356   30    8    3  115   92   91
   16   87    8    3   47  100   99   76
   16  244   21    4   79  116  122  135
   16   67    6    7   14   68   48   46
   16   14    2    2   91   96   96   96
   16  288   24   12   30  162  145  125
   16  255   22    3   29  215  199  176
   16  281   24    5   40  216  201  145
   16   83    7   11   28  165  110   72
   16   23    2   11   75  130  151  157
   16  315   27    3   78  167  174  186
   16  355   30    7   42  111   96   52
   16  165   14    9   38  130  122   98
   16  297   25    9   48  180  177  120
   16   18    2    6   91   96   96   96
   16  240   20   12   92  128  128  128
   16   25    3    1   91   96   96   96
   16  209   18    5    1  215  197  195
   16  132   11   12   45  204  203  170
   16  121   11    1   14   68   48   46
   16  343   29    7   18  197  132  112
   16  116   10    8   15  210  164  149
   16   22    2   10   14   68   48   46
   16   85    8    1   57   65   77   65
   16  330   28    6   78  167  174  186
   16  245   21    5   71   57   78   77
   16  152   13    8   45  204  203  170
   16    5    1    5   37  182  174  146
   16  271   23    7   36  183  140   82
   16  202   17   10   46  151  149  122
   16   11    1   11   78  167  174  186
   16   13    2    1   31  111   95   77
   16  274   23   10   28  165  110   72
   16  273   23    9   29  215  199  176
   16  235   20    7   77   50  132  154
   16  247   21    7   39   81   73   55
   16  290   25    2   19  143   81   65
   16  257   22    5   12  166  143  136
   16  342   29    6   20  192  170  156
   16  135   12    3   67  127  154  145
   16   63    6    3   90   64   64   64
   16  249   21    9   89   32   32   32
   16  185   16    5   75  130  151  157
   16  246   21    6   14   68   48   46
   16  278   24    2   29  215  199  176
   16  128   11    8    4   68   47   49
   16   50    5    2   29  215  199  176
   16  339   29    3   45  204  203  170
   16   91    8    7   47  100   99   76
   16  262   22   10   32   63   51   38
   16  318   27    6   94  192  192  192
   16  251   21   11   83   59   49   63
   16   70    6   10   57   65   77   65
   16    6    1    6   93  160  160  160
   16  147   13    3   11  217  197  191
   16  301   26    1   37  182  174  146
   16  218   19    2   69  150  180  175
   16  106    9   10   95  224  224  224
   16   79    7    7   46  151  149  122
   16  227   19   11   47  100   99   76
   16  126   11    6   47  100   99   76
   16  243   21    3   91   96   96   96
   16  311   26   11   29  215  199  176
   16  310   26   10   79  116  122  135
   16  232   20    4   61  105  127  115
   16   60    5   12   30  162  145  125
   16  104    9    8   78  167  174  186
   16  254   22    2   31  111   95   77
   16  329   28    5   28  165  110   72
   16  239   20   11   67  127  154  145
   16   30    3    6   11  217  197  191
   16  277   24    1   28  165  110   72
   16   45    4    9   90   64   64   64
   16   57    5    9   15  210  164  149
   16    8    1    8   78  167  174  186
   16  163   14    7   57   65   77   65
   16  169   15    1   45  204  203  170
   16  332   28    8   29  215  199  176
   16  328   28    4   77   50  132  154
   16  322   27   10   11  217  197  191
   16  360   30   12   25  179  140  114
   16  215   18   11   18  197  132  112
   16   89    8    5   56  110  127  109
   16   20    2    8   80   67   74   88
   16  316   27    4   11  217  197  191
   16  333   28    9   15  210  164  149
   16  115   10    7   31  111   95   77
   16  208   18    4   46  151  149  122
   16  302   26    2   12  166  143  136
   16  296   25    8   48  180  177  120
   16  223   19    7   47  100   99   76
   16  114   10    6   79  116  122  135
   16   51    5    3   15  210  164  149
   16  234   20    6    4   68   47   49
   16  260   22    8   35  238  194  129
   16  113   10    5   13  116   92   87
   16  275   23   11   14   68   48   46
   16  211   18    7   46  151  149  122
   16  354   30    6   25  179  140  114
   16  143   12   11   90   64   64   64
   16   37    4    1   56  110  127  109
   16  327   28    3   29  215  199  176
   16  173   15    5   11  217  197  191
   16   61    6    1    4   68   47   49
   16   81    7    9   45  204  203  170
   16  326   28    2   91   96   96   96
   16  305   26    5   45  204  203  170
   16  109   10    1   33  200  169  128
   16   42    4    6   68   80  102   95
   16  280   24    4   32   63   51   38
   16  183   16    3   78  167  174  186
   16  131   11   11   62   61   78   69
   16    1    1    1   23   66   49   42
   16  309   26    9   44  142  120   48
   16  187   16    7   80   67   74   88
   16  222   19    6   12  166  143  136
   16  306   26    6   29  215  199  176
   16  233   20    5   18  197  132  112
   16  259   22    7    9  143   79   78
   16  230   20    2   46  151  149  122
   16  138   12    6   92  128  128  128
   16  276   23   12   75  130  151  157
   16  105    9    9   84  212  197  201
   16   36    3   12   40  216  201  145
   16  321   27    9   74  183  205  210
   16  154   13   10   24  235  193  163
   16  206   18    2   30  162  145  125
   16  338   29    2   40  216  201  145
   16  250   21   10   91   96   96   96
   16  261   22    9   91   96   96   96
   16    4    1    4   30  162  145  125
   16  148   13    4   30  162  145  125
   16  357   30    9   47  100   99   76
   16  124   11    4   53   70   76   59
   16   94    8   10   61  105  127  115
   16  166   14   10   52  118  125  103
   16  162   14    6   17  105   63   55
   16  344   29    8   35  238  194  129
   16  179   15   11   15  210  164  149
   16  136   12    4   23   66   49   42
   16   86    8    2   54  166  180  127
   16   65    6    5   89   32   32   32
   16  190   16   10   79  116  122  135
   16    7    1    7   29  215  199  176
   16  300   25   12   29  215  199  176
   16  167   14   11   80   67   74   88
   16  266   23    2   29  215  199  176
   16   19    2    7    2  164  143  141
   16  269   23    5   40  216  201  145
   16  159   14    3   39   81   73   55
   16  178   15   10   24  235  193  163
   16   99    9    3   29  215  199  176
   16   82    7   10   50  155  151   70
   16   97    9    1   29  215  199  176
   16  194   17    2   93  160  160  160
   16   88    8    4   51  170  177  149
   16  241   21    1   91   96   96   96
   16   64    6    4   89   32   32   32
   16  348   29   12   35  238  194  129
   16  180   15   12   78  167  174  186
   16  125   11    5   29  215  199  176
   16  220   19    4   36  183  140   82
   16  196   17    4   67  127  154  145
   16  133   12    1   89   32   32   32
   16   59    5   11   29  215  199  176
   16  127   11    7   79  116  122  135
   16   33    3    9   29  215  199  176
   16  200   17    8   47  100   99   76
   16   17    2    5   47  100   99   76
   16  188   16    8   46  151  149  122
   16   55    5    7   29  215  199  176
   16  198   17    6   60  154  180  165
   16   73    7    1   48  180  177  120
   16  214   18   10   15  210  164  149
   16   54    5    6   29  215  199  176
   16  324   27   12   67  127  154  145
   16   10    1   10   92  128  128  128
   16  304   26    4   42  111   96   52
   16   24    2   12   93  160  160  160
   16  229   20    1   58  122  157  119
   16   92    8    8   57   65   77   65
   16  216   18   12   33  200  169  128
   16   80    7    8   33  200  169  128
   16  337   29    1   27  100   66   47
   16  153   13    9   75  130  151  157
   16   48    4   12   30  162  145  125
   16  156   13   12   93  160  160  160
   16  158   14    2   79  116  122  135
   16  205   18    1   11  217  197  191
   16  129   11    9   46  151  149  122
   16   31    3    7   29  215  199  176
   16  317   27    5   91   96   96   96
   16  287   24   11   25  179  140  114
   16  238   20   10   78  167  174  186
   16  100    9    4   93  160  160  160
   16  175   15    7   93  160  160  160
   16  144   12   12   89   32   32   32
   16  237   20    9   75  130  151  157
   16  102    9    6   33  200  169  128
   16  359   30   11   28  165  110   72
   16  289   25    1   37  182  174  146
   16  279   24    3   30  162  145  125
   16  149   13    5   51  170  177  149
   16   15    2    3   69  150  180  175
   16    9    1    9   79  116  122  135
   16  347   29   11   45  204  203  170
   16  199   17    7   47  100   99   76
   16   78    7    6   45  204  203  170
   16  137   12    5   89   32   32   32
   16  286   24   10   44  142  120   48
   16    2    1    2   11  217  197  191
   16   93    8    9    4   68   47   49
   16  268   23    4   75  130  151  157
   16   44    4    8   31  111   95   77
   16   38    4    2   31  111   95   77
   16  299   25   11   94  192  192  192
   16  224   19    8   46  151  149  122
   16  195   17    3   48  180  177  120
   16  346   29   10   25  179  140  114
   16  189   16    9   46  151  149  122
   16  256   22    4   12  166  143  136
   16  197   17    5   45  204  203  170
   16  108    9   12    1  215  197  195
   16  283   24    7   43  195  173   95
   16  184   16    4   70  102  127  124
   16  219   19    3   47  100   99   76
   16   49    5    1   18  197  132  112
   16  265   23    1   25  179  140  114
   16   96    8   12   60  154  180  165
   16  225   19    9   91   96   96   96
   16  358   30   10   91   96   96   96
   16   71    6   11   89   32   32   32
   16  253   22    1   30  162  145  125
   16  168   14   12   79  116  122  135
   16  307   26    7   29  215  199  176
   16  282   24    6   12  166  143  136
   16   27    3    3   75  130  151  157
   16  170   15    2   95  224  224  224
   16  172   15    4   95  224  224  224
   16   53    5    5   18  197  132  112
   16  171   15    3   95  224  224  224
   16   32    3    8   74  183  205  210
   16  145   13    1   60  154  180  165
   16   26    3    2   69  150  180  175
   16  334   28   10   11  217  197  191
   16  146   13    2   24  235  193  163
   16   29    3    5    1  215  197  195
   16  258   22    6   15  210  164  149
   16   58    5   10   28  165  110   72
   16   28    3    4   46  151  149  122
   16  312   26   12   78  167  174  186
