   10    6  126   11    6    2
   10    6  220   19    4    3
   10    6  246   21    6    1
   10    6  320   27    8    5
   10    6  137   12    5    2
   10    6   46    4   10    3
   10    6  341   29    5    5
   10    6  305   26    5    2
   10    6  186   16    6    4
   10    6   64    6    4    2
   10    6  140   12    8    2
   10    6  227   19   11    4
   10    6  288   24   12    3
   10    6  239   20   11    2
   10    6  257   22    5    8
   10    6  173   15    5    3
   10    6  152   13    8    6
   10    6  188   16    8    5
   10    6   23    2   11    1
   10    6   96    8   12    9
   10    6   87    8    3    9
   10    6  301   26    1    2
   10    6  205   18    1    5
   10    6  283   24    7    8
   10    6  325   28    1    2
   10    6   61    6    1    3
   10    6  267   23    3    4
   10    6  184   16    4    5
   10    6  242   21    2    2
   10    6  324   27   12    4
   10    6   12    1   12    5
   10    6   34    3   10    5
   10    6  254   22    2    6
   10    6  132   11   12    6
   10    6  319   27    7    2
   10    6  313   27    1    2
   10    6  271   23    7    1
   10    6  164   14    8    2
   10    6  311   26   11    2
   10    6  104    9    8    1
   10    6  327   28    3    5
   10    6   44    4    8    2
   10    6  185   16    5    3
   10    6  328   28    4    7
   10    6  245   21    5    3
   10    6  338   29    2    2
   10    6   74    7    2    6
   10    6   53    5    5    7
   10    6  256   22    4    3
   10    6  277   24    1    6
   10    6  276   23   12    4
   10    6  182   16    2    4
   10    6  272   23    8    3
   10    6   90    8    6    6
   10    6  292   25    4    1
   10    6  134   12    2    1
   10    6  226   19   10    5
   10    6   58    5   10    7
   10    6   50    5    2    7
   10    6  232   20    4    1
   10    6   56    5    8    7
   10    6  265   23    1    4
   10    6   62    6    2    2
   10    6   49    5    1    7
   10    6  114   10    6    7
   10    6  196   17    4    7
   10    6  307   26    7    2
   10    6   31    3    7    3
   10    6   47    4   11    2
   10    6  252   21   12    2
   10    6  229   20    1    2
   10    6  278   24    2    6
   10    6  350   30    2    3
   10    6  204   17   12    5
   10    6  237   20    9    4
   10    6  225   19    9    2
   10    6  128   11    8    3
   10    6   67    6    7    5
   10    6  335   28   11    2
   10    6  234   20    6    1
   10    6  241   21    1    2
   10    6  312   26   12    2
   10    6   37    4    1    3
   10    6  287   24   11    8
   10    6  112   10    4    1
   10    6   72    6   12    3
   10    6  249   21    9    1
   10    6  298   25   10    3
   10    6  218   19    2    4
   10    6   26    3    2    5
   10    6  179   15   11    3
   10    6  336   28   12    4
   10    6  163   14    7    2
   10    6  263   22   11    5
   10    6  250   21   10    1
   10    6   91    8    7    5
   10    6   25    3    1    5
   10    6  243   21    3    1
   10    6   22    2   10    2
   10    6  247   21    7    2
   10    6  357   30    9    7
   10    6  151   13    7    5
   10    6   35    3   11    6
   10    6  269   23    5    3
   10    6    6    1    6    5
   10    6  115   10    7    4
   10    6  356   30    8    2
   10    6  244   21    4    2
   10    6   10    1   10    3
   10    6   18    2    6    1
   10    6    1    1    1    5
   10    6   52    5    4    6
   10    6  228   19   12    7
   10    6   84    7   12    7
   10    6  260   22    8    9
   10    6  113   10    5    8
   10    6   73    7    1    8
   10    6  346   29   10    3
   10    6  154   13   10    5
   10    6  148   13    4    5
   10    6   79    7    7    7
   10    6  209   18    5    3
   10    6  120   10   12    5
   10    6  108    9   12    2
   10    6  187   16    7    6
   10    6   89    8    5    7
   10    6  230   20    2    2
   10    6  345   29    9    6
   10    6  193   17    1    5
   10    6  284   24    8    5
   10    6  275   23   11    7
   10    6  147   13    3    4
   10    6  109   10    1    4
   10    6  145   13    1    3
   10    6  177   15    9    2
   10    6  222   19    6    6
   10    6  100    9    4    4
   10    6  201   17    9    3
   10    6  334   28   10    3
   10    6  146   13    2    6
   10    6  223   19    7    6
   10    6   48    4   12    4
   10    6  323   27   11    5
   10    6  268   23    4    6
   10    6   68    6    8    7
   10    6   33    3    9    5
   10    6   80    7    8    7
   10    6   43    4    7    6
   10    6  156   13   12    5
   10    6  316   27    4    7
   10    6  206   18    2    4
   10    6   94    8   10    5
   10    6  200   17    8    4
   10    6    3    1    3    5
   10    6  191   16   11    4
   10    6  214   18   10    4
   10    6  203   17   11    6
   10    6  207   18    3    5
   10    6  354   30    6    7
   10    6  303   26    3    3
   10    6  355   30    7    3
   10    6  358   30   10    1
   10    6  314   27    2    2
   10    6  127   11    7    5
   10    6  133   12    1    2
   10    6  136   12    4    4
   10    6  171   15    3    1
   10    6  349   30    1    2
   10    6  183   16    3    5
   10    6  333   28    9    3
   10    6  118   10   10    6
   10    6  297   25    9    3
   10    6  264   22   12    7
   10    6  326   28    2    6
   10    6   38    4    2    3
   10    6  351   30    3    2
   10    6  213   18    9    5
   10    6  217   19    1    5
   10    6   75    7    3    5
   10    6  106    9   10    5
   10    6   19    2    7    1
   10    6  295   25    7    3
   10    6  231   20    3    1
   10    6   51    5    3    6
   10    6  111   10    3    5
   10    6  259   22    7    5
   10    6  101    9    5    1
   10    6  139   12    7    1
   10    6  253   22    1    7
   10    6  360   30   12    2
   10    6  343   29    7    5
   10    6  332   28    8    4
   10    6  235   20    7    1
   10    6  285   24    9    6
   10    6  144   12   12    2
   10    6  178   15   10    3
   10    6   57    5    9    8
   10    6   59    5   11    7
   10    6  153   13    9    6
   10    6  221   19    5    4
   10    6    8    1    8    2
   10    6   69    6    9    3
   10    6  270   23    6    4
   10    6  255   22    3    6
   10    6   45    4    9    3
   10    6   78    7    6    6
   10    6  119   10   11    1
   10    6  130   11   10    4
   10    6   40    4    4    5
   10    6  174   15    6    2
   10    6  308   26    8    2
   10    6  124   11    4    2
   10    6  216   18   12    3
   10    6  141   12    9    2
   10    6  143   12   11    2
   10    6    2    1    2    5
   10    6  337   29    1    7
   10    6  273   23    9    6
   10    6  238   20   10    2
   10    6   36    3   12    4
   10    6   81    7    9    7
   10    6   24    2   12    2
   10    6  211   18    7    1
   10    6   16    2    4    1
   10    6  138   12    6    2
   10    6  331   28    7    4
   10    6  194   17    2    6
   10    6   13    2    1    2
   10    6   77    7    5    6
   10    6  117   10    9    7
   10    6  299   25   11    3
   10    6  166   14   10    4
   10    6  347   29   11    2
   10    6  330   28    6    5
   10    6   83    7   11    9
   10    6  329   28    5    4
   10    6  197   17    5    2
   10    6  192   16   12    5
   10    6   41    4    5    4
   10    6   39    4    3    3
   10    6  175   15    7    5
   10    6   71    6   11    1
   10    6  180   15   12    5
   10    6  162   14    6    3
   10    6   86    8    2    6
   10    6  251   21   11    2
   10    6  339   29    3    2
   10    6   98    9    2    1
   10    6  321   27    9    3
   10    6   21    2    9    1
   10    6   60    5   12    6
   10    6   27    3    3    5
   10    6    7    1    7    6
   10    6  190   16   10    7
   10    6  348   29   12    3
   10    6  176   15    8    5
   10    6  322   27   10    5
   10    6   70    6   10    2
   10    6  110   10    2    5
   10    6  290   25    2    4
   10    6  310   26   10    1
   10    6  212   18    8    2
   10    6  107    9   11    1
   10    6   54    5    6    4
   10    6  280   24    4    6
   10    6  353   30    5    2
   10    6  208   18    4    3
   10    6   88    8    4    4
   10    6  123   11    3    6
   10    6  215   18   11    3
   10    6   92    8    8    5
   10    6   65    6    5    6
   10    6  342   29    6    5
   10    6  279   24    3    6
   10    6   30    3    6    5
   10    6  102    9    6    2
   10    6  121   11    1    6
   10    6   32    3    8    5
   10    6  161   14    5    3
   10    6  158   14    2    1
   10    6   11    1   11    4
   10    6   55    5    7    4
   10    6  195   17    3    3
   10    6  317   27    5    4
   10    6  224   19    8    5
   10    6  302   26    2    2
   10    6  309   26    9    2
   10    6  142   12   10    4
   10    6    9    1    9    3
   10    6  282   24    6    7
   10    6  315   27    3    3
   10    6  210   18    6    7
   10    6  131   11   11    7
   10    6  202   17   10    5
   10    6  198   17    6    5
   10    6   28    3    4    5
   10    6  168   14   12    2
   10    6  262   22   10    6
   10    6  296   25    8    2
   10    6  149   13    5    5
   10    6  167   14   11    3
   10    6  240   20   12    3
   10    6   93    8    9    4
   10    6  304   26    4    2
   10    6  159   14    3    3
   10    6  258   22    6    6
   10    6  294   25    6    2
   10    6  129   11    9    5
   10    6  199   17    7    3
   10    6   76    7    4    6
   10    6   85    8    1    2
   10    6  291   25    3    2
   10    6  172   15    4    3
   10    6  165   14    9    8
   10    6  289   25    1    1
   10    6  359   30   11    4
   10    6   66    6    6    8
   10    6   82    7   10    8
   10    6  344   29    8    2
   10    6   14    2    2    2
   10    6   42    4    6    3
   10    6  233   20    5    1
   10    6  160   14    4    2
   10    6  105    9    9    1
   10    6  169   15    1    4
   10    6    4    1    4    4
   10    6  293   25    5    3
   10    6  340   29    4    1
   10    6   95    8   11    4
   10    6   15    2    3    4
   10    6  170   15    2    1
   10    6  274   23   10    5
   10    6  286   24   10    6
   10    6  236   20    8    1
   10    6  181   16    1    6
   10    6   99    9    3    1
   10    6  157   14    1    2
   10    6  189   16    9    4
   10    6  135   12    3    2
   10    6  266   23    2    2
   10    6  300   25   12    1
   10    6   20    2    8    1
   10    6  155   13   11    5
   10    6  122   11    2    2
   10    6    5    1    5    4
   10    6  219   19    3    3
   10    6  248   21    8    2
   10    6  318   27    6    1
   10    6  352   30    4    1
   10    6  261   22    9    3
   10    6   63    6    3    2
   10    6   97    9    1    1
   10    6  150   13    6    3
   10    6  281   24    5    9
   10    6  125   11    5    5
   10    6   17    2    5    1
   10    6  116   10    8    1
   10    6   29    3    5    4
   10    6  103    9    7    2
   10    6  306   26    6    1
