   10   18   53    5    5    7
   10   18  205   18    1    3
   10   18  272   23    8    2
   10   18   95    8   11    5
   10   18   85    8    1    1
   10   18  181   16    1    3
   10   18  156   13   12    2
   10   18  273   23    9    5
   10   18  334   28   10    2
   10   18  189   16    9    6
   10   18  245   21    5    2
   10   18  310   26   10    1
   10   18   94    8   10    7
   10   18  196   17    4    6
   10   18   55    5    7    3
   10   18  309   26    9    2
   10   18  299   25   11    2
   10   18  303   26    3    3
   10   18  170   15    2    1
   10   18  220   19    4    6
   10   18  143   12   11    1
   10   18  279   24    3    8
   10   18  184   16    4    5
   10   18  356   30    8    1
   10   18  207   18    3    5
   10   18   11    1   11    2
   10   18  125   11    5    2
   10   18   92    8    8    6
   10   18  140   12    8    1
   10   18    8    1    8    1
   10   18  155   13   11    3
   10   18   28    3    4    7
   10   18  359   30   11    5
   10   18   37    4    1    4
   10   18  131   11   11    6
   10   18  328   28    4    8
   10   18  135   12    3    3
   10   18  316   27    4    6
   10   18  128   11    8    3
   10   18  260   22    8    9
   10   18  110   10    2    5
   10   18   48    4   12    2
   10   18  345   29    9    3
   10   18   43    4    7    6
   10   18  346   29   10    1
   10   18  290   25    2    6
   10   18  274   23   10    4
   10   18   59    5   11    7
   10   18   81    7    9    9
   10   18  246   21    6    1
   10   18  204   17   12    2
   10   18   44    4    8    2
   10   18  304   26    4    2
   10   18   60    5   12    7
   10   18  339   29    3    2
   10   18  231   20    3    1
   10   18   61    6    1    1
   10   18  167   14   11    2
   10   18  194   17    2    4
   10   18  249   21    9    1
   10   18  203   17   11    7
   10   18  212   18    8    1
   10   18   87    8    3    7
   10   18  191   16   11    3
   10   18    6    1    6    4
   10   18  253   22    1    9
   10   18   31    3    7    7
   10   18   71    6   11    1
   10   18   33    3    9    3
   10   18  142   12   10    1
   10   18   67    6    7    5
   10   18  180   15   12    3
   10   18  199   17    7    2
   10   18  137   12    5    1
   10   18  151   13    7    3
   10   18  314   27    2    2
   10   18  221   19    5    1
   10   18   56    5    8    5
   10   18  326   28    2    3
   10   18   64    6    4    1
   10   18  117   10    9    7
   10   18  219   19    3    6
   10   18   35    3   11    5
   10   18  166   14   10    2
   10   18  311   26   11    1
   10   18  187   16    7    4
   10   18   84    7   12    6
   10   18  154   13   10    7
   10   18   54    5    6    3
   10   18  213   18    9    4
   10   18    9    1    9    3
   10   18  176   15    8    5
   10   18  300   25   12    1
   10   18   12    1   12    6
   10   18  134   12    2    1
   10   18  329   28    5    6
   10   18   51    5    3    7
   10   18   27    3    3    4
   10   18  322   27   10    2
   10   18  305   26    5    3
   10   18  252   21   12    3
   10   18    5    1    5    6
   10   18  237   20    9    6
   10   18  114   10    6    4
   10   18  179   15   11    6
   10   18   78    7    6    7
   10   18   89    8    5    3
   10   18  158   14    2    1
   10   18  340   29    4    1
   10   18   63    6    3    1
   10   18  289   25    1    1
   10   18  331   28    7    4
   10   18  278   24    2    6
   10   18  144   12   12    1
   10   18   83    7   11    9
   10   18  335   28   11    3
   10   18  291   25    3    2
   10   18   52    5    4    4
   10   18  122   11    2    2
   10   18  150   13    6    5
   10   18   30    3    6    4
   10   18  308   26    8    3
   10   18  258   22    6    7
   10   18   65    6    5    7
   10   18  202   17   10    2
   10   18  164   14    8    3
   10   18  112   10    4    1
   10   18  193   17    1    4
   10   18   70    6   10    1
   10   18  190   16   10    6
   10   18  234   20    6    1
   10   18  120   10   12    4
   10   18  104    9    8    1
   10   18  321   27    9    7
   10   18  259   22    7    7
   10   18  115   10    7    8
   10   18  197   17    5    1
   10   18  358   30   10    1
   10   18   50    5    2    3
   10   18  224   19    8    2
   10   18   49    5    1    8
   10   18   88    8    4    6
   10   18   90    8    6    8
   10   18  293   25    5    5
   10   18   24    2   12    3
   10   18  243   21    3    1
   10   18  355   30    7    1
   10   18  228   19   12    6
   10   18  320   27    8    6
   10   18  101    9    5    1
   10   18  226   19   10    2
   10   18  342   29    6    3
   10   18  211   18    7    1
   10   18   47    4   11    1
   10   18   93    8    9    6
   10   18  223   19    7    5
   10   18  360   30   12    2
   10   18  208   18    4    2
   10   18  266   23    2    4
   10   18  336   28   12    6
   10   18   97    9    1    1
   10   18   42    4    6    3
   10   18   22    2   10    1
   10   18   46    4   10    1
   10   18  256   22    4    6
   10   18   99    9    3    1
   10   18  146   13    2    7
   10   18   73    7    1    8
   10   18   19    2    7    2
   10   18  206   18    2    5
   10   18  344   29    8    1
   10   18  230   20    2    3
   10   18  297   25    9    2
   10   18   45    4    9    1
   10   18  295   25    7    1
   10   18  282   24    6    3
   10   18   40    4    4    3
   10   18  136   12    4    2
   10   18  257   22    5    6
   10   18   10    1   10    2
   10   18  240   20   12    2
   10   18  201   17    9    1
   10   18  244   21    4    1
   10   18  105    9    9    1
   10   18  296   25    8    2
   10   18  119   10   11    1
   10   18  262   22   10    6
   10   18  353   30    5    1
   10   18  288   24   12    3
   10   18  162   14    6    2
   10   18  333   28    9    6
   10   18  107    9   11    1
   10   18  186   16    6    3
   10   18  269   23    5    2
   10   18  214   18   10    4
   10   18  292   25    4    2
   10   18  254   22    2    7
   10   18  306   26    6    1
   10   18   66    6    6    6
   10   18  172   15    4    3
   10   18  157   14    1    1
   10   18  247   21    7    2
   10   18  209   18    5    3
   10   18  192   16   12    5
   10   18  165   14    9    7
   10   18   16    2    4    1
   10   18  109   10    1    5
   10   18  317   27    5    3
   10   18  173   15    5    4
   10   18    3    1    3    3
   10   18  312   26   12    2
   10   18  108    9   12    2
   10   18  325   28    1    6
   10   18   34    3   10    5
   10   18  147   13    3    7
   10   18  175   15    7    4
   10   18  242   21    2    1
   10   18  133   12    1    1
   10   18  116   10    8    1
   10   18   25    3    1    3
   10   18  238   20   10    1
   10   18   86    8    2    7
   10   18  126   11    6    2
   10   18  236   20    8    1
   10   18   74    7    2    8
   10   18  121   11    1    7
   10   18  106    9   10    3
   10   18   82    7   10    7
   10   18  235   20    7    1
   10   18  148   13    4    7
   10   18   75    7    3    9
   10   18  261   22    9    5
   10   18  138   12    6    2
   10   18  270   23    6    4
   10   18    2    1    2    6
   10   18  319   27    7    2
   10   18  354   30    6    7
   10   18  123   11    3    8
   10   18  315   27    3    3
   10   18  149   13    5    4
   10   18   80    7    8    7
   10   18  188   16    8    5
   10   18  357   30    9    4
   10   18   62    6    2    2
   10   18   13    2    1    2
   10   18  111   10    3    4
   10   18  349   30    1    1
   10   18    7    1    7    6
   10   18  198   17    6    2
   10   18  324   27   12    6
   10   18  265   23    1    8
   10   18  241   21    1    4
   10   18  283   24    7    9
   10   18  127   11    7    4
   10   18  225   19    9    2
   10   18   18    2    6    1
   10   18   39    4    3    3
   10   18  103    9    7    1
   10   18  218   19    2    4
   10   18  264   22   12    8
   10   18  332   28    8    4
   10   18  248   21    8    2
   10   18  185   16    5    3
   10   18  178   15   10    3
   10   18  159   14    3    1
   10   18   96    8   12    7
   10   18  318   27    6    2
   10   18   77    7    5    6
   10   18  177   15    9    2
   10   18   68    6    8    6
   10   18  298   25   10    3
   10   18   20    2    8    1
   10   18   98    9    2    1
   10   18  327   28    3    2
   10   18  348   29   12    3
   10   18   91    8    7    5
   10   18  152   13    8    4
   10   18   69    6    9    2
   10   18  132   11   12    6
   10   18  350   30    2    2
   10   18  268   23    4    4
   10   18  141   12    9    1
   10   18  347   29   11    1
   10   18   79    7    7    9
   10   18  174   15    6    6
   10   18  271   23    7    2
   10   18  216   18   12    1
   10   18   14    2    2    1
   10   18   57    5    9    7
   10   18    1    1    1    5
   10   18  351   30    3    1
   10   18  118   10   10    6
   10   18   23    2   11    1
   10   18  229   20    1    1
   10   18  255   22    3    6
   10   18  323   27   11    4
   10   18   38    4    2    3
   10   18  330   28    6    6
   10   18  100    9    4    1
   10   18  232   20    4    1
   10   18  113   10    5    3
   10   18  183   16    3    2
   10   18  210   18    6    4
   10   18  343   29    7    7
   10   18  169   15    1    6
   10   18  287   24   11    8
   10   18  267   23    3    5
   10   18  352   30    4    2
   10   18  280   24    4    8
   10   18   41    4    5    7
   10   18  102    9    6    2
   10   18  313   27    1    4
   10   18  285   24    9    7
   10   18  302   26    2    1
   10   18  200   17    8    3
   10   18   21    2    9    1
   10   18  168   14   12    2
   10   18  124   11    4    2
   10   18  286   24   10    6
   10   18  182   16    2    3
   10   18  337   29    1    6
   10   18  263   22   11    8
   10   18  275   23   11    7
   10   18  239   20   11    2
   10   18  276   23   12    3
   10   18   26    3    2    5
   10   18  195   17    3    1
   10   18  251   21   11    1
   10   18  301   26    1    2
   10   18   36    3   12    2
   10   18  145   13    1    4
   10   18  161   14    5    2
   10   18  294   25    6    1
   10   18   72    6   12    2
   10   18   17    2    5    1
   10   18  139   12    7    1
   10   18  215   18   11    1
   10   18  171   15    3    1
   10   18   29    3    5    3
   10   18  130   11   10    3
   10   18  250   21   10    1
   10   18  129   11    9    3
   10   18   58    5   10    6
   10   18   76    7    4    7
   10   18  160   14    4    2
   10   18  222   19    6    2
   10   18  217   19    1    3
   10   18  338   29    2    1
   10   18  233   20    5    1
   10   18   15    2    3    2
   10   18  153   13    9    5
   10   18    4    1    4    3
   10   18  163   14    7    1
   10   18  341   29    5    3
   10   18  284   24    8    4
   10   18  307   26    7    1
   10   18  277   24    1    7
   10   18   32    3    8    2
   10   18  281   24    5    9
   10   18  227   19   11    3
