    5    9   35    3   11    4
    5    9  110   10    2    3
    5    9  257   22    5    5
    5    9  159   14    3    2
    5    9  147   13    3    6
    5    9   36    3   12    4
    5    9  135   12    3    8
    5    9  343   29    7    3
    5    9  132   11   12    5
    5    9  337   29    1    3
    5    9  282   24    6    2
    5    9   82    7   10    7
    5    9   88    8    4    6
    5    9  356   30    8    5
    5    9  290   25    2    4
    5    9  138   12    6    3
    5    9  213   18    9    6
    5    9    9    1    9    4
    5    9  332   28    8    8
    5    9   81    7    9    8
    5    9  313   27    1    5
    5    9  108    9   12    5
    5    9  252   21   12    2
    5    9  114   10    6    6
    5    9  299   25   11    4
    5    9  163   14    7    1
    5    9  117   10    9    3
    5    9  276   23   12    3
    5    9  358   30   10    1
    5    9   48    4   12    4
    5    9  172   15    4    6
    5    9  341   29    5    4
    5    9  150   13    6    5
    5    9  346   29   10    5
    5    9  169   15    1    6
    5    9   42    4    6    3
    5    9   73    7    1    4
    5    9  127   11    7    5
    5    9   13    2    1    2
    5    9  245   21    5    6
    5    9  205   18    1    5
    5    9  183   16    3    4
    5    9  160   14    4    3
    5    9  175   15    7    6
    5    9   24    2   12    4
    5    9  281   24    5    7
    5    9   27    3    3    4
    5    9  274   23   10    6
    5    9  240   20   12    2
    5    9  162   14    6    2
    5    9  216   18   12    3
    5    9  217   19    1    4
    5    9  238   20   10    3
    5    9   50    5    2    7
    5    9  351   30    3    4
    5    9  174   15    6    6
    5    9  134   12    2    9
    5    9   68    6    8    9
    5    9  292   25    4    4
    5    9   92    8    8    8
    5    9  130   11   10    3
    5    9  204   17   12    7
    5    9  254   22    2    3
    5    9  200   17    8    8
    5    9   94    8   10    8
    5    9  131   11   11    3
    5    9  241   21    1    7
    5    9   22    2   10    2
    5    9  158   14    2    6
    5    9  260   22    8    7
    5    9  225   19    9    3
    5    9  192   16   12    5
    5    9    6    1    6    6
    5    9   33    3    9    6
    5    9  304   26    4    5
    5    9  136   12    4    9
    5    9  345   29    9    4
    5    9  339   29    3    4
    5    9   58    5   10    5
    5    9  180   15   12    7
    5    9  178   15   10    8
    5    9    5    1    5    5
    5    9  250   21   10    7
    5    9  350   30    2    1
    5    9   77    7    5    6
    5    9   91    8    7    7
    5    9  139   12    7    8
    5    9  261   22    9    3
    5    9  311   26   11    5
    5    9  223   19    7    3
    5    9  237   20    9    4
    5    9  137   12    5    9
    5    9   76    7    4    6
    5    9  246   21    6    7
    5    9   37    4    1    4
    5    9   32    3    8    7
    5    9  286   24   10    3
    5    9  278   24    2    3
    5    9  305   26    5    5
    5    9  220   19    4    8
    5    9  109   10    1    4
    5    9  256   22    4    5
    5    9   12    1   12    6
    5    9  133   12    1    8
    5    9   90    8    6    7
    5    9   63    6    3    8
    5    9  334   28   10    8
    5    9   54    5    6    5
    5    9  247   21    7    1
    5    9  125   11    5    3
    5    9  154   13   10    4
    5    9  312   26   12    5
    5    9  128   11    8    4
    5    9   87    8    3    3
    5    9  316   27    4    7
    5    9  352   30    4    2
    5    9  106    9   10    6
    5    9  181   16    1    5
    5    9  253   22    1    3
    5    9  141   12    9    9
    5    9  215   18   11    3
    5    9   98    9    2    6
    5    9  249   21    9    8
    5    9   83    7   11    5
    5    9  187   16    7    5
    5    9   16    2    4    2
    5    9  353   30    5    2
    5    9  264   22   12    4
    5    9   34    3   10    4
    5    9  262   22   10    5
    5    9  284   24    8    2
    5    9  291   25    3    4
    5    9  349   30    1    1
    5    9  167   14   11    2
    5    9  144   12   12    9
    5    9  107    9   11    6
    5    9   75    7    3    6
    5    9  199   17    7    4
    5    9  301   26    1    5
    5    9   64    6    4    9
    5    9   38    4    2    3
    5    9  298   25   10    2
    5    9   66    6    6    9
    5    9   41    4    5    4
    5    9  208   18    4    6
    5    9    2    1    2    5
    5    9   10    1   10    4
    5    9  210   18    6    6
    5    9   15    2    3    3
    5    9  258   22    6    5
    5    9  161   14    5    4
    5    9  219   19    3    7
    5    9  233   20    5    3
    5    9   18    2    6    2
    5    9  336   28   12    8
    5    9  104    9    8    6
    5    9  244   21    4    8
    5    9  176   15    8    6
    5    9  171   15    3    7
    5    9   44    4    8    5
    5    9  320   27    8    7
    5    9   78    7    6    6
    5    9   21    2    9    4
    5    9  329   28    5    4
    5    9  145   13    1    5
    5    9   40    4    4    6
    5    9  243   21    3    6
    5    9   85    8    1    5
    5    9   89    8    5    6
    5    9  344   29    8    6
    5    9  338   29    2    5
    5    9  228   19   12    5
    5    9   69    6    9    9
    5    9    1    1    1    3
    5    9   60    5   12    6
    5    9  354   30    6    4
    5    9    8    1    8    5
    5    9  335   28   11    7
    5    9  113   10    5    4
    5    9  309   26    9    3
    5    9  273   23    9    7
    5    9  347   29   11    3
    5    9   20    2    8    2
    5    9  189   16    9    4
    5    9  268   23    4    2
    5    9  186   16    6    4
    5    9  119   10   11    3
    5    9  271   23    7    5
    5    9  266   23    2    6
    5    9   55    5    7    6
    5    9    4    1    4    4
    5    9   46    4   10    3
    5    9   28    3    4    3
    5    9  226   19   10    6
    5    9   99    9    3    6
    5    9   72    6   12    9
    5    9   67    6    7    9
    5    9  152   13    8    6
    5    9  151   13    7    4
    5    9  170   15    2    6
    5    9  348   29   12    3
    5    9  303   26    3    5
    5    9    3    1    3    4
    5    9  123   11    3    7
    5    9  100    9    4    6
    5    9  140   12    8    9
    5    9  190   16   10    3
    5    9  287   24   11    4
    5    9  283   24    7    3
    5    9  357   30    9    5
    5    9  184   16    4    6
    5    9  116   10    8    4
    5    9   79    7    7    7
    5    9  315   27    3    8
    5    9  251   21   11    8
    5    9  308   26    8    5
    5    9  302   26    2    3
    5    9  194   17    2    4
    5    9  360   30   12    5
    5    9  232   20    4    4
    5    9  166   14   10    3
    5    9  103    9    7    6
    5    9  206   18    2    4
    5    9  120   10   12    5
    5    9   62    6    2    9
    5    9  279   24    3    2
    5    9  236   20    8    1
    5    9   51    5    3    5
    5    9  101    9    5    4
    5    9   97    9    1    5
    5    9   30    3    6    6
    5    9  173   15    5    7
    5    9   39    4    3    3
    5    9  177   15    9    8
    5    9   57    5    9    7
    5    9  209   18    5    4
    5    9  297   25    9    3
    5    9   53    5    5    5
    5    9  333   28    9    8
    5    9   19    2    7    3
    5    9   71    6   11    9
    5    9  222   19    6    7
    5    9  319   27    7    6
    5    9  322   27   10    6
    5    9  331   28    7    7
    5    9  318   27    6    5
    5    9   96    8   12    6
    5    9  201   17    9    7
    5    9  149   13    5    4
    5    9  269   23    5    4
    5    9  155   13   11    5
    5    9  280   24    4    4
    5    9  231   20    3    5
    5    9   56    5    8    6
    5    9   95    8   11    4
    5    9  327   28    3    7
    5    9  230   20    2    7
    5    9  235   20    7    3
    5    9   84    7   12    6
    5    9  146   13    2    5
    5    9   29    3    5    5
    5    9  218   19    2    6
    5    9  129   11    9    4
    5    9  255   22    3    4
    5    9  168   14   12    2
    5    9  143   12   11    8
    5    9   43    4    7    2
    5    9  198   17    6    7
    5    9  142   12   10    8
    5    9    7    1    7    4
    5    9  102    9    6    4
    5    9  118   10   10    4
    5    9  212   18    8    5
    5    9  248   21    8    2
    5    9  126   11    6    2
    5    9  307   26    7    5
    5    9  265   23    1    7
    5    9  340   29    4    3
    5    9  229   20    1    4
    5    9  121   11    1    3
    5    9  105    9    9    6
    5    9  157   14    1    1
    5    9  326   28    2    8
    5    9  227   19   11    5
    5    9  293   25    5    6
    5    9   65    6    5    9
    5    9  115   10    7    4
    5    9   26    3    2    6
    5    9   49    5    1    7
    5    9  330   28    6    8
    5    9  359   30   11    4
    5    9  207   18    3    5
    5    9  156   13   12    3
    5    9  314   27    2    6
    5    9  325   28    1    7
    5    9  323   27   11    8
    5    9  191   16   11    3
    5    9  300   25   12    3
    5    9  179   15   11    6
    5    9   17    2    5    2
    5    9  342   29    6    5
    5    9   14    2    2    4
    5    9  355   30    7    3
    5    9  328   28    4    8
    5    9  294   25    6    6
    5    9  165   14    9    4
    5    9  193   17    1    8
    5    9  263   22   11    6
    5    9   80    7    8    9
    5    9  296   25    8    3
    5    9  267   23    3    7
    5    9   59    5   11    6
    5    9  148   13    4    4
    5    9   23    2   11    4
    5    9  196   17    4    7
    5    9  239   20   11    5
    5    9  124   11    4    4
    5    9  221   19    5    7
    5    9  182   16    2    3
    5    9  242   21    2    9
    5    9  275   23   11    9
    5    9  224   19    8    6
    5    9  112   10    4    3
    5    9  277   24    1    3
    5    9   31    3    7    6
    5    9  234   20    6    1
    5    9  214   18   10    5
    5    9  310   26   10    4
    5    9   74    7    2    5
    5    9  295   25    7    3
    5    9  211   18    7    3
    5    9  272   23    8    8
    5    9  288   24   12    4
    5    9   61    6    1    8
    5    9   47    4   11    3
    5    9   86    8    2    6
    5    9  270   23    6    6
    5    9  285   24    9    2
    5    9   11    1   11    3
    5    9  324   27   12    8
    5    9   93    8    9    5
    5    9  259   22    7    6
    5    9  164   14    8    3
    5    9  289   25    1    3
    5    9  317   27    5    5
    5    9   52    5    4    6
    5    9  185   16    5    5
    5    9  321   27    9    7
    5    9  203   17   11    7
    5    9  153   13    9    3
    5    9   25    3    1    5
    5    9  122   11    2    2
    5    9  306   26    6    3
    5    9   45    4    9    2
    5    9   70    6   10    9
    5    9  195   17    3    7
    5    9  197   17    5    4
    5    9  202   17   10    4
    5    9  188   16    8    5
    5    9  111   10    3    7
