    8    7  156   13   12    5
    8    7  341   29    5    3
    8    7  297   25    9    7
    8    7  155   13   11    9
    8    7  218   19    2    4
    8    7  282   24    6    2
    8    7  119   10   11    9
    8    7   58    5   10    1
    8    7  162   14    6    9
    8    7   23    2   11    9
    8    7  325   28    1    3
    8    7  337   29    1    9
    8    7  177   15    9    5
    8    7  101    9    5    9
    8    7  345   29    9    9
    8    7  144   12   12    3
    8    7  326   28    2    4
    8    7   45    4    9    3
    8    7  350   30    2    7
    8    7   75    7    3    3
    8    7   82    7   10    2
    8    7  252   21   12    4
    8    7  150   13    6    9
    8    7  200   17    8    9
    8    7  159   14    3    9
    8    7  251   21   11    9
    8    7  153   13    9    9
    8    7  271   23    7    9
    8    7  124   11    4    5
    8    7  343   29    7    9
    8    7   73    7    1    1
    8    7  163   14    7    9
    8    7   98    9    2    8
    8    7   26    3    2    2
    8    7  198   17    6    7
    8    7  292   25    4    9
    8    7  330   28    6    3
    8    7  120   10   12    4
    8    7  323   27   11    9
    8    7  135   12    3    8
    8    7   37    4    1    7
    8    7   77    7    5    3
    8    7  332   28    8    8
    8    7  172   15    4    9
    8    7  263   22   11    2
    8    7  112   10    4    8
    8    7   54    5    6    4
    8    7  160   14    4    8
    8    7  268   23    4    9
    8    7  260   22    8    3
    8    7   18    2    6    8
    8    7  309   26    9    8
    8    7  259   22    7    2
    8    7  346   29   10    4
    8    7  213   18    9    7
    8    7  327   28    3    4
    8    7  339   29    3    8
    8    7  201   17    9    7
    8    7  348   29   12    8
    8    7  250   21   10    8
    8    7  220   19    4    6
    8    7  231   20    3    8
    8    7  233   20    5    9
    8    7  347   29   11    8
    8    7  217   19    1    5
    8    7   30    3    6    4
    8    7  314   27    2    7
    8    7   31    3    7    3
    8    7  276   23   12    8
    8    7   92    8    8    4
    8    7  296   25    8    8
    8    7  293   25    5    7
    8    7  165   14    9    6
    8    7  216   18   12    7
    8    7  241   21    1    8
    8    7  116   10    8    8
    8    7  184   16    4    4
    8    7  102    9    6    4
    8    7   16    2    4    7
    8    7   22    2   10    8
    8    7   87    8    3    4
    8    7   25    3    1    3
    8    7  219   19    3    4
    8    7   57    5    9    2
    8    7   79    7    7    1
    8    7  269   23    5    3
    8    7  100    9    4    6
    8    7   20    2    8    8
    8    7  311   26   11    9
    8    7   76    7    4    3
    8    7  210   18    6    6
    8    7   61    6    1    9
    8    7    4    1    4    4
    8    7   17    2    5    8
    8    7  127   11    7    8
    8    7   11    1   11    3
    8    7  134   12    2    7
    8    7  178   15   10    5
    8    7   99    9    3    4
    8    7  122   11    2    6
    8    7  133   12    1    8
    8    7   62    6    2    9
    8    7  205   18    1    8
    8    7   13    2    1    9
    8    7  289   25    1    9
    8    7  149   13    5    7
    8    7   10    1   10    4
    8    7  335   28   11    6
    8    7  258   22    6    3
    8    7  234   20    6    8
    8    7  285   24    9    2
    8    7  338   29    2    8
    8    7  103    9    7    3
    8    7  180   15   12    7
    8    7  243   21    3    7
    8    7  299   25   11    4
    8    7  307   26    7    8
    8    7    8    1    8    7
    8    7  125   11    5    4
    8    7  286   24   10    8
    8    7  239   20   11    8
    8    7  247   21    7    7
    8    7  203   17   11    5
    8    7   53    5    5    5
    8    7  181   16    1    4
    8    7   19    2    7    5
    8    7  224   19    8    4
    8    7  222   19    6    6
    8    7  138   12    6    7
    8    7  106    9   10    7
    8    7  244   21    4    8
    8    7  349   30    1    9
    8    7  187   16    7    4
    8    7  279   24    3    3
    8    7  237   20    9    8
    8    7  147   13    3    9
    8    7  142   12   10    8
    8    7  192   16   12    7
    8    7   24    2   12    4
    8    7  357   30    9    7
    8    7   86    8    2    5
    8    7  113   10    5    4
    8    7  280   24    4    3
    8    7   85    8    1    7
    8    7  355   30    7    8
    8    7   89    8    5    4
    8    7  331   28    7    5
    8    7   28    3    4    3
    8    7  190   16   10    5
    8    7  206   18    2    8
    8    7   41    4    5    3
    8    7  284   24    8    2
    8    7  294   25    6    9
    8    7   48    4   12    3
    8    7  238   20   10    9
    8    7  232   20    4    9
    8    7  148   13    4    8
    8    7  191   16   11    6
    8    7  228   19   12    2
    8    7  306   26    6    8
    8    7  328   28    4    3
    8    7  109   10    1    7
    8    7  288   24   12    8
    8    7  351   30    3    9
    8    7   95    8   11    9
    8    7   21    2    9    9
    8    7  254   22    2    2
    8    7  223   19    7    1
    8    7  304   26    4    5
    8    7  342   29    6    9
    8    7  257   22    5    2
    8    7  275   23   11    7
    8    7  139   12    7    6
    8    7   14    2    2    7
    8    7  176   15    8    8
    8    7   74    7    2    2
    8    7  174   15    6    4
    8    7  143   12   11    7
    8    7  298   25   10    2
    8    7  195   17    3    8
    8    7  227   19   11    5
    8    7  283   24    7    2
    8    7  265   23    1    8
    8    7   68    6    8    9
    8    7   49    5    1    3
    8    7  118   10   10    4
    8    7   90    8    6    2
    8    7  295   25    7    8
    8    7  151   13    7    7
    8    7   56    5    8    3
    8    7   83    7   11    3
    8    7  270   23    6    9
    8    7  126   11    6    8
    8    7    6    1    6    7
    8    7   15    2    3    8
    8    7   51    5    3    6
    8    7  140   12    8    9
    8    7  221   19    5    9
    8    7  207   18    3    9
    8    7  157   14    1    9
    8    7  196   17    4    8
    8    7  324   27   12    6
    8    7   34    3   10    4
    8    7  108    9   12    7
    8    7  182   16    2    2
    8    7  186   16    6    3
    8    7  246   21    6    8
    8    7   97    9    1    8
    8    7  256   22    4    3
    8    7  131   11   11    2
    8    7   96    8   12    3
    8    7   59    5   11    2
    8    7   84    7   12    4
    8    7  261   22    9    2
    8    7   47    4   11    5
    8    7  169   15    1    3
    8    7  352   30    4    8
    8    7   63    6    3    9
    8    7    7    1    7    4
    8    7  193   17    1    6
    8    7  301   26    1    8
    8    7    9    1    9    9
    8    7   94    8   10    4
    8    7  105    9    9    3
    8    7   60    5   12    2
    8    7   93    8    9    4
    8    7   40    4    4    3
    8    7  240   20   12    7
    8    7  235   20    7    8
    8    7  171   15    3    9
    8    7   36    3   12    2
    8    7  111   10    3    7
    8    7  333   28    9    3
    8    7  104    9    8    6
    8    7  145   13    1    4
    8    7  110   10    2    3
    8    7  146   13    2    2
    8    7  334   28   10    8
    8    7  272   23    8    8
    8    7  353   30    5    9
    8    7  313   27    1    8
    8    7   72    6   12    9
    8    7  185   16    5    6
    8    7  114   10    6    4
    8    7   71    6   11    9
    8    7   32    3    8    3
    8    7  194   17    2    8
    8    7  130   11   10    7
    8    7  117   10    9    7
    8    7  308   26    8    8
    8    7  277   24    1    2
    8    7  336   28   12    6
    8    7  209   18    5    7
    8    7  320   27    8    3
    8    7  173   15    5    6
    8    7    5    1    5    4
    8    7   12    1   12    3
    8    7  211   18    7    8
    8    7  158   14    2    9
    8    7  329   28    5    6
    8    7  161   14    5    8
    8    7  248   21    8    3
    8    7  245   21    5    6
    8    7  303   26    3    5
    8    7  129   11    9    7
    8    7   81    7    9    2
    8    7  236   20    8    8
    8    7   38    4    2    7
    8    7  356   30    8    8
    8    7  154   13   10    7
    8    7  319   27    7    8
    8    7   39    4    3    7
    8    7  121   11    1    8
    8    7  167   14   11    9
    8    7   64    6    4    9
    8    7  230   20    2    9
    8    7  281   24    5    3
    8    7  266   23    2    9
    8    7  229   20    1    8
    8    7  202   17   10    8
    8    7   55    5    7    4
    8    7  291   25    3    3
    8    7  249   21    9    8
    8    7  214   18   10    4
    8    7  137   12    5    9
    8    7   52    5    4    3
    8    7   65    6    5    5
    8    7   67    6    7    7
    8    7   50    5    2    3
    8    7   80    7    8    4
    8    7   42    4    6    5
    8    7   70    6   10    8
    8    7   27    3    3    4
    8    7  226   19   10    5
    8    7   33    3    9    3
    8    7  322   27   10    7
    8    7  302   26    2    8
    8    7  115   10    7    9
    8    7  340   29    4    9
    8    7  262   22   10    3
    8    7  164   14    8    4
    8    7  170   15    2    7
    8    7  107    9   11    8
    8    7  310   26   10    9
    8    7  132   11   12    2
    8    7  189   16    9    3
    8    7   66    6    6    7
    8    7   88    8    4    4
    8    7  128   11    8    6
    8    7  300   25   12    8
    8    7  136   12    4    9
    8    7  175   15    7    8
    8    7  315   27    3    9
    8    7   69    6    9    9
    8    7  168   14   12    9
    8    7   43    4    7    4
    8    7  290   25    2    3
    8    7  199   17    7    7
    8    7  123   11    3    3
    8    7  359   30   11    6
    8    7  321   27    9    7
    8    7  197   17    5    8
    8    7  278   24    2    2
    8    7   78    7    6    3
    8    7  264   22   12    3
    8    7  360   30   12    8
    8    7  152   13    8    7
    8    7  183   16    3    8
    8    7  188   16    8    7
    8    7  208   18    4    6
    8    7  253   22    1    1
    8    7  166   14   10    7
    8    7  358   30   10    8
    8    7  255   22    3    3
    8    7  267   23    3    7
    8    7  215   18   11    4
    8    7  344   29    8    8
    8    7   35    3   11    3
    8    7  225   19    9    4
    8    7    2    1    2    3
    8    7  287   24   11    2
    8    7    1    1    1    4
    8    7    3    1    3    5
    8    7  274   23   10    6
    8    7   29    3    5    4
    8    7  179   15   11    3
    8    7  312   26   12    5
    8    7   91    8    7    4
    8    7  242   21    2    7
    8    7   46    4   10    4
    8    7  318   27    6    7
    8    7   44    4    8    3
    8    7  305   26    5    2
    8    7  317   27    5    4
    8    7  204   17   12    7
    8    7  316   27    4    3
    8    7  212   18    8    7
    8    7  354   30    6    3
    8    7  273   23    9    8
    8    7  141   12    9    9
