    2   11  250   21   10    1
    2   11  124   11    4    6
    2   11   83    7   11    4
    2   11  137   12    5    2
    2   11  160   14    4    3
    2   11  183   16    3    7
    2   11  242   21    2    8
    2   11  323   27   11    4
    2   11  170   15    2    1
    2   11   51    5    3    6
    2   11  214   18   10    5
    2   11  147   13    3    5
    2   11  257   22    5    9
    2   11  157   14    1    2
    2   11   96    8   12    7
    2   11  309   26    9    1
    2   11  338   29    2    4
    2   11  194   17    2    2
    2   11  247   21    7    5
    2   11  349   30    1    2
    2   11   77    7    5    9
    2   11  108    9   12    3
    2   11  213   18    9    6
    2   11  229   20    1    4
    2   11  268   23    4    1
    2   11  233   20    5    2
    2   11  128   11    8    9
    2   11  243   21    3    7
    2   11  228   19   12    8
    2   11   25    3    1    5
    2   11  149   13    5    6
    2   11  201   17    9    3
    2   11  133   12    1    2
    2   11  171   15    3    1
    2   11  105    9    9    2
    2   11  246   21    6    3
    2   11  221   19    5    3
    2   11  330   28    6    7
    2   11  326   28    2    7
    2   11  290   25    2    5
    2   11  320   27    8    1
    2   11  208   18    4    4
    2   11  331   28    7    5
    2   11  347   29   11    1
    2   11  186   16    6    7
    2   11   30    3    6    5
    2   11  118   10   10    5
    2   11  185   16    5    5
    2   11   88    8    4    6
    2   11   94    8   10    8
    2   11  109   10    1    4
    2   11  196   17    4    4
    2   11  181   16    1    7
    2   11   65    6    5    7
    2   11  193   17    1    4
    2   11  217   19    1    7
    2   11  164   14    8    4
    2   11  107    9   11    2
    2   11  177   15    9    1
    2   11  249   21    9    1
    2   11  182   16    2    3
    2   11  265   23    1    3
    2   11   37    4    1    7
    2   11  144   12   12    7
    2   11  304   26    4    3
    2   11  119   10   11    1
    2   11   95    8   11    3
    2   11  353   30    5    2
    2   11  139   12    7    1
    2   11  324   27   12    5
    2   11  359   30   11    5
    2   11   12    1   12    6
    2   11  311   26   11    2
    2   11  113   10    5    4
    2   11  103    9    7    1
    2   11  262   22   10    9
    2   11   68    6    8    8
    2   11  198   17    6    3
    2   11  357   30    9    6
    2   11  130   11   10    5
    2   11  259   22    7    9
    2   11   11    1   11    3
    2   11  195   17    3    2
    2   11  279   24    3    9
    2   11   74    7    2    8
    2   11  260   22    8    9
    2   11   49    5    1    9
    2   11  106    9   10    3
    2   11  102    9    6    2
    2   11   20    2    8    1
    2   11  316   27    4    3
    2   11   26    3    2    9
    2   11  339   29    3    2
    2   11   57    5    9    9
    2   11   53    5    5    6
    2   11  207   18    3    5
    2   11   14    2    2    2
    2   11  332   28    8    3
    2   11    2    1    2    3
    2   11  131   11   11    4
    2   11   99    9    3    1
    2   11   80    7    8    5
    2   11  252   21   12    2
    2   11  352   30    4    1
    2   11  225   19    9    5
    2   11   35    3   11    7
    2   11   69    6    9    1
    2   11  333   28    9    1
    2   11  302   26    2    1
    2   11   73    7    1    7
    2   11  212   18    8    2
    2   11  336   28   12    4
    2   11  135   12    3    6
    2   11    3    1    3    3
    2   11    5    1    5    8
    2   11  220   19    4    5
    2   11   13    2    1    2
    2   11  200   17    8    2
    2   11   86    8    2    5
    2   11  173   15    5    3
    2   11  236   20    8    1
    2   11  216   18   12    1
    2   11  312   26   12    2
    2   11   72    6   12    1
    2   11  308   26    8    2
    2   11  256   22    4    3
    2   11  232   20    4    2
    2   11   64    6    4    1
    2   11   39    4    3    5
    2   11  112   10    4    2
    2   11  255   22    3    6
    2   11  231   20    3    1
    2   11  282   24    6    5
    2   11  227   19   11    4
    2   11  127   11    7    7
    2   11  298   25   10    2
    2   11   16    2    4    1
    2   11  251   21   11    1
    2   11  141   12    9    1
    2   11  287   24   11    8
    2   11  100    9    4    1
    2   11  342   29    6    2
    2   11  161   14    5    1
    2   11  285   24    9    7
    2   11  293   25    5    2
    2   11   50    5    2    6
    2   11  275   23   11    2
    2   11   87    8    3    6
    2   11  258   22    6    6
    2   11  356   30    8    1
    2   11   28    3    4    5
    2   11   44    4    8    4
    2   11  209   18    5    3
    2   11  168   14   12    2
    2   11  314   27    2    1
    2   11   67    6    7    4
    2   11   32    3    8    7
    2   11  222   19    6    2
    2   11  269   23    5    2
    2   11  237   20    9    3
    2   11  154   13   10    4
    2   11  192   16   12    3
    2   11  313   27    1    3
    2   11   71    6   11    1
    2   11  111   10    3    3
    2   11  327   28    3    6
    2   11  355   30    7    1
    2   11  145   13    1    3
    2   11  121   11    1    5
    2   11  296   25    8    1
    2   11  223   19    7    4
    2   11  142   12   10    3
    2   11  175   15    7    2
    2   11   76    7    4    6
    2   11    4    1    4    4
    2   11   55    5    7    6
    2   11  163   14    7    2
    2   11   27    3    3    4
    2   11    8    1    8    3
    2   11  248   21    8    3
    2   11  226   19   10    4
    2   11   91    8    7    6
    2   11  291   25    3    3
    2   11  322   27   10    2
    2   11  218   19    2    3
    2   11  117   10    9    4
    2   11   46    4   10    2
    2   11  289   25    1    1
    2   11   21    2    9    1
    2   11  281   24    5    8
    2   11  286   24   10    6
    2   11  167   14   11    2
    2   11  158   14    2    1
    2   11  345   29    9    2
    2   11  150   13    6    2
    2   11  244   21    4    2
    2   11  176   15    8    3
    2   11  310   26   10    1
    2   11  340   29    4    1
    2   11   98    9    2    1
    2   11  245   21    5    1
    2   11   15    2    3    2
    2   11  334   28   10    1
    2   11  187   16    7    3
    2   11  315   27    3    1
    2   11  126   11    6    4
    2   11  303   26    3    2
    2   11  114   10    6    4
    2   11  273   23    9    2
    2   11  264   22   12    6
    2   11   22    2   10    2
    2   11   92    8    8    6
    2   11   89    8    5    3
    2   11   34    3   10    2
    2   11   29    3    5    3
    2   11  341   29    5    2
    2   11   58    5   10    5
    2   11  307   26    7    2
    2   11  318   27    6    1
    2   11  344   29    8    1
    2   11   10    1   10    3
    2   11  159   14    3    1
    2   11  271   23    7    1
    2   11  297   25    9    1
    2   11   31    3    7    4
    2   11  191   16   11    3
    2   11  238   20   10    1
    2   11   81    7    9    4
    2   11  123   11    3    5
    2   11  148   13    4    5
    2   11  280   24    4    7
    2   11   41    4    5    6
    2   11   60    5   12    6
    2   11    1    1    1    5
    2   11  132   11   12    7
    2   11  276   23   12    2
    2   11  189   16    9    5
    2   11  299   25   11    3
    2   11   23    2   11    2
    2   11  180   15   12    2
    2   11   66    6    6    3
    2   11  292   25    4    1
    2   11  172   15    4    1
    2   11  169   15    1    2
    2   11  272   23    8    1
    2   11  125   11    5    4
    2   11  151   13    7    3
    2   11  317   27    5    2
    2   11  283   24    7    9
    2   11  239   20   11    1
    2   11  188   16    8    4
    2   11   59    5   11    7
    2   11  358   30   10    1
    2   11  162   14    6    2
    2   11  261   22    9    3
    2   11   62    6    2    1
    2   11  348   29   12    1
    2   11  211   18    7    1
    2   11  300   25   12    1
    2   11  140   12    8    1
    2   11  277   24    1    9
    2   11  241   21    1    3
    2   11  204   17   12    2
    2   11  278   24    2    6
    2   11  305   26    5    3
    2   11  143   12   11    3
    2   11  179   15   11    4
    2   11   19    2    7    1
    2   11  101    9    5    1
    2   11  234   20    6    1
    2   11   40    4    4    4
    2   11  205   18    1    4
    2   11  138   12    6    2
    2   11  254   22    2    8
    2   11   33    3    9    6
    2   11  184   16    4    3
    2   11  325   28    1    1
    2   11  115   10    7    2
    2   11  178   15   10    1
    2   11  134   12    2    1
    2   11  270   23    6    2
    2   11   18    2    6    1
    2   11  203   17   11    3
    2   11   70    6   10    1
    2   11  219   19    3    3
    2   11  346   29   10    1
    2   11  354   30    6    2
    2   11   90    8    6    7
    2   11  329   28    5    3
    2   11  199   17    7    2
    2   11  129   11    9    5
    2   11   43    4    7    6
    2   11  267   23    3    1
    2   11  116   10    8    1
    2   11   17    2    5    1
    2   11  165   14    9    3
    2   11   45    4    9    2
    2   11   63    6    3    2
    2   11  253   22    1    9
    2   11  263   22   11    9
    2   11  210   18    6    3
    2   11  122   11    2    2
    2   11  104    9    8    1
    2   11  152   13    8    4
    2   11  328   28    4    6
    2   11  197   17    5    1
    2   11  360   30   12    1
    2   11   24    2   12    2
    2   11  274   23   10    3
    2   11    9    1    9    3
    2   11  153   13    9    4
    2   11  206   18    2    2
    2   11  230   20    2    1
    2   11   84    7   12    4
    2   11   82    7   10    6
    2   11   79    7    7    6
    2   11  284   24    8    4
    2   11   97    9    1    1
    2   11  174   15    6    2
    2   11  110   10    2    4
    2   11   36    3   12    5
    2   11   61    6    1    1
    2   11  350   30    2    1
    2   11  120   10   12    3
    2   11  215   18   11    2
    2   11   56    5    8    5
    2   11  224   19    8    2
    2   11  343   29    7    2
    2   11   48    4   12    3
    2   11    6    1    6    5
    2   11  294   25    6    1
    2   11  321   27    9    1
    2   11  351   30    3    1
    2   11  295   25    7    1
    2   11   85    8    1    2
    2   11    7    1    7    7
    2   11  319   27    7    1
    2   11  266   23    2    1
    2   11  155   13   11    3
    2   11   54    5    6    4
    2   11  166   14   10    2
    2   11   93    8    9    3
    2   11  136   12    4    2
    2   11  337   29    1    2
    2   11  190   16   10    4
    2   11  335   28   11    2
    2   11   38    4    2    2
    2   11   52    5    4    5
    2   11  301   26    1    1
    2   11  240   20   12    1
    2   11  288   24   12    1
    2   11   42    4    6    3
    2   11  146   13    2    3
    2   11   78    7    6    4
    2   11  202   17   10    1
    2   11  156   13   12    3
    2   11   75    7    3    6
    2   11  306   26    6    2
    2   11   47    4   11    2
    2   11  235   20    7    1
