   10    4  183   16    3    3
   10    4  272   23    8    2
   10    4  157   14    1    1
   10    4   97    9    1    1
   10    4  302   26    2    1
   10    4   98    9    2    1
   10    4    7    1    7    5
   10    4   36    3   12    5
   10    4  164   14    8    2
   10    4  339   29    3    1
   10    4  180   15   12    4
   10    4  345   29    9    3
   10    4  303   26    3    1
   10    4   90    8    6    5
   10    4   71    6   11    1
   10    4  186   16    6    7
   10    4   57    5    9    8
   10    4   64    6    4    1
   10    4  182   16    2    2
   10    4  138   12    6    1
   10    4  163   14    7    1
   10    4   37    4    1    5
   10    4  217   19    1    4
   10    4  341   29    5    3
   10    4   14    2    2    2
   10    4  105    9    9    1
   10    4  256   22    4    6
   10    4  192   16   12    5
   10    4  135   12    3    1
   10    4  169   15    1    1
   10    4  206   18    2    3
   10    4   29    3    5    5
   10    4  351   30    3    1
   10    4  121   11    1    4
   10    4   51    5    3    5
   10    4   10    1   10    3
   10    4  273   23    9    2
   10    4   35    3   11    6
   10    4  262   22   10    6
   10    4    8    1    8    1
   10    4   28    3    4    2
   10    4  293   25    5    2
   10    4  226   19   10    1
   10    4  291   25    3    2
   10    4  177   15    9    1
   10    4  129   11    9    5
   10    4  172   15    4    2
   10    4  136   12    4    4
   10    4  202   17   10    1
   10    4  300   25   12    1
   10    4  219   19    3    3
   10    4  162   14    6    2
   10    4  237   20    9    1
   10    4    5    1    5    2
   10    4  209   18    5    1
   10    4  307   26    7    1
   10    4  284   24    8    2
   10    4   31    3    7    5
   10    4  128   11    8    2
   10    4  310   26   10    1
   10    4  132   11   12    8
   10    4  316   27    4    3
   10    4  294   25    6    1
   10    4  280   24    4    7
   10    4   55    5    7    6
   10    4  211   18    7    1
   10    4  179   15   11    3
   10    4  279   24    3    4
   10    4  196   17    4    4
   10    4  118   10   10    4
   10    4  335   28   11    2
   10    4    4    1    4    3
   10    4  235   20    7    1
   10    4  125   11    5    5
   10    4  167   14   11    3
   10    4   85    8    1    2
   10    4  304   26    4    1
   10    4  133   12    1    1
   10    4  285   24    9    7
   10    4  340   29    4    1
   10    4   58    5   10    8
   10    4  308   26    8    2
   10    4  205   18    1    4
   10    4  322   27   10    2
   10    4  142   12   10    2
   10    4  151   13    7    5
   10    4  229   20    1    3
   10    4   70    6   10    1
   10    4  159   14    3    1
   10    4  111   10    3    6
   10    4  253   22    1    5
   10    4  325   28    1    3
   10    4  290   25    2    5
   10    4  218   19    2    2
   10    4  306   26    6    2
   10    4  199   17    7    2
   10    4   43    4    7    6
   10    4  331   28    7    2
   10    4  326   28    2    2
   10    4  346   29   10    3
   10    4    1    1    1    4
   10    4  350   30    2    2
   10    4  195   17    3    3
   10    4   16    2    4    1
   10    4  232   20    4    1
   10    4  355   30    7    1
   10    4  230   20    2    1
   10    4  113   10    5    4
   10    4  175   15    7    6
   10    4  348   29   12    1
   10    4  123   11    3    7
   10    4  150   13    6    6
   10    4   88    8    4    7
   10    4   73    7    1    9
   10    4  327   28    3    2
   10    4  146   13    2    5
   10    4   38    4    2    2
   10    4  271   23    7    1
   10    4   50    5    2    5
   10    4  324   27   12    4
   10    4   59    5   11    5
   10    4  344   29    8    1
   10    4  264   22   12    7
   10    4   23    2   11    1
   10    4  158   14    2    1
   10    4   45    4    9    1
   10    4   40    4    4    3
   10    4  108    9   12    1
   10    4  314   27    2    2
   10    4   22    2   10    2
   10    4  203   17   11    2
   10    4  131   11   11    7
   10    4  127   11    7    6
   10    4   46    4   10    1
   10    4  170   15    2    1
   10    4  104    9    8    1
   10    4  347   29   11    1
   10    4  140   12    8    1
   10    4  223   19    7    2
   10    4   32    3    8    6
   10    4   24    2   12    2
   10    4  288   24   12    2
   10    4   19    2    7    2
   10    4  319   27    7    1
   10    4   61    6    1    1
   10    4  156   13   12    6
   10    4   41    4    5    5
   10    4  144   12   12    2
   10    4  287   24   11    8
   10    4  181   16    1    7
   10    4  246   21    6    2
   10    4   83    7   11    9
   10    4  309   26    9    3
   10    4  165   14    9    3
   10    4  242   21    2    1
   10    4  251   21   11    1
   10    4  282   24    6    3
   10    4   78    7    6    4
   10    4  359   30   11    5
   10    4  236   20    8    1
   10    4  137   12    5    1
   10    4  332   28    8    1
   10    4   72    6   12    1
   10    4  338   29    2    1
   10    4  299   25   11    1
   10    4  349   30    1    1
   10    4  305   26    5    1
   10    4  247   21    7    1
   10    4   76    7    4    8
   10    4   74    7    2    8
   10    4   89    8    5    7
   10    4    6    1    6    4
   10    4   12    1   12    5
   10    4  189   16    9    6
   10    4  193   17    1    4
   10    4  103    9    7    2
   10    4  120   10   12    5
   10    4  292   25    4    2
   10    4  166   14   10    3
   10    4  191   16   11    5
   10    4  212   18    8    2
   10    4  320   27    8    2
   10    4  295   25    7    2
   10    4   44    4    8    1
   10    4   94    8   10    7
   10    4  286   24   10    7
   10    4  268   23    4    2
   10    4  134   12    2    2
   10    4  221   19    5    1
   10    4  263   22   11    7
   10    4  107    9   11    1
   10    4   92    8    8    8
   10    4   42    4    6    4
   10    4   53    5    5    5
   10    4  243   21    3    1
   10    4   96    8   12    7
   10    4   62    6    2    1
   10    4  227   19   11    4
   10    4  224   19    8    4
   10    4  116   10    8    3
   10    4  321   27    9    1
   10    4  207   18    3    2
   10    4  259   22    7    7
   10    4  261   22    9    6
   10    4  198   17    6    4
   10    4  222   19    6    4
   10    4  315   27    3    2
   10    4  343   29    7    4
   10    4  168   14   12    3
   10    4  147   13    3    6
   10    4  353   30    5    2
   10    4  171   15    3    1
   10    4   18    2    6    1
   10    4  161   14    5    1
   10    4   99    9    3    1
   10    4  220   19    4    4
   10    4   87    8    3    5
   10    4  139   12    7    1
   10    4  283   24    7    8
   10    4   11    1   11    4
   10    4  278   24    2    7
   10    4  102    9    6    1
   10    4   15    2    3    3
   10    4   48    4   12    3
   10    4   84    7   12    5
   10    4   80    7    8    9
   10    4  213   18    9    4
   10    4  257   22    5    7
   10    4   49    5    1    5
   10    4  337   29    1    5
   10    4   52    5    4    5
   10    4  149   13    5    5
   10    4  233   20    5    1
   10    4  296   25    8    1
   10    4  154   13   10    5
   10    4  249   21    9    1
   10    4  187   16    7    6
   10    4  234   20    6    2
   10    4  100    9    4    1
   10    4  152   13    8    7
   10    4   20    2    8    2
   10    4   25    3    1    5
   10    4  252   21   12    3
   10    4  216   18   12    3
   10    4  215   18   11    5
   10    4  255   22    3    6
   10    4   56    5    8    6
   10    4  225   19    9    3
   10    4    2    1    2    3
   10    4  317   27    5    2
   10    4  241   21    1    1
   10    4  200   17    8    2
   10    4  228   19   12    4
   10    4  312   26   12    1
   10    4  329   28    5    6
   10    4  141   12    9    1
   10    4  126   11    6    3
   10    4   69    6    9    1
   10    4  210   18    6    3
   10    4  155   13   11    4
   10    4   54    5    6    5
   10    4  231   20    3    1
   10    4  334   28   10    1
   10    4   60    5   12    8
   10    4   95    8   11    3
   10    4   82    7   10    8
   10    4   86    8    2    8
   10    4  250   21   10    1
   10    4  109   10    1    4
   10    4  275   23   11    4
   10    4  244   21    4    2
   10    4  173   15    5    2
   10    4  143   12   11    1
   10    4  148   13    4    6
   10    4   81    7    9    9
   10    4  301   26    1    2
   10    4  354   30    6    8
   10    4  274   23   10    5
   10    4  260   22    8    8
   10    4   77    7    5    7
   10    4  188   16    8    5
   10    4   67    6    7    6
   10    4  311   26   11    2
   10    4   79    7    7    9
   10    4  356   30    8    2
   10    4   91    8    7    7
   10    4  297   25    9    3
   10    4  358   30   10    1
   10    4   30    3    6    7
   10    4  342   29    6    6
   10    4  184   16    4    5
   10    4   26    3    2    5
   10    4  267   23    3    3
   10    4  352   30    4    1
   10    4    9    1    9    3
   10    4   17    2    5    1
   10    4  185   16    5    4
   10    4  258   22    6    5
   10    4   63    6    3    1
   10    4  323   27   11    2
   10    4  357   30    9    3
   10    4   13    2    1    2
   10    4  269   23    5    2
   10    4  277   24    1    5
   10    4   21    2    9    2
   10    4    3    1    3    3
   10    4  153   13    9    6
   10    4  160   14    4    3
   10    4  318   27    6    1
   10    4  201   17    9    1
   10    4  110   10    2    5
   10    4  276   23   12    3
   10    4  190   16   10    4
   10    4  101    9    5    1
   10    4   47    4   11    2
   10    4  204   17   12    3
   10    4  119   10   11    1
   10    4  176   15    8    5
   10    4  114   10    6    7
   10    4  238   20   10    1
   10    4  214   18   10    5
   10    4  240   20   12    3
   10    4   75    7    3    8
   10    4  124   11    4    4
   10    4  333   28    9    1
   10    4  197   17    5    1
   10    4   39    4    3    5
   10    4  270   23    6    4
   10    4  298   25   10    2
   10    4   93    8    9    6
   10    4  117   10    9    5
   10    4   66    6    6    7
   10    4  281   24    5    8
   10    4  178   15   10    2
   10    4  112   10    4    4
   10    4   34    3   10    5
   10    4  254   22    2    5
   10    4  130   11   10    5
   10    4   27    3    3    5
   10    4   65    6    5    6
   10    4  145   13    1    5
   10    4  122   11    2    2
   10    4  208   18    4    2
   10    4  330   28    6    1
   10    4  313   27    1    2
   10    4  360   30   12    2
   10    4  266   23    2    2
   10    4  106    9   10    1
   10    4   68    6    8    1
   10    4  265   23    1    6
   10    4  245   21    5    3
   10    4   33    3    9    5
   10    4  194   17    2    4
   10    4  174   15    6    1
   10    4  239   20   11    2
   10    4  328   28    4    9
   10    4  289   25    1    1
   10    4  115   10    7    4
   10    4  336   28   12    2
   10    4  248   21    8    2
