    5    3  216   18   12    2
    5    3  229   20    1    2
    5    3  207   18    3    3
    5    3  143   12   11    7
    5    3  148   13    4    2
    5    3  169   15    1    1
    5    3  208   18    4    2
    5    3  283   24    7    1
    5    3  328   28    4    8
    5    3  275   23   11    9
    5    3  227   19   11    3
    5    3  100    9    4    1
    5    3  262   22   10    6
    5    3  289   25    1    2
    5    3   89    8    5    5
    5    3  141   12    9    9
    5    3   35    3   11    6
    5    3  113   10    5    2
    5    3  132   11   12    7
    5    3  174   15    6    6
    5    3  129   11    9    2
    5    3   24    2   12    1
    5    3  261   22    9    8
    5    3  181   16    1    1
    5    3  223   19    7    2
    5    3  162   14    6    2
    5    3   64    6    4    9
    5    3   70    6   10    9
    5    3   33    3    9    5
    5    3  103    9    7    2
    5    3  203   17   11    3
    5    3  187   16    7    6
    5    3  248   21    8    6
    5    3  327   28    3    8
    5    3  184   16    4    2
    5    3  308   26    8    2
    5    3  332   28    8    8
    5    3  341   29    5    1
    5    3  311   26   11    1
    5    3  204   17   12    8
    5    3  315   27    3    8
    5    3  101    9    5    1
    5    3   61    6    1    9
    5    3  170   15    2    6
    5    3  281   24    5    6
    5    3  202   17   10    6
    5    3   82    7   10    6
    5    3  163   14    7    5
    5    3  342   29    6    2
    5    3  171   15    3    5
    5    3   83    7   11    4
    5    3  115   10    7    1
    5    3   50    5    2    6
    5    3  133   12    1    9
    5    3  272   23    8    9
    5    3    5    1    5    1
    5    3   97    9    1    1
    5    3  323   27   11    8
    5    3  183   16    3    2
    5    3  292   25    4    2
    5    3  260   22    8    4
    5    3  264   22   12    4
    5    3   63    6    3    8
    5    3  310   26   10    1
    5    3    9    1    9    2
    5    3  285   24    9    2
    5    3  201   17    9    7
    5    3  215   18   11    1
    5    3   51    5    3    6
    5    3  120   10   12    4
    5    3  106    9   10    1
    5    3  240   20   12    1
    5    3  284   24    8    6
    5    3   17    2    5    1
    5    3  110   10    2    1
    5    3  233   20    5    6
    5    3    2    1    2    2
    5    3   14    2    2    2
    5    3  222   19    6    7
    5    3  256   22    4    7
    5    3  126   11    6    8
    5    3   46    4   10    5
    5    3  241   21    1    8
    5    3  105    9    9    1
    5    3  353   30    5    4
    5    3  161   14    5    2
    5    3  128   11    8    8
    5    3  197   17    5    7
    5    3  205   18    1    6
    5    3  354   30    6    2
    5    3  231   20    3    7
    5    3  112   10    4    2
    5    3   53    5    5    2
    5    3  346   29   10    2
    5    3   80    7    8    8
    5    3  268   23    4    4
    5    3  226   19   10    6
    5    3  299   25   11    2
    5    3  321   27    9    8
    5    3  176   15    8    7
    5    3   47    4   11    1
    5    3  124   11    4    4
    5    3  147   13    3    6
    5    3  200   17    8    8
    5    3  330   28    6    9
    5    3  225   19    9    3
    5    3  198   17    6    7
    5    3   30    3    6    6
    5    3  234   20    6    4
    5    3   26    3    2    6
    5    3  195   17    3    7
    5    3  238   20   10    7
    5    3  209   18    5    5
    5    3   31    3    7    5
    5    3   99    9    3    2
    5    3  243   21    3    7
    5    3  357   30    9    2
    5    3  210   18    6    5
    5    3   95    8   11    1
    5    3  142   12   10    8
    5    3  319   27    7    3
    5    3  347   29   11    2
    5    3  266   23    2    5
    5    3   84    7   12    5
    5    3   93    8    9    3
    5    3  102    9    6    2
    5    3   94    8   10    6
    5    3   25    3    1    5
    5    3  265   23    1    7
    5    3   42    4    6    2
    5    3   48    4   12    4
    5    3    1    1    1    3
    5    3  130   11   10    4
    5    3   72    6   12    9
    5    3   69    6    9    9
    5    3   28    3    4    5
    5    3  127   11    7    5
    5    3   98    9    2    1
    5    3  273   23    9    9
    5    3  160   14    4    2
    5    3  175   15    7    3
    5    3  337   29    1    1
    5    3   11    1   11    1
    5    3  320   27    8    7
    5    3    3    1    3    4
    5    3   22    2   10    4
    5    3   96    8   12    5
    5    3  192   16   12    5
    5    3  336   28   12    9
    5    3  349   30    1    6
    5    3    4    1    4    2
    5    3  263   22   11    8
    5    3  117   10    9    2
    5    3  164   14    8    4
    5    3  253   22    1    1
    5    3  156   13   12    5
    5    3   18    2    6    4
    5    3  314   27    2    6
    5    3  345   29    9    1
    5    3  300   25   12    5
    5    3   10    1   10    2
    5    3   81    7    9    4
    5    3   76    7    4    6
    5    3  224   19    8    3
    5    3  211   18    7    6
    5    3  138   12    6    8
    5    3  295   25    7    4
    5    3  166   14   10    1
    5    3  307   26    7    5
    5    3  293   25    5    5
    5    3  196   17    4    7
    5    3  259   22    7    8
    5    3  244   21    4    8
    5    3  329   28    5    7
    5    3  296   25    8    1
    5    3  303   26    3    2
    5    3  145   13    1    2
    5    3   85    8    1    2
    5    3   49    5    1    5
    5    3  282   24    6    3
    5    3   67    6    7    8
    5    3  155   13   11    3
    5    3   55    5    7    5
    5    3  193   17    1    5
    5    3   91    8    7    6
    5    3  167   14   11    2
    5    3  154   13   10    4
    5    3   74    7    2    6
    5    3   45    4    9    5
    5    3   73    7    1    7
    5    3  206   18    2    2
    5    3  232   20    4    5
    5    3  125   11    5    5
    5    3  325   28    1    7
    5    3  348   29   12    2
    5    3  168   14   12    4
    5    3  290   25    2    6
    5    3  104    9    8    1
    5    3  173   15    5    8
    5    3   68    6    8    9
    5    3  108    9   12    2
    5    3   66    6    6    9
    5    3   41    4    5    2
    5    3  189   16    9    2
    5    3  213   18    9    5
    5    3  309   26    9    5
    5    3   20    2    8    2
    5    3  339   29    3    6
    5    3  152   13    8    6
    5    3  118   10   10    4
    5    3   21    2    9    3
    5    3  278   24    2    2
    5    3   15    2    3    4
    5    3  269   23    5    5
    5    3  109   10    1    2
    5    3  316   27    4    3
    5    3  144   12   12    9
    5    3  274   23   10    6
    5    3  134   12    2    8
    5    3   58    5   10    4
    5    3  140   12    8    9
    5    3  221   19    5    7
    5    3  359   30   11    3
    5    3  276   23   12    4
    5    3   88    8    4    6
    5    3  122   11    2    1
    5    3  172   15    4    5
    5    3  356   30    8    6
    5    3   37    4    1    4
    5    3  334   28   10    8
    5    3  306   26    6    6
    5    3    6    1    6    1
    5    3  247   21    7    2
    5    3   36    3   12    4
    5    3   38    4    2    5
    5    3  151   13    7    3
    5    3  338   29    2    4
    5    3  180   15   12    5
    5    3   79    7    7    5
    5    3  159   14    3    4
    5    3  286   24   10    3
    5    3   65    6    5    8
    5    3  245   21    5    7
    5    3   75    7    3    7
    5    3   27    3    3    5
    5    3  131   11   11    5
    5    3  121   11    1    8
    5    3  257   22    5    6
    5    3  217   19    1    5
    5    3  287   24   11    3
    5    3  218   19    2    7
    5    3   44    4    8    6
    5    3  149   13    5    5
    5    3  318   27    6    5
    5    3  252   21   12    8
    5    3  146   13    2    7
    5    3  305   26    5    2
    5    3  242   21    2    9
    5    3  220   19    4    8
    5    3  333   28    9    9
    5    3   90    8    6    7
    5    3  111   10    3    6
    5    3  139   12    7    9
    5    3  136   12    4    9
    5    3  194   17    2    1
    5    3   86    8    2    2
    5    3   56    5    8    5
    5    3   29    3    5    5
    5    3   78    7    6    5
    5    3   34    3   10    6
    5    3  326   28    2    8
    5    3   23    2   11    2
    5    3  280   24    4    2
    5    3   12    1   12    2
    5    3  114   10    6    4
    5    3  178   15   10    8
    5    3  331   28    7    8
    5    3  219   19    3    7
    5    3  230   20    2    6
    5    3  344   29    8    1
    5    3  267   23    3    8
    5    3  186   16    6    6
    5    3    8    1    8    2
    5    3  228   19   12    6
    5    3  165   14    9    6
    5    3   54    5    6    5
    5    3  350   30    2    4
    5    3  352   30    4    2
    5    3  351   30    3    1
    5    3   19    2    7    1
    5    3  250   21   10    8
    5    3   43    4    7    2
    5    3  322   27   10    6
    5    3  270   23    6    5
    5    3  302   26    2    2
    5    3  150   13    6    3
    5    3   52    5    4    5
    5    3  297   25    9    4
    5    3   71    6   11    9
    5    3  237   20    9    7
    5    3  291   25    3    5
    5    3  251   21   11    8
    5    3  246   21    6    9
    5    3  249   21    9    9
    5    3  153   13    9    3
    5    3  123   11    3    6
    5    3  157   14    1    6
    5    3   32    3    8    5
    5    3  271   23    7    6
    5    3  279   24    3    3
    5    3    7    1    7    2
    5    3   40    4    4    4
    5    3  119   10   11    3
    5    3  158   14    2    2
    5    3  179   15   11    6
    5    3   13    2    1    4
    5    3  255   22    3    4
    5    3  212   18    8    3
    5    3   57    5    9    7
    5    3  235   20    7    6
    5    3  236   20    8    2
    5    3  107    9   11    2
    5    3  177   15    9    6
    5    3   87    8    3    3
    5    3  301   26    1    3
    5    3  190   16   10    3
    5    3  199   17    7    4
    5    3  137   12    5    8
    5    3   16    2    4    2
    5    3  355   30    7    6
    5    3   39    4    3    5
    5    3  182   16    2    6
    5    3  360   30   12    6
    5    3  312   26   12    5
    5    3   92    8    8    6
    5    3  277   24    1    2
    5    3  343   29    7    1
    5    3  116   10    8    1
    5    3  298   25   10    1
    5    3  294   25    6    5
    5    3  135   12    3    8
    5    3   60    5   12    6
    5    3   77    7    5    6
    5    3   62    6    2    9
    5    3  324   27   12    8
    5    3  191   16   11    6
    5    3  317   27    5    2
    5    3  214   18   10    6
    5    3  188   16    8    3
    5    3  185   16    5    3
    5    3  335   28   11    7
    5    3  254   22    2    3
    5    3  340   29    4    2
    5    3  288   24   12    1
    5    3  239   20   11    2
    5    3  258   22    6    6
    5    3  304   26    4    2
    5    3  358   30   10    2
    5    3  313   27    1    5
    5    3   59    5   11    5
