    8   16  234   20    6    6
    8   16   21    2    9    3
    8   16  149   13    5    9
    8   16  340   29    4    5
    8   16  352   30    4    5
    8   16  189   16    9    2
    8   16   53    5    5    6
    8   16  141   12    9    5
    8   16  153   13    9    7
    8   16  353   30    5    5
    8   16  126   11    6    7
    8   16  109   10    1    3
    8   16  174   15    6    5
    8   16  312   26   12    4
    8   16   29    3    5    8
    8   16  327   28    3    1
    8   16   86    8    2    3
    8   16   67    6    7    6
    8   16  321   27    9    5
    8   16  359   30   11    7
    8   16  348   29   12    8
    8   16  236   20    8    5
    8   16  258   22    6    2
    8   16  131   11   11    6
    8   16  157   14    1    4
    8   16  254   22    2    1
    8   16  205   18    1    6
    8   16  311   26   11    5
    8   16  192   16   12    7
    8   16  336   28   12    5
    8   16   37    4    1    9
    8   16  289   25    1    5
    8   16  106    9   10    6
    8   16  139   12    7    5
    8   16  307   26    7    5
    8   16  326   28    2    1
    8   16   64    6    4    5
    8   16  119   10   11    5
    8   16  195   17    3    2
    8   16   31    3    7    8
    8   16  103    9    7    6
    8   16  201   17    9    2
    8   16   95    8   11    1
    8   16   77    7    5    1
    8   16  291   25    3    6
    8   16  231   20    3    5
    8   16  101    9    5    3
    8   16  211   18    7    5
    8   16  127   11    7    7
    8   16  274   23   10    4
    8   16   42    4    6    3
    8   16   10    1   10    1
    8   16  256   22    4    1
    8   16  276   23   12    5
    8   16  339   29    3    5
    8   16  305   26    5    2
    8   16  173   15    5    3
    8   16   18    2    6    5
    8   16  196   17    4    6
    8   16  199   17    7    4
    8   16  162   14    6    5
    8   16  227   19   11    2
    8   16  293   25    5    6
    8   16  197   17    5    5
    8   16  343   29    7    9
    8   16  122   11    2    4
    8   16  203   17   11    2
    8   16  177   15    9    5
    8   16  150   13    6    9
    8   16  332   28    8    5
    8   16  288   24   12    4
    8   16   82    7   10    7
    8   16  137   12    5    5
    8   16   13    2    1    5
    8   16  217   19    1    3
    8   16   38    4    2    5
    8   16  187   16    7    8
    8   16   61    6    1    5
    8   16  316   27    4    1
    8   16   63    6    3    5
    8   16  334   28   10    6
    8   16  303   26    3    2
    8   16  304   26    4    5
    8   16    7    1    7    9
    8   16  206   18    2    8
    8   16  216   18   12    7
    8   16   39    4    3    8
    8   16  248   21    8    5
    8   16  242   21    2    5
    8   16   43    4    7    5
    8   16  104    9    8    5
    8   16   78    7    6    5
    8   16  296   25    8    3
    8   16  357   30    9    2
    8   16  298   25   10    5
    8   16   49    5    1    8
    8   16    6    1    6    8
    8   16  135   12    3    2
    8   16  133   12    1    5
    8   16   81    7    9    1
    8   16  170   15    2    5
    8   16   90    8    6    4
    8   16  160   14    4    5
    8   16  260   22    8    1
    8   16  310   26   10    5
    8   16  121   11    1    7
    8   16  356   30    8    5
    8   16    4    1    4    6
    8   16   94    8   10    8
    8   16  331   28    7    2
    8   16  264   22   12    1
    8   16  309   26    9    5
    8   16  299   25   11    2
    8   16   74    7    2    3
    8   16  333   28    9    1
    8   16   22    2   10    5
    8   16   79    7    7    4
    8   16  214   18   10    3
    8   16   98    9    2    3
    8   16  252   21   12    3
    8   16   44    4    8    6
    8   16   88    8    4    8
    8   16   33    3    9    8
    8   16  151   13    7    9
    8   16  164   14    8    4
    8   16   91    8    7    8
    8   16  204   17   12    5
    8   16  215   18   11    9
    8   16  267   23    3    2
    8   16  272   23    8    3
    8   16   24    2   12    3
    8   16    5    1    5    7
    8   16   93    8    9    6
    8   16   84    7   12    3
    8   16    9    1    9    8
    8   16  277   24    1    1
    8   16  142   12   10    2
    8   16  345   29    9    9
    8   16  358   30   10    5
    8   16  144   12   12    5
    8   16  168   14   12    2
    8   16  297   25    9    4
    8   16  338   29    2    9
    8   16  239   20   11    3
    8   16  317   27    5    7
    8   16  224   19    8    2
    8   16   83    7   11    1
    8   16  163   14    7    5
    8   16  130   11   10    9
    8   16  325   28    1    1
    8   16  259   22    7    7
    8   16  349   30    1    5
    8   16  125   11    5    8
    8   16   23    2   11    5
    8   16  118   10   10    9
    8   16  210   18    6    7
    8   16  275   23   11    1
    8   16   96    8   12    8
    8   16    2    1    2    6
    8   16   41    4    5    2
    8   16  271   23    7    5
    8   16   57    5    9    1
    8   16  294   25    6    5
    8   16  328   28    4    1
    8   16  185   16    5    6
    8   16  169   15    1    3
    8   16  112   10    4    5
    8   16   87    8    3    8
    8   16   30    3    6    9
    8   16   48    4   12    3
    8   16  253   22    1    1
    8   16  337   29    1    9
    8   16  313   27    1    4
    8   16  179   15   11    3
    8   16  330   28    6    3
    8   16  346   29   10    8
    8   16   99    9    3    5
    8   16  208   18    4    6
    8   16   89    8    5    7
    8   16  324   27   12    2
    8   16  146   13    2    8
    8   16  113   10    5    4
    8   16  320   27    8    1
    8   16  116   10    8    5
    8   16  136   12    4    5
    8   16   34    3   10    7
    8   16  138   12    6    5
    8   16  284   24    8    1
    8   16   59    5   11    7
    8   16  308   26    8    5
    8   16  171   15    3    5
    8   16   72    6   12    5
    8   16  100    9    4    4
    8   16  350   30    2    3
    8   16  278   24    2    6
    8   16  213   18    9    3
    8   16  158   14    2    5
    8   16  218   19    2    1
    8   16  167   14   11    3
    8   16  159   14    3    5
    8   16  233   20    5    5
    8   16  351   30    3    5
    8   16  209   18    5    3
    8   16  255   22    3    1
    8   16  111   10    3    8
    8   16  165   14    9    3
    8   16   16    2    4    5
    8   16  166   14   10    4
    8   16   27    3    3    8
    8   16   68    6    8    5
    8   16  198   17    6    7
    8   16  124   11    4    8
    8   16  322   27   10    2
    8   16  178   15   10    5
    8   16  295   25    7    5
    8   16  128   11    8    6
    8   16  105    9    9    2
    8   16  221   19    5    3
    8   16   51    5    3    7
    8   16  182   16    2    6
    8   16  156   13   12    6
    8   16  108    9   12    7
    8   16  241   21    1    5
    8   16  154   13   10    9
    8   16  161   14    5    5
    8   16  172   15    4    4
    8   16  243   21    3    5
    8   16  266   23    2    6
    8   16   26    3    2    8
    8   16   71    6   11    5
    8   16   14    2    2    3
    8   16  341   29    5    8
    8   16  281   24    5    1
    8   16  292   25    4    5
    8   16   19    2    7    5
    8   16  318   27    6    5
    8   16  280   24    4    2
    8   16  232   20    4    5
    8   16  237   20    9    3
    8   16   66    6    6    6
    8   16   55    5    7    7
    8   16  344   29    8    5
    8   16  246   21    6    5
    8   16   62    6    2    5
    8   16  270   23    6    6
    8   16  342   29    6    8
    8   16  319   27    7    5
    8   16   92    8    8    7
    8   16  183   16    3    9
    8   16   85    8    1    6
    8   16  269   23    5    4
    8   16  347   29   11    5
    8   16   40    4    4    7
    8   16  228   19   12    5
    8   16  132   11   12    2
    8   16  117   10    9    8
    8   16  145   13    1    8
    8   16  190   16   10    6
    8   16   75    7    3    2
    8   16   36    3   12    7
    8   16  323   27   11    5
    8   16  120   10   12    8
    8   16   76    7    4    3
    8   16   20    2    8    5
    8   16   35    3   11    7
    8   16  315   27    3    5
    8   16   25    3    1    8
    8   16  300   25   12    5
    8   16    1    1    1    6
    8   16   52    5    4    8
    8   16  188   16    8    7
    8   16  140   12    8    5
    8   16   56    5    8    7
    8   16  102    9    6    5
    8   16   80    7    8    2
    8   16  134   12    2    5
    8   16  301   26    1    5
    8   16    3    1    3    6
    8   16   70    6   10    5
    8   16  200   17    8    5
    8   16   50    5    2    7
    8   16  329   28    5    5
    8   16  238   20   10    5
    8   16  245   21    5    5
    8   16  220   19    4    3
    8   16  244   21    4    5
    8   16  273   23    9    2
    8   16  225   19    9    5
    8   16  180   15   12    8
    8   16  226   19   10    6
    8   16  249   21    9    5
    8   16   15    2    3    3
    8   16    8    1    8    4
    8   16  148   13    4    6
    8   16  114   10    6    6
    8   16  247   21    7    4
    8   16  110   10    2    6
    8   16  143   12   11    5
    8   16  152   13    8    8
    8   16   47    4   11    5
    8   16  287   24   11    1
    8   16  184   16    4    6
    8   16  191   16   11    7
    8   16  265   23    1    2
    8   16  147   13    3    8
    8   16  314   27    2    5
    8   16  230   20    2    5
    8   16  123   11    3    1
    8   16   11    1   11    3
    8   16   65    6    5    3
    8   16  219   19    3    6
    8   16  222   19    6    6
    8   16  194   17    2    5
    8   16  335   28   11    4
    8   16  279   24    3    8
    8   16   45    4    9    2
    8   16   12    1   12    6
    8   16   97    9    1    5
    8   16  360   30   12    5
    8   16  229   20    1    5
    8   16  193   17    1    1
    8   16  115   10    7    7
    8   16   54    5    6    7
    8   16  286   24   10    7
    8   16   69    6    9    5
    8   16  250   21   10    5
    8   16  212   18    8    5
    8   16  155   13   11    8
    8   16  282   24    6    1
    8   16  257   22    5    1
    8   16   32    3    8    8
    8   16  285   24    9    1
    8   16   73    7    1    1
    8   16  261   22    9    2
    8   16  240   20   12    5
    8   16   46    4   10    5
    8   16  175   15    7    7
    8   16  202   17   10    6
    8   16  107    9   11    5
    8   16  251   21   11    5
    8   16  129   11    9    7
    8   16   28    3    4    6
    8   16  263   22   11    1
    8   16  302   26    2    5
    8   16   58    5   10    4
    8   16  306   26    6    5
    8   16  354   30    6    7
    8   16  268   23    4    5
    8   16  355   30    7    5
    8   16  290   25    2    3
    8   16  262   22   10    4
    8   16  235   20    7    5
    8   16  283   24    7    1
    8   16  176   15    8    6
    8   16  186   16    6    7
    8   16   60    5   12    8
    8   16  223   19    7    5
    8   16  207   18    3    8
    8   16   17    2    5    5
    8   16  181   16    1    7
