    4   12  330   28    6    8
    4   12   13    2    1    5
    4   12  199   17    7    5
    4   12   82    7   10    8
    4   12  209   18    5    3
    4   12  182   16    2    4
    4   12  123   11    3    2
    4   12  312   26   12    5
    4   12  272   23    8    1
    4   12   35    3   11    4
    4   12  113   10    5    5
    4   12  213   18    9    2
    4   12  251   21   11    3
    4   12  114   10    6    2
    4   12  242   21    2    6
    4   12  359   30   11    4
    4   12  307   26    7    4
    4   12  243   21    3    6
    4   12  260   22    8    3
    4   12  125   11    5    5
    4   12  345   29    9    3
    4   12  135   12    3    6
    4   12  200   17    8    2
    4   12  228   19   12    5
    4   12  299   25   11    5
    4   12  147   13    3    3
    4   12  337   29    1    3
    4   12   64    6    4    2
    4   12  151   13    7    3
    4   12  262   22   10    4
    4   12   55    5    7    4
    4   12   54    5    6    4
    4   12  291   25    3    3
    4   12   39    4    3    3
    4   12  323   27   11    2
    4   12  208   18    4    3
    4   12   80    7    8    6
    4   12  239   20   11    2
    4   12  142   12   10    4
    4   12  275   23   11    3
    4   12  269   23    5    3
    4   12  190   16   10    3
    4   12  351   30    3    3
    4   12   26    3    2    5
    4   12  236   20    8    1
    4   12  344   29    8    2
    4   12  230   20    2    1
    4   12  313   27    1    4
    4   12  119   10   11    4
    4   12  202   17   10    3
    4   12  134   12    2    4
    4   12   19    2    7    5
    4   12   38    4    2    5
    4   12   46    4   10    5
    4   12  103    9    7    7
    4   12    7    1    7    4
    4   12  355   30    7    3
    4   12   27    3    3    4
    4   12  203   17   11    5
    4   12   63    6    3    3
    4   12  261   22    9    2
    4   12   12    1   12    6
    4   12  122   11    2    6
    4   12  186   16    6    4
    4   12    5    1    5    5
    4   12  109   10    1    5
    4   12  170   15    2    3
    4   12  354   30    6    3
    4   12  229   20    1    3
    4   12  150   13    6    2
    4   12  124   11    4    4
    4   12  139   12    7    1
    4   12    3    1    3    2
    4   12  319   27    7    2
    4   12   94    8   10    6
    4   12  327   28    3    8
    4   12  253   22    1    9
    4   12   56    5    8    5
    4   12  225   19    9    6
    4   12  287   24   11    8
    4   12   40    4    4    8
    4   12  175   15    7    4
    4   12  141   12    9    3
    4   12  342   29    6    3
    4   12  278   24    2    7
    4   12  214   18   10    5
    4   12  231   20    3    3
    4   12  176   15    8    3
    4   12  263   22   11    2
    4   12  338   29    2    3
    4   12  112   10    4    3
    4   12   86    8    2    5
    4   12  219   19    3    5
    4   12  204   17   12    4
    4   12  282   24    6    8
    4   12  356   30    8    3
    4   12  174   15    6    4
    4   12  309   26    9    3
    4   12  224   19    8    4
    4   12  332   28    8    3
    4   12  238   20   10    4
    4   12  192   16   12    4
    4   12  271   23    7    3
    4   12  212   18    8    2
    4   12  222   19    6    5
    4   12  168   14   12    2
    4   12  277   24    1    8
    4   12  216   18   12    4
    4   12  159   14    3    3
    4   12  328   28    4    9
    4   12  334   28   10    3
    4   12  233   20    5    3
    4   12  193   17    1    5
    4   12   51    5    3    5
    4   12  117   10    9    4
    4   12  240   20   12    1
    4   12    9    1    9    3
    4   12  298   25   10    4
    4   12   95    8   11    7
    4   12  149   13    5    5
    4   12  133   12    1    1
    4   12  250   21   10    5
    4   12   20    2    8    3
    4   12  101    9    5    5
    4   12  308   26    8    5
    4   12  318   27    6    3
    4   12   42    4    6    5
    4   12   30    3    6    5
    4   12   52    5    4    5
    4   12  300   25   12    3
    4   12   72    6   12    3
    4   12  288   24   12    5
    4   12  167   14   11    4
    4   12  184   16    4    3
    4   12  178   15   10    5
    4   12  104    9    8    4
    4   12   67    6    7    3
    4   12   50    5    2    5
    4   12  215   18   11    3
    4   12  232   20    4    2
    4   12  301   26    1    3
    4   12  166   14   10    4
    4   12   96    8   12    5
    4   12  180   15   12    4
    4   12    4    1    4    4
    4   12  252   21   12    5
    4   12  249   21    9    1
    4   12  136   12    4    3
    4   12    1    1    1    4
    4   12  191   16   11    4
    4   12   76    7    4    8
    4   12   34    3   10    5
    4   12  130   11   10    4
    4   12   32    3    8    6
    4   12  211   18    7    2
    4   12  244   21    4    6
    4   12   47    4   11    4
    4   12   91    8    7    4
    4   12  258   22    6    7
    4   12   88    8    4    4
    4   12  161   14    5    3
    4   12  348   29   12    3
    4   12  297   25    9    3
    4   12  256   22    4    5
    4   12   84    7   12    7
    4   12  165   14    9    4
    4   12  294   25    6    4
    4   12   33    3    9    5
    4   12  259   22    7    2
    4   12   71    6   11    1
    4   12  343   29    7    3
    4   12   77    7    5    7
    4   12  324   27   12    2
    4   12  357   30    9    4
    4   12   97    9    1    5
    4   12  206   18    2    2
    4   12    8    1    8    5
    4   12  303   26    3    8
    4   12  247   21    7    5
    4   12  280   24    4    9
    4   12  306   26    6    5
    4   12  227   19   11    4
    4   12  105    9    9    9
    4   12  284   24    8    9
    4   12  254   22    2    9
    4   12  162   14    6    4
    4   12  127   11    7    5
    4   12  266   23    2    2
    4   12  155   13   11    3
    4   12   48    4   12    3
    4   12  132   11   12    7
    4   12  285   24    9    7
    4   12   58    5   10    5
    4   12  129   11    9    5
    4   12  289   25    1    3
    4   12  185   16    5    3
    4   12  276   23   12    4
    4   12  270   23    6    3
    4   12   81    7    9    6
    4   12  350   30    2    3
    4   12    6    1    6    5
    4   12  179   15   11    4
    4   12   73    7    1    8
    4   12  304   26    4    2
    4   12  156   13   12    3
    4   12  158   14    2    2
    4   12  248   21    8    5
    4   12   36    3   12    5
    4   12  283   24    7    7
    4   12  347   29   11    4
    4   12  352   30    4    3
    4   12  188   16    8    4
    4   12  336   28   12    2
    4   12   45    4    9    7
    4   12  255   22    3    8
    4   12  173   15    5    4
    4   12  220   19    4    5
    4   12  152   13    8    3
    4   12   78    7    6    4
    4   12  163   14    7    2
    4   12  322   27   10    2
    4   12  154   13   10    4
    4   12  153   13    9    3
    4   12  310   26   10    1
    4   12   41    4    5    4
    4   12  329   28    5    4
    4   12  120   10   12    4
    4   12  205   18    1    3
    4   12  157   14    1    4
    4   12  111   10    3    3
    4   12  181   16    1    4
    4   12  140   12    8    2
    4   12  116   10    8    2
    4   12   53    5    5    6
    4   12  286   24   10    5
    4   12  201   17    9    3
    4   12  292   25    4    4
    4   12  145   13    1    3
    4   12  108    9   12    3
    4   12   24    2   12    5
    4   12  164   14    8    5
    4   12  146   13    2    4
    4   12  237   20    9    3
    4   12  197   17    5    3
    4   12  325   28    1    7
    4   12  241   21    1    6
    4   12  257   22    5    8
    4   12  189   16    9    5
    4   12  195   17    3    4
    4   12   69    6    9    2
    4   12  315   27    3    3
    4   12  171   15    3    3
    4   12   21    2    9    3
    4   12  128   11    8    6
    4   12   37    4    1    5
    4   12  207   18    3    4
    4   12  281   24    5    4
    4   12   87    8    3    4
    4   12  326   28    2    8
    4   12   99    9    3    8
    4   12  218   19    2    6
    4   12  353   30    5    3
    4   12  305   26    5    5
    4   12   93    8    9    4
    4   12  268   23    4    3
    4   12  177   15    9    5
    4   12  314   27    2    3
    4   12  341   29    5    3
    4   12  198   17    6    2
    4   12  121   11    1    4
    4   12  349   30    1    3
    4   12  335   28   11    3
    4   12   61    6    1    2
    4   12  194   17    2    3
    4   12   10    1   10    5
    4   12    2    1    2    5
    4   12   44    4    8    6
    4   12  358   30   10    3
    4   12   90    8    6    6
    4   12  267   23    3    3
    4   12  107    9   11    4
    4   12  302   26    2    7
    4   12   65    6    5    2
    4   12   11    1   11    4
    4   12  187   16    7    4
    4   12  321   27    9    6
    4   12   70    6   10    3
    4   12   14    2    2    4
    4   12  234   20    6    4
    4   12   79    7    7    7
    4   12   16    2    4    4
    4   12  118   10   10    4
    4   12   43    4    7    5
    4   12   59    5   11    5
    4   12  106    9   10    6
    4   12  346   29   10    4
    4   12   66    6    6    2
    4   12   68    6    8    2
    4   12  126   11    6    5
    4   12  333   28    9    8
    4   12   85    8    1    5
    4   12  110   10    2    5
    4   12  138   12    6    5
    4   12   15    2    3    5
    4   12  143   12   11    4
    4   12   22    2   10    4
    4   12  340   29    4    4
    4   12  131   11   11    7
    4   12   31    3    7    5
    4   12   75    7    3    5
    4   12  293   25    5    2
    4   12  265   23    1    2
    4   12  102    9    6    8
    4   12  246   21    6    5
    4   12  144   12   12    5
    4   12  172   15    4    3
    4   12   25    3    1    4
    4   12  245   21    5    5
    4   12  295   25    7    3
    4   12  360   30   12    4
    4   12  235   20    7    4
    4   12   57    5    9    7
    4   12   18    2    6    3
    4   12   98    9    2    7
    4   12   83    7   11    7
    4   12  183   16    3    4
    4   12   60    5   12    4
    4   12  311   26   11    3
    4   12  290   25    2    4
    4   12   17    2    5    3
    4   12   49    5    1    5
    4   12  316   27    4    5
    4   12  148   13    4    3
    4   12  317   27    5    5
    4   12   62    6    2    1
    4   12  137   12    5    2
    4   12  217   19    1    3
    4   12  339   29    3    3
    4   12  221   19    5    4
    4   12  264   22   12    7
    4   12  196   17    4    3
    4   12  279   24    3    3
    4   12  296   25    8    4
    4   12  226   19   10    5
    4   12   92    8    8    5
    4   12   89    8    5    5
    4   12  210   18    6    4
    4   12  160   14    4    4
    4   12  273   23    9    3
    4   12  115   10    7    3
    4   12  320   27    8    2
    4   12   23    2   11    4
    4   12   28    3    4    4
    4   12   74    7    2    5
    4   12  223   19    7    5
    4   12  100    9    4    6
    4   12  274   23   10    3
    4   12   29    3    5    5
    4   12  331   28    7    9
    4   12  169   15    1    6
