    2    1  259   22    7    9
    2    1  209   18    5    5
    2    1   17    2    5    3
    2    1   94    8   10    8
    2    1   61    6    1    1
    2    1  152   13    8    5
    2    1  205   18    1    4
    2    1  323   27   11    2
    2    1  132   11   12    7
    2    1  195   17    3    3
    2    1  115   10    7    4
    2    1   51    5    3    8
    2    1  135   12    3    8
    2    1  226   19   10    5
    2    1  157   14    1    2
    2    1  255   22    3    9
    2    1  161   14    5    3
    2    1  269   23    5    1
    2    1  188   16    8    6
    2    1  218   19    2    6
    2    1  256   22    4    3
    2    1  293   25    5    2
    2    1  124   11    4    7
    2    1  221   19    5    5
    2    1  346   29   10    5
    2    1  177   15    9    7
    2    1  137   12    5    1
    2    1   69    6    9    1
    2    1  167   14   11    5
    2    1  190   16   10    5
    2    1  227   19   11    7
    2    1   50    5    2    7
    2    1   84    7   12    9
    2    1  127   11    7    8
    2    1  316   27    4    9
    2    1  128   11    8    8
    2    1  131   11   11    8
    2    1  261   22    9    3
    2    1  285   24    9    8
    2    1  250   21   10    1
    2    1  355   30    7    1
    2    1  236   20    8    1
    2    1  101    9    5    5
    2    1  118   10   10    4
    2    1  275   23   11    1
    2    1   71    6   11    1
    2    1  189   16    9    5
    2    1  191   16   11    4
    2    1   70    6   10    1
    2    1  357   30    9    2
    2    1  142   12   10    8
    2    1  282   24    6    7
    2    1  182   16    2    3
    2    1  164   14    8    4
    2    1  292   25    4    5
    2    1   39    4    3    5
    2    1  111   10    3    4
    2    1  278   24    2    7
    2    1  354   30    6    4
    2    1  337   29    1    3
    2    1   29    3    5    7
    2    1  345   29    9    2
    2    1  130   11   10    3
    2    1   97    9    1    5
    2    1   28    3    4    4
    2    1  283   24    7    9
    2    1  251   21   11    1
    2    1  274   23   10    1
    2    1  140   12    8    1
    2    1  107    9   11    4
    2    1  196   17    4    4
    2    1  344   29    8    2
    2    1   58    5   10    6
    2    1   21    2    9    2
    2    1  145   13    1    2
    2    1  223   19    7    8
    2    1   57    5    9    9
    2    1   43    4    7    9
    2    1  203   17   11    4
    2    1  116   10    8    2
    2    1  129   11    9    6
    2    1  335   28   11    3
    2    1  273   23    9    2
    2    1   45    4    9    7
    2    1   74    7    2    8
    2    1  258   22    6    9
    2    1   75    7    3    9
    2    1  213   18    9    4
    2    1   42    4    6    5
    2    1  160   14    4    3
    2    1  168   14   12    3
    2    1  202   17   10    2
    2    1    1    1    1    4
    2    1   55    5    7    5
    2    1  208   18    4    4
    2    1  180   15   12    6
    2    1  171   15    3    5
    2    1   73    7    1    7
    2    1  214   18   10    5
    2    1   30    3    6    7
    2    1  276   23   12    3
    2    1  133   12    1    1
    2    1    4    1    4    7
    2    1  105    9    9    5
    2    1   38    4    2    2
    2    1   41    4    5    7
    2    1  308   26    8    2
    2    1  230   20    2    1
    2    1  147   13    3    5
    2    1  295   25    7    3
    2    1   65    6    5    2
    2    1  187   16    7    6
    2    1   64    6    4    1
    2    1  312   26   12    3
    2    1  340   29    4    2
    2    1  262   22   10    9
    2    1  314   27    2    5
    2    1  263   22   11    9
    2    1   32    3    8    8
    2    1  215   18   11    6
    2    1   63    6    3    1
    2    1  183   16    3    4
    2    1  267   23    3    1
    2    1  291   25    3    5
    2    1    9    1    9    6
    2    1  331   28    7    9
    2    1  197   17    5    2
    2    1  238   20   10    2
    2    1   98    9    2    5
    2    1   36    3   12    8
    2    1  185   16    5    6
    2    1   40    4    4    8
    2    1  179   15   11    6
    2    1  219   19    3    6
    2    1  173   15    5    3
    2    1  287   24   11    8
    2    1   96    8   12    8
    2    1  193   17    1    6
    2    1   86    8    2    6
    2    1  102    9    6    5
    2    1  233   20    5    3
    2    1  194   17    2    3
    2    1  126   11    6    4
    2    1  150   13    6    5
    2    1  279   24    3    7
    2    1  353   30    5    1
    2    1   68    6    8    1
    2    1  192   16   12    3
    2    1  119   10   11    3
    2    1   95    8   11    8
    2    1  305   26    5    6
    2    1  333   28    9    9
    2    1  181   16    1    5
    2    1  139   12    7    1
    2    1  254   22    2    9
    2    1  141   12    9    1
    2    1  228   19   12    6
    2    1   31    3    7    7
    2    1   56    5    8    7
    2    1   13    2    1    3
    2    1   66    6    6    1
    2    1  359   30   11    4
    2    1   14    2    2    4
    2    1  317   27    5    6
    2    1  326   28    2    8
    2    1  288   24   12    4
    2    1  338   29    2    2
    2    1  243   21    3    1
    2    1   92    8    8    8
    2    1  148   13    4    5
    2    1  313   27    1    5
    2    1  210   18    6    5
    2    1  114   10    6    4
    2    1  265   23    1    2
    2    1  134   12    2    1
    2    1  296   25    8    2
    2    1  332   28    8    1
    2    1  206   18    2    3
    2    1  322   27   10    2
    2    1   88    8    4    7
    2    1  249   21    9    1
    2    1    7    1    7    8
    2    1   49    5    1    8
    2    1  286   24   10    9
    2    1  245   21    5    1
    2    1  277   24    1    8
    2    1  319   27    7    2
    2    1  351   30    3    3
    2    1  298   25   10    2
    2    1    5    1    5    6
    2    1  242   21    2    1
    2    1    6    1    6    6
    2    1   27    3    3    5
    2    1  347   29   11    5
    2    1  143   12   11    2
    2    1   18    2    6    3
    2    1  159   14    3    3
    2    1  339   29    3    2
    2    1   19    2    7    6
    2    1  138   12    6    1
    2    1  356   30    8    3
    2    1   12    1   12    6
    2    1  231   20    3    4
    2    1  232   20    4    4
    2    1  220   19    4    5
    2    1  166   14   10    4
    2    1  311   26   11    3
    2    1  334   28   10    3
    2    1  211   18    7    2
    2    1   67    6    7    1
    2    1  272   23    8    1
    2    1  342   29    6    3
    2    1  200   17    8    3
    2    1  117   10    9    6
    2    1   72    6   12    1
    2    1  110   10    2    6
    2    1   48    4   12    5
    2    1  253   22    1    9
    2    1  280   24    4    9
    2    1   78    7    6    8
    2    1  297   25    9    4
    2    1  201   17    9    4
    2    1   54    5    6    6
    2    1   20    2    8    2
    2    1   76    7    4    7
    2    1  207   18    3    5
    2    1  176   15    8    4
    2    1   46    4   10    6
    2    1   79    7    7    7
    2    1  336   28   12    2
    2    1  239   20   11    3
    2    1    8    1    8    5
    2    1  163   14    7    4
    2    1   82    7   10    8
    2    1  121   11    1    8
    2    1   26    3    2    7
    2    1  343   29    7    2
    2    1    2    1    2    4
    2    1  103    9    7    5
    2    1  149   13    5    5
    2    1  320   27    8    1
    2    1  257   22    5    8
    2    1  329   28    5    7
    2    1  156   13   12    6
    2    1  246   21    6    1
    2    1   37    4    1    5
    2    1  104    9    8    5
    2    1  318   27    6    4
    2    1   85    8    1    4
    2    1  234   20    6    2
    2    1  325   28    1    9
    2    1   53    5    5    7
    2    1   59    5   11    6
    2    1   93    8    9    6
    2    1   60    5   12    7
    2    1   47    4   11    5
    2    1   62    6    2    1
    2    1  216   18   12    3
    2    1   77    7    5    8
    2    1  153   13    9    5
    2    1  235   20    7    3
    2    1  294   25    6    3
    2    1   83    7   11    7
    2    1  155   13   11    5
    2    1   10    1   10    5
    2    1  341   29    5    3
    2    1  306   26    6    3
    2    1  260   22    8    8
    2    1   44    4    8    7
    2    1  229   20    1    5
    2    1  300   25   12    3
    2    1   87    8    3    6
    2    1   99    9    3    5
    2    1  284   24    8    8
    2    1  100    9    4    5
    2    1  120   10   12    6
    2    1   22    2   10    1
    2    1   52    5    4    5
    2    1  328   28    4    9
    2    1  303   26    3    8
    2    1  321   27    9    8
    2    1  247   21    7    7
    2    1  170   15    2    2
    2    1  113   10    5    3
    2    1  240   20   12    2
    2    1  174   15    6    4
    2    1  270   23    6    3
    2    1  244   21    4    6
    2    1  158   14    2    3
    2    1  224   19    8    5
    2    1  268   23    4    4
    2    1  144   12   12    1
    2    1  248   21    8    5
    2    1  309   26    9    4
    2    1  198   17    6    4
    2    1  304   26    4    2
    2    1  169   15    1    7
    2    1  172   15    4    4
    2    1  199   17    7    4
    2    1  290   25    2    7
    2    1  352   30    4    3
    2    1   90    8    6    8
    2    1  237   20    9    4
    2    1   11    1   11    4
    2    1   81    7    9    7
    2    1  212   18    8    5
    2    1  154   13   10    5
    2    1  349   30    1    2
    2    1  186   16    6    5
    2    1  217   19    1    6
    2    1  178   15   10    4
    2    1  146   13    2    6
    2    1  165   14    9    7
    2    1   16    2    4    3
    2    1  348   29   12    2
    2    1    3    1    3    6
    2    1  108    9   12    5
    2    1  184   16    4    4
    2    1  266   23    2    2
    2    1  299   25   11    6
    2    1  289   25    1    2
    2    1   33    3    9    6
    2    1  302   26    2    5
    2    1  324   27   12    6
    2    1  301   26    1    3
    2    1  106    9   10    6
    2    1  151   13    7    4
    2    1  307   26    7    4
    2    1  327   28    3    7
    2    1   89    8    5    6
    2    1  330   28    6    8
    2    1  123   11    3    5
    2    1   35    3   11    6
    2    1  350   30    2    3
    2    1  264   22   12    8
    2    1   34    3   10    6
    2    1   25    3    1    6
    2    1  136   12    4    1
    2    1   91    8    7    4
    2    1  271   23    7    3
    2    1  112   10    4    3
    2    1  281   24    5    8
    2    1  315   27    3    4
    2    1  310   26   10    2
    2    1   15    2    3    5
    2    1  222   19    6    6
    2    1   23    2   11    5
    2    1  204   17   12    4
    2    1  162   14    6    3
    2    1   80    7    8    6
    2    1  109   10    1    7
    2    1  225   19    9    5
    2    1  125   11    5    5
    2    1  241   21    1    7
    2    1  358   30   10    2
    2    1  175   15    7    4
    2    1  252   21   12    2
    2    1  122   11    2    2
    2    1   24    2   12    6
    2    1  360   30   12    4
