    2    5  139   12    7    1
    2    5  228   19   12    6
    2    5  323   27   11    3
    2    5  119   10   11    2
    2    5  107    9   11    4
    2    5  273   23    9    1
    2    5  206   18    2    4
    2    5   30    3    6    6
    2    5  259   22    7    9
    2    5  182   16    2    6
    2    5  340   29    4    3
    2    5  298   25   10    3
    2    5  215   18   11    5
    2    5   52    5    4    6
    2    5  171   15    3    1
    2    5  359   30   11    2
    2    5   90    8    6    7
    2    5  275   23   11    2
    2    5  328   28    4    8
    2    5  338   29    2    3
    2    5  158   14    2    1
    2    5    4    1    4    7
    2    5  346   29   10    3
    2    5  184   16    4    4
    2    5  231   20    3    2
    2    5   99    9    3    6
    2    5   69    6    9    1
    2    5   83    7   11    8
    2    5  138   12    6    2
    2    5  222   19    6    6
    2    5   73    7    1    9
    2    5  332   28    8    3
    2    5  179   15   11    6
    2    5  307   26    7    3
    2    5  160   14    4    3
    2    5   59    5   11    8
    2    5   39    4    3    5
    2    5   76    7    4    7
    2    5   43    4    7    9
    2    5   22    2   10    1
    2    5   72    6   12    1
    2    5  303   26    3    2
    2    5  333   28    9    3
    2    5  204   17   12    2
    2    5  342   29    6    4
    2    5   64    6    4    1
    2    5  120   10   12    6
    2    5  168   14   12    2
    2    5  126   11    6    3
    2    5  317   27    5    5
    2    5  207   18    3    6
    2    5  304   26    4    1
    2    5  308   26    8    2
    2    5  299   25   11    4
    2    5  260   22    8    9
    2    5   78    7    6    3
    2    5    8    1    8    3
    2    5   96    8   12    7
    2    5  140   12    8    1
    2    5   46    4   10    6
    2    5  357   30    9    2
    2    5   29    3    5    4
    2    5  274   23   10    2
    2    5  241   21    1    2
    2    5  188   16    8    5
    2    5   66    6    6    3
    2    5   98    9    2    6
    2    5    2    1    2    6
    2    5  185   16    5    4
    2    5  174   15    6    2
    2    5   79    7    7    9
    2    5  197   17    5    2
    2    5  281   24    5    8
    2    5  109   10    1    7
    2    5   60    5   12    7
    2    5   42    4    6    6
    2    5  165   14    9    4
    2    5  122   11    2    4
    2    5   63    6    3    1
    2    5  162   14    6    1
    2    5  100    9    4    6
    2    5   57    5    9    8
    2    5  252   21   12    4
    2    5  147   13    3    5
    2    5  343   29    7    5
    2    5  322   27   10    3
    2    5   31    3    7    7
    2    5  276   23   12    2
    2    5  151   13    7    5
    2    5  196   17    4    3
    2    5  130   11   10    5
    2    5   10    1   10    6
    2    5  271   23    7    1
    2    5  355   30    7    2
    2    5  280   24    4    9
    2    5   34    3   10    5
    2    5  305   26    5    6
    2    5   17    2    5    4
    2    5  189   16    9    7
    2    5   41    4    5    5
    2    5  101    9    5    6
    2    5   81    7    9    7
    2    5   94    8   10    6
    2    5   25    3    1    5
    2    5  128   11    8    4
    2    5  226   19   10    5
    2    5   26    3    2    6
    2    5  358   30   10    3
    2    5  301   26    1    2
    2    5  325   28    1    3
    2    5  218   19    2    6
    2    5  212   18    8    4
    2    5  234   20    6    3
    2    5  167   14   11    4
    2    5  198   17    6    4
    2    5  237   20    9    4
    2    5  290   25    2    6
    2    5  132   11   12    7
    2    5  106    9   10    7
    2    5  110   10    2    7
    2    5   82    7   10    4
    2    5  246   21    6    2
    2    5  113   10    5    3
    2    5   65    6    5    1
    2    5   75    7    3    7
    2    5  269   23    5    6
    2    5  214   18   10    4
    2    5  191   16   11    3
    2    5   97    9    1    6
    2    5  349   30    1    2
    2    5  194   17    2    2
    2    5  116   10    8    2
    2    5  149   13    5    3
    2    5  118   10   10    4
    2    5   16    2    4    1
    2    5  256   22    4    8
    2    5  195   17    3    2
    2    5   35    3   11    7
    2    5   61    6    1    1
    2    5  297   25    9    2
    2    5  267   23    3    1
    2    5  329   28    5    3
    2    5  263   22   11    9
    2    5  266   23    2    1
    2    5  264   22   12    8
    2    5   93    8    9    6
    2    5  156   13   12    6
    2    5  177   15    9    5
    2    5   95    8   11    6
    2    5   84    7   12    7
    2    5  320   27    8    7
    2    5    1    1    1    4
    2    5  288   24   12    3
    2    5   18    2    6    2
    2    5  208   18    4    5
    2    5  251   21   11    1
    2    5  169   15    1    7
    2    5  268   23    4    1
    2    5  115   10    7    4
    2    5  257   22    5    9
    2    5  283   24    7    9
    2    5  164   14    8    4
    2    5  170   15    2    2
    2    5  111   10    3    3
    2    5  321   27    9    3
    2    5  154   13   10    6
    2    5  296   25    8    6
    2    5  125   11    5    6
    2    5   55    5    7    7
    2    5  312   26   12    3
    2    5   14    2    2    2
    2    5  265   23    1    1
    2    5  178   15   10    2
    2    5   33    3    9    7
    2    5  291   25    3    4
    2    5  136   12    4    1
    2    5   36    3   12    7
    2    5  236   20    8    1
    2    5  341   29    5    1
    2    5   38    4    2    5
    2    5  180   15   12    4
    2    5  211   18    7    3
    2    5  166   14   10    3
    2    5  172   15    4    3
    2    5  327   28    3    6
    2    5   89    8    5    6
    2    5  306   26    6    4
    2    5  336   28   12    2
    2    5   24    2   12    6
    2    5  114   10    6    8
    2    5   91    8    7    7
    2    5  146   13    2    7
    2    5  294   25    6    2
    2    5  324   27   12    3
    2    5  255   22    3    9
    2    5   71    6   11    1
    2    5  235   20    7    2
    2    5  344   29    8    1
    2    5   58    5   10    7
    2    5  277   24    1    8
    2    5  339   29    3    2
    2    5  300   25   12    1
    2    5  213   18    9    5
    2    5   11    1   11    7
    2    5  150   13    6    6
    2    5  285   24    9    8
    2    5  103    9    7    6
    2    5  262   22   10    9
    2    5  287   24   11    8
    2    5  183   16    3    5
    2    5  192   16   12    5
    2    5  131   11   11    6
    2    5  217   19    1    3
    2    5  335   28   11    3
    2    5    3    1    3    3
    2    5  242   21    2    1
    2    5  310   26   10    1
    2    5  117   10    9    4
    2    5  108    9   12    3
    2    5  334   28   10    2
    2    5   20    2    8    2
    2    5  157   14    1    1
    2    5  244   21    4    1
    2    5  205   18    1    4
    2    5  152   13    8    6
    2    5  249   21    9    1
    2    5  187   16    7    6
    2    5   23    2   11    6
    2    5  225   19    9    5
    2    5  286   24   10    7
    2    5  220   19    4    4
    2    5   47    4   11    5
    2    5   28    3    4    5
    2    5  318   27    6    1
    2    5   62    6    2    1
    2    5  200   17    8    2
    2    5    9    1    9    6
    2    5  293   25    5    4
    2    5  193   17    1    5
    2    5  254   22    2    8
    2    5  123   11    3    5
    2    5  190   16   10    5
    2    5  354   30    6    6
    2    5  279   24    3    8
    2    5  142   12   10    2
    2    5  161   14    5    1
    2    5   85    8    1    2
    2    5  124   11    4    3
    2    5  289   25    1    2
    2    5  105    9    9    6
    2    5  121   11    1    6
    2    5  203   17   11    5
    2    5  224   19    8    6
    2    5  250   21   10    1
    2    5  141   12    9    1
    2    5  360   30   12    2
    2    5  248   21    8    2
    2    5  143   12   11    1
    2    5  134   12    2    2
    2    5  223   19    7    6
    2    5  210   18    6    6
    2    5  326   28    2    7
    2    5  173   15    5    4
    2    5  159   14    3    3
    2    5  175   15    7    5
    2    5  284   24    8    7
    2    5   45    4    9    6
    2    5   80    7    8    7
    2    5  240   20   12    2
    2    5  209   18    5    3
    2    5  356   30    8    2
    2    5  350   30    2    4
    2    5   40    4    4    7
    2    5  232   20    4    3
    2    5  314   27    2    2
    2    5   92    8    8    5
    2    5  144   12   12    1
    2    5   74    7    2    7
    2    5  247   21    7    2
    2    5  351   30    3    4
    2    5  330   28    6    6
    2    5  145   13    1    6
    2    5   51    5    3    7
    2    5   44    4    8    6
    2    5  245   21    5    4
    2    5  233   20    5    3
    2    5  337   29    1    4
    2    5   32    3    8    8
    2    5  153   13    9    5
    2    5  176   15    8    3
    2    5  302   26    2    2
    2    5  313   27    1    3
    2    5  216   18   12    3
    2    5   53    5    5    6
    2    5   70    6   10    1
    2    5  353   30    5    2
    2    5  199   17    7    2
    2    5   12    1   12    6
    2    5  258   22    6    8
    2    5  270   23    6    3
    2    5    6    1    6    6
    2    5  221   19    5    4
    2    5   37    4    1    5
    2    5    7    1    7    7
    2    5   67    6    7    2
    2    5   48    4   12    5
    2    5  133   12    1    1
    2    5  243   21    3    2
    2    5  201   17    9    3
    2    5  331   28    7    7
    2    5  227   19   11    6
    2    5   86    8    2    5
    2    5  135   12    3    3
    2    5   56    5    8    6
    2    5  202   17   10    3
    2    5  352   30    4    2
    2    5   13    2    1    2
    2    5   50    5    2    7
    2    5  148   13    4    6
    2    5  295   25    7    2
    2    5   21    2    9    2
    2    5  181   16    1    5
    2    5  345   29    9    6
    2    5  261   22    9    9
    2    5  347   29   11    3
    2    5  230   20    2    2
    2    5  155   13   11    4
    2    5  278   24    2    7
    2    5  112   10    4    2
    2    5  315   27    3    2
    2    5  127   11    7    6
    2    5   49    5    1    7
    2    5  311   26   11    3
    2    5   54    5    6    6
    2    5  348   29   12    1
    2    5  229   20    1    2
    2    5   15    2    3    4
    2    5  238   20   10    2
    2    5  137   12    5    1
    2    5   68    6    8    1
    2    5  219   19    3    6
    2    5   87    8    3    7
    2    5  253   22    1    8
    2    5  239   20   11    2
    2    5  309   26    9    2
    2    5  186   16    6    4
    2    5  272   23    8    1
    2    5  319   27    7    1
    2    5   77    7    5    8
    2    5   19    2    7    4
    2    5   27    3    3    5
    2    5  292   25    4    2
    2    5  129   11    9    7
    2    5  316   27    4    4
    2    5    5    1    5    6
    2    5   88    8    4    7
    2    5  102    9    6    4
    2    5  163   14    7    4
    2    5  282   24    6    4
    2    5  104    9    8    6
