    5    6  282   24    6    2
    5    6  148   13    4    4
    5    6  292   25    4    3
    5    6  223   19    7    6
    5    6  304   26    4    3
    5    6   61    6    1    8
    5    6  203   17   11    7
    5    6  152   13    8    4
    5    6  240   20   12    2
    5    6  235   20    7    1
    5    6   80    7    8    8
    5    6   55    5    7    5
    5    6   65    6    5    8
    5    6   43    4    7    4
    5    6   71    6   11    8
    5    6   40    4    4    6
    5    6   97    9    1    3
    5    6   78    7    6    4
    5    6  226   19   10    4
    5    6  355   30    7    6
    5    6  234   20    6    4
    5    6  319   27    7    4
    5    6  288   24   12    3
    5    6  116   10    8    1
    5    6  123   11    3    7
    5    6  110   10    2    4
    5    6  164   14    8    4
    5    6  207   18    3    5
    5    6  102    9    6    2
    5    6  180   15   12    6
    5    6  229   20    1    3
    5    6  286   24   10    6
    5    6  185   16    5    2
    5    6   17    2    5    3
    5    6   15    2    3    3
    5    6  147   13    3    4
    5    6  272   23    8    9
    5    6   88    8    4    5
    5    6  358   30   10    2
    5    6  177   15    9    7
    5    6  101    9    5    1
    5    6  215   18   11    3
    5    6   82    7   10    7
    5    6  214   18   10    5
    5    6  238   20   10    3
    5    6  259   22    7    4
    5    6  213   18    9    5
    5    6   98    9    2    2
    5    6  315   27    3    7
    5    6  184   16    4    4
    5    6   37    4    1    4
    5    6  228   19   12    6
    5    6  247   21    7    5
    5    6  140   12    8    7
    5    6  178   15   10    5
    5    6   45    4    9    4
    5    6  324   27   12    8
    5    6   79    7    7    5
    5    6   89    8    5    4
    5    6  287   24   11    4
    5    6  237   20    9    3
    5    6  141   12    9    8
    5    6   34    3   10    2
    5    6  245   21    5    4
    5    6   81    7    9    7
    5    6  221   19    5    7
    5    6  138   12    6    6
    5    6  134   12    2    8
    5    6   28    3    4    3
    5    6  322   27   10    7
    5    6  277   24    1    3
    5    6  253   22    1    1
    5    6    1    1    1    2
    5    6   58    5   10    4
    5    6    3    1    3    2
    5    6  242   21    2    9
    5    6   18    2    6    1
    5    6  241   21    1    6
    5    6  128   11    8    7
    5    6   25    3    1    4
    5    6  107    9   11    2
    5    6  345   29    9    1
    5    6   46    4   10    4
    5    6  276   23   12    6
    5    6  293   25    5    6
    5    6   41    4    5    4
    5    6   53    5    5    4
    5    6  131   11   11    3
    5    6  106    9   10    2
    5    6  266   23    2    6
    5    6  149   13    5    5
    5    6  348   29   12    2
    5    6  326   28    2    7
    5    6  195   17    3    6
    5    6  217   19    1    3
    5    6  230   20    2    5
    5    6  135   12    3    7
    5    6  301   26    1    3
    5    6  280   24    4    5
    5    6  191   16   11    4
    5    6  329   28    5    7
    5    6  176   15    8    6
    5    6  312   26   12    5
    5    6  179   15   11    6
    5    6  297   25    9    4
    5    6   83    7   11    6
    5    6  243   21    3    6
    5    6   21    2    9    3
    5    6  121   11    1    7
    5    6  356   30    8    7
    5    6   64    6    4    9
    5    6  332   28    8    8
    5    6  124   11    4    4
    5    6  143   12   11    7
    5    6   12    1   12    5
    5    6  254   22    2    6
    5    6  186   16    6    5
    5    6  248   21    8    7
    5    6  347   29   11    2
    5    6   60    5   12    5
    5    6    7    1    7    3
    5    6  333   28    9    6
    5    6  130   11   10    2
    5    6   26    3    2    4
    5    6  187   16    7    3
    5    6  159   14    3    6
    5    6    4    1    4    3
    5    6   66    6    6    9
    5    6  285   24    9    5
    5    6  181   16    1    4
    5    6  109   10    1    4
    5    6  168   14   12    3
    5    6   85    8    1    2
    5    6   95    8   11    3
    5    6  271   23    7    6
    5    6   54    5    6    4
    5    6  129   11    9    4
    5    6  321   27    9    7
    5    6  260   22    8    7
    5    6  305   26    5    3
    5    6   19    2    7    4
    5    6  273   23    9    6
    5    6  142   12   10    8
    5    6  340   29    4    3
    5    6   23    2   11    3
    5    6  150   13    6    3
    5    6  289   25    1    2
    5    6  117   10    9    1
    5    6  205   18    1    4
    5    6  299   25   11    5
    5    6  357   30    9    4
    5    6   99    9    3    3
    5    6  174   15    6    4
    5    6   73    7    1    6
    5    6   69    6    9    8
    5    6  219   19    3    7
    5    6  190   16   10    3
    5    6  265   23    1    5
    5    6  354   30    6    4
    5    6  210   18    6    5
    5    6  208   18    4    4
    5    6  193   17    1    4
    5    6  263   22   11    6
    5    6  244   21    4    7
    5    6   22    2   10    2
    5    6  317   27    5    2
    5    6  275   23   11    7
    5    6  303   26    3    4
    5    6   48    4   12    4
    5    6  163   14    7    5
    5    6  216   18   12    3
    5    6  313   27    1    4
    5    6  314   27    2    4
    5    6  291   25    3    3
    5    6   63    6    3    7
    5    6  249   21    9    7
    5    6  126   11    6    5
    5    6   57    5    9    6
    5    6  311   26   11    3
    5    6  222   19    6    7
    5    6   35    3   11    4
    5    6   87    8    3    4
    5    6  334   28   10    6
    5    6  251   21   11    6
    5    6   42    4    6    4
    5    6  284   24    8    5
    5    6   86    8    2    5
    5    6  114   10    6    6
    5    6    8    1    8    3
    5    6   51    5    3    2
    5    6  267   23    3    4
    5    6  104    9    8    1
    5    6   94    8   10    4
    5    6  127   11    7    3
    5    6  346   29   10    4
    5    6  155   13   11    3
    5    6  250   21   10    7
    5    6  310   26   10    1
    5    6  279   24    3    1
    5    6  209   18    5    5
    5    6  211   18    7    4
    5    6  170   15    2    5
    5    6  113   10    5    4
    5    6  261   22    9    6
    5    6   72    6   12    8
    5    6  197   17    5    6
    5    6  239   20   11    7
    5    6  327   28    3    6
    5    6  274   23   10    6
    5    6  224   19    8    6
    5    6  144   12   12    8
    5    6  307   26    7    4
    5    6  232   20    4    2
    5    6   52    5    4    3
    5    6   91    8    7    3
    5    6  151   13    7    2
    5    6  335   28   11    6
    5    6  283   24    7    4
    5    6  252   21   12    5
    5    6   30    3    6    4
    5    6   16    2    4    1
    5    6  233   20    5    5
    5    6  206   18    2    1
    5    6   24    2   12    2
    5    6  200   17    8    8
    5    6   92    8    8    3
    5    6  320   27    8    4
    5    6  294   25    6    4
    5    6   50    5    2    4
    5    6   70    6   10    7
    5    6  330   28    6    6
    5    6  119   10   11    2
    5    6  175   15    7    4
    5    6   90    8    6    6
    5    6  344   29    8    5
    5    6  302   26    2    5
    5    6  173   15    5    4
    5    6  269   23    5    4
    5    6  146   13    2    5
    5    6  165   14    9    3
    5    6  325   28    1    7
    5    6   31    3    7    4
    5    6   20    2    8    1
    5    6  201   17    9    6
    5    6  328   28    4    7
    5    6  343   29    7    5
    5    6  125   11    5    4
    5    6  341   29    5    5
    5    6  236   20    8    3
    5    6  189   16    9    4
    5    6   32    3    8    5
    5    6  337   29    1    4
    5    6   68    6    8    9
    5    6   77    7    5    6
    5    6  290   25    2    5
    5    6  296   25    8    3
    5    6  262   22   10    3
    5    6   67    6    7    7
    5    6  339   29    3    5
    5    6  342   29    6    4
    5    6  359   30   11    6
    5    6  120   10   12    4
    5    6  270   23    6    5
    5    6  111   10    3    5
    5    6  331   28    7    7
    5    6  212   18    8    5
    5    6    5    1    5    4
    5    6  162   14    6    4
    5    6   62    6    2    8
    5    6   29    3    5    4
    5    6   93    8    9    3
    5    6  194   17    2    4
    5    6   74    7    2    3
    5    6  122   11    2    3
    5    6  308   26    8    6
    5    6  264   22   12    4
    5    6  154   13   10    5
    5    6  256   22    4    3
    5    6  351   30    3    2
    5    6  167   14   11    3
    5    6  171   15    3    6
    5    6  115   10    7    4
    5    6  198   17    6    7
    5    6   33    3    9    5
    5    6   76    7    4    6
    5    6  336   28   12    8
    5    6   38    4    2    3
    5    6   96    8   12    6
    5    6  225   19    9    5
    5    6  158   14    2    4
    5    6  227   19   11    5
    5    6  220   19    4    6
    5    6    6    1    6    4
    5    6  188   16    8    5
    5    6  300   25   12    3
    5    6  157   14    1    5
    5    6  160   14    4    4
    5    6    9    1    9    3
    5    6  133   12    1    7
    5    6  139   12    7    8
    5    6  156   13   12    4
    5    6  136   12    4    9
    5    6   36    3   12    4
    5    6  100    9    4    1
    5    6  105    9    9    2
    5    6  295   25    7    3
    5    6  169   15    1    4
    5    6  199   17    7    4
    5    6  183   16    3    4
    5    6  360   30   12    4
    5    6   47    4   11    3
    5    6  103    9    7    2
    5    6   39    4    3    4
    5    6  218   19    2    6
    5    6  323   27   11    6
    5    6  118   10   10    3
    5    6   27    3    3    3
    5    6  182   16    2    3
    5    6  352   30    4    2
    5    6  281   24    5    5
    5    6  338   29    2    5
    5    6  255   22    3    4
    5    6   44    4    8    4
    5    6  353   30    5    5
    5    6  204   17   12    6
    5    6    2    1    2    4
    5    6  112   10    4    5
    5    6  166   14   10    4
    5    6   14    2    2    4
    5    6   10    1   10    3
    5    6   13    2    1    4
    5    6  350   30    2    4
    5    6  192   16   12    5
    5    6   84    7   12    6
    5    6  137   12    5    8
    5    6   75    7    3    6
    5    6  349   30    1    4
    5    6  145   13    1    6
    5    6  318   27    6    5
    5    6  161   14    5    6
    5    6  231   20    3    5
    5    6  278   24    2    4
    5    6  153   13    9    3
    5    6  257   22    5    6
    5    6  202   17   10    3
    5    6   59    5   11    4
    5    6  172   15    4    5
    5    6  298   25   10    3
    5    6  246   21    6    7
    5    6  309   26    9    3
    5    6   49    5    1    4
    5    6   56    5    8    4
    5    6  268   23    4    4
    5    6  306   26    6    2
    5    6  196   17    4    7
    5    6  132   11   12    6
    5    6  258   22    6    6
    5    6  316   27    4    5
    5    6   11    1   11    4
    5    6  108    9   12    3
