    3    3  273   23    9    1
    3    3   97    9    1    1
    3    3  166   14   10    1
    3    3  176   15    8    3
    3    3   62    6    2    1
    3    3  284   24    8    7
    3    3  331   28    7    4
    3    3   32    3    8    3
    3    3  252   21   12    2
    3    3  107    9   11    2
    3    3   76    7    4    5
    3    3   34    3   10    1
    3    3  173   15    5    1
    3    3  308   26    8    2
    3    3  212   18    8    1
    3    3  290   25    2    3
    3    3  222   19    6    6
    3    3   79    7    7    6
    3    3  197   17    5    1
    3    3   85    8    1    1
    3    3  205   18    1    3
    3    3  227   19   11    7
    3    3  202   17   10    1
    3    3  221   19    5    1
    3    3  101    9    5    3
    3    3   14    2    2    1
    3    3  208   18    4    6
    3    3  230   20    2    1
    3    3  216   18   12    3
    3    3  187   16    7    4
    3    3  332   28    8    1
    3    3  271   23    7    1
    3    3  342   29    6    1
    3    3  127   11    7    4
    3    3  304   26    4    1
    3    3  326   28    2    3
    3    3  217   19    1    1
    3    3  335   28   11    3
    3    3   25    3    1    1
    3    3  338   29    2    1
    3    3  226   19   10    5
    3    3  168   14   12    5
    3    3   23    2   11    3
    3    3   26    3    2    2
    3    3  320   27    8    7
    3    3  148   13    4    3
    3    3  141   12    9    1
    3    3  253   22    1    9
    3    3   92    8    8    4
    3    3  263   22   11    9
    3    3  243   21    3    2
    3    3  268   23    4    1
    3    3   31    3    7    6
    3    3  161   14    5    6
    3    3   38    4    2    3
    3    3    1    1    1    3
    3    3  128   11    8    3
    3    3    6    1    6    5
    3    3  239   20   11    1
    3    3  289   25    1    1
    3    3  210   18    6    3
    3    3  250   21   10    2
    3    3  297   25    9    4
    3    3   75    7    3    8
    3    3   93    8    9    5
    3    3  224   19    8    6
    3    3  129   11    9    3
    3    3  262   22   10    8
    3    3  228   19   12    4
    3    3  193   17    1    7
    3    3  229   20    1    1
    3    3   86    8    2    7
    3    3  265   23    1    3
    3    3   94    8   10    4
    3    3  165   14    9    4
    3    3    5    1    5    7
    3    3  351   30    3    1
    3    3  172   15    4    1
    3    3   80    7    8    7
    3    3  330   28    6    7
    3    3   18    2    6    1
    3    3    3    1    3    5
    3    3  357   30    9    6
    3    3  307   26    7    3
    3    3  170   15    2    2
    3    3   35    3   11    2
    3    3  292   25    4    3
    3    3  316   27    4    4
    3    3  102    9    6    3
    3    3  251   21   11    1
    3    3  286   24   10    8
    3    3  321   27    9    7
    3    3   52    5    4    5
    3    3  359   30   11    2
    3    3  126   11    6    5
    3    3  132   11   12    6
    3    3  104    9    8    2
    3    3   47    4   11    3
    3    3   19    2    7    3
    3    3  323   27   11    4
    3    3  244   21    4    2
    3    3  293   25    5    2
    3    3   39    4    3    1
    3    3  317   27    5    1
    3    3   36    3   12    2
    3    3  115   10    7    1
    3    3  163   14    7    2
    3    3  108    9   12    3
    3    3  214   18   10    3
    3    3  181   16    1    6
    3    3  156   13   12    1
    3    3  300   25   12    2
    3    3   49    5    1    1
    3    3   12    1   12    6
    3    3  171   15    3    1
    3    3  282   24    6    9
    3    3   71    6   11    1
    3    3  145   13    1    3
    3    3  237   20    9    2
    3    3  109   10    1    6
    3    3  280   24    4    9
    3    3  113   10    5    3
    3    3   73    7    1    8
    3    3  219   19    3    5
    3    3   68    6    8    1
    3    3  303   26    3    2
    3    3  123   11    3    3
    3    3  130   11   10    3
    3    3   44    4    8    4
    3    3  260   22    8    9
    3    3  190   16   10    7
    3    3  360   30   12    2
    3    3   42    4    6    6
    3    3  324   27   12    4
    3    3   99    9    3    3
    3    3  174   15    6    3
    3    3   17    2    5    1
    3    3  270   23    6    1
    3    3  135   12    3    2
    3    3  322   27   10    2
    3    3  341   29    5    1
    3    3  225   19    9    5
    3    3   43    4    7    7
    3    3   50    5    2    3
    3    3  328   28    4    9
    3    3  345   29    9    1
    3    3  257   22    5    9
    3    3  295   25    7    1
    3    3   59    5   11    5
    3    3  267   23    3    8
    3    3  154   13   10    3
    3    3  238   20   10    1
    3    3  249   21    9    1
    3    3   74    7    2    9
    3    3  137   12    5    1
    3    3  337   29    1    1
    3    3  346   29   10    1
    3    3  248   21    8    1
    3    3  185   16    5    3
    3    3  309   26    9    1
    3    3  325   28    1    9
    3    3  274   23   10    2
    3    3  358   30   10    1
    3    3  247   21    7    3
    3    3  355   30    7    3
    3    3  240   20   12    2
    3    3  191   16   11    1
    3    3  199   17    7    1
    3    3   67    6    7    1
    3    3  213   18    9    6
    3    3  294   25    6    3
    3    3  269   23    5    6
    3    3   65    6    5    6
    3    3  315   27    3    5
    3    3   90    8    6    7
    3    3  241   21    1    6
    3    3  131   11   11    7
    3    3  116   10    8    2
    3    3   82    7   10    9
    3    3  266   23    2    3
    3    3  182   16    2    2
    3    3  344   29    8    1
    3    3   78    7    6    7
    3    3  233   20    5    1
    3    3  118   10   10    2
    3    3  256   22    4    9
    3    3  298   25   10    1
    3    3  206   18    2    2
    3    3  327   28    3    7
    3    3  318   27    6    3
    3    3  164   14    8    2
    3    3   84    7   12    8
    3    3   37    4    1    5
    3    3  150   13    6    1
    3    3  144   12   12    2
    3    3  203   17   11    2
    3    3  175   15    7    1
    3    3  272   23    8    1
    3    3  152   13    8    3
    3    3   10    1   10    4
    3    3  236   20    8    1
    3    3  147   13    3    2
    3    3  105    9    9    3
    3    3  138   12    6    1
    3    3   57    5    9    7
    3    3  277   24    1    9
    3    3  313   27    1    3
    3    3  350   30    2    2
    3    3  184   16    4    2
    3    3  139   12    7    1
    3    3  234   20    6    1
    3    3   55    5    7    4
    3    3  259   22    7    7
    3    3  189   16    9    5
    3    3  149   13    5    5
    3    3  119   10   11    1
    3    3  278   24    2    6
    3    3   66    6    6    1
    3    3   48    4   12    3
    3    3  352   30    4    1
    3    3  343   29    7    1
    3    3  264   22   12    8
    3    3  340   29    4    1
    3    3  291   25    3    1
    3    3  296   25    8    3
    3    3  178   15   10    5
    3    3  287   24   11    9
    3    3  124   11    4    1
    3    3  125   11    5    1
    3    3   96    8   12    5
    3    3  177   15    9    4
    3    3  285   24    9    3
    3    3  314   27    2    1
    3    3  333   28    9    6
    3    3  195   17    3    1
    3    3    7    1    7    2
    3    3  255   22    3    9
    3    3  157   14    1    3
    3    3  312   26   12    2
    3    3   72    6   12    1
    3    3  201   17    9    3
    3    3   24    2   12    2
    3    3  276   23   12    1
    3    3  186   16    6    3
    3    3   16    2    4    1
    3    3  188   16    8    3
    3    3  245   21    5    2
    3    3  140   12    8    1
    3    3  162   14    6    3
    3    3    2    1    2    4
    3    3  133   12    1    1
    3    3  196   17    4    3
    3    3  114   10    6    2
    3    3  246   21    6    3
    3    3   21    2    9    2
    3    3   27    3    3    1
    3    3  204   17   12    3
    3    3  301   26    1    1
    3    3  207   18    3    3
    3    3  136   12    4    1
    3    3   64    6    4    1
    3    3   70    6   10    1
    3    3   63    6    3    1
    3    3   29    3    5    2
    3    3  306   26    6    3
    3    3  103    9    7    3
    3    3   56    5    8    1
    3    3   41    4    5    7
    3    3   51    5    3    7
    3    3    9    1    9    5
    3    3  159   14    3    3
    3    3  281   24    5    9
    3    3  151   13    7    3
    3    3    8    1    8    2
    3    3  302   26    2    1
    3    3   53    5    5    2
    3    3   91    8    7    3
    3    3  254   22    2    9
    3    3  134   12    2    2
    3    3   88    8    4    7
    3    3  167   14   11    2
    3    3  194   17    2    1
    3    3    4    1    4    8
    3    3   30    3    6    5
    3    3  158   14    2    3
    3    3   45    4    9    4
    3    3   83    7   11    7
    3    3  283   24    7    9
    3    3  100    9    4    4
    3    3   58    5   10    5
    3    3  275   23   11    3
    3    3  215   18   11    3
    3    3  336   28   12    2
    3    3  160   14    4    3
    3    3   60    5   12    5
    3    3  235   20    7    1
    3    3  112   10    4    2
    3    3   81    7    9    9
    3    3  192   16   12    3
    3    3  110   10    2    5
    3    3  349   30    1    1
    3    3  334   28   10    3
    3    3   87    8    3    5
    3    3  183   16    3    2
    3    3  347   29   11    3
    3    3  356   30    8    1
    3    3  111   10    3    3
    3    3  155   13   11    4
    3    3  319   27    7    3
    3    3   28    3    4    4
    3    3   11    1   11    8
    3    3  288   24   12    6
    3    3  146   13    2    3
    3    3  305   26    5    9
    3    3  121   11    1    3
    3    3  143   12   11    2
    3    3  198   17    6    1
    3    3   95    8   11    4
    3    3  232   20    4    2
    3    3  169   15    1    6
    3    3  223   19    7    3
    3    3  120   10   12    7
    3    3  242   21    2    3
    3    3   77    7    5    9
    3    3  200   17    8    1
    3    3  354   30    6    2
    3    3  106    9   10    3
    3    3  310   26   10    1
    3    3  209   18    5    2
    3    3  339   29    3    1
    3    3  211   18    7    3
    3    3   61    6    1    1
    3    3  142   12   10    4
    3    3   54    5    6    5
    3    3  117   10    9    5
    3    3   46    4   10    3
    3    3   20    2    8    1
    3    3  299   25   11    9
    3    3  353   30    5    1
    3    3  220   19    4    5
    3    3  348   29   12    3
    3    3  329   28    5    3
    3    3  122   11    2    2
    3    3   22    2   10    2
    3    3   13    2    1    1
    3    3  218   19    2    4
    3    3  258   22    6    7
    3    3   33    3    9    8
    3    3  279   24    3    8
    3    3   98    9    2    4
    3    3  311   26   11    1
    3    3   69    6    9    1
    3    3   89    8    5    2
    3    3  153   13    9    3
    3    3  179   15   11    3
    3    3   15    2    3    3
    3    3  261   22    9    8
    3    3   40    4    4    5
    3    3  231   20    3    1
    3    3  180   15   12    3
