    9    9  304   26    4    2
    9    9  356   30    8    2
    9    9   57    5    9    3
    9    9  276   23   12    2
    9    9   43    4    7    3
    9    9   49    5    1    3
    9    9  174   15    6    2
    9    9   48    4   12    3
    9    9  114   10    6    3
    9    9  348   29   12    1
    9    9  265   23    1    3
    9    9  273   23    9    3
    9    9   99    9    3    1
    9    9  254   22    2    3
    9    9  129   11    9    1
    9    9  237   20    9    2
    9    9  268   23    4    2
    9    9  152   13    8    3
    9    9  306   26    6    2
    9    9  353   30    5    2
    9    9  257   22    5    3
    9    9   51    5    3    3
    9    9  123   11    3    3
    9    9  264   22   12    3
    9    9  232   20    4    2
    9    9  165   14    9    2
    9    9  346   29   10    2
    9    9   74    7    2    3
    9    9  218   19    2    2
    9    9   95    8   11    1
    9    9  128   11    8    1
    9    9  359   30   11    2
    9    9  195   17    3    3
    9    9  315   27    3    3
    9    9   44    4    8    1
    9    9  260   22    8    3
    9    9  194   17    2    2
    9    9  223   19    7    1
    9    9  301   26    1    2
    9    9   33    3    9    1
    9    9   18    2    6    2
    9    9  140   12    8    2
    9    9  354   30    6    3
    9    9   67    6    7    3
    9    9  188   16    8    1
    9    9  119   10   11    2
    9    9  172   15    4    3
    9    9  153   13    9    3
    9    9   89    8    5    3
    9    9  321   27    9    2
    9    9  352   30    4    2
    9    9  216   18   12    2
    9    9  305   26    5    3
    9    9  284   24    8    3
    9    9   35    3   11    3
    9    9  347   29   11    1
    9    9  111   10    3    3
    9    9   31    3    7    1
    9    9   62    6    2    2
    9    9   64    6    4    2
    9    9  135   12    3    2
    9    9  270   23    6    3
    9    9   60    5   12    3
    9    9  185   16    5    1
    9    9  309   26    9    2
    9    9  171   15    3    3
    9    9   28    3    4    1
    9    9  266   23    2    2
    9    9  294   25    6    2
    9    9  279   24    3    3
    9    9  154   13   10    1
    9    9   27    3    3    1
    9    9   38    4    2    1
    9    9  241   21    1    2
    9    9  168   14   12    2
    9    9  277   24    1    3
    9    9  230   20    2    2
    9    9  319   27    7    3
    9    9    1    1    1    1
    9    9   50    5    2    1
    9    9  289   25    1    1
    9    9   40    4    4    3
    9    9  205   18    1    1
    9    9  167   14   11    3
    9    9  173   15    5    3
    9    9  311   26   11    2
    9    9    3    1    3    3
    9    9   85    8    1    1
    9    9   25    3    1    1
    9    9   42    4    6    3
    9    9  333   28    9    2
    9    9   41    4    5    3
    9    9   80    7    8    3
    9    9  236   20    8    2
    9    9   92    8    8    1
    9    9  103    9    7    1
    9    9  177   15    9    3
    9    9  228   19   12    3
    9    9   14    2    2    3
    9    9    7    1    7    3
    9    9  117   10    9    1
    9    9  343   29    7    3
    9    9  341   29    5    2
    9    9  332   28    8    2
    9    9   81    7    9    2
    9    9   59    5   11    1
    9    9   78    7    6    3
    9    9  163   14    7    2
    9    9  207   18    3    3
    9    9  239   20   11    2
    9    9   88    8    4    2
    9    9    5    1    5    1
    9    9  256   22    4    2
    9    9  263   22   11    3
    9    9   82    7   10    3
    9    9   36    3   12    3
    9    9  181   16    1    3
    9    9  219   19    3    2
    9    9  180   15   12    1
    9    9  290   25    2    2
    9    9  184   16    4    3
    9    9    6    1    6    1
    9    9  220   19    4    1
    9    9   13    2    1    2
    9    9    9    1    9    1
    9    9  297   25    9    2
    9    9  320   27    8    2
    9    9   86    8    2    1
    9    9  179   15   11    3
    9    9  351   30    3    2
    9    9   10    1   10    2
    9    9  244   21    4    2
    9    9  182   16    2    3
    9    9  133   12    1    2
    9    9   19    2    7    1
    9    9  110   10    2    1
    9    9  212   18    8    2
    9    9  238   20   10    2
    9    9  169   15    1    3
    9    9   16    2    4    2
    9    9   77    7    5    3
    9    9  269   23    5    2
    9    9  197   17    5    2
    9    9  106    9   10    1
    9    9  240   20   12    2
    9    9  144   12   12    2
    9    9  355   30    7    2
    9    9  275   23   11    3
    9    9  131   11   11    3
    9    9  242   21    2    2
    9    9   71    6   11    2
    9    9  274   23   10    3
    9    9   97    9    1    1
    9    9   90    8    6    3
    9    9  326   28    2    2
    9    9  161   14    5    2
    9    9  156   13   12    3
    9    9  175   15    7    2
    9    9  142   12   10    2
    9    9  108    9   12    1
    9    9  121   11    1    3
    9    9  211   18    7    2
    9    9  183   16    3    2
    9    9  226   19   10    3
    9    9   22    2   10    2
    9    9  280   24    4    3
    9    9  143   12   11    2
    9    9  158   14    2    1
    9    9  201   17    9    2
    9    9  162   14    6    2
    9    9  187   16    7    3
    9    9  208   18    4    3
    9    9   11    1   11    1
    9    9   23    2   11    1
    9    9   76    7    4    1
    9    9  328   28    4    3
    9    9  115   10    7    3
    9    9  192   16   12    3
    9    9  116   10    8    1
    9    9  104    9    8    1
    9    9  147   13    3    3
    9    9  316   27    4    2
    9    9   65    6    5    3
    9    9  229   20    1    2
    9    9  204   17   12    2
    9    9   39    4    3    1
    9    9  137   12    5    2
    9    9   72    6   12    2
    9    9   93    8    9    1
    9    9  159   14    3    2
    9    9  198   17    6    2
    9    9  250   21   10    2
    9    9  213   18    9    3
    9    9  331   28    7    2
    9    9  282   24    6    2
    9    9  109   10    1    1
    9    9  350   30    2    2
    9    9  199   17    7    3
    9    9  132   11   12    1
    9    9   32    3    8    1
    9    9  125   11    5    1
    9    9  334   28   10    3
    9    9  317   27    5    1
    9    9  160   14    4    2
    9    9  360   30   12    2
    9    9   46    4   10    2
    9    9   12    1   12    1
    9    9  124   11    4    3
    9    9  234   20    6    2
    9    9  145   13    1    3
    9    9  224   19    8    3
    9    9  325   28    1    2
    9    9  308   26    8    2
    9    9   29    3    5    1
    9    9  314   27    2    3
    9    9  310   26   10    3
    9    9  100    9    4    1
    9    9  330   28    6    3
    9    9  302   26    2    2
    9    9  222   19    6    3
    9    9  281   24    5    3
    9    9  193   17    1    3
    9    9  221   19    5    2
    9    9   21    2    9    3
    9    9  288   24   12    2
    9    9  258   22    6    3
    9    9   20    2    8    2
    9    9  285   24    9    3
    9    9  141   12    9    2
    9    9  210   18    6    2
    9    9  329   28    5    2
    9    9  358   30   10    3
    9    9  344   29    8    1
    9    9    2    1    2    1
    9    9  178   15   10    1
    9    9   98    9    2    1
    9    9  303   26    3    2
    9    9  299   25   11    1
    9    9  322   27   10    2
    9    9  189   16    9    3
    9    9  324   27   12    3
    9    9  136   12    4    2
    9    9  107    9   11    1
    9    9   54    5    6    3
    9    9  157   14    1    2
    9    9  271   23    7    2
    9    9  255   22    3    3
    9    9   15    2    3    1
    9    9   24    2   12    1
    9    9  262   22   10    3
    9    9  127   11    7    3
    9    9   79    7    7    3
    9    9  146   13    2    1
    9    9  101    9    5    1
    9    9   73    7    1    2
    9    9   69    6    9    2
    9    9  248   21    8    2
    9    9  339   29    3    1
    9    9  261   22    9    2
    9    9  149   13    5    1
    9    9  176   15    8    1
    9    9  102    9    6    1
    9    9  233   20    5    3
    9    9  148   13    4    3
    9    9  293   25    5    3
    9    9  259   22    7    3
    9    9   75    7    3    3
    9    9   91    8    7    1
    9    9  105    9    9    1
    9    9  298   25   10    2
    9    9  150   13    6    1
    9    9  292   25    4    1
    9    9  246   21    6    2
    9    9  166   14   10    3
    9    9   94    8   10    1
    9    9  340   29    4    1
    9    9  196   17    4    3
    9    9  318   27    6    2
    9    9   17    2    5    2
    9    9  342   29    6    3
    9    9   45    4    9    2
    9    9  191   16   11    3
    9    9   68    6    8    2
    9    9  200   17    8    2
    9    9  278   24    2    3
    9    9    8    1    8    1
    9    9  134   12    2    2
    9    9  215   18   11    1
    9    9  349   30    1    3
    9    9  225   19    9    2
    9    9   37    4    1    3
    9    9  287   24   11    3
    9    9   70    6   10    2
    9    9  112   10    4    1
    9    9   96    8   12    1
    9    9  138   12    6    2
    9    9  249   21    9    2
    9    9  247   21    7    2
    9    9   47    4   11    1
    9    9  126   11    6    2
    9    9  252   21   12    2
    9    9  130   11   10    2
    9    9   63    6    3    2
    9    9  231   20    3    2
    9    9  300   25   12    2
    9    9  335   28   11    2
    9    9  272   23    8    2
    9    9  203   17   11    2
    9    9  312   26   12    3
    9    9  296   25    8    1
    9    9  286   24   10    3
    9    9  295   25    7    1
    9    9  164   14    8    3
    9    9  227   19   11    3
    9    9  337   29    1    3
    9    9  323   27   11    2
    9    9   55    5    7    3
    9    9  291   25    3    2
    9    9  206   18    2    3
    9    9  122   11    2    2
    9    9   87    8    3    3
    9    9  120   10   12    3
    9    9  118   10   10    1
    9    9  345   29    9    1
    9    9   66    6    6    2
    9    9    4    1    4    3
    9    9  338   29    2    2
    9    9   30    3    6    1
    9    9  139   12    7    2
    9    9  202   17   10    1
    9    9  190   16   10    3
    9    9  253   22    1    1
    9    9   84    7   12    2
    9    9  209   18    5    3
    9    9   34    3   10    1
    9    9   26    3    2    3
    9    9  251   21   11    2
    9    9  186   16    6    1
    9    9  245   21    5    3
    9    9   58    5   10    1
    9    9  217   19    1    2
    9    9   61    6    1    2
    9    9  151   13    7    3
    9    9   83    7   11    3
    9    9  170   15    2    3
    9    9  235   20    7    2
    9    9   52    5    4    3
    9    9   53    5    5    3
    9    9  155   13   11    3
    9    9  214   18   10    2
    9    9  307   26    7    2
    9    9  113   10    5    2
    9    9  357   30    9    2
    9    9  336   28   12    2
    9    9  327   28    3    1
    9    9  313   27    1    2
    9    9  283   24    7    3
    9    9   56    5    8    3
    9    9  243   21    3    2
    9    9  267   23    3    2
