    3   13  182   16    2    5
    3   13   41    4    5    6
    3   13  112   10    4    2
    3   13  185   16    5    4
    3   13    3    1    3    5
    3   13   61    6    1    0
    3   13  197   17    5    1
    3   13   65    6    5    8
    3   13  278   24    2    5
    3   13  198   17    6    1
    3   13  100    9    4    0
    3   13  350   30    2    1
    3   13  343   29    7    1
    3   13   22    2   10    1
    3   13  345   29    9    2
    3   13   77    7    5    9
    3   13  258   22    6    9
    3   13  352   30    4    1
    3   13   37    4    1    5
    3   13  147   13    3    1
    3   13  318   27    6    2
    3   13  310   26   10    1
    3   13  212   18    8    4
    3   13   13    2    1    1
    3   13   59    5   11    4
    3   13  344   29    8    1
    3   13  132   11   12    9
    3   13  174   15    6    7
    3   13  117   10    9    3
    3   13   97    9    1    0
    3   13  252   21   12    4
    3   13  256   22    4    5
    3   13  184   16    4    0
    3   13  239   20   11    1
    3   13   76    7    4    9
    3   13  288   24   12    2
    3   13  204   17   12    1
    3   13  354   30    6    2
    3   13  269   23    5    2
    3   13  228   19   12    5
    3   13  155   13   11    1
    3   13   25    3    1    1
    3   13  190   16   10    1
    3   13  149   13    5    2
    3   13   87    8    3    5
    3   13  347   29   11    1
    3   13  188   16    8    2
    3   13  273   23    9    0
    3   13   40    4    4    3
    3   13   28    3    4    1
    3   13  226   19   10    1
    3   13  353   30    5    1
    3   13  267   23    3    0
    3   13   79    7    7    9
    3   13    9    1    9    3
    3   13  246   21    6    1
    3   13   58    5   10    2
    3   13  272   23    8    0
    3   13   62    6    2    0
    3   13  105    9    9    0
    3   13  195   17    3    2
    3   13  201   17    9    2
    3   13  221   19    5    1
    3   13  236   20    8    1
    3   13  235   20    7    1
    3   13  175   15    7    4
    3   13   32    3    8    1
    3   13  230   20    2    0
    3   13  179   15   11    1
    3   13  268   23    4    1
    3   13   88    8    4    7
    3   13  222   19    6    5
    3   13  139   12    7    0
    3   13  160   14    4    1
    3   13   50    5    2    1
    3   13  102    9    6    0
    3   13    8    1    8    3
    3   13  279   24    3    3
    3   13  356   30    8    1
    3   13  151   13    7    1
    3   13  163   14    7    1
    3   13  210   18    6    4
    3   13  317   27    5    1
    3   13  315   27    3    1
    3   13  142   12   10    0
    3   13  238   20   10    1
    3   13  321   27    9    0
    3   13   16    2    4    1
    3   13  180   15   12    4
    3   13  178   15   10    6
    3   13   96    8   12    5
    3   13  218   19    2    3
    3   13   64    6    4    0
    3   13  250   21   10    0
    3   13  141   12    9    0
    3   13  237   20    9    1
    3   13  325   28    1    8
    3   13  313   27    1    2
    3   13   75    7    3    8
    3   13   99    9    3    0
    3   13  129   11    9    1
    3   13  295   25    7    1
    3   13  261   22    9    9
    3   13   71    6   11    0
    3   13  241   21    1    0
    3   13  124   11    4    3
    3   13  323   27   11    0
    3   13   85    8    1    1
    3   13   63    6    3    0
    3   13  319   27    7    4
    3   13  359   30   11    1
    3   13  229   20    1    3
    3   13  208   18    4    8
    3   13   24    2   12    3
    3   13   57    5    9    8
    3   13   81    7    9    9
    3   13  308   26    8    4
    3   13  176   15    8    1
    3   13  116   10    8    2
    3   13  122   11    2    3
    3   13  215   18   11    2
    3   13  192   16   12    1
    3   13  281   24    5    9
    3   13  294   25    6    2
    3   13  309   26    9    1
    3   13  337   29    1    1
    3   13   36    3   12    5
    3   13  328   28    4    9
    3   13   17    2    5    2
    3   13   49    5    1    6
    3   13  303   26    3    2
    3   13   74    7    2    8
    3   13  206   18    2    1
    3   13  262   22   10    9
    3   13  140   12    8    0
    3   13  296   25    8    0
    3   13   43    4    7    8
    3   13  191   16   11    2
    3   13  277   24    1    8
    3   13   53    5    5    3
    3   13  270   23    6    0
    3   13  200   17    8    1
    3   13  203   17   11    1
    3   13  264   22   12    9
    3   13  276   23   12    3
    3   13  217   19    1    1
    3   13   39    4    3    1
    3   13  351   30    3    1
    3   13  225   19    9    3
    3   13  305   26    5    6
    3   13  196   17    4    1
    3   13  193   17    1    5
    3   13  205   18    1    3
    3   13  162   14    6    1
    3   13  220   19    4    4
    3   13  244   21    4    2
    3   13   83    7   11    6
    3   13  312   26   12    4
    3   13   82    7   10    3
    3   13    1    1    1    3
    3   13  289   25    1    2
    3   13    2    1    2    4
    3   13  255   22    3    9
    3   13  159   14    3    1
    3   13  150   13    6    2
    3   13  271   23    7    1
    3   13  131   11   11    5
    3   13   68    6    8    0
    3   13  331   28    7    6
    3   13  314   27    2    4
    3   13    7    1    7    2
    3   13   89    8    5    1
    3   13  223   19    7    2
    3   13   35    3   11    1
    3   13  120   10   12    4
    3   13  287   24   11    7
    3   13  342   29    6    1
    3   13  186   16    6    3
    3   13  275   23   11    0
    3   13   72    6   12    0
    3   13  107    9   11    0
    3   13   84    7   12    8
    3   13  360   30   12    1
    3   13   20    2    8    2
    3   13   47    4   11    2
    3   13  146   13    2    2
    3   13  130   11   10    1
    3   13  137   12    5    0
    3   13  164   14    8    4
    3   13  166   14   10    1
    3   13  127   11    7    2
    3   13  173   15    5    3
    3   13  183   16    3    1
    3   13   90    8    6    8
    3   13  320   27    8    0
    3   13  259   22    7    9
    3   13   48    4   12    3
    3   13  101    9    5    0
    3   13  168   14   12    0
    3   13  227   19   11    4
    3   13   66    6    6    0
    3   13   52    5    4    2
    3   13  207   18    3    3
    3   13  339   29    3    1
    3   13  214   18   10    2
    3   13  249   21    9    0
    3   13  115   10    7    3
    3   13  181   16    1    2
    3   13  322   27   10    1
    3   13  242   21    2    0
    3   13   10    1   10    4
    3   13  118   10   10    2
    3   13  280   24    4    8
    3   13  306   26    6    2
    3   13  358   30   10    1
    3   13  301   26    1    4
    3   13  148   13    4    3
    3   13  153   13    9    1
    3   13  128   11    8    3
    3   13  332   28    8    0
    3   13  121   11    1    4
    3   13  143   12   11    4
    3   13  265   23    1    0
    3   13  202   17   10    2
    3   13  260   22    8    9
    3   13   93    8    9    3
    3   13  144   12   12    0
    3   13   51    5    3    3
    3   13  170   15    2    2
    3   13    5    1    5    5
    3   13   31    3    7    2
    3   13  135   12    3    2
    3   13  333   28    9    4
    3   13   21    2    9    1
    3   13  282   24    6    9
    3   13  194   17    2    1
    3   13  292   25    4    3
    3   13  113   10    5    2
    3   13  158   14    2    1
    3   13   54    5    6    1
    3   13   26    3    2    1
    3   13  285   24    9    8
    3   13  123   11    3    0
    3   13  104    9    8    0
    3   13  125   11    5    1
    3   13  357   30    9    2
    3   13  108    9   12    3
    3   13   98    9    2    0
    3   13  326   28    2    1
    3   13    6    1    6    3
    3   13  136   12    4    0
    3   13  340   29    4    1
    3   13  165   14    9    2
    3   13   56    5    8    5
    3   13  126   11    6    1
    3   13  109   10    1    3
    3   13  302   26    2    1
    3   13  114   10    6    3
    3   13  233   20    5    1
    3   13   11    1   11    5
    3   13  254   22    2    9
    3   13  263   22   11    9
    3   13  167   14   11    3
    3   13  177   15    9    2
    3   13  156   13   12    1
    3   13   14    2    2    1
    3   13   86    8    2    4
    3   13   27    3    3    1
    3   13  199   17    7    1
    3   13  245   21    5    1
    3   13  152   13    8    1
    3   13  341   29    5    1
    3   13  299   25   11    1
    3   13  119   10   11    1
    3   13  138   12    6    1
    3   13  253   22    1    8
    3   13   15    2    3    4
    3   13   78    7    6    4
    3   13  346   29   10    1
    3   13   94    8   10    4
    3   13  335   28   11    1
    3   13  172   15    4    1
    3   13  286   24   10    7
    3   13  134   12    2    0
    3   13  110   10    2    2
    3   13  231   20    3    1
    3   13  251   21   11    0
    3   13  304   26    4    0
    3   13  111   10    3    3
    3   13   45    4    9    2
    3   13   73    7    1    6
    3   13  216   18   12    1
    3   13  232   20    4    1
    3   13   95    8   11    6
    3   13  266   23    2    0
    3   13  324   27   12    0
    3   13  284   24    8    8
    3   13  171   15    3    1
    3   13  133   12    1    0
    3   13  213   18    9    2
    3   13  290   25    2    8
    3   13   33    3    9    3
    3   13    4    1    4    5
    3   13  257   22    5    9
    3   13   18    2    6    1
    3   13  224   19    8    8
    3   13  330   28    6    3
    3   13   34    3   10    1
    3   13  300   25   12    1
    3   13  316   27    4    3
    3   13  243   21    3    2
    3   13  211   18    7    1
    3   13  355   30    7    1
    3   13  240   20   12    1
    3   13  219   19    3    4
    3   13   60    5   12    7
    3   13   38    4    2    1
    3   13   42    4    6    3
    3   13  161   14    5    1
    3   13  338   29    2    1
    3   13  145   13    1    1
    3   13  248   21    8    1
    3   13  247   21    7    1
    3   13  157   14    1    1
    3   13  329   28    5    7
    3   13  327   28    3    4
    3   13  298   25   10    1
    3   13   80    7    8    9
    3   13   70    6   10    0
    3   13   29    3    5    3
    3   13  311   26   11    1
    3   13   91    8    7    3
    3   13  293   25    5    1
    3   13   23    2   11    0
    3   13  234   20    6    1
    3   13   46    4   10    3
    3   13   12    1   12    3
    3   13  348   29   12    1
    3   13  209   18    5    2
    3   13  349   30    1    1
    3   13  169   15    1    5
    3   13  291   25    3    1
    3   13  187   16    7    1
    3   13  297   25    9    4
    3   13   30    3    6    1
    3   13  274   23   10    0
    3   13  334   28   10    1
    3   13  106    9   10    0
    3   13  189   16    9    5
    3   13  154   13   10    3
    3   13   69    6    9    0
    3   13   67    6    7    0
    3   13  336   28   12    0
    3   13   44    4    8    4
    3   13   19    2    7    0
    3   13  283   24    7    9
    3   13  103    9    7    0
    3   13   55    5    7    4
    3   13   92    8    8    1
    3   13  307   26    7    3
