    5   19  193   17    1    8
    5   19   43    4    7    2
    5   19  187   16    7    1
    5   19  308   26    8    6
    5   19   74    7    2    4
    5   19  144   12   12    9
    5   19  112   10    4    1
    5   19  289   25    1    1
    5   19   38    4    2    3
    5   19    8    1    8    2
    5   19   76    7    4    5
    5   19  279   24    3    3
    5   19  326   28    2    8
    5   19  352   30    4    2
    5   19   72    6   12    9
    5   19   94    8   10    3
    5   19  334   28   10    7
    5   19  149   13    5    5
    5   19   95    8   11    2
    5   19    1    1    1    1
    5   19  313   27    1    3
    5   19   23    2   11    2
    5   19   27    3    3    4
    5   19  271   23    7    4
    5   19  263   22   11    6
    5   19  222   19    6    4
    5   19  142   12   10    7
    5   19  228   19   12    5
    5   19  195   17    3    6
    5   19  216   18   12    2
    5   19  196   17    4    7
    5   19   42    4    6    4
    5   19  165   14    9    3
    5   19  264   22   12    2
    5   19  114   10    6    3
    5   19   47    4   11    5
    5   19  121   11    1    6
    5   19  295   25    7    4
    5   19  176   15    8    6
    5   19  267   23    3    3
    5   19  180   15   12    5
    5   19  277   24    1    2
    5   19  177   15    9    5
    5   19   99    9    3    1
    5   19  168   14   12    6
    5   19  138   12    6    7
    5   19   40    4    4    5
    5   19  160   14    4    3
    5   19  314   27    2    6
    5   19  202   17   10    3
    5   19  348   29   12    2
    5   19   97    9    1    1
    5   19  113   10    5    2
    5   19  171   15    3    6
    5   19  126   11    6    5
    5   19   54    5    6    4
    5   19  324   27   12    7
    5   19   45    4    9    6
    5   19  179   15   11    6
    5   19  122   11    2    3
    5   19   66    6    6    9
    5   19  255   22    3    3
    5   19  214   18   10    6
    5   19  358   30   10    4
    5   19  128   11    8    7
    5   19  129   11    9    5
    5   19  224   19    8    3
    5   19   57    5    9    5
    5   19  106    9   10    1
    5   19  306   26    6    5
    5   19  100    9    4    1
    5   19  290   25    2    4
    5   19   39    4    3    5
    5   19  210   18    6    5
    5   19   79    7    7    6
    5   19  151   13    7    5
    5   19   24    2   12    6
    5   19  178   15   10    6
    5   19  225   19    9    4
    5   19  312   26   12    5
    5   19   29    3    5    4
    5   19   26    3    2    7
    5   19   35    3   11    6
    5   19   30    3    6    7
    5   19  191   16   11    5
    5   19  207   18    3    4
    5   19  140   12    8    8
    5   19  227   19   11    6
    5   19   87    8    3    4
    5   19  318   27    6    7
    5   19  157   14    1    5
    5   19  320   27    8    4
    5   19   16    2    4    3
    5   19  101    9    5    1
    5   19   52    5    4    5
    5   19  316   27    4    5
    5   19  147   13    3    3
    5   19  293   25    5    3
    5   19  280   24    4    2
    5   19  339   29    3    3
    5   19  125   11    5    2
    5   19  346   29   10    2
    5   19  341   29    5    1
    5   19  102    9    6    1
    5   19   70    6   10    9
    5   19   85    8    1    2
    5   19  226   19   10    4
    5   19  302   26    2    2
    5   19  153   13    9    1
    5   19  266   23    2    3
    5   19   41    4    5    6
    5   19  118   10   10    4
    5   19  143   12   11    8
    5   19  275   23   11    9
    5   19  327   28    3    8
    5   19   20    2    8    2
    5   19   21    2    9    2
    5   19  344   29    8    1
    5   19   59    5   11    6
    5   19  208   18    4    6
    5   19  200   17    8    7
    5   19  116   10    8    1
    5   19  336   28   12    7
    5   19    5    1    5    3
    5   19  117   10    9    2
    5   19  322   27   10    7
    5   19   36    3   12    2
    5   19   17    2    5    2
    5   19  270   23    6    3
    5   19  120   10   12    2
    5   19  199   17    7    2
    5   19    9    1    9    2
    5   19  215   18   11    1
    5   19   68    6    8    9
    5   19  340   29    4    3
    5   19  173   15    5    5
    5   19  181   16    1    4
    5   19   84    7   12    5
    5   19    7    1    7    5
    5   19  261   22    9    8
    5   19  323   27   11    7
    5   19   62    6    2    9
    5   19  330   28    6    7
    5   19  301   26    1    4
    5   19   86    8    2    4
    5   19  262   22   10    2
    5   19  182   16    2    3
    5   19  321   27    9    7
    5   19  220   19    4    5
    5   19   75    7    3    3
    5   19  254   22    2    4
    5   19  169   15    1    5
    5   19  288   24   12    3
    5   19  350   30    2    5
    5   19  237   20    9    3
    5   19  335   28   11    6
    5   19   63    6    3    7
    5   19  305   26    5    3
    5   19   31    3    7    5
    5   19  317   27    5    2
    5   19  238   20   10    6
    5   19   15    2    3    5
    5   19   10    1   10    3
    5   19  131   11   11    6
    5   19  188   16    8    3
    5   19  206   18    2    4
    5   19  229   20    1    5
    5   19   28    3    4    5
    5   19  353   30    5    4
    5   19   82    7   10    6
    5   19  175   15    7    5
    5   19  152   13    8    6
    5   19   19    2    7    3
    5   19  172   15    4    5
    5   19   22    2   10    4
    5   19  242   21    2    9
    5   19  217   19    1    3
    5   19  127   11    7    3
    5   19  137   12    5    8
    5   19  351   30    3    2
    5   19  274   23   10    3
    5   19  233   20    5    3
    5   19   81    7    9    6
    5   19  190   16   10    3
    5   19   14    2    2    4
    5   19  174   15    6    3
    5   19  256   22    4    6
    5   19   11    1   11    4
    5   19  284   24    8    6
    5   19  119   10   11    2
    5   19   83    7   11    4
    5   19   12    1   12    3
    5   19   58    5   10    5
    5   19  343   29    7    1
    5   19  205   18    1    2
    5   19   44    4    8    3
    5   19  232   20    4    3
    5   19  360   30   12    2
    5   19  162   14    6    5
    5   19  221   19    5    6
    5   19  209   18    5    5
    5   19   98    9    2    3
    5   19  197   17    5    2
    5   19  347   29   11    1
    5   19  109   10    1    6
    5   19  104    9    8    3
    5   19   37    4    1    4
    5   19  356   30    8    6
    5   19  145   13    1    2
    5   19  331   28    7    7
    5   19   89    8    5    6
    5   19  319   27    7    6
    5   19  307   26    7    5
    5   19  103    9    7    3
    5   19  241   21    1    7
    5   19   96    8   12    7
    5   19   32    3    8    5
    5   19   77    7    5    7
    5   19  251   21   11    7
    5   19  158   14    2    5
    5   19  218   19    2    6
    5   19  257   22    5    7
    5   19  230   20    2    7
    5   19  189   16    9    4
    5   19  166   14   10    5
    5   19  285   24    9    5
    5   19   67    6    7    9
    5   19  184   16    4    2
    5   19  139   12    7    8
    5   19  163   14    7    7
    5   19    3    1    3    5
    5   19  338   29    2    2
    5   19  239   20   11    3
    5   19  204   17   12    6
    5   19  292   25    4    5
    5   19  357   30    9    4
    5   19  134   12    2    8
    5   19  315   27    3    7
    5   19  201   17    9    6
    5   19   51    5    3    6
    5   19  248   21    8    7
    5   19  303   26    3    5
    5   19  349   30    1    3
    5   19  259   22    7    5
    5   19  164   14    8    5
    5   19  236   20    8    3
    5   19  296   25    8    2
    5   19  219   19    3    6
    5   19  130   11   10    4
    5   19  247   21    7    6
    5   19  310   26   10    5
    5   19  194   17    2    3
    5   19  244   21    4    7
    5   19  136   12    4    9
    5   19  108    9   12    2
    5   19  231   20    3    2
    5   19   73    7    1    7
    5   19  223   19    7    6
    5   19  325   28    1    7
    5   19  265   23    1    3
    5   19  161   14    5    5
    5   19  283   24    7    2
    5   19  272   23    8    8
    5   19   90    8    6    6
    5   19  124   11    4    5
    5   19  250   21   10    7
    5   19  240   20   12    1
    5   19  159   14    3    3
    5   19  298   25   10    2
    5   19   50    5    2    5
    5   19  234   20    6    2
    5   19  105    9    9    2
    5   19  150   13    6    2
    5   19  309   26    9    2
    5   19  269   23    5    4
    5   19  135   12    3    7
    5   19   33    3    9    5
    5   19   25    3    1    6
    5   19  123   11    3    6
    5   19  291   25    3    5
    5   19   64    6    4    9
    5   19  332   28    8    7
    5   19  141   12    9    8
    5   19  355   30    7    4
    5   19  170   15    2    5
    5   19   18    2    6    1
    5   19  111   10    3    5
    5   19  337   29    1    1
    5   19  148   13    4    3
    5   19   48    4   12    5
    5   19  192   16   12    2
    5   19  342   29    6    1
    5   19   34    3   10    4
    5   19  300   25   12    2
    5   19   56    5    8    5
    5   19  299   25   11    3
    5   19  167   14   11    2
    5   19  311   26   11    4
    5   19  333   28    9    7
    5   19  294   25    6    6
    5   19  235   20    7    3
    5   19  212   18    8    3
    5   19    2    1    2    5
    5   19   60    5   12    6
    5   19  278   24    2    4
    5   19  268   23    4    3
    5   19  249   21    9    8
    5   19  155   13   11    6
    5   19  243   21    3    6
    5   19  287   24   11    2
    5   19   69    6    9    7
    5   19  203   17   11    3
    5   19   61    6    1    8
    5   19   46    4   10    5
    5   19  186   16    6    3
    5   19  276   23   12    2
    5   19  154   13   10    5
    5   19  213   18    9    5
    5   19  107    9   11    2
    5   19  329   28    5    6
    5   19   93    8    9    5
    5   19  211   18    7    3
    5   19   88    8    4    4
    5   19   53    5    5    3
    5   19  198   17    6    6
    5   19  132   11   12    5
    5   19   55    5    7    4
    5   19  110   10    2    3
    5   19   71    6   11    9
    5   19  253   22    1    4
    5   19  156   13   12    2
    5   19  282   24    6    1
    5   19   92    8    8    3
    5   19   91    8    7    2
    5   19  304   26    4    7
    5   19  258   22    6    8
    5   19  183   16    3    3
    5   19   49    5    1    4
    5   19  286   24   10    3
    5   19  246   21    6    7
    5   19  185   16    5    2
    5   19   13    2    1    3
    5   19  273   23    9    7
    5   19   78    7    6    5
    5   19  354   30    6    4
    5   19  345   29    9    1
    5   19  281   24    5    7
    5   19   80    7    8    7
    5   19  252   21   12    4
    5   19  328   28    4    7
    5   19   65    6    5    8
    5   19    6    1    6    3
    5   19  260   22    8    5
    5   19  359   30   11    6
    5   19  133   12    1    8
    5   19  115   10    7    2
    5   19  146   13    2    4
    5   19  297   25    9    5
    5   19    4    1    4    3
    5   19  245   21    5    6
