   10    8   69    6    9    2
   10    8    7    1    7    6
   10    8   59    5   11    7
   10    8  153   13    9    6
   10    8  251   21   11    1
   10    8  118   10   10    7
   10    8   38    4    2    3
   10    8  136   12    4    3
   10    8  339   29    3    3
   10    8  265   23    1    7
   10    8  228   19   12    7
   10    8  120   10   12    6
   10    8  197   17    5    1
   10    8  138   12    6    2
   10    8  245   21    5    3
   10    8  250   21   10    1
   10    8  340   29    4    1
   10    8   75    7    3    9
   10    8   31    3    7    4
   10    8  134   12    2    1
   10    8   67    6    7    8
   10    8  236   20    8    1
   10    8  226   19   10    4
   10    8  260   22    8    9
   10    8  310   26   10    1
   10    8   98    9    2    2
   10    8  287   24   11    8
   10    8  322   27   10    2
   10    8   91    8    7    6
   10    8  358   30   10    2
   10    8  239   20   11    2
   10    8  114   10    6    7
   10    8  172   15    4    5
   10    8  299   25   11    6
   10    8  127   11    7    6
   10    8  360   30   12    3
   10    8  327   28    3    6
   10    8  101    9    5    1
   10    8   76    7    4    8
   10    8  157   14    1    1
   10    8  189   16    9    5
   10    8  244   21    4    2
   10    8  222   19    6    5
   10    8   73    7    1    8
   10    8  218   19    2    4
   10    8  328   28    4    9
   10    8  106    9   10    3
   10    8  348   29   12    4
   10    8  176   15    8    5
   10    8   74    7    2    6
   10    8   87    8    3    8
   10    8  263   22   11    8
   10    8  133   12    1    1
   10    8  295   25    7    2
   10    8  243   21    3    2
   10    8  258   22    6    6
   10    8  247   21    7    2
   10    8   92    8    8    7
   10    8  177   15    9    2
   10    8  280   24    4    9
   10    8   28    3    4    5
   10    8   86    8    2    8
   10    8  343   29    7    6
   10    8  116   10    8    2
   10    8   34    3   10    6
   10    8  104    9    8    1
   10    8  230   20    2    1
   10    8  111   10    3    5
   10    8   41    4    5    4
   10    8  324   27   12    2
   10    8  224   19    8    3
   10    8  270   23    6    5
   10    8  117   10    9    6
   10    8  175   15    7    6
   10    8  183   16    3    6
   10    8  249   21    9    1
   10    8  166   14   10    3
   10    8  274   23   10    3
   10    8  220   19    4    4
   10    8  210   18    6    5
   10    8  346   29   10    5
   10    8   95    8   11    5
   10    8   11    1   11    4
   10    8   30    3    6    6
   10    8  213   18    9    4
   10    8  173   15    5    4
   10    8   36    3   12    4
   10    8  171   15    3    2
   10    8  227   19   11    4
   10    8   35    3   11    6
   10    8   96    8   12    8
   10    8   72    6   12    2
   10    8   97    9    1    2
   10    8  164   14    8    3
   10    8  165   14    9    3
   10    8  131   11   11    8
   10    8   93    8    9    7
   10    8  306   26    6    1
   10    8   84    7   12    6
   10    8  167   14   11    3
   10    8  169   15    1    4
   10    8   22    2   10    2
   10    8   48    4   12    5
   10    8  174   15    6    2
   10    8  217   19    1    4
   10    8   44    4    8    4
   10    8  337   29    1    6
   10    8  282   24    6    7
   10    8  195   17    3    3
   10    8  112   10    4    3
   10    8  285   24    9    9
   10    8  278   24    2    6
   10    8  231   20    3    1
   10    8  159   14    3    2
   10    8   37    4    1    5
   10    8  273   23    9    3
   10    8  216   18   12    5
   10    8  151   13    7    5
   10    8   56    5    8    6
   10    8  332   28    8    3
   10    8  256   22    4    6
   10    8  275   23   11    5
   10    8  255   22    3    6
   10    8  271   23    7    2
   10    8   17    2    5    1
   10    8  132   11   12    8
   10    8  212   18    8    3
   10    8  147   13    3    7
   10    8  187   16    7    5
   10    8  335   28   11    4
   10    8  115   10    7    2
   10    8  141   12    9    1
   10    8  161   14    5    1
   10    8   70    6   10    1
   10    8  123   11    3    6
   10    8  229   20    1    2
   10    8  199   17    7    2
   10    8   27    3    3    6
   10    8  143   12   11    2
   10    8  307   26    7    3
   10    8  146   13    2    6
   10    8  194   17    2    3
   10    8  333   28    9    2
   10    8    3    1    3    4
   10    8  290   25    2    5
   10    8  142   12   10    2
   10    8  126   11    6    4
   10    8  109   10    1    5
   10    8  225   19    9    4
   10    8  350   30    2    2
   10    8   43    4    7    6
   10    8   90    8    6    7
   10    8   12    1   12    6
   10    8  354   30    6    3
   10    8  182   16    2    4
   10    8  241   21    1    1
   10    8  267   23    3    4
   10    8  190   16   10    5
   10    8  336   28   12    4
   10    8   14    2    2    3
   10    8  145   13    1    6
   10    8  158   14    2    2
   10    8  100    9    4    1
   10    8   40    4    4    4
   10    8  198   17    6    3
   10    8   51    5    3    5
   10    8   33    3    9    5
   10    8  162   14    6    3
   10    8  122   11    2    2
   10    8  268   23    4    2
   10    8  238   20   10    1
   10    8   88    8    4    7
   10    8  137   12    5    1
   10    8  242   21    2    1
   10    8  262   22   10    7
   10    8   21    2    9    2
   10    8  269   23    5    2
   10    8  170   15    2    1
   10    8   15    2    3    3
   10    8   54    5    6    6
   10    8   83    7   11    9
   10    8  202   17   10    1
   10    8   25    3    1    5
   10    8  154   13   10    7
   10    8  309   26    9    3
   10    8  277   24    1    5
   10    8  298   25   10    2
   10    8  193   17    1    5
   10    8   94    8   10    7
   10    8  320   27    8    5
   10    8  204   17   12    2
   10    8  356   30    8    1
   10    8  186   16    6    6
   10    8  296   25    8    1
   10    8  302   26    2    1
   10    8  103    9    7    2
   10    8  184   16    4    6
   10    8  140   12    8    1
   10    8  352   30    4    1
   10    8   89    8    5    6
   10    8  276   23   12    2
   10    8   32    3    8    6
   10    8  305   26    5    1
   10    8  283   24    7    9
   10    8    9    1    9    4
   10    8   19    2    7    3
   10    8   61    6    1    3
   10    8   58    5   10    8
   10    8   71    6   11    1
   10    8  293   25    5    3
   10    8  312   26   12    2
   10    8  313   27    1    3
   10    8  359   30   11    3
   10    8   20    2    8    2
   10    8  325   28    1    3
   10    8  129   11    9    6
   10    8  203   17   11    3
   10    8  345   29    9    4
   10    8  163   14    7    2
   10    8  315   27    3    1
   10    8   60    5   12    6
   10    8    4    1    4    5
   10    8  303   26    3    2
   10    8   53    5    5    8
   10    8  331   28    7    4
   10    8  248   21    8    2
   10    8   45    4    9    2
   10    8  160   14    4    3
   10    8  311   26   11    3
   10    8   49    5    1    9
   10    8  240   20   12    1
   10    8   42    4    6    4
   10    8  144   12   12    1
   10    8   52    5    4    7
   10    8    6    1    6    4
   10    8  192   16   12    3
   10    8  318   27    6    2
   10    8  219   19    3    3
   10    8   26    3    2    5
   10    8  148   13    4    7
   10    8   55    5    7    6
   10    8   99    9    3    1
   10    8    2    1    2    3
   10    8  259   22    7    5
   10    8  181   16    1    5
   10    8  326   28    2    4
   10    8  347   29   11    1
   10    8  319   27    7    2
   10    8  246   21    6    1
   10    8  289   25    1    1
   10    8   78    7    6    6
   10    8   77    7    5    6
   10    8  351   30    3    1
   10    8  128   11    8    3
   10    8  357   30    9    3
   10    8  179   15   11    5
   10    8  254   22    2    6
   10    8  200   17    8    3
   10    8   23    2   11    2
   10    8  221   19    5    2
   10    8  334   28   10    3
   10    8  291   25    3    3
   10    8  232   20    4    2
   10    8  272   23    8    3
   10    8  211   18    7    2
   10    8   29    3    5    5
   10    8  353   30    5    2
   10    8  314   27    2    3
   10    8  294   25    6    2
   10    8  108    9   12    3
   10    8  286   24   10    7
   10    8  253   22    1    7
   10    8   46    4   10    3
   10    8   66    6    6    6
   10    8  168   14   12    1
   10    8  156   13   12    6
   10    8  105    9    9    1
   10    8  300   25   12    2
   10    8  155   13   11    6
   10    8   65    6    5    5
   10    8  317   27    5    3
   10    8  321   27    9    3
   10    8  110   10    2    6
   10    8  124   11    4    3
   10    8  149   13    5    6
   10    8  201   17    9    3
   10    8  288   24   12    3
   10    8  139   12    7    1
   10    8  206   18    2    4
   10    8   47    4   11    3
   10    8  209   18    5    3
   10    8   18    2    6    3
   10    8  304   26    4    3
   10    8   39    4    3    6
   10    8  152   13    8    6
   10    8  196   17    4    6
   10    8  178   15   10    4
   10    8   81    7    9    8
   10    8  207   18    3    5
   10    8  301   26    1    3
   10    8  234   20    6    1
   10    8  208   18    4    3
   10    8  284   24    8    5
   10    8  205   18    1    5
   10    8  341   29    5    3
   10    8  257   22    5    6
   10    8  355   30    7    3
   10    8   24    2   12    3
   10    8  237   20    9    4
   10    8  261   22    9    6
   10    8  125   11    5    7
   10    8    5    1    5    7
   10    8  214   18   10    6
   10    8  316   27    4    5
   10    8  191   16   11    5
   10    8  342   29    6    5
   10    8  150   13    6    5
   10    8  329   28    5    5
   10    8   13    2    1    2
   10    8  130   11   10    6
   10    8  233   20    5    2
   10    8  297   25    9    2
   10    8   62    6    2    1
   10    8   80    7    8    8
   10    8  344   29    8    2
   10    8  279   24    3    7
   10    8  107    9   11    1
   10    8    8    1    8    5
   10    8   79    7    7    9
   10    8  135   12    3    1
   10    8   85    8    1    3
   10    8   10    1   10    4
   10    8   16    2    4    1
   10    8  113   10    5    4
   10    8  266   23    2    3
   10    8  119   10   11    2
   10    8  308   26    8    3
   10    8  338   29    2    3
   10    8   68    6    8    1
   10    8  323   27   11    2
   10    8   57    5    9    8
   10    8  264   22   12    8
   10    8  185   16    5    5
   10    8  121   11    1    5
   10    8   64    6    4    1
   10    8   63    6    3    1
   10    8  330   28    6    2
   10    8  180   15   12    5
   10    8  102    9    6    1
   10    8  281   24    5    9
   10    8    1    1    1    5
   10    8  252   21   12    2
   10    8  292   25    4    1
   10    8  235   20    7    1
   10    8   82    7   10    7
   10    8  223   19    7    5
   10    8   50    5    2    5
   10    8  188   16    8    4
   10    8  215   18   11    5
   10    8  349   30    1    1
