    8   11   83    7   11    4
    8   11   24    2   12    2
    8   11   90    8    6    3
    8   11   11    1   11    2
    8   11  270   23    6    3
    8   11  120   10   12    5
    8   11  312   26   12    6
    8   11  227   19   11    7
    8   11   89    8    5    5
    8   11  141   12    9    5
    8   11  169   15    1    4
    8   11  308   26    8    5
    8   11   35    3   11    5
    8   11  242   21    2    6
    8   11   65    6    5    7
    8   11  106    9   10    5
    8   11  206   18    2    9
    8   11  357   30    9    5
    8   11  136   12    4    5
    8   11  297   25    9    5
    8   11  115   10    7    9
    8   11  265   23    1    7
    8   11   53    5    5    6
    8   11  309   26    9    7
    8   11   28    3    4    5
    8   11  208   18    4    6
    8   11  317   27    5    4
    8   11  209   18    5    7
    8   11   33    3    9    7
    8   11   58    5   10    5
    8   11   31    3    7    6
    8   11   50    5    2    6
    8   11  175   15    7    7
    8   11   75    7    3    2
    8   11  277   24    1    3
    8   11  343   29    7    9
    8   11   68    6    8    5
    8   11  205   18    1    5
    8   11  288   24   12    4
    8   11   43    4    7    3
    8   11  222   19    6    2
    8   11  256   22    4    2
    8   11  197   17    5    6
    8   11  172   15    4    5
    8   11  348   29   12    5
    8   11  203   17   11    5
    8   11  352   30    4    5
    8   11  124   11    4    5
    8   11  234   20    6    5
    8   11   80    7    8    2
    8   11  276   23   12    5
    8   11  185   16    5    5
    8   11   38    4    2    5
    8   11   49    5    1    5
    8   11  294   25    6    5
    8   11   82    7   10    5
    8   11  142   12   10    5
    8   11   15    2    3    5
    8   11  303   26    3    5
    8   11  278   24    2    2
    8   11  292   25    4    5
    8   11  282   24    6    1
    8   11   84    7   12    2
    8   11   98    9    2    2
    8   11  179   15   11    2
    8   11  139   12    7    5
    8   11  249   21    9    5
    8   11  359   30   11    5
    8   11  162   14    6    5
    8   11   72    6   12    5
    8   11  347   29   11    5
    8   11  163   14    7    5
    8   11   74    7    2    4
    8   11  259   22    7    3
    8   11  147   13    3    7
    8   11  298   25   10    5
    8   11  127   11    7    7
    8   11  326   28    2    5
    8   11  189   16    9    5
    8   11   66    6    6    3
    8   11  195   17    3    5
    8   11  262   22   10    2
    8   11   70    6   10    5
    8   11   52    5    4    5
    8   11  188   16    8    5
    8   11  159   14    3    5
    8   11  130   11   10    5
    8   11  134   12    2    5
    8   11   10    1   10    4
    8   11  333   28    9    5
    8   11    6    1    6    6
    8   11   17    2    5    5
    8   11   99    9    3    5
    8   11  110   10    2    5
    8   11  166   14   10    5
    8   11   64    6    4    5
    8   11  335   28   11    5
    8   11  200   17    8    5
    8   11  267   23    3    5
    8   11   25    3    1    5
    8   11  156   13   12    5
    8   11  247   21    7    5
    8   11  210   18    6    7
    8   11   21    2    9    5
    8   11  215   18   11    4
    8   11  187   16    7    7
    8   11  293   25    5    5
    8   11  154   13   10    6
    8   11  229   20    1    5
    8   11   12    1   12    4
    8   11  232   20    4    5
    8   11  243   21    3    5
    8   11   77    7    5    2
    8   11    9    1    9    5
    8   11   27    3    3    6
    8   11  254   22    2    2
    8   11   97    9    1    3
    8   11  275   23   11    5
    8   11  280   24    4    1
    8   11  307   26    7    5
    8   11  233   20    5    5
    8   11  122   11    2    5
    8   11  164   14    8    5
    8   11  183   16    3    8
    8   11   45    4    9    5
    8   11  126   11    6    5
    8   11  291   25    3    5
    8   11  240   20   12    5
    8   11   40    4    4    5
    8   11  283   24    7    2
    8   11  258   22    6    3
    8   11  178   15   10    5
    8   11  310   26   10    5
    8   11  358   30   10    5
    8   11   48    4   12    5
    8   11  337   29    1    9
    8   11   14    2    2    5
    8   11  274   23   10    5
    8   11  193   17    1    3
    8   11  220   19    4    2
    8   11  304   26    4    5
    8   11  354   30    6    7
    8   11   18    2    6    5
    8   11  224   19    8    5
    8   11  228   19   12    5
    8   11    7    1    7    3
    8   11  349   30    1    5
    8   11   86    8    2    4
    8   11   62    6    2    5
    8   11  257   22    5    1
    8   11    4    1    4    2
    8   11   91    8    7    3
    8   11    3    1    3    4
    8   11   61    6    1    5
    8   11  272   23    8    5
    8   11  116   10    8    5
    8   11   39    4    3    5
    8   11    5    1    5    4
    8   11   71    6   11    5
    8   11  338   29    2    7
    8   11  226   19   10    2
    8   11   57    5    9    2
    8   11  261   22    9    3
    8   11  202   17   10    5
    8   11   41    4    5    5
    8   11  341   29    5    5
    8   11  268   23    4    5
    8   11  289   25    1    5
    8   11  314   27    2    5
    8   11  146   13    2    8
    8   11  216   18   12    5
    8   11  129   11    9    5
    8   11  104    9    8    5
    8   11  192   16   12    8
    8   11  318   27    6    5
    8   11  108    9   12    5
    8   11  100    9    4    2
    8   11  353   30    5    5
    8   11  101    9    5    5
    8   11  344   29    8    5
    8   11   30    3    6    6
    8   11  263   22   11    3
    8   11  121   11    1    3
    8   11  342   29    6    8
    8   11  212   18    8    5
    8   11  150   13    6    8
    8   11  184   16    4    2
    8   11   32    3    8    5
    8   11   81    7    9    3
    8   11  201   17    9    5
    8   11  168   14   12    5
    8   11  182   16    2    2
    8   11  302   26    2    5
    8   11  336   28   12    5
    8   11  186   16    6    3
    8   11  253   22    1    1
    8   11  135   12    3    1
    8   11  248   21    8    2
    8   11  211   18    7    5
    8   11   85    8    1    5
    8   11  170   15    2    5
    8   11  191   16   11    4
    8   11  324   27   12    5
    8   11   79    7    7    2
    8   11   46    4   10    5
    8   11  112   10    4    5
    8   11  144   12   12    5
    8   11  241   21    1    5
    8   11  350   30    2    5
    8   11  329   28    5    5
    8   11  180   15   12    7
    8   11   56    5    8    5
    8   11  331   28    7    5
    8   11  287   24   11    1
    8   11  131   11   11    2
    8   11   54    5    6    5
    8   11  305   26    5    5
    8   11  330   28    6    5
    8   11  148   13    4    6
    8   11  140   12    8    5
    8   11  158   14    2    5
    8   11  285   24    9    2
    8   11   20    2    8    5
    8   11  160   14    4    5
    8   11  351   30    3    5
    8   11   26    3    2    5
    8   11  190   16   10    5
    8   11   36    3   12    5
    8   11   63    6    3    5
    8   11  176   15    8    5
    8   11  118   10   10    3
    8   11  311   26   11    5
    8   11  199   17    7    5
    8   11  235   20    7    5
    8   11  165   14    9    1
    8   11  152   13    8    6
    8   11   47    4   11    5
    8   11  198   17    6    5
    8   11  219   19    3    4
    8   11  260   22    8    2
    8   11  345   29    9    6
    8   11   96    8   12    5
    8   11  123   11    3    1
    8   11  173   15    5    2
    8   11  111   10    3    6
    8   11  360   30   12    5
    8   11  252   21   12    5
    8   11  316   27    4    5
    8   11  251   21   11    5
    8   11  132   11   12    2
    8   11    8    1    8    5
    8   11  315   27    3    5
    8   11  102    9    6    5
    8   11  238   20   10    5
    8   11  225   19    9    5
    8   11   92    8    8    2
    8   11  114   10    6    6
    8   11   51    5    3    5
    8   11  346   29   10    5
    8   11  284   24    8    1
    8   11   42    4    6    5
    8   11  244   21    4    2
    8   11  117   10    9    3
    8   11   60    5   12    3
    8   11   73    7    1    1
    8   11  231   20    3    5
    8   11  167   14   11    5
    8   11  250   21   10    5
    8   11  128   11    8    5
    8   11  264   22   12    1
    8   11  153   13    9    8
    8   11  217   19    1    5
    8   11  149   13    5    5
    8   11  313   27    1    5
    8   11   29    3    5    5
    8   11  246   21    6    5
    8   11   23    2   11    5
    8   11  223   19    7    5
    8   11   16    2    4    5
    8   11  221   19    5    5
    8   11  174   15    6    5
    8   11   88    8    4    5
    8   11  105    9    9    5
    8   11  151   13    7    8
    8   11  328   28    4    5
    8   11  296   25    8    5
    8   11  218   19    2    5
    8   11  321   27    9    5
    8   11   55    5    7    4
    8   11   78    7    6    2
    8   11  255   22    3    1
    8   11  204   17   12    2
    8   11  119   10   11    5
    8   11  334   28   10    5
    8   11  301   26    1    5
    8   11  207   18    3    5
    8   11  125   11    5    6
    8   11  157   14    1    5
    8   11   94    8   10    5
    8   11  271   23    7    5
    8   11   22    2   10    5
    8   11  196   17    4    5
    8   11  323   27   11    5
    8   11  145   13    1    8
    8   11   67    6    7    7
    8   11   37    4    1    4
    8   11  295   25    7    5
    8   11  286   24   10    2
    8   11  194   17    2    5
    8   11  279   24    3    4
    8   11  181   16    1    6
    8   11  237   20    9    5
    8   11    2    1    2    3
    8   11  171   15    3    5
    8   11  322   27   10    5
    8   11  213   18    9    5
    8   11  332   28    8    5
    8   11   76    7    4    1
    8   11  339   29    3    6
    8   11   13    2    1    6
    8   11  325   28    1    5
    8   11  236   20    8    5
    8   11  281   24    5    2
    8   11  138   12    6    6
    8   11  107    9   11    5
    8   11  143   12   11    4
    8   11   34    3   10    2
    8   11  137   12    5    5
    8   11  355   30    7    5
    8   11   93    8    9    5
    8   11  155   13   11    7
    8   11  269   23    5    5
    8   11  113   10    5    5
    8   11   19    2    7    5
    8   11  319   27    7    5
    8   11   44    4    8    5
    8   11   69    6    9    5
    8   11  320   27    8    5
    8   11  290   25    2    5
    8   11   87    8    3    2
    8   11  133   12    1    5
    8   11  177   15    9    5
    8   11  230   20    2    5
    8   11  245   21    5    5
    8   11  356   30    8    5
    8   11   95    8   11    2
    8   11   59    5   11    3
    8   11  103    9    7    2
    8   11  273   23    9    5
    8   11  109   10    1    5
    8   11  306   26    6    5
    8   11  161   14    5    5
    8   11  239   20   11    5
    8   11  299   25   11    5
    8   11  327   28    3    3
    8   11  340   29    4    4
    8   11    1    1    1    7
    8   11  300   25   12    5
    8   11  266   23    2    5
    8   11  214   18   10    5
