   10    5  182   16    2    6
   10    5   46    4   10    2
   10    5  164   14    8    4
   10    5  226   19   10    6
   10    5  184   16    4    7
   10    5  300   25   12    1
   10    5  219   19    3    5
   10    5  185   16    5    5
   10    5   53    5    5    8
   10    5  192   16   12    2
   10    5  264   22   12    9
   10    5  191   16   11    3
   10    5  313   27    1    3
   10    5  225   19    9    2
   10    5  221   19    5    2
   10    5   82    7   10    8
   10    5  151   13    7    2
   10    5  350   30    2    4
   10    5   77    7    5    8
   10    5  171   15    3    1
   10    5  170   15    2    1
   10    5  254   22    2    8
   10    5   96    8   12    8
   10    5   38    4    2    2
   10    5  183   16    3    2
   10    5  177   15    9    2
   10    5   47    4   11    3
   10    5  318   27    6    2
   10    5   73    7    1    7
   10    5  148   13    4    6
   10    5  337   29    1    6
   10    5  106    9   10    2
   10    5   22    2   10    2
   10    5   20    2    8    1
   10    5  140   12    8    1
   10    5  208   18    4    2
   10    5  272   23    8    4
   10    5   48    4   12    4
   10    5  259   22    7    7
   10    5  210   18    6    4
   10    5  316   27    4    5
   10    5   12    1   12    5
   10    5  312   26   12    3
   10    5  241   21    1    2
   10    5  307   26    7    2
   10    5  119   10   11    2
   10    5  285   24    9    7
   10    5   50    5    2    3
   10    5  114   10    6    3
   10    5  348   29   12    2
   10    5  261   22    9    1
   10    5  102    9    6    1
   10    5  193   17    1    4
   10    5   15    2    3    2
   10    5  122   11    2    2
   10    5  327   28    3    2
   10    5   72    6   12    1
   10    5   41    4    5    3
   10    5  138   12    6    2
   10    5    7    1    7    7
   10    5  190   16   10    4
   10    5  158   14    2    2
   10    5  262   22   10    7
   10    5  209   18    5    2
   10    5   23    2   11    1
   10    5   44    4    8    3
   10    5   83    7   11    9
   10    5  305   26    5    1
   10    5   36    3   12    5
   10    5  176   15    8    5
   10    5   56    5    8    4
   10    5  143   12   11    2
   10    5  303   26    3    2
   10    5  341   29    5    1
   10    5  194   17    2    3
   10    5  297   25    9    2
   10    5  242   21    2    1
   10    5  310   26   10    1
   10    5  249   21    9    1
   10    5  243   21    3    1
   10    5  142   12   10    1
   10    5   25    3    1    3
   10    5   52    5    4    5
   10    5  117   10    9    5
   10    5  308   26    8    2
   10    5  156   13   12    4
   10    5  214   18   10    2
   10    5   64    6    4    1
   10    5   62    6    2    1
   10    5  280   24    4    7
   10    5  237   20    9    3
   10    5  357   30    9    4
   10    5  293   25    5    3
   10    5  275   23   11    3
   10    5    5    1    5    4
   10    5  336   28   12    3
   10    5  123   11    3    2
   10    5  347   29   11    1
   10    5  113   10    5    3
   10    5    6    1    6    2
   10    5   19    2    7    2
   10    5  200   17    8    2
   10    5  298   25   10    2
   10    5  146   13    2    3
   10    5  126   11    6    2
   10    5  199   17    7    3
   10    5   81    7    9    4
   10    5  299   25   11    2
   10    5  239   20   11    2
   10    5  324   27   12    4
   10    5  294   25    6    1
   10    5  197   17    5    2
   10    5  343   29    7    5
   10    5   89    8    5    5
   10    5  247   21    7    2
   10    5  180   15   12    5
   10    5  269   23    5    2
   10    5  120   10   12    4
   10    5   87    8    3    7
   10    5   10    1   10    3
   10    5  230   20    2    2
   10    5   27    3    3    3
   10    5  133   12    1    1
   10    5   84    7   12    2
   10    5  159   14    3    2
   10    5  314   27    2    3
   10    5  105    9    9    1
   10    5  229   20    1    2
   10    5  279   24    3    6
   10    5   57    5    9    8
   10    5   74    7    2    8
   10    5  333   28    9    6
   10    5  213   18    9    3
   10    5  136   12    4    2
   10    5  167   14   11    1
   10    5  355   30    7    2
   10    5   54    5    6    4
   10    5   90    8    6    6
   10    5  188   16    8    3
   10    5  287   24   11    6
   10    5   29    3    5    4
   10    5   97    9    1    1
   10    5  252   21   12    2
   10    5  236   20    8    1
   10    5   95    8   11    4
   10    5  276   23   12    2
   10    5  165   14    9    2
   10    5  127   11    7    3
   10    5  173   15    5    2
   10    5  155   13   11    4
   10    5  232   20    4    1
   10    5  132   11   12    7
   10    5  255   22    3    7
   10    5  115   10    7    2
   10    5  326   28    2    3
   10    5  141   12    9    1
   10    5  125   11    5    2
   10    5  121   11    1    2
   10    5  250   21   10    1
   10    5  354   30    6    5
   10    5  304   26    4    2
   10    5  346   29   10    2
   10    5  196   17    4    3
   10    5  286   24   10    4
   10    5  245   21    5    2
   10    5   85    8    1    2
   10    5  162   14    6    2
   10    5   67    6    7    4
   10    5   28    3    4    3
   10    5   21    2    9    2
   10    5  169   15    1    3
   10    5  317   27    5    2
   10    5  332   28    8    2
   10    5   70    6   10    1
   10    5   63    6    3    1
   10    5  358   30   10    1
   10    5  131   11   11    4
   10    5  107    9   11    1
   10    5   55    5    7    4
   10    5   14    2    2    2
   10    5  290   25    2    4
   10    5  149   13    5    4
   10    5   71    6   11    1
   10    5  174   15    6    1
   10    5  128   11    8    2
   10    5  268   23    4    2
   10    5    1    1    1    3
   10    5  274   23   10    3
   10    5  270   23    6    2
   10    5  353   30    5    2
   10    5  157   14    1    1
   10    5  331   28    7    3
   10    5  139   12    7    2
   10    5   58    5   10    5
   10    5  265   23    1    6
   10    5   13    2    1    2
   10    5  198   17    6    3
   10    5  282   24    6    3
   10    5  256   22    4    4
   10    5  211   18    7    1
   10    5  295   25    7    1
   10    5  150   13    6    4
   10    5  231   20    3    1
   10    5  260   22    8    9
   10    5  284   24    8    6
   10    5  204   17   12    2
   10    5   24    2   12    1
   10    5  205   18    1    2
   10    5  344   29    8    1
   10    5  124   11    4    2
   10    5  109   10    1    3
   10    5  137   12    5    1
   10    5  218   19    2    3
   10    5  253   22    1    8
   10    5  338   29    2    1
   10    5  108    9   12    2
   10    5   69    6    9    1
   10    5   32    3    8    6
   10    5  223   19    7    4
   10    5  330   28    6    6
   10    5  359   30   11    5
   10    5  244   21    4    2
   10    5   39    4    3    3
   10    5  130   11   10    3
   10    5  323   27   11    2
   10    5    3    1    3    2
   10    5  360   30   12    1
   10    5  116   10    8    1
   10    5  277   24    1    5
   10    5   88    8    4    6
   10    5  283   24    7    6
   10    5  172   15    4    1
   10    5  212   18    8    2
   10    5   40    4    4    4
   10    5  147   13    3    3
   10    5  187   16    7    3
   10    5  160   14    4    2
   10    5  289   25    1    1
   10    5   35    3   11    4
   10    5   31    3    7    4
   10    5  181   16    1    2
   10    5  203   17   11    2
   10    5  340   29    4    1
   10    5   80    7    8    9
   10    5    8    1    8    2
   10    5   30    3    6    4
   10    5   66    6    6    6
   10    5    4    1    4    2
   10    5  186   16    6    4
   10    5  278   24    2    6
   10    5  228   19   12    7
   10    5  342   29    6    5
   10    5  206   18    2    4
   10    5  217   19    1    2
   10    5   18    2    6    1
   10    5   11    1   11    2
   10    5  202   17   10    2
   10    5  101    9    5    1
   10    5   99    9    3    1
   10    5  189   16    9    3
   10    5  110   10    2    4
   10    5  135   12    3    2
   10    5  153   13    9    2
   10    5   51    5    3    2
   10    5   76    7    4    6
   10    5  154   13   10    4
   10    5  267   23    3    3
   10    5  168   14   12    2
   10    5   43    4    7    6
   10    5  349   30    1    2
   10    5  103    9    7    2
   10    5   37    4    1    3
   10    5  207   18    3    2
   10    5  266   23    2    2
   10    5   78    7    6    7
   10    5  179   15   11    3
   10    5  227   19   11    6
   10    5  234   20    6    2
   10    5   42    4    6    6
   10    5   75    7    3    8
   10    5  281   24    5    9
   10    5  352   30    4    1
   10    5  100    9    4    1
   10    5  144   12   12    1
   10    5  271   23    7    1
   10    5  273   23    9    2
   10    5  288   24   12    5
   10    5  311   26   11    1
   10    5  233   20    5    1
   10    5    9    1    9    2
   10    5  129   11    9    4
   10    5  112   10    4    2
   10    5   49    5    1    4
   10    5  263   22   11    7
   10    5  248   21    8    2
   10    5  257   22    5    4
   10    5    2    1    2    4
   10    5   60    5   12    4
   10    5  315   27    3    2
   10    5  251   21   11    1
   10    5   86    8    2    7
   10    5  161   14    5    2
   10    5   17    2    5    1
   10    5   93    8    9    8
   10    5  104    9    8    1
   10    5  258   22    6    3
   10    5   92    8    8    6
   10    5   98    9    2    2
   10    5  339   29    3    2
   10    5  195   17    3    2
   10    5  325   28    1    4
   10    5  309   26    9    2
   10    5  322   27   10    2
   10    5   94    8   10    6
   10    5   59    5   11    5
   10    5  329   28    5    5
   10    5   34    3   10    4
   10    5  215   18   11    3
   10    5  356   30    8    2
   10    5  334   28   10    2
   10    5   91    8    7    6
   10    5  152   13    8    3
   10    5  345   29    9    5
   10    5  118   10   10    4
   10    5  296   25    8    2
   10    5   61    6    1    1
   10    5   68    6    8    1
   10    5   26    3    2    2
   10    5  302   26    2    1
   10    5  222   19    6    4
   10    5  292   25    4    1
   10    5  134   12    2    1
   10    5   79    7    7    4
   10    5  320   27    8    1
   10    5  145   13    1    4
   10    5  163   14    7    5
   10    5  321   27    9    6
   10    5  201   17    9    2
   10    5  351   30    3    1
   10    5  291   25    3    2
   10    5  335   28   11    6
   10    5  319   27    7    1
   10    5  220   19    4    6
   10    5  238   20   10    1
   10    5  175   15    7    6
   10    5  240   20   12    2
   10    5  178   15   10    2
   10    5  235   20    7    1
   10    5  216   18   12    2
   10    5   33    3    9    4
   10    5  166   14   10    2
   10    5  306   26    6    2
   10    5   65    6    5    6
   10    5  246   21    6    1
   10    5  301   26    1    4
   10    5  224   19    8    7
   10    5   45    4    9    2
   10    5  328   28    4    7
   10    5   16    2    4    2
   10    5  111   10    3    4
