    5    8   49    5    1    4
    5    8  208   18    4    2
    5    8  176   15    8    5
    5    8  235   20    7    3
    5    8  338   29    2    2
    5    8  318   27    6    7
    5    8  151   13    7    5
    5    8  219   19    3    6
    5    8  123   11    3    8
    5    8  339   29    3    2
    5    8  145   13    1    2
    5    8  258   22    6    2
    5    8   15    2    3    2
    5    8  332   28    8    8
    5    8   10    1   10    2
    5    8  212   18    8    2
    5    8   59    5   11    2
    5    8    7    1    7    2
    5    8   83    7   11    4
    5    8   70    6   10    9
    5    8  199   17    7    2
    5    8  252   21   12    2
    5    8  131   11   11    2
    5    8  178   15   10    6
    5    8  137   12    5    9
    5    8   21    2    9    1
    5    8  127   11    7    2
    5    8  150   13    6    1
    5    8  282   24    6    1
    5    8  189   16    9    1
    5    8   33    3    9    3
    5    8  116   10    8    1
    5    8  341   29    5    1
    5    8   86    8    2    5
    5    8  222   19    6    6
    5    8    6    1    6    1
    5    8    5    1    5    1
    5    8  108    9   12    1
    5    8  217   19    1    1
    5    8  196   17    4    7
    5    8  115   10    7    1
    5    8  125   11    5    2
    5    8  278   24    2    1
    5    8   64    6    4    9
    5    8  310   26   10    1
    5    8  315   27    3    7
    5    8  221   19    5    7
    5    8   20    2    8    1
    5    8  268   23    4    2
    5    8   50    5    2    1
    5    8  264   22   12    1
    5    8   14    2    2    1
    5    8  265   23    1    4
    5    8    8    1    8    1
    5    8  203   17   11    1
    5    8  245   21    5    1
    5    8  269   23    5    2
    5    8  237   20    9    3
    5    8  225   19    9    1
    5    8   25    3    1    1
    5    8  350   30    2    1
    5    8  134   12    2    9
    5    8  260   22    8    6
    5    8  335   28   11    5
    5    8  227   19   11    4
    5    8  342   29    6    1
    5    8   85    8    1    1
    5    8  118   10   10    1
    5    8   31    3    7    3
    5    8  163   14    7    3
    5    8   92    8    8    4
    5    8  132   11   12    4
    5    8  223   19    7    6
    5    8  141   12    9    9
    5    8   12    1   12    1
    5    8   35    3   11    1
    5    8  295   25    7    1
    5    8   77    7    5    3
    5    8  195   17    3    5
    5    8   93    8    9    3
    5    8  174   15    6    5
    5    8  313   27    1    5
    5    8  356   30    8    6
    5    8  202   17   10    1
    5    8  111   10    3    3
    5    8  317   27    5    1
    5    8  182   16    2    1
    5    8  301   26    1    1
    5    8  159   14    3    1
    5    8   75    7    3    3
    5    8  142   12   10    7
    5    8  247   21    7    1
    5    8  100    9    4    1
    5    8   94    8   10    4
    5    8  290   25    2    1
    5    8  173   15    5    5
    5    8  297   25    9    2
    5    8   19    2    7    1
    5    8   48    4   12    1
    5    8   54    5    6    1
    5    8   16    2    4    1
    5    8  154   13   10    1
    5    8  120   10   12    1
    5    8  153   13    9    1
    5    8   42    4    6    2
    5    8  345   29    9    1
    5    8  303   26    3    1
    5    8  231   20    3    1
    5    8  101    9    5    1
    5    8  228   19   12    1
    5    8  224   19    8    1
    5    8  192   16   12    1
    5    8  323   27   11    6
    5    8  126   11    6    1
    5    8  241   21    1    6
    5    8  171   15    3    1
    5    8  281   24    5    4
    5    8  114   10    6    1
    5    8  238   20   10    1
    5    8  216   18   12    2
    5    8   28    3    4    1
    5    8  302   26    2    1
    5    8  266   23    2    4
    5    8  234   20    6    1
    5    8   13    2    1    1
    5    8  325   28    1    7
    5    8  166   14   10    1
    5    8  352   30    4    1
    5    8  210   18    6    1
    5    8  207   18    3    1
    5    8  128   11    8    6
    5    8  343   29    7    1
    5    8   29    3    5    1
    5    8  289   25    1    1
    5    8  104    9    8    1
    5    8  191   16   11    1
    5    8  257   22    5    1
    5    8  324   27   12    6
    5    8  263   22   11    2
    5    8  230   20    2    4
    5    8  213   18    9    1
    5    8   74    7    2    3
    5    8  155   13   11    1
    5    8  333   28    9    6
    5    8   39    4    3    1
    5    8  122   11    2    1
    5    8  262   22   10    1
    5    8  117   10    9    1
    5    8  353   30    5    1
    5    8  277   24    1    1
    5    8  280   24    4    1
    5    8   95    8   11    1
    5    8  184   16    4    3
    5    8  135   12    3    7
    5    8  319   27    7    5
    5    8   26    3    2    3
    5    8  292   25    4    1
    5    8  186   16    6    1
    5    8  336   28   12    8
    5    8  197   17    5    3
    5    8   99    9    3    1
    5    8  331   28    7    6
    5    8  267   23    3    3
    5    8  309   26    9    1
    5    8  124   11    4    6
    5    8   30    3    6    1
    5    8   96    8   12    1
    5    8  271   23    7    2
    5    8   41    4    5    1
    5    8  226   19   10    1
    5    8   71    6   11    9
    5    8  276   23   12    1
    5    8  211   18    7    1
    5    8  107    9   11    1
    5    8  102    9    6    1
    5    8  236   20    8    3
    5    8  240   20   12    1
    5    8  188   16    8    3
    5    8  205   18    1    1
    5    8  308   26    8    4
    5    8   47    4   11    1
    5    8  190   16   10    1
    5    8   45    4    9    2
    5    8  304   26    4    1
    5    8   52    5    4    1
    5    8  162   14    6    1
    5    8  165   14    9    1
    5    8   65    6    5    8
    5    8   66    6    6    9
    5    8  307   26    7    1
    5    8  351   30    3    1
    5    8  255   22    3    2
    5    8  349   30    1    3
    5    8   55    5    7    1
    5    8  185   16    5    1
    5    8  139   12    7    8
    5    8  242   21    2    9
    5    8  194   17    2    2
    5    8  293   25    5    1
    5    8   23    2   11    1
    5    8  193   17    1    6
    5    8  119   10   11    1
    5    8  229   20    1    1
    5    8  144   12   12    8
    5    8  168   14   12    1
    5    8  329   28    5    4
    5    8   89    8    5    5
    5    8  337   29    1    1
    5    8  172   15    4    5
    5    8   88    8    4    4
    5    8    4    1    4    1
    5    8   67    6    7    9
    5    8  272   23    8    9
    5    8  320   27    8    8
    5    8  156   13   12    1
    5    8  218   19    2    6
    5    8  330   28    6    6
    5    8   56    5    8    1
    5    8  283   24    7    1
    5    8  187   16    7    1
    5    8   76    7    4    3
    5    8  322   27   10    5
    5    8  259   22    7    4
    5    8  305   26    5    1
    5    8  246   21    6    1
    5    8  357   30    9    1
    5    8  103    9    7    1
    5    8  300   25   12    1
    5    8   61    6    1    8
    5    8  177   15    9    8
    5    8   72    6   12    9
    5    8  158   14    2    1
    5    8  140   12    8    9
    5    8   53    5    5    1
    5    8  180   15   12    5
    5    8  204   17   12    7
    5    8  288   24   12    1
    5    8  249   21    9    9
    5    8    2    1    2    1
    5    8  179   15   11    4
    5    8  201   17    9    6
    5    8  316   27    4    4
    5    8   73    7    1    1
    5    8  279   24    3    3
    5    8  284   24    8    1
    5    8  298   25   10    1
    5    8  256   22    4    1
    5    8  360   30   12    1
    5    8   63    6    3    8
    5    8   43    4    7    1
    5    8   79    7    7    2
    5    8   27    3    3    1
    5    8  270   23    6    1
    5    8  291   25    3    1
    5    8   84    7   12    2
    5    8  359   30   11    1
    5    8  340   29    4    1
    5    8  285   24    9    1
    5    8   68    6    8    9
    5    8  109   10    1    1
    5    8  296   25    8    1
    5    8   44    4    8    1
    5    8  299   25   11    1
    5    8  344   29    8    1
    5    8  130   11   10    2
    5    8   57    5    9    4
    5    8  175   15    7    1
    5    8   40    4    4    3
    5    8  314   27    2    5
    5    8  358   30   10    1
    5    8  243   21    3    2
    5    8  183   16    3    1
    5    8   81    7    9    1
    5    8  294   25    6    3
    5    8  170   15    2    5
    5    8  169   15    1    1
    5    8  164   14    8    1
    5    8  286   24   10    1
    5    8  167   14   11    1
    5    8  312   26   12    1
    5    8  248   21    8    2
    5    8  198   17    6    6
    5    8  112   10    4    1
    5    8    1    1    1    1
    5    8  321   27    9    7
    5    8   78    7    6    1
    5    8  147   13    3    1
    5    8  157   14    1    1
    5    8  354   30    6    1
    5    8   17    2    5    1
    5    8  251   21   11    7
    5    8  136   12    4    9
    5    8  233   20    5    1
    5    8  121   11    1    4
    5    8  110   10    2    1
    5    8   32    3    8    2
    5    8  239   20   11    1
    5    8    3    1    3    1
    5    8  129   11    9    2
    5    8   51    5    3    1
    5    8   58    5   10    1
    5    8   97    9    1    1
    5    8   46    4   10    1
    5    8  105    9    9    1
    5    8   91    8    7    2
    5    8   69    6    9    8
    5    8  253   22    1    1
    5    8  327   28    3    2
    5    8  181   16    1    1
    5    8   82    7   10    2
    5    8  113   10    5    1
    5    8  215   18   11    1
    5    8   38    4    2    2
    5    8  206   18    2    1
    5    8   24    2   12    1
    5    8  355   30    7    1
    5    8  200   17    8    5
    5    8  275   23   11    5
    5    8   62    6    2    9
    5    8  160   14    4    1
    5    8   98    9    2    1
    5    8   90    8    6    5
    5    8  334   28   10    4
    5    8   22    2   10    1
    5    8  146   13    2    2
    5    8  306   26    6    1
    5    8    9    1    9    1
    5    8  287   24   11    1
    5    8   18    2    6    1
    5    8  348   29   12    1
    5    8  311   26   11    1
    5    8   80    7    8    2
    5    8  346   29   10    1
    5    8  148   13    4    1
    5    8  143   12   11    8
    5    8  209   18    5    1
    5    8  328   28    4    7
    5    8  152   13    8    1
    5    8   37    4    1    2
    5    8  347   29   11    1
    5    8  220   19    4    3
    5    8   60    5   12    1
    5    8  244   21    4    7
    5    8   11    1   11    1
    5    8  274   23   10    4
    5    8  326   28    2    6
    5    8   87    8    3    1
    5    8   34    3   10    1
    5    8  106    9   10    1
    5    8  138   12    6    3
    5    8   36    3   12    1
    5    8  254   22    2    1
    5    8  161   14    5    1
    5    8  232   20    4    1
    5    8  273   23    9    4
    5    8  261   22    9    3
    5    8  133   12    1    7
    5    8  250   21   10    8
    5    8  214   18   10    1
    5    8  149   13    5    1
