    7    3   83    7   11    0
    7    3  161   14    5    0
    7    3  186   16    6    8
    7    3  142   12   10    0
    7    3   75    7    3    0
    7    3  220   19    4    0
    7    3  240   20   12    0
    7    3  227   19   11    0
    7    3  118   10   10    0
    7    3  318   27    6    0
    7    3  236   20    8    0
    7    3    9    1    9    0
    7    3  175   15    7    2
    7    3  265   23    1    0
    7    3   70    6   10    0
    7    3   44    4    8    0
    7    3  116   10    8    0
    7    3  343   29    7    1
    7    3  267   23    3    0
    7    3  316   27    4    0
    7    3  324   27   12    0
    7    3  218   19    2    0
    7    3  108    9   12    0
    7    3    3    1    3    0
    7    3  103    9    7    0
    7    3  153   13    9    1
    7    3  292   25    4    0
    7    3  104    9    8    0
    7    3  301   26    1    0
    7    3  223   19    7    0
    7    3  184   16    4    9
    7    3  181   16    1    9
    7    3  230   20    2    0
    7    3  278   24    2    0
    7    3  171   15    3    0
    7    3   89    8    5    0
    7    3  173   15    5    0
    7    3  132   11   12    0
    7    3  158   14    2    0
    7    3  109   10    1    0
    7    3  308   26    8    0
    7    3   69    6    9    0
    7    3  122   11    2    0
    7    3    1    1    1    0
    7    3  200   17    8    0
    7    3  305   26    5    0
    7    3  255   22    3    0
    7    3  290   25    2    0
    7    3   85    8    1    0
    7    3  112   10    4    0
    7    3  249   21    9    0
    7    3  151   13    7    5
    7    3  113   10    5    8
    7    3   21    2    9    0
    7    3  348   29   12    1
    7    3  245   21    5    0
    7    3  208   18    4    0
    7    3  202   17   10    0
    7    3  291   25    3    0
    7    3  195   17    3    0
    7    3  185   16    5    7
    7    3  315   27    3    0
    7    3  289   25    1    0
    7    3  191   16   11    8
    7    3   36    3   12    0
    7    3  309   26    9    0
    7    3  238   20   10    0
    7    3  359   30   11    5
    7    3  340   29    4    0
    7    3  328   28    4    0
    7    3  225   19    9    0
    7    3  166   14   10    0
    7    3   40    4    4    0
    7    3  314   27    2    0
    7    3  313   27    1    0
    7    3   93    8    9    0
    7    3   63    6    3    0
    7    3  169   15    1    0
    7    3  347   29   11    0
    7    3  341   29    5    3
    7    3  262   22   10    0
    7    3  141   12    9    0
    7    3  239   20   11    0
    7    3   23    2   11    0
    7    3  333   28    9    0
    7    3  264   22   12    0
    7    3  197   17    5    2
    7    3  337   29    1    1
    7    3  198   17    6    0
    7    3  107    9   11    0
    7    3  172   15    4    0
    7    3  131   11   11    0
    7    3   35    3   11    0
    7    3   71    6   11    0
    7    3   10    1   10    0
    7    3  293   25    5    0
    7    3  275   23   11    0
    7    3  273   23    9    0
    7    3   39    4    3    0
    7    3  266   23    2    0
    7    3  331   28    7    0
    7    3  210   18    6    2
    7    3  156   13   12    4
    7    3  283   24    7    0
    7    3  106    9   10    0
    7    3  327   28    3    0
    7    3   41    4    5    0
    7    3  154   13   10    3
    7    3   98    9    2    0
    7    3  192   16   12    3
    7    3  157   14    1    0
    7    3   50    5    2    0
    7    3   62    6    2    0
    7    3  253   22    1    0
    7    3  150   13    6    2
    7    3    2    1    2    0
    7    3  189   16    9    0
    7    3  199   17    7    0
    7    3  165   14    9    0
    7    3  350   30    2    0
    7    3   33    3    9    0
    7    3  295   25    7    0
    7    3  354   30    6    0
    7    3  352   30    4    0
    7    3  203   17   11    0
    7    3  216   18   12    0
    7    3  136   12    4    0
    7    3  241   21    1    0
    7    3   96    8   12    0
    7    3  219   19    3    0
    7    3  209   18    5    0
    7    3  102    9    6    0
    7    3   82    7   10    2
    7    3  130   11   10    0
    7    3  252   21   12    0
    7    3   42    4    6    0
    7    3  286   24   10    0
    7    3   19    2    7    0
    7    3  163   14    7    0
    7    3   94    8   10    0
    7    3  121   11    1    0
    7    3  114   10    6    3
    7    3   78    7    6    0
    7    3  124   11    4    0
    7    3  330   28    6    0
    7    3  228   19   12    0
    7    3  224   19    8    0
    7    3  178   15   10    0
    7    3  201   17    9    0
    7    3  119   10   11    0
    7    3   22    2   10    0
    7    3   91    8    7    0
    7    3  180   15   12    2
    7    3  226   19   10    0
    7    3  325   28    1    0
    7    3    7    1    7    0
    7    3  221   19    5    0
    7    3  135   12    3    0
    7    3   12    1   12    0
    7    3   73    7    1    0
    7    3  263   22   11    0
    7    3  303   26    3    0
    7    3   80    7    8    0
    7    3  353   30    5    0
    7    3  296   25    8    0
    7    3   84    7   12    0
    7    3  229   20    1    0
    7    3   58    5   10    0
    7    3   95    8   11    0
    7    3  280   24    4    0
    7    3  204   17   12    1
    7    3   90    8    6    0
    7    3  277   24    1    0
    7    3  282   24    6    0
    7    3   47    4   11    0
    7    3   77    7    5    0
    7    3  335   28   11    0
    7    3  244   21    4    0
    7    3  319   27    7    0
    7    3   48    4   12    0
    7    3  356   30    8    0
    7    3   68    6    8    0
    7    3  146   13    2    8
    7    3  274   23   10    0
    7    3  206   18    2    2
    7    3  284   24    8    0
    7    3  287   24   11    0
    7    3  111   10    3    2
    7    3  137   12    5    0
    7    3  254   22    2    0
    7    3  269   23    5    0
    7    3  345   29    9    2
    7    3   56    5    8    0
    7    3  268   23    4    0
    7    3   15    2    3    0
    7    3  100    9    4    0
    7    3    6    1    6    0
    7    3  129   11    9    0
    7    3  243   21    3    0
    7    3  334   28   10    0
    7    3   72    6   12    0
    7    3  231   20    3    0
    7    3  251   21   11    0
    7    3   81    7    9    0
    7    3   28    3    4    0
    7    3  332   28    8    0
    7    3   13    2    1    0
    7    3  298   25   10    0
    7    3   26    3    2    0
    7    3  138   12    6    0
    7    3  247   21    7    0
    7    3  187   16    7    5
    7    3  123   11    3    4
    7    3   67    6    7    4
    7    3  194   17    2    3
    7    3  110   10    2    0
    7    3  357   30    9    0
    7    3  152   13    8    3
    7    3   14    2    2    0
    7    3  259   22    7    0
    7    3  190   16   10    9
    7    3   27    3    3    0
    7    3  261   22    9    0
    7    3   60    5   12    0
    7    3  285   24    9    0
    7    3    4    1    4    0
    7    3  242   21    2    0
    7    3   45    4    9    0
    7    3   20    2    8    0
    7    3  127   11    7    0
    7    3  147   13    3    2
    7    3  125   11    5    0
    7    3   86    8    2    0
    7    3    8    1    8    0
    7    3   79    7    7    0
    7    3   24    2   12    0
    7    3  168   14   12    0
    7    3   30    3    6    0
    7    3  101    9    5    0
    7    3  299   25   11    0
    7    3  237   20    9    0
    7    3  179   15   11    0
    7    3  212   18    8    0
    7    3  250   21   10    0
    7    3   74    7    2    0
    7    3  235   20    7    0
    7    3   11    1   11    0
    7    3   43    4    7    0
    7    3  326   28    2    0
    7    3  321   27    9    0
    7    3   54    5    6    0
    7    3  149   13    5    0
    7    3   88    8    4    0
    7    3  320   27    8    0
    7    3  120   10   12    0
    7    3  160   14    4    0
    7    3  342   29    6    1
    7    3   34    3   10    0
    7    3   46    4   10    0
    7    3  143   12   11    0
    7    3  105    9    9    0
    7    3   66    6    6    6
    7    3  276   23   12    0
    7    3  222   19    6    0
    7    3  213   18    9    0
    7    3   18    2    6    0
    7    3  176   15    8    0
    7    3  144   12   12    0
    7    3  336   28   12    0
    7    3  272   23    8    0
    7    3  246   21    6    0
    7    3  288   24   12    0
    7    3  358   30   10    0
    7    3  139   12    7    0
    7    3  260   22    8    0
    7    3  248   21    8    0
    7    3  205   18    1    0
    7    3  164   14    8    0
    7    3   52    5    4    0
    7    3  270   23    6    0
    7    3  148   13    4    2
    7    3   76    7    4    0
    7    3  349   30    1    0
    7    3  182   16    2    7
    7    3  117   10    9    0
    7    3   51    5    3    0
    7    3  360   30   12    0
    7    3   99    9    3    0
    7    3   38    4    2    0
    7    3  294   25    6    0
    7    3  306   26    6    0
    7    3  140   12    8    0
    7    3   25    3    1    0
    7    3  233   20    5    0
    7    3  310   26   10    0
    7    3  133   12    1    0
    7    3  329   28    5    0
    7    3  215   18   11    0
    7    3   57    5    9    0
    7    3   49    5    1    0
    7    3  323   27   11    0
    7    3  344   29    8    0
    7    3   55    5    7    0
    7    3  297   25    9    0
    7    3  155   13   11    2
    7    3  115   10    7    4
    7    3  346   29   10    0
    7    3  339   29    3    4
    7    3   16    2    4    0
    7    3  128   11    8    0
    7    3   37    4    1    0
    7    3  256   22    4    0
    7    3  355   30    7    0
    7    3  311   26   11    0
    7    3  177   15    9    0
    7    3  170   15    2    0
    7    3   59    5   11    0
    7    3  174   15    6    0
    7    3  196   17    4    0
    7    3   97    9    1    0
    7    3  234   20    6    0
    7    3  167   14   11    0
    7    3   31    3    7    0
    7    3  134   12    2    0
    7    3  302   26    2    0
    7    3  183   16    3    5
    7    3  351   30    3    0
    7    3  214   18   10    0
    7    3  281   24    5    0
    7    3    5    1    5    0
    7    3  211   18    7    2
    7    3  317   27    5    0
    7    3  271   23    7    0
    7    3   29    3    5    0
    7    3   87    8    3    0
    7    3  126   11    6    0
    7    3   53    5    5    0
    7    3  279   24    3    0
    7    3   92    8    8    0
    7    3  207   18    3    0
    7    3  188   16    8    5
    7    3  322   27   10    0
    7    3  304   26    4    0
    7    3   17    2    5    0
    7    3  338   29    2    1
    7    3  162   14    6    0
    7    3  145   13    1    3
    7    3  232   20    4    0
    7    3  307   26    7    0
    7    3  258   22    6    0
    7    3   32    3    8    0
    7    3  217   19    1    0
    7    3   64    6    4    0
    7    3  312   26   12    0
    7    3  159   14    3    0
    7    3  300   25   12    0
    7    3   65    6    5    0
    7    3  193   17    1    0
    7    3  257   22    5    0
    7    3   61    6    1    0
