    1    1  298   25   10    4
    1    1  302   26    2    7
    1    1  348   29   12    7
    1    1  301   26    1    6
    1    1  205   18    1    5
    1    1  150   13    6    5
    1    1  318   27    6    7
    1    1  278   24    2    6
    1    1   57    5    9    5
    1    1  357   30    9    4
    1    1  144   12   12    1
    1    1   61    6    1    1
    1    1   68    6    8    2
    1    1  153   13    9    5
    1    1  170   15    2    9
    1    1  266   23    2    8
    1    1  232   20    4    2
    1    1    4    1    4    6
    1    1  262   22   10    4
    1    1  247   21    7    1
    1    1  306   26    6    8
    1    1   85    8    1    2
    1    1   97    9    1    9
    1    1    9    1    9    5
    1    1   46    4   10    2
    1    1  328   28    4    7
    1    1  338   29    2    8
    1    1   20    2    8    1
    1    1  316   27    4    8
    1    1  131   11   11    2
    1    1  109   10    1    7
    1    1  285   24    9    4
    1    1  183   16    3    7
    1    1  138   12    6    1
    1    1   33    3    9    7
    1    1   51    5    3    7
    1    1  290   25    2    5
    1    1  296   25    8    8
    1    1   60    5   12    8
    1    1  200   17    8    1
    1    1  235   20    7    3
    1    1  108    9   12    9
    1    1  323   27   11    7
    1    1   22    2   10    1
    1    1  194   17    2    4
    1    1  299   25   11    6
    1    1  267   23    3    8
    1    1  132   11   12    3
    1    1  358   30   10    1
    1    1  207   18    3    6
    1    1  209   18    5    9
    1    1  345   29    9    6
    1    1  114   10    6    3
    1    1   73    7    1    5
    1    1  231   20    3    5
    1    1   65    6    5    2
    1    1  193   17    1    5
    1    1  259   22    7    5
    1    1  169   15    1    7
    1    1  177   15    9    9
    1    1   72    6   12    1
    1    1   80    7    8    5
    1    1   88    8    4    8
    1    1  128   11    8    1
    1    1  107    9   11    9
    1    1  160   14    4    3
    1    1  249   21    9    1
    1    1  317   27    5    2
    1    1  215   18   11    8
    1    1  347   29   11    8
    1    1  354   30    6    4
    1    1  264   22   12    5
    1    1  330   28    6    3
    1    1   40    4    4    2
    1    1  346   29   10    8
    1    1  279   24    3    2
    1    1  186   16    6    5
    1    1  212   18    8    6
    1    1  230   20    2    8
    1    1  359   30   11    4
    1    1  216   18   12    6
    1    1  336   28   12    9
    1    1  179   15   11    8
    1    1   67    6    7    1
    1    1  349   30    1    2
    1    1   28    3    4    7
    1    1  127   11    7    3
    1    1  294   25    6    9
    1    1  351   30    3    4
    1    1   17    2    5    2
    1    1  288   24   12    3
    1    1  191   16   11    2
    1    1  245   21    5    1
    1    1  224   19    8    5
    1    1   26    3    2    3
    1    1  196   17    4    5
    1    1  184   16    4    6
    1    1  162   14    6    2
    1    1   42    4    6    5
    1    1  295   25    7    5
    1    1   44    4    8    3
    1    1  287   24   11    7
    1    1  333   28    9    9
    1    1  325   28    1    3
    1    1  167   14   11    3
    1    1   49    5    1    6
    1    1  125   11    5    2
    1    1   86    8    2    5
    1    1  221   19    5    3
    1    1  103    9    7    8
    1    1   30    3    6    8
    1    1   35    3   11    5
    1    1  220   19    4    6
    1    1  254   22    2    6
    1    1  192   16   12    4
    1    1   69    6    9    1
    1    1  178   15   10    9
    1    1  300   25   12    8
    1    1  229   20    1    4
    1    1  352   30    4    2
    1    1   32    3    8    7
    1    1  237   20    9    5
    1    1  233   20    5    6
    1    1   77    7    5    5
    1    1  260   22    8    6
    1    1   18    2    6    2
    1    1  164   14    8    2
    1    1  314   27    2    9
    1    1  269   23    5    9
    1    1  199   17    7    5
    1    1   15    2    3    3
    1    1   23    2   11    2
    1    1    8    1    8    5
    1    1  180   15   12    7
    1    1  121   11    1    1
    1    1  147   13    3    6
    1    1  188   16    8    6
    1    1  151   13    7    4
    1    1  176   15    8    9
    1    1  339   29    3    8
    1    1   29    3    5    8
    1    1   25    3    1    3
    1    1  142   12   10    1
    1    1  154   13   10    8
    1    1  284   24    8    6
    1    1  272   23    8    5
    1    1  226   19   10    5
    1    1  315   27    3    9
    1    1  310   26   10    6
    1    1   74    7    2    4
    1    1  286   24   10    7
    1    1  274   23   10    8
    1    1  122   11    2    1
    1    1  241   21    1    1
    1    1  251   21   11    1
    1    1  227   19   11    4
    1    1  223   19    7    5
    1    1  133   12    1    1
    1    1  236   20    8    4
    1    1  141   12    9    1
    1    1   98    9    2    9
    1    1  166   14   10    5
    1    1   62    6    2    1
    1    1   21    2    9    4
    1    1  118   10   10    7
    1    1  174   15    6    9
    1    1  218   19    2    6
    1    1  172   15    4    9
    1    1  255   22    3    6
    1    1   14    2    2    5
    1    1  195   17    3    4
    1    1  276   23   12    2
    1    1   34    3   10    6
    1    1   94    8   10    5
    1    1   45    4    9    1
    1    1  203   17   11    5
    1    1  360   30   12    7
    1    1  282   24    6    6
    1    1  291   25    3    3
    1    1  313   27    1    9
    1    1   63    6    3    1
    1    1  270   23    6    8
    1    1  206   18    2    4
    1    1  322   27   10    8
    1    1   76    7    4    6
    1    1  163   14    7    1
    1    1  257   22    5    7
    1    1  171   15    3    9
    1    1  217   19    1    5
    1    1  208   18    4    4
    1    1  238   20   10    2
    1    1  158   14    2    5
    1    1   92    8    8    2
    1    1   10    1   10    6
    1    1  256   22    4    6
    1    1  248   21    8    1
    1    1   93    8    9    1
    1    1  124   11    4    1
    1    1  204   17   12    6
    1    1  117   10    9    8
    1    1  341   29    5    7
    1    1  252   21   12    1
    1    1  309   26    9    2
    1    1    2    1    2    8
    1    1  261   22    9    1
    1    1  244   21    4    2
    1    1  319   27    7    9
    1    1  344   29    8    9
    1    1  189   16    9    3
    1    1  139   12    7    1
    1    1  156   13   12    2
    1    1  146   13    2    6
    1    1   87    8    3    1
    1    1   54    5    6    7
    1    1  161   14    5    1
    1    1   78    7    6    8
    1    1   38    4    2    2
    1    1   53    5    5    7
    1    1  211   18    7    6
    1    1    6    1    6    8
    1    1  271   23    7    8
    1    1  116   10    8    9
    1    1  307   26    7    7
    1    1  234   20    6    2
    1    1  213   18    9    6
    1    1  113   10    5    7
    1    1   19    2    7    4
    1    1  130   11   10    2
    1    1  149   13    5    7
    1    1  173   15    5    9
    1    1   39    4    3    3
    1    1   16    2    4    1
    1    1   11    1   11    8
    1    1  243   21    3    1
    1    1  297   25    9    9
    1    1  342   29    6    8
    1    1    1    1    1    2
    1    1  253   22    1    4
    1    1  283   24    7    7
    1    1   64    6    4    1
    1    1  120   10   12    8
    1    1   84    7   12    7
    1    1  112   10    4    9
    1    1   43    4    7    4
    1    1  155   13   11    5
    1    1  126   11    6    2
    1    1  304   26    4    1
    1    1  111   10    3    2
    1    1  175   15    7    7
    1    1  136   12    4    1
    1    1  222   19    6    5
    1    1   58    5   10    6
    1    1    3    1    3    6
    1    1  268   23    4    5
    1    1  104    9    8    6
    1    1   90    8    6    2
    1    1  350   30    2    1
    1    1  242   21    2    1
    1    1  201   17    9    3
    1    1   83    7   11    7
    1    1  246   21    6    1
    1    1   81    7    9    7
    1    1  332   28    8    9
    1    1  326   28    2    2
    1    1  353   30    5    1
    1    1  228   19   12    5
    1    1  137   12    5    1
    1    1  292   25    4    9
    1    1   91    8    7    5
    1    1  289   25    1    8
    1    1   66    6    6    2
    1    1  145   13    1    4
    1    1  311   26   11    9
    1    1   36    3   12    7
    1    1   59    5   11    7
    1    1   48    4   12    5
    1    1  140   12    8    1
    1    1  214   18   10    8
    1    1  293   25    5    7
    1    1  225   19    9    2
    1    1  280   24    4    2
    1    1   27    3    3    8
    1    1   96    8   12    4
    1    1  110   10    2    8
    1    1  219   19    3    3
    1    1  143   12   11    1
    1    1  185   16    5    5
    1    1   55    5    7    8
    1    1  168   14   12    2
    1    1  157   14    1    1
    1    1   31    3    7    7
    1    1  329   28    5    8
    1    1  159   14    3    1
    1    1   37    4    1    5
    1    1  327   28    3    7
    1    1  101    9    5    8
    1    1  106    9   10    9
    1    1  331   28    7    9
    1    1  100    9    4    9
    1    1  275   23   11    1
    1    1   12    1   12    8
    1    1  281   24    5    5
    1    1  337   29    1    4
    1    1   50    5    2    7
    1    1  273   23    9    9
    1    1  105    9    9    9
    1    1  277   24    1    4
    1    1  355   30    7    3
    1    1    7    1    7    6
    1    1   89    8    5    5
    1    1  308   26    8    6
    1    1  190   16   10    5
    1    1  324   27   12    5
    1    1  187   16    7    4
    1    1  340   29    4    8
    1    1  258   22    6    7
    1    1    5    1    5    5
    1    1   82    7   10    8
    1    1  202   17   10    3
    1    1  303   26    3    9
    1    1  343   29    7    7
    1    1   75    7    3    3
    1    1   56    5    8    7
    1    1   79    7    7    4
    1    1  240   20   12    3
    1    1   99    9    3    9
    1    1  123   11    3    1
    1    1   41    4    5    2
    1    1   70    6   10    1
    1    1  321   27    9    9
    1    1  134   12    2    1
    1    1  198   17    6    5
    1    1   47    4   11    4
    1    1  320   27    8    5
    1    1  210   18    6    7
    1    1  335   28   11    9
    1    1  197   17    5    6
    1    1  334   28   10    8
    1    1  102    9    6    9
    1    1   71    6   11    1
    1    1   24    2   12    5
    1    1   95    8   11    4
    1    1  148   13    4    4
    1    1  356   30    8    4
    1    1  165   14    9    5
    1    1  181   16    1    8
    1    1  129   11    9    2
    1    1  152   13    8    7
    1    1  265   23    1    4
    1    1  312   26   12    7
    1    1  115   10    7    2
    1    1  250   21   10    1
    1    1  182   16    2    3
    1    1  135   12    3    1
    1    1   52    5    4    7
    1    1   13    2    1    1
    1    1  305   26    5    6
    1    1  119   10   11    7
    1    1  263   22   11    7
    1    1  239   20   11    6
