    5   10  237   20    9    4
    5   10  123   11    3    6
    5   10  298   25   10    1
    5   10  256   22    4    3
    5   10   54    5    6    4
    5   10  160   14    4    2
    5   10   16    2    4    2
    5   10  270   23    6    4
    5   10  326   28    2    7
    5   10  261   22    9    5
    5   10   10    1   10    3
    5   10  306   26    6    3
    5   10  151   13    7    4
    5   10  233   20    5    2
    5   10   11    1   11    2
    5   10   81    7    9    6
    5   10  232   20    4    3
    5   10  265   23    1    6
    5   10  203   17   11    4
    5   10  273   23    9    8
    5   10    4    1    4    3
    5   10  229   20    1    2
    5   10  251   21   11    7
    5   10  141   12    9    8
    5   10  153   13    9    2
    5   10    5    1    5    2
    5   10  218   19    2    5
    5   10  282   24    6    1
    5   10  161   14    5    7
    5   10   93    8    9    4
    5   10  101    9    5    1
    5   10   35    3   11    3
    5   10  274   23   10    5
    5   10  348   29   12    1
    5   10  201   17    9    4
    5   10  325   28    1    9
    5   10  297   25    9    1
    5   10  246   21    6    7
    5   10  310   26   10    1
    5   10  342   29    6    1
    5   10  142   12   10    9
    5   10  177   15    9    6
    5   10   55    5    7    3
    5   10  286   24   10    3
    5   10   79    7    7    3
    5   10  303   26    3    3
    5   10   12    1   12    2
    5   10  253   22    1    2
    5   10   86    8    2    7
    5   10  311   26   11    2
    5   10  169   15    1    4
    5   10   13    2    1    1
    5   10   36    3   12    4
    5   10  118   10   10    3
    5   10    6    1    6    3
    5   10  120   10   12    2
    5   10  242   21    2    9
    5   10  355   30    7    2
    5   10  329   28    5    7
    5   10  124   11    4    5
    5   10  129   11    9    4
    5   10  205   18    1    3
    5   10  110   10    2    3
    5   10  214   18   10    6
    5   10  224   19    8    6
    5   10  290   25    2    5
    5   10   33    3    9    4
    5   10  291   25    3    3
    5   10  241   21    1    7
    5   10  134   12    2    9
    5   10  238   20   10    2
    5   10  349   30    1    3
    5   10  185   16    5    2
    5   10  359   30   11    3
    5   10  184   16    4    4
    5   10   47    4   11    3
    5   10  248   21    8    8
    5   10   39    4    3    3
    5   10   24    2   12    1
    5   10  247   21    7    6
    5   10  122   11    2    1
    5   10   22    2   10    2
    5   10   50    5    2    3
    5   10  302   26    2    1
    5   10   69    6    9    9
    5   10   48    4   12    3
    5   10  186   16    6    2
    5   10  315   27    3    7
    5   10  295   25    7    1
    5   10   40    4    4    4
    5   10  339   29    3    1
    5   10  215   18   11    2
    5   10   74    7    2    6
    5   10  289   25    1    1
    5   10  195   17    3    6
    5   10  347   29   11    2
    5   10   91    8    7    6
    5   10   29    3    5    6
    5   10   34    3   10    5
    5   10   23    2   11    2
    5   10  196   17    4    6
    5   10  119   10   11    2
    5   10  208   18    4    6
    5   10  144   12   12    9
    5   10   14    2    2    3
    5   10   45    4    9    7
    5   10  137   12    5    9
    5   10  223   19    7    4
    5   10   53    5    5    2
    5   10  236   20    8    2
    5   10  227   19   11    4
    5   10  179   15   11    6
    5   10  127   11    7    5
    5   10  181   16    1    4
    5   10  162   14    6    2
    5   10  301   26    1    2
    5   10  175   15    7    5
    5   10  337   29    1    4
    5   10  180   15   12    6
    5   10  105    9    9    1
    5   10   94    8   10    6
    5   10  221   19    5    7
    5   10  358   30   10    2
    5   10   97    9    1    1
    5   10  244   21    4    7
    5   10    8    1    8    5
    5   10  252   21   12    6
    5   10  154   13   10    5
    5   10  168   14   12    4
    5   10  165   14    9    3
    5   10  220   19    4    5
    5   10  182   16    2    3
    5   10  321   27    9    9
    5   10  209   18    5    6
    5   10   15    2    3    6
    5   10   51    5    3    5
    5   10   66    6    6    9
    5   10   99    9    3    1
    5   10  226   19   10    6
    5   10  324   27   12    9
    5   10  109   10    1    3
    5   10  331   28    7    8
    5   10  103    9    7    2
    5   10  240   20   12    1
    5   10  100    9    4    1
    5   10   92    8    8    5
    5   10  328   28    4    9
    5   10  323   27   11    9
    5   10   21    2    9    2
    5   10   72    6   12    9
    5   10  309   26    9    3
    5   10  140   12    8    9
    5   10   70    6   10    9
    5   10   42    4    6    4
    5   10   31    3    7    4
    5   10  318   27    6    5
    5   10  305   26    5    2
    5   10  257   22    5    7
    5   10  108    9   12    2
    5   10  272   23    8    8
    5   10  279   24    3    4
    5   10  156   13   12    3
    5   10  271   23    7    3
    5   10  332   28    8    9
    5   10   76    7    4    6
    5   10  327   28    3    9
    5   10   73    7    1    4
    5   10  139   12    7    7
    5   10   49    5    1    5
    5   10  192   16   12    3
    5   10  138   12    6    6
    5   10  319   27    7    4
    5   10  259   22    7    4
    5   10   59    5   11    4
    5   10   88    8    4    4
    5   10   78    7    6    4
    5   10  222   19    6    6
    5   10  194   17    2    3
    5   10  267   23    3    2
    5   10  145   13    1    2
    5   10  133   12    1    8
    5   10  343   29    7    3
    5   10  334   28   10    9
    5   10   63    6    3    8
    5   10  296   25    8    1
    5   10   52    5    4    4
    5   10  308   26    8    5
    5   10  219   19    3    4
    5   10  115   10    7    3
    5   10  354   30    6    3
    5   10  340   29    4    1
    5   10   44    4    8    4
    5   10  210   18    6    5
    5   10   98    9    2    3
    5   10   56    5    8    5
    5   10  106    9   10    2
    5   10   90    8    6    7
    5   10  113   10    5    2
    5   10  356   30    8    5
    5   10  287   24   11    3
    5   10   96    8   12    5
    5   10  293   25    5    3
    5   10   25    3    1    4
    5   10  191   16   11    4
    5   10  159   14    3    3
    5   10  157   14    1    3
    5   10  207   18    3    2
    5   10  146   13    2    4
    5   10   82    7   10    6
    5   10   60    5   12    5
    5   10  263   22   11    3
    5   10  313   27    1    3
    5   10  264   22   12    2
    5   10  202   17   10    1
    5   10  230   20    2    6
    5   10   85    8    1    3
    5   10  167   14   11    3
    5   10   18    2    6    2
    5   10  174   15    6    5
    5   10  266   23    2    4
    5   10  344   29    8    3
    5   10  158   14    2    2
    5   10    9    1    9    2
    5   10  197   17    5    2
    5   10   87    8    3    3
    5   10   32    3    8    4
    5   10  278   24    2    2
    5   10   38    4    2    3
    5   10  284   24    8    1
    5   10  357   30    9    4
    5   10    1    1    1    4
    5   10  255   22    3    1
    5   10  307   26    7    3
    5   10  117   10    9    2
    5   10  249   21    9    7
    5   10   28    3    4    5
    5   10  166   14   10    3
    5   10  335   28   11    7
    5   10  235   20    7    2
    5   10  198   17    6    4
    5   10  107    9   11    1
    5   10   37    4    1    3
    5   10  239   20   11    3
    5   10  250   21   10    7
    5   10  225   19    9    4
    5   10  150   13    6    2
    5   10  112   10    4    2
    5   10  336   28   12    8
    5   10  330   28    6    7
    5   10  341   29    5    2
    5   10   17    2    5    1
    5   10  125   11    5    3
    5   10  360   30   12    1
    5   10  268   23    4    2
    5   10  292   25    4    2
    5   10  136   12    4    8
    5   10   20    2    8    2
    5   10  285   24    9    3
    5   10  211   18    7    3
    5   10  338   29    2    3
    5   10  183   16    3    3
    5   10  312   26   12    4
    5   10  212   18    8    3
    5   10   61    6    1    6
    5   10  288   24   12    3
    5   10   62    6    2    9
    5   10   57    5    9    6
    5   10  148   13    4    4
    5   10   75    7    3    5
    5   10   26    3    2    4
    5   10  258   22    6    3
    5   10  170   15    2    5
    5   10  352   30    4    3
    5   10   77    7    5    4
    5   10   95    8   11    3
    5   10  304   26    4    5
    5   10  216   18   12    3
    5   10  281   24    5    4
    5   10   89    8    5    5
    5   10   80    7    8    6
    5   10  121   11    1    5
    5   10  277   24    1    3
    5   10  114   10    6    3
    5   10  353   30    5    2
    5   10  280   24    4    2
    5   10  260   22    8    4
    5   10   30    3    6    5
    5   10  163   14    7    6
    5   10  204   17   12    8
    5   10  346   29   10    3
    5   10  262   22   10    4
    5   10  149   13    5    4
    5   10  322   27   10    9
    5   10  350   30    2    3
    5   10  164   14    8    4
    5   10  126   11    6    5
    5   10  269   23    5    4
    5   10  173   15    5    7
    5   10  132   11   12    4
    5   10  234   20    6    3
    5   10   46    4   10    3
    5   10  275   23   11    8
    5   10   41    4    5    4
    5   10  189   16    9    3
    5   10   27    3    3    3
    5   10  206   18    2    2
    5   10  171   15    3    4
    5   10  228   19   12    5
    5   10  199   17    7    3
    5   10  130   11   10    4
    5   10  217   19    1    2
    5   10  116   10    8    1
    5   10  176   15    8    6
    5   10  276   23   12    5
    5   10  200   17    8    6
    5   10  135   12    3    8
    5   10   83    7   11    5
    5   10   19    2    7    1
    5   10   84    7   12    6
    5   10  231   20    3    1
    5   10  147   13    3    2
    5   10  300   25   12    1
    5   10  131   11   11    5
    5   10  243   21    3    7
    5   10  187   16    7    4
    5   10  345   29    9    1
    5   10   58    5   10    5
    5   10    3    1    3    3
    5   10  193   17    1    6
    5   10  178   15   10    7
    5   10  172   15    4    8
    5   10  314   27    2    5
    5   10   64    6    4    9
    5   10  294   25    6    4
    5   10  254   22    2    3
    5   10   65    6    5    8
    5   10  320   27    8    7
    5   10  316   27    4    2
    5   10  190   16   10    2
    5   10  155   13   11    3
    5   10  104    9    8    1
    5   10  188   16    8    3
    5   10  283   24    7    1
    5   10  333   28    9    8
    5   10  299   25   11    3
    5   10  245   21    5    6
    5   10  351   30    3    1
    5   10  317   27    5    5
    5   10    2    1    2    3
    5   10   67    6    7    7
    5   10  213   18    9    4
    5   10  111   10    3    5
    5   10  128   11    8    6
    5   10  102    9    6    1
    5   10   71    6   11    9
    5   10  152   13    8    6
    5   10    7    1    7    3
    5   10   43    4    7    3
    5   10   68    6    8    9
    5   10  143   12   11    8
