    9   20  333   28    9    2
    9   20  188   16    8    0
    9   20  208   18    4    0
    9   20  178   15   10    0
    9   20  275   23   11    0
    9   20   90    8    6    0
    9   20    9    1    9    0
    9   20   36    3   12    0
    9   20  283   24    7    3
    9   20  201   17    9    0
    9   20  341   29    5    2
    9   20  205   18    1    0
    9   20  228   19   12    0
    9   20  297   25    9    2
    9   20  172   15    4    0
    9   20  255   22    3    2
    9   20   43    4    7    3
    9   20   74    7    2    0
    9   20  180   15   12    0
    9   20   13    2    1    0
    9   20  223   19    7    0
    9   20  127   11    7    0
    9   20  238   20   10    2
    9   20  133   12    1    2
    9   20   46    4   10    0
    9   20   26    3    2    2
    9   20  120   10   12    0
    9   20  110   10    2    0
    9   20   84    7   12    2
    9   20  107    9   11    1
    9   20  314   27    2    2
    9   20  151   13    7    0
    9   20  327   28    3    0
    9   20  321   27    9    0
    9   20  174   15    6    0
    9   20   92    8    8    0
    9   20  131   11   11    0
    9   20   28    3    4    0
    9   20  292   25    4    0
    9   20  225   19    9    0
    9   20  332   28    8    2
    9   20  200   17    8    2
    9   20   75    7    3    0
    9   20   94    8   10    0
    9   20  104    9    8    1
    9   20  258   22    6    2
    9   20  232   20    4    2
    9   20  135   12    3    0
    9   20  328   28    4    0
    9   20  315   27    3    0
    9   20  185   16    5    0
    9   20   93    8    9    0
    9   20  171   15    3    0
    9   20  227   19   11    3
    9   20  191   16   11    2
    9   20   60    5   12    0
    9   20  101    9    5    1
    9   20   96    8   12    0
    9   20  281   24    5    0
    9   20  189   16    9    0
    9   20  210   18    6    0
    9   20   91    8    7    0
    9   20  138   12    6    0
    9   20  354   30    6    2
    9   20  233   20    5    0
    9   20  273   23    9    0
    9   20   18    2    6    0
    9   20   14    2    2    0
    9   20  322   27   10    0
    9   20    4    1    4    0
    9   20  340   29    4    0
    9   20  186   16    6    0
    9   20  359   30   11    2
    9   20    8    1    8    0
    9   20  342   29    6    0
    9   20  105    9    9    1
    9   20  295   25    7    0
    9   20   15    2    3    2
    9   20  154   13   10    0
    9   20  217   19    1    0
    9   20  168   14   12    0
    9   20  259   22    7    0
    9   20  114   10    6    0
    9   20  173   15    5    0
    9   20  343   29    7    0
    9   20   95    8   11    1
    9   20  100    9    4    1
    9   20  137   12    5    2
    9   20   99    9    3    1
    9   20  349   30    1    2
    9   20   86    8    2    0
    9   20  148   13    4    0
    9   20  263   22   11    0
    9   20   30    3    6    0
    9   20  198   17    6    0
    9   20   48    4   12    0
    9   20  337   29    1    0
    9   20  122   11    2    0
    9   20   45    4    9    2
    9   20  277   24    1    0
    9   20   10    1   10    0
    9   20  311   26   11    0
    9   20  280   24    4    0
    9   20  310   26   10    0
    9   20  302   26    2    0
    9   20   19    2    7    1
    9   20   63    6    3    0
    9   20   57    5    9    0
    9   20  334   28   10    0
    9   20  203   17   11    0
    9   20  276   23   12    2
    9   20  272   23    8    0
    9   20  252   21   12    0
    9   20  338   29    2    0
    9   20  214   18   10    0
    9   20   89    8    5    0
    9   20   67    6    7    0
    9   20  246   21    6    0
    9   20   25    3    1    0
    9   20  241   21    1    0
    9   20  115   10    7    0
    9   20   35    3   11    0
    9   20  204   17   12    0
    9   20   37    4    1    0
    9   20   79    7    7    0
    9   20   50    5    2    0
    9   20   20    2    8    2
    9   20  123   11    3    0
    9   20    5    1    5    0
    9   20  196   17    4    0
    9   20   70    6   10    0
    9   20  207   18    3    0
    9   20  222   19    6    0
    9   20  143   12   11    0
    9   20  339   29    3    0
    9   20  326   28    2    0
    9   20   97    9    1    1
    9   20  197   17    5    2
    9   20  231   20    3    2
    9   20  155   13   11    0
    9   20   16    2    4    0
    9   20  195   17    3    0
    9   20  108    9   12    0
    9   20  199   17    7    0
    9   20  317   27    5    0
    9   20   24    2   12    1
    9   20  278   24    2    0
    9   20  271   23    7    0
    9   20  296   25    8    1
    9   20  288   24   12    2
    9   20  118   10   10    0
    9   20  140   12    8    0
    9   20  300   25   12    2
    9   20  230   20    2    0
    9   20  257   22    5    0
    9   20  117   10    9    0
    9   20   68    6    8    0
    9   20  129   11    9    0
    9   20  301   26    1    3
    9   20  316   27    4    0
    9   20  190   16   10    0
    9   20  166   14   10    0
    9   20  209   18    5    0
    9   20   80    7    8    0
    9   20  221   19    5    2
    9   20  353   30    5    2
    9   20  163   14    7    0
    9   20  124   11    4    0
    9   20   31    3    7    0
    9   20  202   17   10    2
    9   20  158   14    2    0
    9   20  112   10    4    2
    9   20  211   18    7    0
    9   20  298   25   10    2
    9   20  356   30    8    2
    9   20  357   30    9    2
    9   20   58    5   10    0
    9   20   59    5   11    0
    9   20   23    2   11    1
    9   20   40    4    4    0
    9   20   52    5    4    0
    9   20  187   16    7    0
    9   20  213   18    9    0
    9   20  282   24    6    0
    9   20  318   27    6    0
    9   20  264   22   12    0
    9   20   22    2   10    2
    9   20  183   16    3    0
    9   20  141   12    9    0
    9   20  212   18    8    0
    9   20   29    3    5    0
    9   20   55    5    7    0
    9   20  156   13   12    0
    9   20   69    6    9    0
    9   20   66    6    6    0
    9   20  220   19    4    0
    9   20   73    7    1    0
    9   20   27    3    3    0
    9   20    3    1    3    0
    9   20  249   21    9    0
    9   20  303   26    3    0
    9   20   65    6    5    0
    9   20  348   29   12    0
    9   20  262   22   10    0
    9   20  226   19   10    0
    9   20  307   26    7    0
    9   20  219   19    3    0
    9   20  242   21    2    0
    9   20  351   30    3    0
    9   20  239   20   11    2
    9   20  336   28   12    0
    9   20    6    1    6    0
    9   20   47    4   11    0
    9   20  192   16   12    0
    9   20  134   12    2    0
    9   20  308   26    8    0
    9   20  299   25   11    0
    9   20   38    4    2    2
    9   20   78    7    6    3
    9   20   44    4    8    0
    9   20  330   28    6    0
    9   20  218   19    2    0
    9   20  287   24   11    0
    9   20    1    1    1    0
    9   20  244   21    4    2
    9   20   12    1   12    0
    9   20    7    1    7    0
    9   20  325   28    1    0
    9   20  294   25    6    2
    9   20  165   14    9    0
    9   20  274   23   10    2
    9   20  313   27    1    0
    9   20  106    9   10    1
    9   20  229   20    1    0
    9   20  260   22    8    0
    9   20   98    9    2    1
    9   20  250   21   10    2
    9   20  142   12   10    0
    9   20   21    2    9    0
    9   20  128   11    8    0
    9   20  236   20    8    2
    9   20  177   15    9    0
    9   20  147   13    3    0
    9   20  293   25    5    0
    9   20  261   22    9    0
    9   20   87    8    3    0
    9   20  312   26   12    2
    9   20   41    4    5    0
    9   20   81    7    9    0
    9   20  157   14    1    0
    9   20   72    6   12    0
    9   20  329   28    5    0
    9   20    2    1    2    0
    9   20  237   20    9    2
    9   20   61    6    1    0
    9   20  247   21    7    0
    9   20  347   29   11    0
    9   20   62    6    2    0
    9   20  160   14    4    0
    9   20  126   11    6    0
    9   20  265   23    1    0
    9   20  267   23    3    0
    9   20  111   10    3    0
    9   20  344   29    8    0
    9   20  284   24    8    0
    9   20  331   28    7    0
    9   20  179   15   11    0
    9   20  352   30    4    2
    9   20  279   24    3    0
    9   20  102    9    6    1
    9   20  224   19    8    0
    9   20  286   24   10    0
    9   20  161   14    5    0
    9   20  253   22    1    0
    9   20   17    2    5    0
    9   20   88    8    4    0
    9   20   49    5    1    0
    9   20   54    5    6    0
    9   20  285   24    9    0
    9   20   85    8    1    0
    9   20  175   15    7    0
    9   20  103    9    7    1
    9   20  176   15    8    0
    9   20   39    4    3    0
    9   20   71    6   11    0
    9   20  350   30    2    2
    9   20  234   20    6    2
    9   20  345   29    9    0
    9   20   83    7   11    0
    9   20   42    4    6    0
    9   20  268   23    4    0
    9   20  169   15    1    0
    9   20  170   15    2    0
    9   20  116   10    8    0
    9   20  251   21   11    0
    9   20  306   26    6    2
    9   20  291   25    3    0
    9   20  346   29   10    0
    9   20  245   21    5    0
    9   20   51    5    3    0
    9   20  167   14   11    0
    9   20  216   18   12    0
    9   20  136   12    4    0
    9   20   32    3    8    0
    9   20   64    6    4    0
    9   20  130   11   10    0
    9   20  256   22    4    0
    9   20  150   13    6    0
    9   20  355   30    7    0
    9   20  248   21    8    0
    9   20   76    7    4    0
    9   20  113   10    5    0
    9   20  132   11   12    0
    9   20  153   13    9    0
    9   20  215   18   11    0
    9   20  289   25    1    0
    9   20  254   22    2    0
    9   20  194   17    2    0
    9   20  319   27    7    0
    9   20  360   30   12    2
    9   20  240   20   12    2
    9   20  144   12   12    0
    9   20  335   28   11    0
    9   20   11    1   11    0
    9   20  181   16    1    0
    9   20  121   11    1    0
    9   20  193   17    1    0
    9   20  269   23    5    3
    9   20  309   26    9    0
    9   20  139   12    7    0
    9   20  266   23    2    0
    9   20  358   30   10    2
    9   20   82    7   10    0
    9   20  270   23    6    0
    9   20  290   25    2    0
    9   20   34    3   10    0
    9   20  119   10   11    0
    9   20  125   11    5    0
    9   20  324   27   12    0
    9   20  145   13    1    0
    9   20  206   18    2    0
    9   20  235   20    7    0
    9   20  146   13    2    0
    9   20  149   13    5    0
    9   20  243   21    3    0
    9   20   53    5    5    0
    9   20  323   27   11    0
    9   20  305   26    5    3
    9   20   77    7    5    0
    9   20  152   13    8    0
    9   20  109   10    1    0
    9   20   33    3    9    0
    9   20  164   14    8    0
    9   20  159   14    3    2
    9   20  320   27    8    0
    9   20  182   16    2    0
    9   20  162   14    6    0
    9   20   56    5    8    0
    9   20  304   26    4    0
    9   20  184   16    4    0
