    2    9   38    4    2    3
    2    9  166   14   10    4
    2    9  215   18   11    5
    2    9   73    7    1    9
    2    9  181   16    1    7
    2    9  241   21    1    1
    2    9  270   23    6    3
    2    9  216   18   12    2
    2    9   79    7    7    8
    2    9   85    8    1    4
    2    9   27    3    3    6
    2    9    5    1    5    9
    2    9   16    2    4    1
    2    9  278   24    2    9
    2    9  293   25    5    3
    2    9  150   13    6    5
    2    9  286   24   10    7
    2    9  343   29    7    3
    2    9  180   15   12    6
    2    9  306   26    6    5
    2    9  356   30    8    4
    2    9  335   28   11    7
    2    9  237   20    9    5
    2    9  268   23    4    4
    2    9  211   18    7    3
    2    9  110   10    2    8
    2    9  140   12    8    1
    2    9   50    5    2    1
    2    9    7    1    7    9
    2    9   98    9    2    9
    2    9  128   11    8    7
    2    9  157   14    1    2
    2    9   91    8    7    8
    2    9  288   24   12    8
    2    9  129   11    9    9
    2    9  223   19    7    9
    2    9  300   25   12    1
    2    9  328   28    4    9
    2    9  194   17    2    7
    2    9  120   10   12    9
    2    9  122   11    2    8
    2    9  100    9    4    9
    2    9  352   30    4    1
    2    9   14    2    2    3
    2    9   96    8   12    9
    2    9   88    8    4    9
    2    9  188   16    8    7
    2    9  159   14    3    3
    2    9  255   22    3    9
    2    9  265   23    1    1
    2    9   76    7    4    8
    2    9  351   30    3    3
    2    9  224   19    8    5
    2    9  291   25    3    5
    2    9  264   22   12    9
    2    9  238   20   10    4
    2    9  247   21    7    4
    2    9  276   23   12    1
    2    9  254   22    2    9
    2    9  290   25    2    8
    2    9  316   27    4    8
    2    9  178   15   10    7
    2    9  269   23    5    2
    2    9  317   27    5    3
    2    9   81    7    9    7
    2    9  248   21    8    4
    2    9  245   21    5    5
    2    9  284   24    8    8
    2    9  124   11    4    9
    2    9  313   27    1    8
    2    9   90    8    6    9
    2    9  295   25    7    3
    2    9   20    2    8    3
    2    9  354   30    6    5
    2    9  212   18    8    5
    2    9  322   27   10    5
    2    9  340   29    4    4
    2    9  177   15    9    8
    2    9  252   21   12    8
    2    9  349   30    1    3
    2    9    4    1    4    9
    2    9  202   17   10    7
    2    9  320   27    8    6
    2    9  210   18    6    9
    2    9  205   18    1    5
    2    9   48    4   12    5
    2    9  279   24    3    9
    2    9  183   16    3    3
    2    9  169   15    1    6
    2    9    6    1    6    8
    2    9  283   24    7    9
    2    9  244   21    4    9
    2    9  299   25   11    9
    2    9  337   29    1    8
    2    9   56    5    8    9
    2    9  228   19   12    9
    2    9  297   25    9    6
    2    9  143   12   11    2
    2    9  141   12    9    1
    2    9    9    1    9    3
    2    9  314   27    2    2
    2    9  125   11    5    5
    2    9   41    4    5    5
    2    9  133   12    1    1
    2    9  145   13    1    4
    2    9  308   26    8    8
    2    9   77    7    5    9
    2    9   69    6    9    1
    2    9  318   27    6    4
    2    9  332   28    8    7
    2    9  174   15    6    2
    2    9    3    1    3    6
    2    9  184   16    4    2
    2    9  222   19    6    8
    2    9  158   14    2    4
    2    9   28    3    4    6
    2    9  231   20    3    5
    2    9  246   21    6    2
    2    9  261   22    9    3
    2    9  220   19    4    4
    2    9  346   29   10    5
    2    9  282   24    6    8
    2    9   44    4    8    7
    2    9   45    4    9    7
    2    9   52    5    4    5
    2    9  209   18    5    5
    2    9  162   14    6    3
    2    9  296   25    8    1
    2    9  218   19    2    4
    2    9   68    6    8    1
    2    9  329   28    5    3
    2    9   55    5    7    5
    2    9  357   30    9    7
    2    9  233   20    5    3
    2    9  119   10   11    3
    2    9  148   13    4    5
    2    9  197   17    5    5
    2    9  201   17    9    4
    2    9   23    2   11    5
    2    9  312   26   12    3
    2    9  323   27   11    2
    2    9  208   18    4    8
    2    9   11    1   11    8
    2    9   70    6   10    2
    2    9  348   29   12    4
    2    9  325   28    1    1
    2    9  338   29    2    3
    2    9   67    6    7    1
    2    9  153   13    9    4
    2    9  135   12    3    1
    2    9  230   20    2    2
    2    9  113   10    5    4
    2    9  191   16   11    5
    2    9  168   14   12    3
    2    9  336   28   12    2
    2    9   83    7   11    7
    2    9  253   22    1    9
    2    9  160   14    4    6
    2    9  315   27    3    4
    2    9  165   14    9    5
    2    9  309   26    9    5
    2    9  359   30   11    7
    2    9   78    7    6    8
    2    9  326   28    2    9
    2    9  302   26    2    9
    2    9  267   23    3    2
    2    9   32    3    8    9
    2    9  112   10    4    7
    2    9   61    6    1    2
    2    9  355   30    7    5
    2    9  196   17    4    2
    2    9  172   15    4    7
    2    9  170   15    2    3
    2    9  239   20   11    4
    2    9  319   27    7    5
    2    9  185   16    5    5
    2    9  274   23   10    3
    2    9  250   21   10    3
    2    9  240   20   12    5
    2    9  195   17    3    4
    2    9  132   11   12    9
    2    9  116   10    8    7
    2    9  156   13   12    5
    2    9  331   28    7    9
    2    9  190   16   10    6
    2    9  109   10    1    8
    2    9  152   13    8    7
    2    9  154   13   10    7
    2    9   99    9    3    7
    2    9   82    7   10    9
    2    9  192   16   12    8
    2    9  137   12    5    1
    2    9   64    6    4    1
    2    9  102    9    6    9
    2    9  256   22    4    7
    2    9  115   10    7    3
    2    9  353   30    5    2
    2    9   26    3    2    9
    2    9   51    5    3    9
    2    9  226   19   10    8
    2    9  229   20    1    5
    2    9  285   24    9    9
    2    9  324   27   12    3
    2    9   72    6   12    1
    2    9  341   29    5    5
    2    9  358   30   10    5
    2    9   57    5    9    9
    2    9  327   28    3    9
    2    9  342   29    6    5
    2    9  105    9    9    9
    2    9  136   12    4    1
    2    9  123   11    3    5
    2    9   42    4    6    5
    2    9   60    5   12    5
    2    9  236   20    8    3
    2    9  161   14    5    4
    2    9  108    9   12    4
    2    9  182   16    2    5
    2    9  155   13   11    8
    2    9   33    3    9    6
    2    9  301   26    1    5
    2    9   63    6    3    3
    2    9  149   13    5    5
    2    9   25    3    1    5
    2    9  142   12   10    2
    2    9  186   16    6    4
    2    9  347   29   11    4
    2    9  193   17    1    7
    2    9  289   25    1    4
    2    9   65    6    5    2
    2    9  251   21   11    3
    2    9   84    7   12    4
    2    9  163   14    7    3
    2    9  258   22    6    9
    2    9  138   12    6    3
    2    9  187   16    7    5
    2    9   47    4   11    5
    2    9   86    8    2    7
    2    9   43    4    7    7
    2    9  103    9    7    8
    2    9  303   26    3    9
    2    9   80    7    8    7
    2    9  130   11   10    5
    2    9  144   12   12    1
    2    9  330   28    6    8
    2    9   39    4    3    5
    2    9  219   19    3    5
    2    9  147   13    3    4
    2    9  173   15    5    4
    2    9   12    1   12    7
    2    9  203   17   11    5
    2    9  298   25   10    3
    2    9  101    9    5    8
    2    9   37    4    1    4
    2    9  106    9   10    8
    2    9   92    8    8    8
    2    9  243   21    3    8
    2    9  198   17    6    5
    2    9   59    5   11    8
    2    9  305   26    5    3
    2    9   71    6   11    1
    2    9  131   11   11    5
    2    9  249   21    9    1
    2    9  334   28   10    3
    2    9  260   22    8    9
    2    9   66    6    6    1
    2    9  321   27    9    4
    2    9  151   13    7    5
    2    9  121   11    1    8
    2    9  287   24   11    9
    2    9   93    8    9    5
    2    9  167   14   11    5
    2    9   75    7    3    9
    2    9  139   12    7    1
    2    9   15    2    3    5
    2    9  114   10    6    5
    2    9  344   29    8    2
    2    9  199   17    7    8
    2    9  204   17   12    3
    2    9   17    2    5    2
    2    9   18    2    6    5
    2    9  242   21    2    1
    2    9  272   23    8    3
    2    9   13    2    1    5
    2    9  117   10    9    7
    2    9  146   13    2    6
    2    9   36    3   12    7
    2    9  263   22   11    9
    2    9  127   11    7    6
    2    9  214   18   10    6
    2    9  175   15    7    8
    2    9  134   12    2    2
    2    9  171   15    3    1
    2    9  164   14    8    2
    2    9  360   30   12    1
    2    9   35    3   11    4
    2    9    8    1    8    3
    2    9   97    9    1    5
    2    9   22    2   10    2
    2    9  281   24    5    9
    2    9  259   22    7    9
    2    9   24    2   12    7
    2    9  221   19    5    5
    2    9  200   17    8    2
    2    9  273   23    9    5
    2    9  304   26    4    1
    2    9  275   23   11    3
    2    9   30    3    6    8
    2    9  266   23    2    6
    2    9  176   15    8    3
    2    9  333   28    9    7
    2    9  104    9    8    2
    2    9  350   30    2    4
    2    9   89    8    5    3
    2    9  271   23    7    1
    2    9  213   18    9    7
    2    9    1    1    1    6
    2    9   58    5   10    8
    2    9   53    5    5    8
    2    9   46    4   10    7
    2    9  310   26   10    1
    2    9  280   24    4    9
    2    9  262   22   10    9
    2    9  345   29    9    3
    2    9  235   20    7    1
    2    9   87    8    3    3
    2    9    2    1    2    3
    2    9  118   10   10    5
    2    9   62    6    2    1
    2    9   40    4    4    6
    2    9  189   16    9    6
    2    9  292   25    4    2
    2    9   19    2    7    2
    2    9  227   19   11    4
    2    9   95    8   11    5
    2    9  206   18    2    4
    2    9  225   19    9    4
    2    9  107    9   11    3
    2    9  234   20    6    2
    2    9   74    7    2    9
    2    9  111   10    3    7
    2    9   10    1   10    6
    2    9  217   19    1    4
    2    9  277   24    1    7
    2    9  339   29    3    2
    2    9   49    5    1    9
    2    9   94    8   10    6
    2    9   54    5    6    7
    2    9   31    3    7    7
    2    9  294   25    6    2
    2    9   21    2    9    3
    2    9  257   22    5    5
    2    9  126   11    6    2
    2    9  232   20    4    2
    2    9  179   15   11    6
    2    9   34    3   10    5
    2    9  207   18    3    5
    2    9   29    3    5    5
    2    9  307   26    7    4
    2    9  311   26   11    3
