    2   13  244   21    4    1
    2   13  164   14    8    2
    2   13  174   15    6    2
    2   13  235   20    7    3
    2   13  140   12    8    1
    2   13   71    6   11    1
    2   13  318   27    6    2
    2   13  228   19   12    7
    2   13  282   24    6    9
    2   13  280   24    4    9
    2   13  247   21    7    3
    2   13  122   11    2    5
    2   13   31    3    7    8
    2   13  172   15    4    4
    2   13    6    1    6    7
    2   13  254   22    2    9
    2   13   32    3    8    8
    2   13   24    2   12    5
    2   13  223   19    7    5
    2   13   26    3    2    7
    2   13   52    5    4    7
    2   13  187   16    7    5
    2   13  161   14    5    2
    2   13  215   18   11    5
    2   13  325   28    1    6
    2   13  183   16    3    4
    2   13  185   16    5    3
    2   13   33    3    9    7
    2   13   85    8    1    3
    2   13   51    5    3    7
    2   13  302   26    2    2
    2   13  304   26    4    2
    2   13   84    7   12    7
    2   13   90    8    6    9
    2   13  221   19    5    3
    2   13  283   24    7    9
    2   13  218   19    2    5
    2   13  238   20   10    3
    2   13   72    6   12    1
    2   13    9    1    9    5
    2   13    2    1    2    5
    2   13  276   23   12    3
    2   13  222   19    6    8
    2   13  315   27    3    3
    2   13   70    6   10    1
    2   13   46    4   10    6
    2   13   78    7    6    6
    2   13  349   30    1    2
    2   13  144   12   12    1
    2   13  293   25    5    2
    2   13  333   28    9    2
    2   13  286   24   10    9
    2   13  313   27    1    3
    2   13   30    3    6    7
    2   13  196   17    4    5
    2   13  193   17    1    8
    2   13   35    3   11    7
    2   13  154   13   10    6
    2   13   82    7   10    6
    2   13   97    9    1    2
    2   13  359   30   11    2
    2   13  150   13    6    4
    2   13  303   26    3    3
    2   13   38    4    2    3
    2   13  334   28   10    2
    2   13  265   23    1    2
    2   13  206   18    2    2
    2   13  148   13    4    6
    2   13  320   27    8    1
    2   13  237   20    9    2
    2   13  356   30    8    2
    2   13  210   18    6    6
    2   13  229   20    1    4
    2   13  220   19    4    5
    2   13  263   22   11    9
    2   13   29    3    5    7
    2   13  249   21    9    1
    2   13  179   15   11    6
    2   13   87    8    3    8
    2   13  350   30    2    3
    2   13  131   11   11    6
    2   13   47    4   11    6
    2   13   48    4   12    5
    2   13   92    8    8    5
    2   13  301   26    1    2
    2   13  230   20    2    1
    2   13  134   12    2    1
    2   13  103    9    7    2
    2   13  156   13   12    5
    2   13   42    4    6    7
    2   13   74    7    2    3
    2   13  242   21    2    1
    2   13  139   12    7    1
    2   13   67    6    7    1
    2   13  162   14    6    2
    2   13  167   14   11    4
    2   13  219   19    3    7
    2   13  236   20    8    1
    2   13  288   24   12    3
    2   13  157   14    1    3
    2   13  352   30    4    2
    2   13  319   27    7    8
    2   13  341   29    5    4
    2   13  327   28    3    7
    2   13  250   21   10    1
    2   13   13    2    1    3
    2   13   36    3   12    9
    2   13   28    3    4    8
    2   13  100    9    4    1
    2   13  160   14    4    2
    2   13  197   17    5    2
    2   13  175   15    7    6
    2   13   59    5   11    9
    2   13   56    5    8    7
    2   13  290   25    2    7
    2   13   37    4    1    5
    2   13  279   24    3    9
    2   13   50    5    2    5
    2   13  195   17    3    2
    2   13  191   16   11    3
    2   13  271   23    7    1
    2   13  104    9    8    1
    2   13  178   15   10    7
    2   13    8    1    8    5
    2   13   98    9    2    1
    2   13  168   14   12    2
    2   13  294   25    6    5
    2   13  248   21    8    1
    2   13   63    6    3    1
    2   13  297   25    9    8
    2   13   96    8   12    8
    2   13  169   15    1    6
    2   13  149   13    5    5
    2   13  231   20    3    3
    2   13  264   22   12    9
    2   13  209   18    5    4
    2   13  102    9    6    1
    2   13  176   15    8    5
    2   13  217   19    1    2
    2   13  347   29   11    4
    2   13  198   17    6    1
    2   13  190   16   10    7
    2   13  213   18    9    8
    2   13  344   29    8    3
    2   13   41    4    5    8
    2   13   89    8    5    3
    2   13   40    4    4    5
    2   13  142   12   10    1
    2   13  269   23    5    3
    2   13  118   10   10    6
    2   13   65    6    5    1
    2   13   18    2    6    2
    2   13    4    1    4    9
    2   13  277   24    1    9
    2   13  300   25   12    3
    2   13  272   23    8    1
    2   13   16    2    4    2
    2   13  199   17    7    2
    2   13  317   27    5    5
    2   13  200   17    8    1
    2   13  114   10    6    6
    2   13  184   16    4    3
    2   13  137   12    5    1
    2   13  296   25    8    1
    2   13  307   26    7    4
    2   13   60    5   12    8
    2   13  130   11   10    5
    2   13  138   12    6    4
    2   13  337   29    1    4
    2   13   77    7    5    8
    2   13  292   25    4    3
    2   13  180   15   12    5
    2   13  166   14   10    5
    2   13  182   16    2    5
    2   13  285   24    9    9
    2   13   43    4    7    9
    2   13   68    6    8    1
    2   13   17    2    5    3
    2   13  105    9    9    1
    2   13  232   20    4    2
    2   13   53    5    5    7
    2   13  202   17   10    3
    2   13  330   28    6    9
    2   13  268   23    4    2
    2   13  120   10   12    9
    2   13  342   29    6    3
    2   13  123   11    3    2
    2   13  203   17   11    2
    2   13  136   12    4    1
    2   13  128   11    8    6
    2   13  135   12    3    6
    2   13  163   14    7    3
    2   13  107    9   11    1
    2   13  261   22    9    1
    2   13   22    2   10    3
    2   13  284   24    8    9
    2   13  346   29   10    4
    2   13   73    7    1    9
    2   13  321   27    9    1
    2   13  110   10    2    5
    2   13  207   18    3    5
    2   13  240   20   12    2
    2   13  109   10    1    5
    2   13   39    4    3    5
    2   13   95    8   11    7
    2   13  275   23   11    1
    2   13  117   10    9    8
    2   13  281   24    5    9
    2   13   62    6    2    1
    2   13  357   30    9    4
    2   13  173   15    5    4
    2   13  145   13    1    2
    2   13   25    3    1    3
    2   13    1    1    1    3
    2   13   81    7    9    9
    2   13  121   11    1    4
    2   13  205   18    1    4
    2   13   93    8    9    4
    2   13   20    2    8    3
    2   13  177   15    9    6
    2   13  309   26    9    3
    2   13   10    1   10    6
    2   13  355   30    7    3
    2   13  116   10    8    3
    2   13  291   25    3    3
    2   13   55    5    7    8
    2   13  324   27   12    2
    2   13  312   26   12    5
    2   13  335   28   11    3
    2   13   69    6    9    1
    2   13  336   28   12    1
    2   13  246   21    6    2
    2   13  119   10   11    3
    2   13  155   13   11    3
    2   13   34    3   10    6
    2   13  181   16    1    5
    2   13  259   22    7    9
    2   13  314   27    2    2
    2   13  143   12   11    1
    2   13  133   12    1    1
    2   13  256   22    4    9
    2   13  171   15    3    3
    2   13  146   13    2    5
    2   13  323   27   11    2
    2   13  354   30    6    3
    2   13  257   22    5    9
    2   13   27    3    3    5
    2   13  101    9    5    1
    2   13   80    7    8    3
    2   13  208   18    4    7
    2   13  289   25    1    2
    2   13  233   20    5    2
    2   13  295   25    7    3
    2   13  201   17    9    4
    2   13  278   24    2    9
    2   13  245   21    5    2
    2   13  194   17    2    3
    2   13  239   20   11    2
    2   13  188   16    8    7
    2   13  159   14    3    2
    2   13  212   18    8    5
    2   13  338   29    2    3
    2   13  311   26   11    2
    2   13  329   28    5    8
    2   13  345   29    9    4
    2   13  192   16   12    4
    2   13  328   28    4    9
    2   13  262   22   10    9
    2   13   61    6    1    1
    2   13   94    8   10    7
    2   13  226   19   10    6
    2   13  308   26    8    7
    2   13  113   10    5    3
    2   13  358   30   10    2
    2   13   15    2    3    7
    2   13  305   26    5    8
    2   13  316   27    4    8
    2   13  152   13    8    6
    2   13   49    5    1    8
    2   13   19    2    7    2
    2   13  216   18   12    4
    2   13  214   18   10    7
    2   13  204   17   12    3
    2   13  255   22    3    9
    2   13   76    7    4    9
    2   13  165   14    9    4
    2   13   12    1   12    8
    2   13   75    7    3    9
    2   13  299   25   11    3
    2   13  331   28    7    7
    2   13  298   25   10    4
    2   13  186   16    6    3
    2   13  189   16    9    9
    2   13  227   19   11    9
    2   13   11    1   11    9
    2   13  112   10    4    4
    2   13  147   13    3    5
    2   13   57    5    9    9
    2   13  243   21    3    5
    2   13  124   11    4    5
    2   13  360   30   12    8
    2   13  151   13    7    3
    2   13  252   21   12    7
    2   13   79    7    7    9
    2   13  251   21   11    1
    2   13    5    1    5    7
    2   13    7    1    7    8
    2   13  225   19    9    7
    2   13  274   23   10    3
    2   13  351   30    3    3
    2   13  339   29    3    2
    2   13  253   22    1    9
    2   13  266   23    2    2
    2   13  224   19    8    3
    2   13   54    5    6    6
    2   13  132   11   12    9
    2   13  343   29    7    3
    2   13  125   11    5    4
    2   13  322   27   10    3
    2   13  332   28    8    1
    2   13  115   10    7    4
    2   13  287   24   11    9
    2   13  129   11    9    7
    2   13  310   26   10    3
    2   13  258   22    6    9
    2   13  126   11    6    5
    2   13  340   29    4    3
    2   13  211   18    7    4
    2   13  111   10    3    6
    2   13  270   23    6    2
    2   13  348   29   12    3
    2   13   21    2    9    2
    2   13   86    8    2    7
    2   13  106    9   10    1
    2   13  141   12    9    1
    2   13   66    6    6    1
    2   13  127   11    7    5
    2   13   45    4    9    7
    2   13   64    6    4    1
    2   13  260   22    8    9
    2   13  158   14    2    3
    2   13   58    5   10    6
    2   13   44    4    8    5
    2   13   14    2    2    4
    2   13  267   23    3    3
    2   13  234   20    6    4
    2   13    3    1    3    4
    2   13   83    7   11    9
    2   13  353   30    5    3
    2   13  108    9   12    4
    2   13  153   13    9    5
    2   13  306   26    6    4
    2   13  241   21    1    9
    2   13   99    9    3    1
    2   13   91    8    7    5
    2   13   23    2   11    4
    2   13  170   15    2    4
    2   13   88    8    4    8
    2   13  273   23    9    2
    2   13  326   28    2    8
