    4    3   20    2    8    4
    4    3  297   25    9    3
    4    3   66    6    6    1
    4    3  230   20    2    2
    4    3  222   19    6    7
    4    3  277   24    1    9
    4    3  203   17   11    7
    4    3   36    3   12    6
    4    3  176   15    8    6
    4    3  291   25    3    5
    4    3  144   12   12    6
    4    3  353   30    5    2
    4    3   51    5    3    6
    4    3  305   26    5    9
    4    3  290   25    2    8
    4    3  149   13    5    7
    4    3  199   17    7    5
    4    3    5    1    5    5
    4    3  243   21    3    7
    4    3   48    4   12    6
    4    3  292   25    4    4
    4    3  202   17   10    3
    4    3   46    4   10    7
    4    3  134   12    2    1
    4    3  293   25    5    2
    4    3  133   12    1    1
    4    3   90    8    6    8
    4    3  341   29    5    2
    4    3  113   10    5    3
    4    3  340   29    4    2
    4    3   30    3    6    8
    4    3  126   11    6    6
    4    3   29    3    5    7
    4    3  299   25   11    6
    4    3  247   21    7    5
    4    3  104    9    8    4
    4    3  205   18    1    4
    4    3  141   12    9    1
    4    3  198   17    6    1
    4    3  330   28    6    8
    4    3   37    4    1    6
    4    3   92    8    8    7
    4    3  100    9    4    4
    4    3    1    1    1    4
    4    3  248   21    8    6
    4    3   62    6    2    1
    4    3  331   28    7    8
    4    3  175   15    7    6
    4    3  325   28    1    7
    4    3  300   25   12    3
    4    3   89    8    5    6
    4    3  114   10    6    6
    4    3  352   30    4    1
    4    3   45    4    9    6
    4    3  312   26   12    1
    4    3  296   25    8    3
    4    3  188   16    8    6
    4    3  234   20    6    4
    4    3    3    1    3    4
    4    3  215   18   11    5
    4    3  231   20    3    5
    4    3  115   10    7    5
    4    3  212   18    8    4
    4    3   86    8    2    7
    4    3  101    9    5    6
    4    3  298   25   10    3
    4    3  140   12    8    1
    4    3  326   28    2    9
    4    3  317   27    5    9
    4    3  184   16    4    3
    4    3   53    5    5    8
    4    3  357   30    9    6
    4    3  261   22    9    7
    4    3  358   30   10    4
    4    3  338   29    2    4
    4    3  159   14    3    3
    4    3  158   14    2    1
    4    3   22    2   10    3
    4    3  223   19    7    8
    4    3  105    9    9    7
    4    3   42    4    6    6
    4    3  349   30    1    2
    4    3   56    5    8    7
    4    3   95    8   11    9
    4    3   77    7    5    9
    4    3  169   15    1    9
    4    3  269   23    5    7
    4    3    4    1    4    5
    4    3  171   15    3    4
    4    3  270   23    6    1
    4    3  263   22   11    7
    4    3   33    3    9    6
    4    3  346   29   10    7
    4    3   60    5   12    6
    4    3  256   22    4    6
    4    3  321   27    9    5
    4    3  167   14   11    3
    4    3   96    8   12    7
    4    3  302   26    2    7
    4    3  278   24    2    6
    4    3  336   28   12    4
    4    3  285   24    9    6
    4    3  232   20    4    3
    4    3  258   22    6    7
    4    3  110   10    2    5
    4    3   65    6    5    1
    4    3   38    4    2    6
    4    3  120   10   12    6
    4    3  166   14   10    4
    4    3   49    5    1    7
    4    3  335   28   11    6
    4    3  337   29    1    3
    4    3   14    2    2    2
    4    3  279   24    3    8
    4    3  102    9    6    6
    4    3   97    9    1    4
    4    3   16    2    4    2
    4    3  274   23   10    1
    4    3  208   18    4    6
    4    3  280   24    4    9
    4    3  345   29    9    5
    4    3  164   14    8    5
    4    3   47    4   11    5
    4    3  272   23    8    3
    4    3  344   29    8    4
    4    3  356   30    8    2
    4    3    7    1    7    5
    4    3   52    5    4    6
    4    3  142   12   10    7
    4    3  359   30   11    3
    4    3    9    1    9    4
    4    3  250   21   10    5
    4    3   41    4    5    6
    4    3  264   22   12    8
    4    3   23    2   11    6
    4    3  311   26   11    4
    4    3  117   10    9    5
    4    3  348   29   12    3
    4    3  210   18    6    3
    4    3  329   28    5    6
    4    3  216   18   12    3
    4    3  318   27    6    1
    4    3  160   14    4    4
    4    3   44    4    8    6
    4    3   39    4    3    5
    4    3  152   13    8    6
    4    3  162   14    6    3
    4    3  165   14    9    5
    4    3   15    2    3    6
    4    3  197   17    5    3
    4    3  254   22    2    9
    4    3  130   11   10    5
    4    3  138   12    6    2
    4    3  283   24    7    8
    4    3  177   15    9    7
    4    3  245   21    5    5
    4    3  343   29    7    3
    4    3  271   23    7    2
    4    3   74    7    2    8
    4    3  179   15   11    7
    4    3   34    3   10    6
    4    3  350   30    2    7
    4    3  118   10   10    6
    4    3   61    6    1    1
    4    3  109   10    1    8
    4    3   27    3    3    6
    4    3  355   30    7    1
    4    3   68    6    8    1
    4    3  206   18    2    2
    4    3   21    2    9    4
    4    3  267   23    3    1
    4    3   98    9    2    8
    4    3  227   19   11    7
    4    3  200   17    8    1
    4    3  327   28    3    7
    4    3  308   26    8    5
    4    3  132   11   12    9
    4    3  360   30   12    3
    4    3  307   26    7    4
    4    3  259   22    7    6
    4    3  129   11    9    5
    4    3  262   22   10    5
    4    3   50    5    2    5
    4    3  183   16    3    3
    4    3   70    6   10    1
    4    3  128   11    8    9
    4    3  253   22    1    9
    4    3  246   21    6    5
    4    3  173   15    5    4
    4    3  151   13    7    1
    4    3  304   26    4    1
    4    3  236   20    8    1
    4    3  211   18    7    1
    4    3   88    8    4    7
    4    3  112   10    4    5
    4    3  111   10    3    6
    4    3   40    4    4    8
    4    3  333   28    9    9
    4    3  219   19    3    7
    4    3  273   23    9    3
    4    3   87    8    3    5
    4    3    8    1    8    5
    4    3   28    3    4    6
    4    3  201   17    9    4
    4    3  191   16   11    2
    4    3   19    2    7    3
    4    3   57    5    9    8
    4    3  124   11    4    5
    4    3  106    9   10    7
    4    3  244   21    4    5
    4    3  306   26    6    4
    4    3    6    1    6    5
    4    3  119   10   11    3
    4    3  314   27    2    2
    4    3   99    9    3    7
    4    3  319   27    7    7
    4    3  328   28    4    9
    4    3  282   24    6    9
    4    3  276   23   12    7
    4    3   58    5   10    8
    4    3  190   16   10    4
    4    3  301   26    1    4
    4    3   67    6    7    1
    4    3  228   19   12    7
    4    3   13    2    1    2
    4    3   18    2    6    3
    4    3   32    3    8    8
    4    3  137   12    5    1
    4    3  189   16    9    6
    4    3  143   12   11    6
    4    3  192   16   12    4
    4    3  240   20   12    2
    4    3   64    6    4    1
    4    3  157   14    1    5
    4    3   24    2   12    7
    4    3  122   11    2    8
    4    3  163   14    7    7
    4    3   10    1   10    8
    4    3  153   13    9    5
    4    3  218   19    2    7
    4    3   31    3    7    8
    4    3   11    1   11    6
    4    3  172   15    4    4
    4    3  252   21   12    6
    4    3   80    7    8    9
    4    3   63    6    3    2
    4    3  260   22    8    9
    4    3  194   17    2    3
    4    3  180   15   12    6
    4    3  294   25    6    4
    4    3   26    3    2    5
    4    3    2    1    2    6
    4    3  174   15    6    6
    4    3  238   20   10    7
    4    3  289   25    1    4
    4    3  147   13    3    6
    4    3  235   20    7    3
    4    3  193   17    1    7
    4    3  257   22    5    9
    4    3   17    2    5    3
    4    3  288   24   12    6
    4    3  310   26   10    2
    4    3   59    5   11    6
    4    3  186   16    6    3
    4    3  255   22    3    8
    4    3   91    8    7    7
    4    3  249   21    9    1
    4    3   43    4    7    7
    4    3   73    7    1    9
    4    3   83    7   11    7
    4    3  135   12    3    8
    4    3  286   24   10    6
    4    3  347   29   11    4
    4    3   72    6   12    1
    4    3  182   16    2    5
    4    3  170   15    2    5
    4    3  351   30    3    5
    4    3   35    3   11    6
    4    3  275   23   11    2
    4    3  136   12    4    3
    4    3  315   27    3    4
    4    3  204   17   12    3
    4    3   12    1   12    6
    4    3  226   19   10    6
    4    3  309   26    9    4
    4    3  155   13   11    5
    4    3  281   24    5    7
    4    3  181   16    1    5
    4    3  161   14    5    4
    4    3  229   20    1    5
    4    3  187   16    7    5
    4    3  265   23    1    2
    4    3  116   10    8    4
    4    3   79    7    7    6
    4    3  233   20    5    4
    4    3   78    7    6    7
    4    3   54    5    6    6
    4    3  251   21   11    2
    4    3  156   13   12    6
    4    3  107    9   11    5
    4    3  131   11   11    7
    4    3  313   27    1    6
    4    3  220   19    4    5
    4    3  213   18    9    5
    4    3   76    7    4    7
    4    3  342   29    6    5
    4    3  221   19    5    6
    4    3  125   11    5    7
    4    3  334   28   10    7
    4    3  316   27    4    9
    4    3   85    8    1    7
    4    3   55    5    7    7
    4    3  284   24    8    8
    4    3  241   21    1    7
    4    3  214   18   10    7
    4    3  103    9    7    8
    4    3   75    7    3    8
    4    3   94    8   10    9
    4    3  139   12    7    3
    4    3  185   16    5    4
    4    3  295   25    7    4
    4    3  320   27    8    7
    4    3  145   13    1    3
    4    3  217   19    1    4
    4    3   81    7    9    7
    4    3  224   19    8    8
    4    3  127   11    7    7
    4    3   93    8    9    8
    4    3  303   26    3    7
    4    3  195   17    3    6
    4    3  207   18    3    6
    4    3  323   27   11    7
    4    3   71    6   11    2
    4    3  266   23    2    1
    4    3  324   27   12    6
    4    3   82    7   10    7
    4    3  332   28    8    6
    4    3  154   13   10    5
    4    3  121   11    1    6
    4    3  123   11    3    5
    4    3  242   21    2    6
    4    3   25    3    1    6
    4    3   69    6    9    1
    4    3  148   13    4    3
    4    3  287   24   11    7
    4    3  268   23    4    3
    4    3  209   18    5    4
    4    3  239   20   11    3
    4    3  108    9   12    3
    4    3  322   27   10    6
    4    3   84    7   12    6
    4    3  354   30    6    4
    4    3  339   29    3    2
    4    3  225   19    9    7
    4    3  168   14   12    5
    4    3  196   17    4    5
    4    3  146   13    2    6
    4    3  237   20    9    7
    4    3  150   13    6    4
    4    3  178   15   10    7
