    3    5  214   18   10    1
    3    5  293   25    5    0
    3    5   85    8    1    2
    3    5  357   30    9    3
    3    5  105    9    9    6
    3    5  180   15   12    4
    3    5  308   26    8    1
    3    5  101    9    5    6
    3    5  249   21    9    0
    3    5   55    5    7    7
    3    5  206   18    2    2
    3    5  222   19    6    8
    3    5   22    2   10    1
    3    5  160   14    4    1
    3    5    5    1    5    8
    3    5  159   14    3    0
    3    5   74    7    2    9
    3    5  267   23    3    1
    3    5   13    2    1    2
    3    5   48    4   12    4
    3    5  351   30    3    2
    3    5  337   29    1    3
    3    5  172   15    4    3
    3    5   45    4    9    4
    3    5  306   26    6    2
    3    5  203   17   11    6
    3    5  107    9   11    4
    3    5  106    9   10    7
    3    5  139   12    7    0
    3    5  204   17   12    1
    3    5  193   17    1    8
    3    5  104    9    8    7
    3    5   88    8    4    7
    3    5  329   28    5    3
    3    5  213   18    9    5
    3    5   40    4    4    6
    3    5  349   30    1    0
    3    5  199   17    7    2
    3    5   54    5    6    7
    3    5   32    3    8    6
    3    5   89    8    5    3
    3    5  268   23    4    0
    3    5  150   13    6    2
    3    5  275   23   11    3
    3    5  108    9   12    3
    3    5  314   27    2    4
    3    5  264   22   12    9
    3    5  207   18    3    8
    3    5   46    4   10    4
    3    5  305   26    5    8
    3    5   28    3    4    5
    3    5  115   10    7    4
    3    5   94    8   10    6
    3    5  154   13   10    6
    3    5  312   26   12    2
    3    5  282   24    6    8
    3    5  169   15    1    7
    3    5  311   26   11    1
    3    5  297   25    9    3
    3    5  235   20    7    1
    3    5  341   29    5    3
    3    5  328   28    4    9
    3    5  230   20    2    0
    3    5  124   11    4    3
    3    5   66    6    6    4
    3    5  228   19   12    6
    3    5  122   11    2    3
    3    5   61    6    1    3
    3    5  296   25    8    2
    3    5   39    4    3    1
    3    5   27    3    3    3
    3    5  177   15    9    4
    3    5   43    4    7    8
    3    5   34    3   10    5
    3    5  339   29    3    1
    3    5  247   21    7    5
    3    5  131   11   11    6
    3    5  196   17    4    4
    3    5  302   26    2    4
    3    5  123   11    3    7
    3    5  155   13   11    5
    3    5   24    2   12    8
    3    5  281   24    5    9
    3    5   11    1   11    7
    3    5  145   13    1    6
    3    5  333   28    9    4
    3    5  343   29    7    2
    3    5    3    1    3    4
    3    5  335   28   11    7
    3    5  278   24    2    9
    3    5  322   27   10    2
    3    5  270   23    6    3
    3    5  304   26    4    0
    3    5  164   14    8    6
    3    5   90    8    6    7
    3    5  146   13    2    3
    3    5  141   12    9    0
    3    5  186   16    6    8
    3    5  142   12   10    3
    3    5  241   21    1    4
    3    5  103    9    7    5
    3    5  188   16    8    5
    3    5  291   25    3    6
    3    5  274   23   10    2
    3    5   76    7    4    8
    3    5  352   30    4    1
    3    5   92    8    8    5
    3    5  102    9    6    6
    3    5   71    6   11    0
    3    5  194   17    2    4
    3    5  263   22   11    9
    3    5  327   28    3    5
    3    5  191   16   11    6
    3    5  318   27    6    1
    3    5  292   25    4    1
    3    5   56    5    8    2
    3    5  200   17    8    3
    3    5  187   16    7    7
    3    5   58    5   10    5
    3    5   72    6   12    0
    3    5  242   21    2    0
    3    5  163   14    7    3
    3    5  245   21    5    6
    3    5  121   11    1    5
    3    5  212   18    8    3
    3    5  290   25    2    3
    3    5    9    1    9    1
    3    5   63    6    3    0
    3    5  330   28    6    5
    3    5  190   16   10    6
    3    5   59    5   11    7
    3    5  295   25    7    2
    3    5  118   10   10    1
    3    5   78    7    6    7
    3    5  225   19    9    1
    3    5  269   23    5    2
    3    5   87    8    3    7
    3    5  165   14    9    3
    3    5  350   30    2    3
    3    5  167   14   11    4
    3    5   91    8    7    1
    3    5   67    6    7    2
    3    5   35    3   11    1
    3    5  195   17    3    3
    3    5   69    6    9    0
    3    5  208   18    4    4
    3    5  148   13    4    4
    3    5  158   14    2    1
    3    5  126   11    6    1
    3    5  136   12    4    6
    3    5  198   17    6    4
    3    5  111   10    3    4
    3    5  226   19   10    3
    3    5  338   29    2    1
    3    5    2    1    2    7
    3    5   99    9    3    7
    3    5   80    7    8    9
    3    5  135   12    3    8
    3    5  219   19    3    2
    3    5   10    1   10    5
    3    5  283   24    7    9
    3    5  262   22   10    9
    3    5  202   17   10    1
    3    5  156   13   12    4
    3    5  216   18   12    2
    3    5  125   11    5    1
    3    5  354   30    6    8
    3    5  171   15    3    1
    3    5   97    9    1    4
    3    5  266   23    2    0
    3    5   18    2    6    1
    3    5  157   14    1    1
    3    5  120   10   12    2
    3    5  227   19   11    6
    3    5  303   26    3    3
    3    5   41    4    5    7
    3    5  143   12   11    6
    3    5  250   21   10    1
    3    5   23    2   11    6
    3    5   19    2    7    7
    3    5   82    7   10    8
    3    5   25    3    1    4
    3    5  201   17    9    2
    3    5    1    1    1    3
    3    5  259   22    7    9
    3    5  240   20   12    1
    3    5  298   25   10    3
    3    5  116   10    8    2
    3    5  237   20    9    8
    3    5  184   16    4    8
    3    5  336   28   12    3
    3    5  185   16    5    7
    3    5  220   19    4    6
    3    5  209   18    5    2
    3    5  197   17    5    2
    3    5  353   30    5    1
    3    5  358   30   10    1
    3    5  179   15   11    4
    3    5  326   28    2    6
    3    5   15    2    3    5
    3    5  182   16    2    8
    3    5  238   20   10    1
    3    5  307   26    7    2
    3    5  260   22    8    9
    3    5  152   13    8    7
    3    5  166   14   10    7
    3    5  134   12    2    0
    3    5   86    8    2    7
    3    5  355   30    7    3
    3    5  161   14    5    3
    3    5   81    7    9    9
    3    5  348   29   12    1
    3    5  309   26    9    3
    3    5   49    5    1    7
    3    5  140   12    8    0
    3    5  130   11   10    1
    3    5  144   12   12    0
    3    5  117   10    9    2
    3    5  189   16    9    8
    3    5  288   24   12    7
    3    5  153   13    9    7
    3    5  321   27    9    2
    3    5  272   23    8    0
    3    5  289   25    1    1
    3    5  316   27    4    6
    3    5  279   24    3    7
    3    5  286   24   10    8
    3    5  285   24    9    9
    3    5   57    5    9    9
    3    5  332   28    8    4
    3    5  271   23    7    2
    3    5   36    3   12    5
    3    5   20    2    8    3
    3    5  112   10    4    3
    3    5  149   13    5    1
    3    5   42    4    6    5
    3    5   93    8    9    6
    3    5  320   27    8    2
    3    5  323   27   11    2
    3    5  359   30   11    3
    3    5  287   24   11    9
    3    5  276   23   12    6
    3    5  248   21    8    2
    3    5  174   15    6    3
    3    5  315   27    3    2
    3    5  317   27    5    5
    3    5  147   13    3    7
    3    5  342   29    6    7
    3    5   31    3    7    8
    3    5  294   25    6    1
    3    5  176   15    8    1
    3    5  253   22    1    9
    3    5  205   18    1    5
    3    5   51    5    3    6
    3    5   53    5    5    7
    3    5  310   26   10    1
    3    5  151   13    7    6
    3    5   68    6    8    0
    3    5   52    5    4    1
    3    5  284   24    8    8
    3    5  256   22    4    9
    3    5  239   20   11    2
    3    5   29    3    5    2
    3    5  324   27   12    2
    3    5  243   21    3    1
    3    5  233   20    5    1
    3    5   84    7   12    9
    3    5  313   27    1    7
    3    5  301   26    1    4
    3    5  137   12    5    0
    3    5   62    6    2    0
    3    5  231   20    3    1
    3    5  299   25   11    8
    3    5  215   18   11    5
    3    5  192   16   12    6
    3    5  181   16    1    7
    3    5   21    2    9    3
    3    5  244   21    4    4
    3    5  325   28    1    3
    3    5   79    7    7    9
    3    5  168   14   12    2
    3    5  340   29    4    2
    3    5  360   30   12    2
    3    5  254   22    2    9
    3    5  211   18    7    3
    3    5  132   11   12    9
    3    5    7    1    7    1
    3    5  265   23    1    5
    3    5   17    2    5    2
    3    5  277   24    1    9
    3    5    8    1    8    4
    3    5  221   19    5    5
    3    5   75    7    3    9
    3    5   77    7    5    9
    3    5   30    3    6    2
    3    5   14    2    2    3
    3    5   95    8   11    4
    3    5  232   20    4    2
    3    5   50    5    2    2
    3    5  217   19    1    6
    3    5  223   19    7    6
    3    5  347   29   11    1
    3    5  346   29   10    2
    3    5  251   21   11    0
    3    5   73    7    1    9
    3    5  119   10   11    3
    3    5    4    1    4    7
    3    5   64    6    4    0
    3    5  255   22    3    9
    3    5  331   28    7    4
    3    5  344   29    8    1
    3    5  356   30    8    1
    3    5   60    5   12    7
    3    5  210   18    6    6
    3    5  258   22    6    9
    3    5  170   15    2    1
    3    5   65    6    5    8
    3    5  345   29    9    3
    3    5  178   15   10    3
    3    5   98    9    2    6
    3    5   37    4    1    5
    3    5    6    1    6    4
    3    5  109   10    1    6
    3    5  128   11    8    7
    3    5  234   20    6    1
    3    5  183   16    3    2
    3    5  319   27    7    1
    3    5   12    1   12    6
    3    5  229   20    1    3
    3    5  334   28   10    6
    3    5  257   22    5    9
    3    5   44    4    8    3
    3    5  138   12    6    4
    3    5  224   19    8    6
    3    5  129   11    9    1
    3    5  261   22    9    9
    3    5  218   19    2    1
    3    5   38    4    2    1
    3    5  173   15    5    6
    3    5  110   10    2    3
    3    5  113   10    5    4
    3    5   26    3    2    2
    3    5   33    3    9    1
    3    5  114   10    6    5
    3    5  300   25   12    1
    3    5   83    7   11    9
    3    5   16    2    4    2
    3    5  280   24    4    9
    3    5   96    8   12    8
    3    5   70    6   10    0
    3    5  162   14    6    7
    3    5  100    9    4    6
    3    5  127   11    7    1
    3    5  252   21   12    5
    3    5  273   23    9    5
    3    5  175   15    7    6
    3    5  133   12    1    1
    3    5  236   20    8    2
    3    5  246   21    6    3
    3    5   47    4   11    2
