    9   16   40    4    4    0
    9   16  186   16    6    0
    9   16   86    8    2    0
    9   16  155   13   11    0
    9   16  253   22    1    0
    9   16  204   17   12    2
    9   16  115   10    7    0
    9   16  183   16    3    0
    9   16  317   27    5    0
    9   16   67    6    7    0
    9   16   10    1   10    0
    9   16  311   26   11    0
    9   16  296   25    8    1
    9   16  280   24    4    0
    9   16  245   21    5    0
    9   16  217   19    1    2
    9   16   41    4    5    0
    9   16  348   29   12    0
    9   16   20    2    8    0
    9   16  233   20    5    2
    9   16  299   25   11    1
    9   16  144   12   12    0
    9   16  139   12    7    0
    9   16  329   28    5    0
    9   16   30    3    6    0
    9   16  250   21   10    2
    9   16  325   28    1    2
    9   16  202   17   10    2
    9   16  149   13    5    0
    9   16   21    2    9    0
    9   16  199   17    7    2
    9   16  282   24    6    0
    9   16   32    3    8    0
    9   16  196   17    4    0
    9   16  166   14   10    0
    9   16  176   15    8    0
    9   16  160   14    4    0
    9   16  306   26    6    0
    9   16    4    1    4    0
    9   16  127   11    7    0
    9   16  270   23    6    2
    9   16  332   28    8    2
    9   16  128   11    8    0
    9   16  134   12    2    2
    9   16  187   16    7    0
    9   16  200   17    8    2
    9   16  350   30    2    2
    9   16  161   14    5    2
    9   16  222   19    6    0
    9   16  142   12   10    2
    9   16  289   25    1    0
    9   16  170   15    2    0
    9   16   44    4    8    0
    9   16  313   27    1    0
    9   16   27    3    3    0
    9   16  347   29   11    0
    9   16  146   13    2    0
    9   16  117   10    9    0
    9   16  339   29    3    0
    9   16  342   29    6    0
    9   16  261   22    9    0
    9   16   89    8    5    0
    9   16   25    3    1    0
    9   16   49    5    1    0
    9   16  140   12    8    2
    9   16  294   25    6    0
    9   16  182   16    2    0
    9   16  224   19    8    3
    9   16   43    4    7    2
    9   16  284   24    8    0
    9   16    8    1    8    0
    9   16   81    7    9    0
    9   16  285   24    9    0
    9   16  228   19   12    0
    9   16   11    1   11    0
    9   16  108    9   12    0
    9   16  238   20   10    0
    9   16  198   17    6    2
    9   16  333   28    9    2
    9   16   73    7    1    0
    9   16   63    6    3    0
    9   16  141   12    9    0
    9   16  129   11    9    0
    9   16  124   11    4    0
    9   16  148   13    4    0
    9   16  355   30    7    0
    9   16  246   21    6    0
    9   16  278   24    2    0
    9   16   36    3   12    0
    9   16  331   28    7    0
    9   16  227   19   11    3
    9   16   65    6    5    3
    9   16  266   23    2    0
    9   16   59    5   11    0
    9   16  336   28   12    2
    9   16  310   26   10    0
    9   16   56    5    8    0
    9   16  260   22    8    0
    9   16    5    1    5    0
    9   16  120   10   12    0
    9   16  304   26    4    0
    9   16   75    7    3    0
    9   16   61    6    1    0
    9   16  230   20    2    2
    9   16  239   20   11    2
    9   16   69    6    9    0
    9   16  220   19    4    0
    9   16  126   11    6    0
    9   16  225   19    9    0
    9   16    9    1    9    0
    9   16  247   21    7    2
    9   16  335   28   11    0
    9   16  360   30   12    2
    9   16  158   14    2    0
    9   16   29    3    5    0
    9   16  213   18    9    0
    9   16  112   10    4    0
    9   16  114   10    6    0
    9   16  125   11    5    0
    9   16  274   23   10    0
    9   16  269   23    5    0
    9   16  131   11   11    0
    9   16  281   24    5    0
    9   16  236   20    8    2
    9   16   87    8    3    0
    9   16  167   14   11    0
    9   16   76    7    4    0
    9   16  190   16   10    0
    9   16  181   16    1    0
    9   16  276   23   12    0
    9   16  345   29    9    0
    9   16  165   14    9    0
    9   16  145   13    1    0
    9   16  320   27    8    0
    9   16  215   18   11    0
    9   16  256   22    4    0
    9   16  272   23    8    0
    9   16   39    4    3    0
    9   16   78    7    6    0
    9   16   28    3    4    0
    9   16  172   15    4    0
    9   16   22    2   10    0
    9   16  358   30   10    0
    9   16  209   18    5    0
    9   16   45    4    9    0
    9   16  341   29    5    0
    9   16  243   21    3    2
    9   16  168   14   12    0
    9   16  340   29    4    0
    9   16  293   25    5    0
    9   16  277   24    1    0
    9   16  169   15    1    0
    9   16  137   12    5    0
    9   16  175   15    7    0
    9   16  163   14    7    0
    9   16   72    6   12    0
    9   16  207   18    3    0
    9   16  255   22    3    0
    9   16  208   18    4    0
    9   16   64    6    4    0
    9   16   77    7    5    0
    9   16  152   13    8    0
    9   16   48    4   12    0
    9   16  178   15   10    0
    9   16  254   22    2    0
    9   16  351   30    3    2
    9   16   99    9    3    1
    9   16   58    5   10    0
    9   16   92    8    8    0
    9   16  241   21    1    2
    9   16  264   22   12    0
    9   16  231   20    3    2
    9   16  110   10    2    0
    9   16   66    6    6    0
    9   16  113   10    5    0
    9   16  218   19    2    0
    9   16  235   20    7    0
    9   16   38    4    2    0
    9   16  357   30    9    2
    9   16   94    8   10    0
    9   16  338   29    2    0
    9   16  263   22   11    0
    9   16   95    8   11    1
    9   16   47    4   11    0
    9   16  221   19    5    0
    9   16  100    9    4    1
    9   16  226   19   10    0
    9   16  157   14    1    0
    9   16  116   10    8    0
    9   16  300   25   12    2
    9   16   90    8    6    0
    9   16   60    5   12    0
    9   16  192   16   12    0
    9   16  268   23    4    0
    9   16   53    5    5    0
    9   16  185   16    5    0
    9   16   85    8    1    0
    9   16    7    1    7    0
    9   16   50    5    2    0
    9   16   23    2   11    1
    9   16  288   24   12    0
    9   16   98    9    2    1
    9   16   91    8    7    0
    9   16  104    9    8    1
    9   16  326   28    2    0
    9   16  188   16    8    0
    9   16  262   22   10    0
    9   16   15    2    3    0
    9   16  307   26    7    0
    9   16  229   20    1    0
    9   16  275   23   11    0
    9   16   19    2    7    1
    9   16    1    1    1    0
    9   16  259   22    7    0
    9   16   84    7   12    0
    9   16  174   15    6    0
    9   16  305   26    5    3
    9   16  103    9    7    1
    9   16  290   25    2    0
    9   16   96    8   12    0
    9   16  201   17    9    2
    9   16  211   18    7    0
    9   16  143   12   11    2
    9   16  267   23    3    0
    9   16  295   25    7    0
    9   16  197   17    5    0
    9   16  195   17    3    0
    9   16  240   20   12    2
    9   16   33    3    9    0
    9   16  118   10   10    0
    9   16  258   22    6    0
    9   16  327   28    3    0
    9   16  136   12    4    0
    9   16  130   11   10    0
    9   16   17    2    5    0
    9   16  252   21   12    0
    9   16  154   13   10    0
    9   16  179   15   11    0
    9   16   26    3    2    0
    9   16  349   30    1    0
    9   16  237   20    9    2
    9   16  162   14    6    0
    9   16  150   13    6    0
    9   16   34    3   10    0
    9   16   16    2    4    0
    9   16  214   18   10    0
    9   16   88    8    4    0
    9   16  194   17    2    0
    9   16  122   11    2    0
    9   16   12    1   12    0
    9   16   74    7    2    0
    9   16  244   21    4    2
    9   16   35    3   11    0
    9   16  279   24    3    0
    9   16  109   10    1    0
    9   16  271   23    7    0
    9   16  173   15    5    0
    9   16  191   16   11    0
    9   16  343   29    7    0
    9   16  212   18    8    0
    9   16  102    9    6    1
    9   16  286   24   10    0
    9   16  291   25    3    0
    9   16  337   29    1    0
    9   16  121   11    1    0
    9   16    3    1    3    0
    9   16  319   27    7    0
    9   16  356   30    8    2
    9   16   24    2   12    1
    9   16  292   25    4    0
    9   16  283   24    7    3
    9   16  321   27    9    2
    9   16  257   22    5    0
    9   16  219   19    3    0
    9   16  324   27   12    0
    9   16  353   30    5    0
    9   16  328   28    4    0
    9   16   62    6    2    0
    9   16  159   14    3    2
    9   16  105    9    9    1
    9   16  180   15   12    0
    9   16   71    6   11    0
    9   16  315   27    3    0
    9   16  119   10   11    0
    9   16   55    5    7    0
    9   16  101    9    5    1
    9   16  135   12    3    2
    9   16   42    4    6    0
    9   16  210   18    6    0
    9   16  251   21   11    0
    9   16  205   18    1    0
    9   16   13    2    1    0
    9   16   82    7   10    0
    9   16  323   27   11    0
    9   16  151   13    7    0
    9   16  193   17    1    0
    9   16  308   26    8    0
    9   16  248   21    8    0
    9   16  316   27    4    3
    9   16  287   24   11    0
    9   16  298   25   10    0
    9   16   54    5    6    0
    9   16   70    6   10    0
    9   16  123   11    3    0
    9   16    6    1    6    0
    9   16  297   25    9    2
    9   16  354   30    6    0
    9   16  334   28   10    0
    9   16   51    5    3    0
    9   16  206   18    2    0
    9   16  147   13    3    0
    9   16    2    1    2    0
    9   16  312   26   12    2
    9   16  309   26    9    0
    9   16   37    4    1    0
    9   16  265   23    1    0
    9   16  203   17   11    0
    9   16  177   15    9    0
    9   16  216   18   12    0
    9   16   57    5    9    0
    9   16   68    6    8    0
    9   16  322   27   10    0
    9   16  352   30    4    2
    9   16  232   20    4    2
    9   16  330   28    6    0
    9   16   31    3    7    0
    9   16  184   16    4    0
    9   16  223   19    7    0
    9   16  314   27    2    0
    9   16  273   23    9    0
    9   16   52    5    4    0
    9   16  359   30   11    2
    9   16  249   21    9    0
    9   16  189   16    9    0
    9   16   93    8    9    3
    9   16  132   11   12    0
    9   16  164   14    8    0
    9   16  301   26    1    0
    9   16  234   20    6    2
    9   16   79    7    7    0
    9   16   18    2    6    0
    9   16  302   26    2    0
    9   16  107    9   11    1
    9   16  344   29    8    0
    9   16  303   26    3    0
    9   16  171   15    3    0
    9   16  133   12    1    0
    9   16   97    9    1    1
    9   16   14    2    2    0
    9   16  153   13    9    0
    9   16   46    4   10    0
    9   16  156   13   12    0
    9   16  318   27    6    0
    9   16   83    7   11    0
    9   16  106    9   10    1
    9   16   80    7    8    0
    9   16  138   12    6    0
    9   16  111   10    3    0
    9   16  346   29   10    0
    9   16  242   21    2    0
