    7    6  103    9    7    0
    7    6  165   14    9    6
    7    6   98    9    2    0
    7    6  110   10    2    0
    7    6  253   22    1    3
    7    6  204   17   12    1
    7    6  131   11   11    2
    7    6  269   23    5    5
    7    6  118   10   10    0
    7    6  210   18    6    2
    7    6  114   10    6    3
    7    6  295   25    7    0
    7    6  341   29    5    2
    7    6  301   26    1    0
    7    6   56    5    8    0
    7    6  101    9    5    0
    7    6  266   23    2    0
    7    6  102    9    6    0
    7    6  259   22    7    0
    7    6  304   26    4    3
    7    6  332   28    8    4
    7    6    6    1    6    0
    7    6   60    5   12    0
    7    6   19    2    7    0
    7    6  171   15    3    0
    7    6  191   16   11    8
    7    6  221   19    5    0
    7    6  312   26   12    0
    7    6  235   20    7    0
    7    6  240   20   12    0
    7    6  285   24    9    0
    7    6  293   25    5    8
    7    6  196   17    4    9
    7    6  128   11    8    0
    7    6  174   15    6    0
    7    6  182   16    2    9
    7    6  357   30    9    0
    7    6   97    9    1    0
    7    6   38    4    2    4
    7    6  188   16    8    3
    7    6  115   10    7    2
    7    6  278   24    2    0
    7    6  316   27    4    2
    7    6   84    7   12    1
    7    6  297   25    9    0
    7    6   61    6    1    3
    7    6   18    2    6    0
    7    6   86    8    2    0
    7    6  215   18   11    0
    7    6  185   16    5    9
    7    6   15    2    3    0
    7    6  294   25    6    8
    7    6  233   20    5    0
    7    6    7    1    7    0
    7    6   80    7    8    4
    7    6  307   26    7    0
    7    6  287   24   11    0
    7    6  213   18    9    0
    7    6   92    8    8    0
    7    6  176   15    8    0
    7    6  319   27    7    0
    7    6  156   13   12    9
    7    6  335   28   11    0
    7    6  283   24    7    0
    7    6   64    6    4    7
    7    6  292   25    4    0
    7    6   42    4    6    0
    7    6  224   19    8    6
    7    6  252   21   12    0
    7    6  353   30    5    3
    7    6  236   20    8    0
    7    6  262   22   10    0
    7    6  107    9   11    0
    7    6  106    9   10    0
    7    6  245   21    5    0
    7    6  314   27    2    0
    7    6  317   27    5    2
    7    6  324   27   12    0
    7    6   20    2    8    0
    7    6  155   13   11    1
    7    6  320   27    8    0
    7    6  355   30    7    0
    7    6  228   19   12    0
    7    6  109   10    1    0
    7    6  100    9    4    0
    7    6  340   29    4    0
    7    6   71    6   11    0
    7    6  163   14    7    0
    7    6  343   29    7    1
    7    6  241   21    1    0
    7    6  222   19    6    0
    7    6  359   30   11    2
    7    6  302   26    2    0
    7    6  123   11    3    3
    7    6  268   23    4    4
    7    6  243   21    3    0
    7    6   95    8   11    0
    7    6  258   22    6    4
    7    6  279   24    3    0
    7    6  351   30    3    0
    7    6  180   15   12    3
    7    6  126   11    6    0
    7    6  225   19    9    0
    7    6  311   26   11    3
    7    6   51    5    3    0
    7    6   62    6    2    0
    7    6   39    4    3    0
    7    6  256   22    4    1
    7    6   48    4   12    0
    7    6  135   12    3    0
    7    6  192   16   12    5
    7    6   76    7    4    0
    7    6  150   13    6    1
    7    6  189   16    9    0
    7    6  212   18    8    3
    7    6  169   15    1    0
    7    6   94    8   10    0
    7    6  326   28    2    0
    7    6  127   11    7    0
    7    6   49    5    1    0
    7    6   85    8    1    0
    7    6   46    4   10    0
    7    6  112   10    4    0
    7    6   68    6    8    7
    7    6  157   14    1    0
    7    6  238   20   10    0
    7    6  318   27    6    0
    7    6   35    3   11    0
    7    6  129   11    9    8
    7    6   78    7    6    6
    7    6   41    4    5    0
    7    6  330   28    6    0
    7    6  308   26    8    4
    7    6   73    7    1    0
    7    6   11    1   11    0
    7    6  124   11    4    0
    7    6   54    5    6    0
    7    6   44    4    8    0
    7    6   37    4    1    0
    7    6  168   14   12    0
    7    6  226   19   10    0
    7    6  321   27    9    1
    7    6  248   21    8    0
    7    6  280   24    4    0
    7    6   52    5    4    0
    7    6   75    7    3    0
    7    6  173   15    5    3
    7    6  218   19    2    0
    7    6  187   16    7    5
    7    6  267   23    3    0
    7    6    8    1    8    0
    7    6  282   24    6    0
    7    6   90    8    6    0
    7    6  137   12    5    0
    7    6   57    5    9    0
    7    6  211   18    7    2
    7    6  275   23   11    0
    7    6   28    3    4    0
    7    6   83    7   11    0
    7    6  303   26    3    0
    7    6   14    2    2    5
    7    6  261   22    9    0
    7    6  141   12    9    0
    7    6  337   29    1    2
    7    6  143   12   11    0
    7    6   93    8    9    0
    7    6   67    6    7    5
    7    6  234   20    6    0
    7    6  142   12   10    0
    7    6   36    3   12    0
    7    6   81    7    9    0
    7    6  325   28    1    0
    7    6  104    9    8    0
    7    6   12    1   12    0
    7    6  328   28    4    0
    7    6  333   28    9    0
    7    6  183   16    3    3
    7    6   22    2   10    0
    7    6  350   30    2    0
    7    6  177   15    9    0
    7    6   25    3    1    0
    7    6  273   23    9    0
    7    6  202   17   10    0
    7    6  125   11    5    0
    7    6  354   30    6    2
    7    6  305   26    5    0
    7    6  281   24    5    0
    7    6  152   13    8    1
    7    6  105    9    9    0
    7    6  300   25   12    0
    7    6   47    4   11    0
    7    6   26    3    2    0
    7    6  178   15   10    0
    7    6   40    4    4    0
    7    6  356   30    8    0
    7    6  342   29    6    1
    7    6  166   14   10    0
    7    6  229   20    1    0
    7    6  158   14    2    0
    7    6  149   13    5    0
    7    6   23    2   11    0
    7    6   89    8    5    0
    7    6  219   19    3    0
    7    6  334   28   10    0
    7    6  313   27    1    0
    7    6  291   25    3    0
    7    6  203   17   11    0
    7    6  247   21    7    0
    7    6  249   21    9    0
    7    6   99    9    3    0
    7    6  148   13    4    2
    7    6   34    3   10    0
    7    6  151   13    7    7
    7    6   69    6    9    0
    7    6  159   14    3    0
    7    6  227   19   11    0
    7    6  195   17    3    0
    7    6  146   13    2    8
    7    6   66    6    6    9
    7    6  164   14    8    0
    7    6   55    5    7    0
    7    6   24    2   12    0
    7    6   72    6   12    0
    7    6   45    4    9    0
    7    6  147   13    3    2
    7    6  116   10    8    0
    7    6   50    5    2    0
    7    6  298   25   10    0
    7    6  322   27   10    0
    7    6  144   12   12    0
    7    6  207   18    3    0
    7    6   74    7    2    0
    7    6  217   19    1    3
    7    6   27    3    3    0
    7    6  288   24   12    0
    7    6  329   28    5    0
    7    6  139   12    7    0
    7    6   21    2    9    0
    7    6  138   12    6    1
    7    6  323   27   11    0
    7    6  237   20    9    0
    7    6  242   21    2    0
    7    6  349   30    1    4
    7    6  170   15    2    0
    7    6  260   22    8    0
    7    6   29    3    5    0
    7    6  214   18   10    0
    7    6  239   20   11    0
    7    6  132   11   12    0
    7    6  271   23    7    0
    7    6  113   10    5    0
    7    6  153   13    9    1
    7    6   53    5    5    0
    7    6  117   10    9    0
    7    6  276   23   12    0
    7    6    3    1    3    0
    7    6  194   17    2    2
    7    6  339   29    3    3
    7    6  327   28    3    0
    7    6  289   25    1    0
    7    6  244   21    4    0
    7    6  206   18    2    3
    7    6  200   17    8    4
    7    6  209   18    5    0
    7    6    1    1    1    0
    7    6  205   18    1    0
    7    6  296   25    8    0
    7    6   96    8   12    0
    7    6  284   24    8    0
    7    6  265   23    1    0
    7    6  231   20    3    0
    7    6   30    3    6    0
    7    6  121   11    1    0
    7    6    2    1    2    0
    7    6  154   13   10    0
    7    6   58    5   10    0
    7    6  257   22    5    0
    7    6   16    2    4    0
    7    6  345   29    9    1
    7    6  160   14    4    0
    7    6  347   29   11    0
    7    6  246   21    6    0
    7    6   70    6   10    6
    7    6   88    8    4    0
    7    6  263   22   11    0
    7    6   77    7    5    0
    7    6  111   10    3    3
    7    6  208   18    4    0
    7    6  315   27    3    2
    7    6  120   10   12    0
    7    6  270   23    6    0
    7    6  286   24   10    0
    7    6  336   28   12    0
    7    6  119   10   11    4
    7    6  306   26    6    0
    7    6  310   26   10    0
    7    6  133   12    1    0
    7    6  199   17    7    0
    7    6  145   13    1    3
    7    6  251   21   11    0
    7    6  140   12    8    0
    7    6  186   16    6    6
    7    6   91    8    7    0
    7    6   13    2    1    0
    7    6   87    8    3    0
    7    6  230   20    2    0
    7    6   17    2    5    0
    7    6  136   12    4    0
    7    6  272   23    8    0
    7    6    5    1    5    0
    7    6  190   16   10    6
    7    6  184   16    4    9
    7    6  193   17    1    0
    7    6  108    9   12    0
    7    6    9    1    9    0
    7    6  254   22    2    0
    7    6  338   29    2    1
    7    6  179   15   11    0
    7    6  250   21   10    0
    7    6  198   17    6    0
    7    6  346   29   10    0
    7    6  161   14    5    0
    7    6   65    6    5    0
    7    6   10    1   10    0
    7    6  223   19    7    0
    7    6  264   22   12    0
    7    6  197   17    5    2
    7    6  309   26    9    0
    7    6  122   11    2    0
    7    6  134   12    2    0
    7    6    4    1    4    0
    7    6  274   23   10    0
    7    6  216   18   12    1
    7    6  358   30   10    0
    7    6  172   15    4    0
    7    6  167   14   11    0
    7    6  232   20    4    0
    7    6   63    6    3    0
    7    6  181   16    1    9
    7    6  255   22    3    0
    7    6   59    5   11    0
    7    6   32    3    8    0
    7    6  201   17    9    4
    7    6  299   25   11    0
    7    6   82    7   10    0
    7    6   31    3    7    0
    7    6  290   25    2    0
    7    6  130   11   10    0
    7    6  331   28    7    0
    7    6  348   29   12    2
    7    6   33    3    9    0
    7    6  277   24    1    0
    7    6   43    4    7    0
    7    6   79    7    7    9
    7    6  344   29    8    0
    7    6  175   15    7    4
    7    6  162   14    6    0
    7    6  220   19    4    0
    7    6  352   30    4    0
    7    6  360   30   12    0
