   10   13  158   14    2    3
   10   13  138   12    6    3
   10   13  188   16    8    5
   10   13  164   14    8    3
   10   13  141   12    9    2
   10   13   96    8   12    7
   10   13  114   10    6    6
   10   13  229   20    1    2
   10   13  102    9    6    2
   10   13  194   17    2    4
   10   13  300   25   12    2
   10   13  193   17    1    6
   10   13    4    1    4    4
   10   13  251   21   11    1
   10   13  227   19   11    3
   10   13  213   18    9    2
   10   13  356   30    8    2
   10   13  244   21    4    2
   10   13  328   28    4    8
   10   13  199   17    7    3
   10   13   42    4    6    4
   10   13  233   20    5    1
   10   13  316   27    4    4
   10   13  220   19    4    7
   10   13  309   26    9    3
   10   13  156   13   12    6
   10   13   69    6    9    1
   10   13   28    3    4    3
   10   13   75    7    3    7
   10   13  181   16    1    4
   10   13    9    1    9    4
   10   13  275   23   11    7
   10   13  122   11    2    3
   10   13   59    5   11    6
   10   13  342   29    6    4
   10   13  295   25    7    1
   10   13   85    8    1    2
   10   13  223   19    7    4
   10   13  119   10   11    1
   10   13  314   27    2    2
   10   13  148   13    4    6
   10   13  151   13    7    5
   10   13   10    1   10    3
   10   13  267   23    3    4
   10   13  293   25    5    4
   10   13  192   16   12    4
   10   13   62    6    2    1
   10   13  360   30   12    1
   10   13   92    8    8    6
   10   13   54    5    6    6
   10   13  269   23    5    3
   10   13  111   10    3    6
   10   13  159   14    3    3
   10   13  317   27    5    3
   10   13  175   15    7    5
   10   13   84    7   12    6
   10   13  261   22    9    4
   10   13   67    6    7    5
   10   13   61    6    1    4
   10   13  189   16    9    6
   10   13  221   19    5    5
   10   13   83    7   11    9
   10   13  323   27   11    1
   10   13  280   24    4    7
   10   13  142   12   10    2
   10   13   25    3    1    3
   10   13  306   26    6    2
   10   13   30    3    6    6
   10   13  348   29   12    1
   10   13  169   15    1    4
   10   13   40    4    4    6
   10   13   31    3    7    7
   10   13  313   27    1    4
   10   13   26    3    2    7
   10   13  286   24   10    8
   10   13  310   26   10    1
   10   13  340   29    4    1
   10   13  128   11    8    6
   10   13  237   20    9    4
   10   13  282   24    6    5
   10   13  121   11    1    7
   10   13  212   18    8    5
   10   13  231   20    3    1
   10   13   11    1   11    6
   10   13  234   20    6    2
   10   13  163   14    7    4
   10   13  173   15    5    4
   10   13  115   10    7    5
   10   13  222   19    6    4
   10   13  178   15   10    2
   10   13  257   22    5    8
   10   13   65    6    5    4
   10   13   44    4    8    4
   10   13  107    9   11    2
   10   13  272   23    8    5
   10   13  210   18    6    6
   10   13  133   12    1    3
   10   13   70    6   10    1
   10   13  291   25    3    6
   10   13  179   15   11    5
   10   13   90    8    6    7
   10   13   46    4   10    3
   10   13  136   12    4    4
   10   13  183   16    3    3
   10   13   50    5    2    6
   10   13  113   10    5    5
   10   13   66    6    6    6
   10   13  171   15    3    1
   10   13  203   17   11    3
   10   13  258   22    6    8
   10   13  312   26   12    7
   10   13  172   15    4    6
   10   13  336   28   12    5
   10   13  185   16    5    5
   10   13  129   11    9    6
   10   13  235   20    7    2
   10   13   52    5    4    4
   10   13  186   16    6    7
   10   13   98    9    2    2
   10   13  137   12    5    1
   10   13  353   30    5    1
   10   13  208   18    4    5
   10   13  315   27    3    1
   10   13   34    3   10    6
   10   13   73    7    1    6
   10   13  270   23    6    6
   10   13  335   28   11    3
   10   13  337   29    1    6
   10   13  105    9    9    1
   10   13  125   11    5    5
   10   13   19    2    7    4
   10   13   58    5   10    6
   10   13  294   25    6    1
   10   13  104    9    8    1
   10   13   94    8   10    6
   10   13  290   25    2    6
   10   13  206   18    2    5
   10   13  265   23    1    6
   10   13  197   17    5    4
   10   13    1    1    1    3
   10   13  308   26    8    3
   10   13  232   20    4    1
   10   13  118   10   10    4
   10   13  352   30    4    1
   10   13  281   24    5    9
   10   13  255   22    3    8
   10   13  157   14    1    2
   10   13   71    6   11    1
   10   13  285   24    9    8
   10   13    3    1    3    5
   10   13  344   29    8    1
   10   13  109   10    1    6
   10   13  320   27    8    7
   10   13  207   18    3    4
   10   13  132   11   12    8
   10   13   35    3   11    7
   10   13  150   13    6    5
   10   13   29    3    5    4
   10   13  161   14    5    3
   10   13   15    2    3    4
   10   13  103    9    7    1
   10   13  168   14   12    3
   10   13  278   24    2    7
   10   13  230   20    2    2
   10   13   78    7    6    8
   10   13  242   21    2    1
   10   13   22    2   10    4
   10   13  333   28    9    3
   10   13  174   15    6    3
   10   13  260   22    8    9
   10   13  245   21    5    3
   10   13  201   17    9    2
   10   13  202   17   10    2
   10   13   38    4    2    4
   10   13  176   15    8    5
   10   13   47    4   11    5
   10   13  112   10    4    2
   10   13  143   12   11    3
   10   13   97    9    1    1
   10   13  357   30    9    8
   10   13   18    2    6    2
   10   13   91    8    7    6
   10   13   12    1   12    6
   10   13   45    4    9    4
   10   13   82    7   10    9
   10   13  149   13    5    6
   10   13  209   18    5    3
   10   13  259   22    7    7
   10   13  325   28    1    2
   10   13  147   13    3    5
   10   13    8    1    8    4
   10   13  292   25    4    5
   10   13  346   29   10    5
   10   13   63    6    3    2
   10   13  305   26    5    2
   10   13  126   11    6    5
   10   13  253   22    1    8
   10   13    6    1    6    6
   10   13  124   11    4    5
   10   13  321   27    9    6
   10   13  288   24   12    5
   10   13  195   17    3    3
   10   13  211   18    7    3
   10   13  127   11    7    6
   10   13   56    5    8    6
   10   13  240   20   12    4
   10   13  299   25   11    5
   10   13   86    8    2    8
   10   13    7    1    7    7
   10   13   39    4    3    6
   10   13  326   28    2    6
   10   13   16    2    4    2
   10   13  256   22    4    5
   10   13  301   26    1    3
   10   13  130   11   10    5
   10   13  307   26    7    1
   10   13  347   29   11    1
   10   13  191   16   11    5
   10   13   51    5    3    5
   10   13  268   23    4    7
   10   13  338   29    2    2
   10   13  318   27    6    2
   10   13  329   28    5    6
   10   13  198   17    6    5
   10   13  283   24    7    8
   10   13  273   23    9    3
   10   13  219   19    3    7
   10   13  311   26   11    2
   10   13  135   12    3    2
   10   13  162   14    6    4
   10   13  284   24    8    7
   10   13  134   12    2    1
   10   13  262   22   10    8
   10   13   41    4    5    6
   10   13  239   20   11    3
   10   13  254   22    2    8
   10   13  277   24    1    8
   10   13   13    2    1    2
   10   13  350   30    2    4
   10   13   77    7    5    6
   10   13  330   28    6    4
   10   13  289   25    1    1
   10   13  279   24    3    8
   10   13   76    7    4    8
   10   13   53    5    5    7
   10   13   20    2    8    3
   10   13  177   15    9    3
   10   13  297   25    9    2
   10   13  182   16    2    5
   10   13   24    2   12    3
   10   13  110   10    2    6
   10   13  215   18   11    5
   10   13  324   27   12    6
   10   13  266   23    2    4
   10   13  339   29    3    3
   10   13   43    4    7    7
   10   13  116   10    8    1
   10   13  345   29    9    3
   10   13  170   15    2    1
   10   13  332   28    8    3
   10   13  187   16    7    7
   10   13  298   25   10    5
   10   13  355   30    7    3
   10   13  144   12   12    1
   10   13  204   17   12    4
   10   13  236   20    8    2
   10   13  302   26    2    4
   10   13   81    7    9    8
   10   13  160   14    4    3
   10   13  228   19   12    6
   10   13   57    5    9    7
   10   13   72    6   12    1
   10   13  166   14   10    4
   10   13   74    7    2    6
   10   13  248   21    8    2
   10   13   68    6    8    2
   10   13  241   21    1    2
   10   13  155   13   11    5
   10   13  180   15   12    6
   10   13   14    2    2    4
   10   13   33    3    9    6
   10   13  117   10    9    7
   10   13  214   18   10    5
   10   13   48    4   12    3
   10   13   49    5    1    8
   10   13   60    5   12    7
   10   13  108    9   12    2
   10   13   21    2    9    2
   10   13  131   11   11    7
   10   13  331   28    7    2
   10   13  106    9   10    2
   10   13  205   18    1    3
   10   13  354   30    6    6
   10   13  304   26    4    4
   10   13  358   30   10    2
   10   13  200   17    8    5
   10   13  165   14    9    6
   10   13  359   30   11    5
   10   13  153   13    9    6
   10   13  349   30    1    2
   10   13  100    9    4    1
   10   13  216   18   12    2
   10   13  246   21    6    2
   10   13    2    1    2    4
   10   13  303   26    3    2
   10   13  145   13    1    4
   10   13   87    8    3    8
   10   13  152   13    8    6
   10   13  319   27    7    1
   10   13    5    1    5    3
   10   13  154   13   10    6
   10   13  190   16   10    7
   10   13  252   21   12    5
   10   13  249   21    9    1
   10   13  217   19    1    4
   10   13  140   12    8    1
   10   13  274   23   10    5
   10   13  120   10   12    6
   10   13  123   11    3    8
   10   13   27    3    3    5
   10   13   93    8    9    5
   10   13  322   27   10    2
   10   13   79    7    7    9
   10   13  139   12    7    1
   10   13  287   24   11    8
   10   13  243   21    3    2
   10   13  351   30    3    2
   10   13  167   14   11    4
   10   13   99    9    3    1
   10   13   80    7    8    8
   10   13  341   29    5    2
   10   13  271   23    7    2
   10   13  184   16    4    7
   10   13  101    9    5    1
   10   13  264   22   12    8
   10   13   55    5    7    6
   10   13  225   19    9    5
   10   13   88    8    4    7
   10   13  238   20   10    1
   10   13  224   19    8    4
   10   13  334   28   10    2
   10   13  196   17    4    6
   10   13   95    8   11    5
   10   13   36    3   12    6
   10   13  276   23   12    3
   10   13  218   19    2    4
   10   13   32    3    8    6
   10   13   37    4    1    5
   10   13  226   19   10    5
   10   13  327   28    3    6
   10   13  146   13    2    6
   10   13   89    8    5    8
   10   13  296   25    8    1
   10   13   17    2    5    2
   10   13   23    2   11    1
   10   13  250   21   10    1
   10   13   64    6    4    1
   10   13  263   22   11    6
   10   13  343   29    7    6
   10   13  247   21    7    2
