    7    9    5    1    5    0
    7    9   12    1   12    0
    7    9   99    9    3    0
    7    9  184   16    4    7
    7    9  160   14    4    0
    7    9  337   29    1    1
    7    9   51    5    3    0
    7    9  262   22   10    0
    7    9  344   29    8    0
    7    9  104    9    8    0
    7    9   68    6    8    8
    7    9  169   15    1    0
    7    9  291   25    3    0
    7    9  220   19    4    0
    7    9  200   17    8    3
    7    9   52    5    4    0
    7    9  190   16   10    0
    7    9  217   19    1    0
    7    9  138   12    6    2
    7    9  215   18   11    0
    7    9  125   11    5    0
    7    9  349   30    1    0
    7    9  118   10   10    0
    7    9   84    7   12    0
    7    9  319   27    7    0
    7    9  309   26    9    0
    7    9  120   10   12    0
    7    9  248   21    8    0
    7    9    9    1    9    0
    7    9  181   16    1    9
    7    9   18    2    6    0
    7    9  119   10   11    0
    7    9  152   13    8    2
    7    9  105    9    9    0
    7    9  126   11    6    0
    7    9  166   14   10    0
    7    9  229   20    1    0
    7    9  221   19    5    0
    7    9   77    7    5    0
    7    9  348   29   12    0
    7    9   92    8    8    0
    7    9  133   12    1    0
    7    9   34    3   10    0
    7    9  204   17   12    4
    7    9   28    3    4    0
    7    9   26    3    2    0
    7    9  256   22    4    0
    7    9  158   14    2    0
    7    9  332   28    8    3
    7    9  157   14    1    0
    7    9  101    9    5    0
    7    9   35    3   11    0
    7    9   82    7   10    0
    7    9  103    9    7    0
    7    9  146   13    2    5
    7    9   24    2   12    0
    7    9  311   26   11    0
    7    9   10    1   10    0
    7    9  140   12    8    0
    7    9  175   15    7    4
    7    9   60    5   12    0
    7    9  196   17    4    0
    7    9  278   24    2    0
    7    9  219   19    3    0
    7    9   11    1   11    0
    7    9  293   25    5    0
    7    9  226   19   10    7
    7    9  335   28   11    0
    7    9  165   14    9    0
    7    9  243   21    3    0
    7    9  338   29    2    1
    7    9  182   16    2    0
    7    9  135   12    3    0
    7    9  266   23    2    0
    7    9  198   17    6    3
    7    9   37    4    1    0
    7    9   88    8    4    0
    7    9  164   14    8    0
    7    9  295   25    7    0
    7    9   75    7    3    0
    7    9   98    9    2    0
    7    9  168   14   12    0
    7    9  350   30    2    0
    7    9   96    8   12    0
    7    9  213   18    9    0
    7    9  115   10    7    3
    7    9  178   15   10    0
    7    9  300   25   12    0
    7    9  259   22    7    0
    7    9  360   30   12    0
    7    9  263   22   11    0
    7    9   30    3    6    0
    7    9  257   22    5    0
    7    9   32    3    8    0
    7    9  162   14    6    0
    7    9  130   11   10    0
    7    9  353   30    5    0
    7    9   41    4    5    0
    7    9  287   24   11    0
    7    9  276   23   12    0
    7    9   65    6    5    0
    7    9  261   22    9    0
    7    9  156   13   12    0
    7    9  267   23    3    0
    7    9  299   25   11    0
    7    9   54    5    6    0
    7    9  150   13    6    2
    7    9  114   10    6    5
    7    9  199   17    7    3
    7    9  107    9   11    0
    7    9   38    4    2    0
    7    9  330   28    6    0
    7    9  297   25    9    0
    7    9  274   23   10    0
    7    9  294   25    6    0
    7    9   25    3    1    0
    7    9  286   24   10    0
    7    9  134   12    2    0
    7    9  301   26    1    0
    7    9   45    4    9    0
    7    9  306   26    6    0
    7    9   67    6    7    6
    7    9   23    2   11    0
    7    9   47    4   11    0
    7    9  141   12    9    0
    7    9  329   28    5    0
    7    9   79    7    7    0
    7    9  239   20   11    0
    7    9   72    6   12    0
    7    9  265   23    1    0
    7    9  258   22    6    0
    7    9   81    7    9    0
    7    9  352   30    4    0
    7    9   70    6   10    8
    7    9  189   16    9    0
    7    9  143   12   11    0
    7    9  111   10    3    3
    7    9  358   30   10    0
    7    9  342   29    6    1
    7    9  318   27    6    0
    7    9  109   10    1    0
    7    9  170   15    2    0
    7    9  356   30    8    0
    7    9  254   22    2    0
    7    9  201   17    9    7
    7    9    1    1    1    0
    7    9  320   27    8    0
    7    9  193   17    1    0
    7    9   91    8    7    0
    7    9  347   29   11    0
    7    9  151   13    7    6
    7    9  191   16   11    6
    7    9  179   15   11    0
    7    9   69    6    9    0
    7    9  205   18    1    0
    7    9  188   16    8    0
    7    9  128   11    8    0
    7    9  313   27    1    0
    7    9    4    1    4    0
    7    9  321   27    9    0
    7    9  122   11    2    0
    7    9   27    3    3    0
    7    9   57    5    9    0
    7    9  155   13   11    3
    7    9  304   26    4    0
    7    9   15    2    3    0
    7    9   85    8    1    0
    7    9  208   18    4    0
    7    9  285   24    9    0
    7    9  100    9    4    0
    7    9  233   20    5    0
    7    9   40    4    4    0
    7    9   14    2    2    0
    7    9  167   14   11    0
    7    9  253   22    1    0
    7    9  212   18    8    0
    7    9  214   18   10    0
    7    9  153   13    9    3
    7    9  197   17    5    0
    7    9  268   23    4    0
    7    9   44    4    8    0
    7    9  242   21    2    0
    7    9  340   29    4    0
    7    9   39    4    3    0
    7    9    3    1    3    0
    7    9  163   14    7    0
    7    9  203   17   11    5
    7    9  339   29    3    0
    7    9  202   17   10    0
    7    9  110   10    2    0
    7    9   62    6    2    0
    7    9    6    1    6    0
    7    9  227   19   11    0
    7    9   90    8    6    0
    7    9  147   13    3    5
    7    9  145   13    1    4
    7    9  136   12    4    0
    7    9  210   18    6    0
    7    9   87    8    3    0
    7    9  234   20    6    0
    7    9  241   21    1    0
    7    9  292   25    4    0
    7    9   42    4    6    0
    7    9  351   30    3    0
    7    9  224   19    8    0
    7    9   46    4   10    0
    7    9   49    5    1    0
    7    9  112   10    4    0
    7    9  236   20    8    0
    7    9  284   24    8    0
    7    9   83    7   11    0
    7    9  244   21    4    0
    7    9  359   30   11    0
    7    9  211   18    7    0
    7    9  132   11   12    0
    7    9  185   16    5    7
    7    9  131   11   11    0
    7    9  218   19    2    0
    7    9  281   24    5    0
    7    9  305   26    5    0
    7    9  255   22    3    0
    7    9  296   25    8    0
    7    9  121   11    1    0
    7    9   33    3    9    0
    7    9  260   22    8    0
    7    9   94    8   10    0
    7    9  279   24    3    0
    7    9  240   20   12    2
    7    9  288   24   12    0
    7    9  341   29    5    0
    7    9  113   10    5    0
    7    9   56    5    8    0
    7    9  222   19    6    0
    7    9  271   23    7    0
    7    9  108    9   12    0
    7    9  207   18    3    0
    7    9  139   12    7    0
    7    9  251   21   11    0
    7    9  247   21    7    0
    7    9  324   27   12    0
    7    9  298   25   10    0
    7    9   71    6   11    0
    7    9  187   16    7    5
    7    9    7    1    7    0
    7    9   48    4   12    0
    7    9  323   27   11    0
    7    9  310   26   10    0
    7    9  346   29   10    0
    7    9   73    7    1    0
    7    9  117   10    9    0
    7    9  280   24    4    0
    7    9  177   15    9    0
    7    9   97    9    1    0
    7    9  357   30    9    0
    7    9  144   12   12    3
    7    9   29    3    5    0
    7    9  127   11    7    0
    7    9   21    2    9    0
    7    9  192   16   12    0
    7    9  116   10    8    0
    7    9  312   26   12    0
    7    9   76    7    4    0
    7    9  354   30    6    2
    7    9   64    6    4    0
    7    9  315   27    3    0
    7    9  314   27    2    0
    7    9  172   15    4    0
    7    9  228   19   12    0
    7    9  232   20    4    0
    7    9  249   21    9    0
    7    9  171   15    3    0
    7    9  245   21    5    0
    7    9   55    5    7    0
    7    9   66    6    6    7
    7    9  282   24    6    0
    7    9  173   15    5    0
    7    9  180   15   12    0
    7    9  355   30    7    0
    7    9  148   13    4    6
    7    9  307   26    7    0
    7    9  303   26    3    0
    7    9  308   26    8    0
    7    9  275   23   11    0
    7    9  149   13    5    0
    7    9  345   29    9    2
    7    9  159   14    3    0
    7    9  334   28   10    0
    7    9  209   18    5    0
    7    9    8    1    8    0
    7    9   58    5   10    0
    7    9  273   23    9    0
    7    9  106    9   10    0
    7    9  283   24    7    0
    7    9  250   21   10    0
    7    9   61    6    1    0
    7    9   80    7    8    0
    7    9  161   14    5    0
    7    9   93    8    9    0
    7    9  154   13   10    3
    7    9  327   28    3    0
    7    9   78    7    6    0
    7    9   16    2    4    0
    7    9   89    8    5    0
    7    9  206   18    2    6
    7    9  331   28    7    0
    7    9   50    5    2    0
    7    9  270   23    6    0
    7    9   53    5    5    0
    7    9   19    2    7    0
    7    9  186   16    6    0
    7    9   86    8    2    0
    7    9  289   25    1    0
    7    9  336   28   12    0
    7    9  174   15    6    0
    7    9   63    6    3    0
    7    9  252   21   12    0
    7    9  223   19    7    0
    7    9  235   20    7    0
    7    9  277   24    1    0
    7    9  231   20    3    0
    7    9  124   11    4    0
    7    9  237   20    9    0
    7    9   17    2    5    0
    7    9  238   20   10    0
    7    9   95    8   11    0
    7    9  272   23    8    0
    7    9   43    4    7    0
    7    9  123   11    3    7
    7    9  102    9    6    0
    7    9  230   20    2    0
    7    9  137   12    5    0
    7    9  194   17    2    0
    7    9  316   27    4    0
    7    9  290   25    2    0
    7    9   31    3    7    0
    7    9  317   27    5    0
    7    9  183   16    3    6
    7    9  325   28    1    0
    7    9   74    7    2    0
    7    9  195   17    3    0
    7    9  343   29    7    0
    7    9  142   12   10    0
    7    9  176   15    8    0
    7    9  225   19    9    0
    7    9  333   28    9    0
    7    9  264   22   12    0
    7    9  326   28    2    0
    7    9  129   11    9    0
    7    9   36    3   12    0
    7    9  328   28    4    0
    7    9  302   26    2    0
    7    9    2    1    2    0
    7    9   59    5   11    0
    7    9   20    2    8    0
    7    9  322   27   10    0
    7    9  216   18   12    0
    7    9   13    2    1    0
    7    9  269   23    5    0
    7    9   22    2   10    0
    7    9  246   21    6    0
