    2   19  144   12   12    3
    2   19   25    3    1    6
    2   19  202   17   10    4
    2   19  201   17    9    4
    2   19  184   16    4    3
    2   19  127   11    7    8
    2   19  134   12    2    2
    2   19  337   29    1    5
    2   19  111   10    3    5
    2   19  254   22    2    9
    2   19  118   10   10    8
    2   19  161   14    5    1
    2   19  170   15    2    3
    2   19  322   27   10    4
    2   19  279   24    3    8
    2   19  239   20   11    2
    2   19  339   29    3    4
    2   19  121   11    1    7
    2   19  200   17    8    1
    2   19   77    7    5    9
    2   19   78    7    6    7
    2   19  303   26    3    3
    2   19  242   21    2    1
    2   19  258   22    6    9
    2   19  103    9    7    8
    2   19  229   20    1    5
    2   19   82    7   10    8
    2   19  359   30   11    6
    2   19  241   21    1    3
    2   19    6    1    6    6
    2   19  301   26    1    3
    2   19  166   14   10    4
    2   19  213   18    9    6
    2   19  306   26    6    4
    2   19   15    2    3    5
    2   19  263   22   11    9
    2   19   66    6    6    1
    2   19  232   20    4    2
    2   19   70    6   10    1
    2   19  261   22    9    1
    2   19  321   27    9    2
    2   19   34    3   10    6
    2   19   68    6    8    1
    2   19   84    7   12    8
    2   19   37    4    1    6
    2   19  272   23    8    1
    2   19  185   16    5    3
    2   19  347   29   11    4
    2   19  120   10   12    7
    2   19  334   28   10    2
    2   19  238   20   10    3
    2   19  164   14    8    3
    2   19   46    4   10    6
    2   19    5    1    5    7
    2   19  203   17   11    5
    2   19  207   18    3    5
    2   19  228   19   12    7
    2   19  181   16    1    3
    2   19  252   21   12    4
    2   19  176   15    8    5
    2   19  310   26   10    2
    2   19  139   12    7    1
    2   19   87    8    3    8
    2   19  288   24   12    6
    2   19  109   10    1    5
    2   19   57    5    9    8
    2   19  159   14    3    2
    2   19  335   28   11    2
    2   19  112   10    4    4
    2   19  167   14   11    6
    2   19  360   30   12    3
    2   19  287   24   11    9
    2   19  172   15    4    3
    2   19  191   16   11    5
    2   19   33    3    9    7
    2   19   32    3    8    7
    2   19   58    5   10    7
    2   19   13    2    1    3
    2   19  117   10    9    5
    2   19  163   14    7    3
    2   19  104    9    8    4
    2   19  195   17    3    2
    2   19  291   25    3    4
    2   19   40    4    4    7
    2   19   42    4    6    5
    2   19  323   27   11    1
    2   19  189   16    9    6
    2   19  208   18    4    4
    2   19  346   29   10    5
    2   19  292   25    4    3
    2   19  224   19    8    4
    2   19  349   30    1    3
    2   19  186   16    6    6
    2   19   29    3    5    4
    2   19  196   17    4    2
    2   19  240   20   12    1
    2   19  302   26    2    3
    2   19  210   18    6    3
    2   19  101    9    5    5
    2   19  311   26   11    1
    2   19  204   17   12    5
    2   19   63    6    3    2
    2   19  333   28    9    9
    2   19  119   10   11    3
    2   19  214   18   10    2
    2   19  192   16   12    3
    2   19  312   26   12    3
    2   19  162   14    6    3
    2   19  290   25    2    4
    2   19  116   10    8    3
    2   19   73    7    1    9
    2   19  329   28    5    4
    2   19   53    5    5    7
    2   19  153   13    9    6
    2   19   88    8    4    6
    2   19   22    2   10    4
    2   19  173   15    5    1
    2   19  106    9   10    8
    2   19  344   29    8    4
    2   19  296   25    8    4
    2   19  286   24   10    6
    2   19  305   26    5    5
    2   19  236   20    8    2
    2   19  338   29    2    4
    2   19  243   21    3    3
    2   19  205   18    1    6
    2   19   23    2   11    7
    2   19  175   15    7    4
    2   19   12    1   12    6
    2   19   14    2    2    2
    2   19  155   13   11    4
    2   19  135   12    3    1
    2   19  255   22    3    9
    2   19  248   21    8    2
    2   19  315   27    3    1
    2   19  154   13   10    8
    2   19  276   23   12    3
    2   19  152   13    8    8
    2   19   35    3   11    7
    2   19  269   23    5    4
    2   19  266   23    2    2
    2   19   56    5    8    7
    2   19   91    8    7    7
    2   19  133   12    1    1
    2   19  156   13   12    7
    2   19   38    4    2    6
    2   19  160   14    4    3
    2   19  151   13    7    5
    2   19   95    8   11    8
    2   19  262   22   10    9
    2   19  267   23    3    2
    2   19  126   11    6    6
    2   19   19    2    7    5
    2   19  226   19   10    6
    2   19  341   29    5    2
    2   19  249   21    9    1
    2   19  307   26    7    3
    2   19  343   29    7    5
    2   19   98    9    2    8
    2   19  110   10    2    8
    2   19  223   19    7    7
    2   19   85    8    1    5
    2   19  221   19    5    4
    2   19  257   22    5    9
    2   19   41    4    5    8
    2   19  179   15   11    8
    2   19  220   19    4    6
    2   19  251   21   11    2
    2   19  256   22    4    8
    2   19  131   11   11    9
    2   19  149   13    5    7
    2   19    3    1    3    5
    2   19   43    4    7    7
    2   19   65    6    5    8
    2   19  332   28    8    3
    2   19  125   11    5    7
    2   19  193   17    1    5
    2   19  108    9   12    4
    2   19  168   14   12    4
    2   19  190   16   10    6
    2   19  140   12    8    2
    2   19  137   12    5    2
    2   19   39    4    3    8
    2   19  171   15    3    1
    2   19   36    3   12    7
    2   19  115   10    7    4
    2   19  330   28    6    6
    2   19   10    1   10    6
    2   19  105    9    9    5
    2   19   18    2    6    1
    2   19   86    8    2    6
    2   19  218   19    2    7
    2   19  326   28    2    7
    2   19   94    8   10    8
    2   19   71    6   11    1
    2   19   55    5    7    7
    2   19   99    9    3    4
    2   19  316   27    4    6
    2   19  273   23    9    2
    2   19  237   20    9    3
    2   19  122   11    2    5
    2   19   49    5    1    9
    2   19  128   11    8    6
    2   19  280   24    4    9
    2   19   51    5    3    5
    2   19  265   23    1    2
    2   19  198   17    6    2
    2   19   93    8    9    4
    2   19  187   16    7    5
    2   19  188   16    8    5
    2   19  314   27    2    2
    2   19   76    7    4    8
    2   19  230   20    2    1
    2   19  182   16    2    4
    2   19   21    2    9    3
    2   19  146   13    2    7
    2   19  177   15    9    3
    2   19  157   14    1    2
    2   19   72    6   12    1
    2   19   80    7    8    8
    2   19  345   29    9    5
    2   19  245   21    5    2
    2   19   74    7    2    9
    2   19  212   18    8    5
    2   19   97    9    1    6
    2   19   83    7   11    9
    2   19    4    1    4    7
    2   19  317   27    5    4
    2   19  145   13    1    4
    2   19  277   24    1    9
    2   19   54    5    6    7
    2   19  138   12    6    3
    2   19  246   21    6    3
    2   19  169   15    1    7
    2   19   75    7    3    8
    2   19  222   19    6    6
    2   19  327   28    3    7
    2   19  340   29    4    1
    2   19   45    4    9    6
    2   19  225   19    9    6
    2   19   61    6    1    2
    2   19  174   15    6    3
    2   19   62    6    2    1
    2   19  143   12   11    2
    2   19    2    1    2    6
    2   19   79    7    7    9
    2   19   17    2    5    3
    2   19  113   10    5    4
    2   19  352   30    4    2
    2   19  150   13    6    5
    2   19  197   17    5    4
    2   19  158   14    2    2
    2   19   89    8    5    6
    2   19   20    2    8    4
    2   19  217   19    1    5
    2   19    8    1    8    6
    2   19   11    1   11    4
    2   19  268   23    4    3
    2   19  320   27    8    6
    2   19  219   19    3    6
    2   19  313   27    1    6
    2   19   50    5    2    7
    2   19  147   13    3    7
    2   19  206   18    2    4
    2   19  180   15   12    5
    2   19  234   20    6    3
    2   19  227   19   11    6
    2   19  194   17    2    3
    2   19  351   30    3    3
    2   19  353   30    5    3
    2   19  358   30   10    4
    2   19  354   30    6    5
    2   19  284   24    8    8
    2   19   28    3    4    7
    2   19  293   25    5    2
    2   19  233   20    5    2
    2   19    1    1    1    5
    2   19  129   11    9    6
    2   19  141   12    9    3
    2   19  355   30    7    3
    2   19   31    3    7    8
    2   19  123   11    3    6
    2   19  114   10    6    5
    2   19  102    9    6    7
    2   19  331   28    7    8
    2   19  250   21   10    3
    2   19  325   28    1    7
    2   19  178   15   10    4
    2   19   24    2   12    5
    2   19   69    6    9    1
    2   19  264   22   12    9
    2   19  231   20    3    1
    2   19   92    8    8    7
    2   19  298   25   10    4
    2   19  282   24    6    7
    2   19  107    9   11    6
    2   19    9    1    9    6
    2   19   44    4    8    7
    2   19  348   29   12    4
    2   19   81    7    9    9
    2   19  297   25    9    3
    2   19  136   12    4    3
    2   19  295   25    7    5
    2   19   48    4   12    5
    2   19  244   21    4    3
    2   19   96    8   12    7
    2   19   27    3    3    6
    2   19  235   20    7    2
    2   19  259   22    7    9
    2   19   60    5   12    7
    2   19  283   24    7    9
    2   19   67    6    7    2
    2   19   52    5    4    6
    2   19  304   26    4    2
    2   19   16    2    4    1
    2   19  281   24    5    9
    2   19   64    6    4    1
    2   19  211   18    7    2
    2   19  183   16    3    4
    2   19  247   21    7    3
    2   19  132   11   12    8
    2   19    7    1    7    8
    2   19  215   18   11    7
    2   19  328   28    4    9
    2   19  342   29    6    4
    2   19  148   13    4    7
    2   19  299   25   11    5
    2   19  253   22    1    9
    2   19  199   17    7    3
    2   19  350   30    2    3
    2   19  336   28   12    1
    2   19   26    3    2    8
    2   19  318   27    6    1
    2   19  308   26    8    1
    2   19   47    4   11    5
    2   19  356   30    8    3
    2   19  309   26    9    2
    2   19  324   27   12    4
    2   19  165   14    9    4
    2   19  300   25   12    2
    2   19  216   18   12    4
    2   19  260   22    8    9
    2   19  285   24    9    9
    2   19  294   25    6    2
    2   19  142   12   10    7
    2   19  357   30    9    3
    2   19  319   27    7    3
    2   19  209   18    5    6
    2   19  271   23    7    1
    2   19  130   11   10    7
    2   19  289   25    1    2
    2   19   59    5   11    6
    2   19  274   23   10    6
    2   19   90    8    6    8
    2   19  100    9    4    5
    2   19  278   24    2    8
    2   19  270   23    6    3
    2   19   30    3    6    7
    2   19  275   23   11    2
    2   19  124   11    4    6
