    1    3  321   27    9    7
    1    3   60    5   12    7
    1    3  176   15    8    7
    1    3  274   23   10    8
    1    3   62    6    2    1
    1    3  238   20   10    5
    1    3  315   27    3    7
    1    3  312   26   12    6
    1    3  334   28   10    6
    1    3  308   26    8    6
    1    3   68    6    8    2
    1    3   29    3    5    7
    1    3  260   22    8    4
    1    3   75    7    3    3
    1    3  340   29    4    6
    1    3  189   16    9    5
    1    3  167   14   11    3
    1    3  151   13    7    4
    1    3  290   25    2    3
    1    3    5    1    5    5
    1    3  112   10    4    6
    1    3  276   23   12    3
    1    3  311   26   11    7
    1    3  355   30    7    4
    1    3  271   23    7    5
    1    3  268   23    4    6
    1    3   72    6   12    1
    1    3  136   12    4    1
    1    3  320   27    8    7
    1    3    6    1    6    5
    1    3  109   10    1    7
    1    3  197   17    5    6
    1    3  294   25    6    9
    1    3  322   27   10    8
    1    3  303   26    3    7
    1    3    3    1    3    6
    1    3  201   17    9    7
    1    3  198   17    6    4
    1    3  280   24    4    1
    1    3  200   17    8    2
    1    3  300   25   12    7
    1    3    9    1    9    5
    1    3  325   28    1    5
    1    3  336   28   12    7
    1    3  295   25    7    5
    1    3  256   22    4    7
    1    3   55    5    7    6
    1    3  266   23    2    8
    1    3   12    1   12    7
    1    3  199   17    7    4
    1    3  251   21   11    2
    1    3  245   21    5    1
    1    3   37    4    1    3
    1    3  318   27    6    8
    1    3   87    8    3    4
    1    3  338   29    2    6
    1    3   11    1   11    7
    1    3   43    4    7    4
    1    3  108    9   12    9
    1    3  291   25    3    6
    1    3  128   11    8    2
    1    3  105    9    9    9
    1    3  129   11    9    3
    1    3   70    6   10    1
    1    3  202   17   10    4
    1    3  347   29   11    6
    1    3  323   27   11    9
    1    3  226   19   10    4
    1    3    4    1    4    5
    1    3   36    3   12    6
    1    3  262   22   10    4
    1    3  190   16   10    4
    1    3  187   16    7    4
    1    3  139   12    7    1
    1    3  140   12    8    1
    1    3  360   30   12    7
    1    3  277   24    1    2
    1    3  232   20    4    5
    1    3   82    7   10    7
    1    3  182   16    2    5
    1    3   13    2    1    5
    1    3  301   26    1    6
    1    3  259   22    7    4
    1    3   65    6    5    2
    1    3  333   28    9    7
    1    3  359   30   11    6
    1    3  119   10   11    9
    1    3   74    7    2    3
    1    3   51    5    3    8
    1    3  327   28    3    7
    1    3   86    8    2    4
    1    3  135   12    3    1
    1    3  237   20    9    4
    1    3  183   16    3    6
    1    3   45    4    9    1
    1    3  192   16   12    4
    1    3  131   11   11    2
    1    3  228   19   12    2
    1    3   52    5    4    6
    1    3  284   24    8    4
    1    3  166   14   10    5
    1    3  240   20   12    5
    1    3  173   15    5    8
    1    3  239   20   11    7
    1    3   40    4    4    4
    1    3  160   14    4    3
    1    3   26    3    2    4
    1    3   56    5    8    6
    1    3  270   23    6    7
    1    3  195   17    3    6
    1    3  252   21   12    5
    1    3  328   28    4    7
    1    3  211   18    7    6
    1    3  317   27    5    8
    1    3  250   21   10    1
    1    3  102    9    6    8
    1    3  337   29    1    3
    1    3  144   12   12    2
    1    3  215   18   11    7
    1    3  171   15    3    9
    1    3  319   27    7    9
    1    3   30    3    6    7
    1    3  264   22   12    4
    1    3  273   23    9    9
    1    3  342   29    6    7
    1    3  124   11    4    2
    1    3   10    1   10    3
    1    3   49    5    1    3
    1    3  154   13   10    4
    1    3   61    6    1    2
    1    3  196   17    4    3
    1    3   48    4   12    4
    1    3  344   29    8    8
    1    3  313   27    1    9
    1    3   27    3    3    7
    1    3   47    4   11    5
    1    3  310   26   10    7
    1    3  206   18    2    4
    1    3  180   15   12    6
    1    3  204   17   12    7
    1    3  118   10   10    6
    1    3   50    5    2    7
    1    3   44    4    8    2
    1    3  356   30    8    2
    1    3   35    3   11    6
    1    3   32    3    8    7
    1    3   18    2    6    5
    1    3  168   14   12    3
    1    3  142   12   10    1
    1    3  236   20    8    2
    1    3  354   30    6    4
    1    3   24    2   12    6
    1    3  348   29   12    8
    1    3  283   24    7    7
    1    3  175   15    7    7
    1    3  194   17    2    8
    1    3  106    9   10    9
    1    3  212   18    8    8
    1    3   98    9    2    9
    1    3  181   16    1    7
    1    3  209   18    5    8
    1    3  249   21    9    1
    1    3  258   22    6    7
    1    3   31    3    7    7
    1    3   33    3    9    7
    1    3    2    1    2    6
    1    3  309   26    9    5
    1    3   28    3    4    6
    1    3  335   28   11    6
    1    3  253   22    1    1
    1    3  343   29    7    5
    1    3  125   11    5    5
    1    3   77    7    5    6
    1    3  156   13   12    4
    1    3  208   18    4    6
    1    3  184   16    4    6
    1    3  214   18   10    6
    1    3  110   10    2    6
    1    3  207   18    3    6
    1    3  351   30    3    3
    1    3   64    6    4    1
    1    3  164   14    8    2
    1    3  152   13    8    6
    1    3    7    1    7    7
    1    3  275   23   11    2
    1    3  272   23    8    6
    1    3   15    2    3    6
    1    3   81    7    9    7
    1    3  296   25    8    9
    1    3  261   22    9    3
    1    3  120   10   12    5
    1    3  132   11   12    4
    1    3  299   25   11    6
    1    3  137   12    5    1
    1    3  314   27    2    9
    1    3  316   27    4    9
    1    3    1    1    1    2
    1    3  134   12    2    1
    1    3  113   10    5    6
    1    3  178   15   10    8
    1    3  193   17    1    2
    1    3  307   26    7    7
    1    3  185   16    5    5
    1    3   73    7    1    2
    1    3   54    5    6    6
    1    3   39    4    3    3
    1    3  169   15    1    9
    1    3   67    6    7    2
    1    3  227   19   11    8
    1    3  247   21    7    1
    1    3   84    7   12    5
    1    3  242   21    2    1
    1    3  161   14    5    2
    1    3   66    6    6    1
    1    3  141   12    9    1
    1    3   88    8    4    6
    1    3   85    8    1    4
    1    3  145   13    1    5
    1    3  117   10    9    6
    1    3   23    2   11    7
    1    3  286   24   10    8
    1    3   46    4   10    1
    1    3  267   23    3    8
    1    3  358   30   10    3
    1    3   90    8    6    8
    1    3  330   28    6    7
    1    3  357   30    9    3
    1    3  111   10    3    2
    1    3  217   19    1    8
    1    3  349   30    1    3
    1    3  292   25    4    8
    1    3   22    2   10    2
    1    3  159   14    3    3
    1    3  107    9   11    8
    1    3  101    9    5    7
    1    3  326   28    2    6
    1    3  163   14    7    1
    1    3  331   28    7    8
    1    3   58    5   10    7
    1    3  346   29   10    7
    1    3  133   12    1    1
    1    3  138   12    6    2
    1    3  225   19    9    2
    1    3  222   19    6    2
    1    3  345   29    9    4
    1    3  172   15    4    9
    1    3  287   24   11    7
    1    3  233   20    5    6
    1    3   80    7    8    5
    1    3  224   19    8    6
    1    3  210   18    6    7
    1    3  219   19    3    3
    1    3  165   14    9    2
    1    3  288   24   12    2
    1    3  332   28    8    9
    1    3  155   13   11    7
    1    3  121   11    1    2
    1    3   63    6    3    1
    1    3   69    6    9    1
    1    3   92    8    8    3
    1    3   95    8   11    8
    1    3   79    7    7    7
    1    3  220   19    4    6
    1    3  255   22    3    7
    1    3  130   11   10    3
    1    3  203   17   11    5
    1    3  177   15    9    9
    1    3  205   18    1    8
    1    3  231   20    3    7
    1    3    8    1    8    6
    1    3  147   13    3    7
    1    3  263   22   11    4
    1    3  188   16    8    5
    1    3  305   26    5    7
    1    3  186   16    6    6
    1    3   19    2    7    5
    1    3   78    7    6    7
    1    3  297   25    9    8
    1    3   53    5    5    6
    1    3  269   23    5    8
    1    3   96    8   12    6
    1    3  123   11    3    4
    1    3  244   21    4    1
    1    3   57    5    9    3
    1    3   20    2    8    1
    1    3  115   10    7    2
    1    3  114   10    6    3
    1    3  293   25    5    7
    1    3  158   14    2    6
    1    3   83    7   11    7
    1    3  170   15    2    9
    1    3  302   26    2    8
    1    3   42    4    6    5
    1    3  265   23    1    6
    1    3  350   30    2    3
    1    3  341   29    5    4
    1    3  352   30    4    2
    1    3   76    7    4    7
    1    3  116   10    8    8
    1    3  281   24    5    2
    1    3  329   28    5    6
    1    3  127   11    7    3
    1    3  324   27   12    6
    1    3   41    4    5    2
    1    3  223   19    7    3
    1    3  257   22    5    6
    1    3  241   21    1    1
    1    3  278   24    2    7
    1    3  235   20    7    4
    1    3  339   29    3    7
    1    3   25    3    1    5
    1    3   71    6   11    1
    1    3   89    8    5    3
    1    3  306   26    6    6
    1    3  282   24    6    6
    1    3  143   12   11    2
    1    3   21    2    9    4
    1    3  218   19    2    6
    1    3  285   24    9    4
    1    3  157   14    1    3
    1    3  229   20    1    4
    1    3  279   24    3    4
    1    3   34    3   10    6
    1    3  221   19    5    3
    1    3  104    9    8    8
    1    3  248   21    8    1
    1    3  234   20    6    2
    1    3  246   21    6    1
    1    3  103    9    7    8
    1    3  174   15    6    9
    1    3   59    5   11    7
    1    3   97    9    1    8
    1    3  230   20    2    8
    1    3  254   22    2    5
    1    3   14    2    2    5
    1    3  149   13    5    6
    1    3   91    8    7    6
    1    3  289   25    1    7
    1    3  150   13    6    8
    1    3   38    4    2    2
    1    3  304   26    4    1
    1    3  216   18   12    7
    1    3  213   18    9    8
    1    3  153   13    9    6
    1    3  298   25   10    5
    1    3  191   16   11    3
    1    3  162   14    6    1
    1    3  353   30    5    1
    1    3   94    8   10    7
    1    3   93    8    9    4
    1    3   99    9    3    8
    1    3  100    9    4    8
    1    3  122   11    2    2
    1    3  126   11    6    2
    1    3  146   13    2    5
    1    3  148   13    4    4
    1    3   17    2    5    5
    1    3   16    2    4    3
    1    3  243   21    3    1
    1    3  179   15   11    7
