   10   12  164   14    8    2
   10   12   46    4   10    1
   10   12  292   25    4    1
   10   12   98    9    2    2
   10   12   12    1   12    6
   10   12  340   29    4    1
   10   12  250   21   10    1
   10   12  209   18    5    3
   10   12   84    7   12    5
   10   12   71    6   11    1
   10   12   55    5    7    6
   10   12  281   24    5    9
   10   12  112   10    4    1
   10   12  201   17    9    2
   10   12   15    2    3    3
   10   12  249   21    9    1
   10   12   89    8    5    7
   10   12  238   20   10    1
   10   12  335   28   11    4
   10   12  179   15   11    5
   10   12    6    1    6    4
   10   12  222   19    6    3
   10   12  184   16    4    6
   10   12  245   21    5    2
   10   12   27    3    3    3
   10   12  142   12   10    3
   10   12  148   13    4    6
   10   12   87    8    3    6
   10   12   61    6    1    1
   10   12  146   13    2    7
   10   12  336   28   12    4
   10   12   66    6    6    8
   10   12  183   16    3    3
   10   12   69    6    9    2
   10   12  203   17   11    2
   10   12  138   12    6    2
   10   12  151   13    7    3
   10   12  165   14    9    3
   10   12  136   12    4    2
   10   12  265   23    1    3
   10   12   83    7   11    9
   10   12  300   25   12    1
   10   12  145   13    1    5
   10   12  121   11    1    6
   10   12  280   24    4    7
   10   12  240   20   12    3
   10   12  319   27    7    1
   10   12  159   14    3    1
   10   12  200   17    8    1
   10   12  261   22    9    4
   10   12   65    6    5    6
   10   12   52    5    4    6
   10   12  268   23    4    1
   10   12  313   27    1    5
   10   12  161   14    5    1
   10   12   59    5   11    7
   10   12  321   27    9    3
   10   12  235   20    7    1
   10   12  264   22   12    8
   10   12  338   29    2    1
   10   12  141   12    9    1
   10   12   77    7    5    6
   10   12  128   11    8    6
   10   12  352   30    4    1
   10   12  287   24   11    7
   10   12  353   30    5    1
   10   12  344   29    8    1
   10   12   18    2    6    1
   10   12  273   23    9    3
   10   12  107    9   11    1
   10   12  328   28    4    8
   10   12   31    3    7    1
   10   12  295   25    7    1
   10   12  286   24   10    6
   10   12   29    3    5    4
   10   12  337   29    1    6
   10   12    3    1    3    4
   10   12  241   21    1    3
   10   12   58    5   10    6
   10   12  299   25   11    2
   10   12  244   21    4    4
   10   12  221   19    5    3
   10   12  325   28    1    4
   10   12  228   19   12    7
   10   12  176   15    8    5
   10   12  202   17   10    3
   10   12  199   17    7    2
   10   12  298   25   10    2
   10   12  308   26    8    1
   10   12  119   10   11    1
   10   12  155   13   11    7
   10   12    8    1    8    3
   10   12  135   12    3    2
   10   12  143   12   11    2
   10   12  255   22    3    6
   10   12  263   22   11    7
   10   12  277   24    1    8
   10   12   17    2    5    1
   10   12  315   27    3    1
   10   12  323   27   11    2
   10   12  224   19    8    3
   10   12  333   28    9    2
   10   12  259   22    7    5
   10   12  212   18    8    2
   10   12   44    4    8    2
   10   12  291   25    3    1
   10   12  279   24    3    6
   10   12  114   10    6    6
   10   12  307   26    7    1
   10   12  193   17    1    2
   10   12  187   16    7    4
   10   12   57    5    9    7
   10   12   72    6   12    1
   10   12  208   18    4    2
   10   12  303   26    3    1
   10   12  185   16    5    2
   10   12  130   11   10    3
   10   12  343   29    7    6
   10   12  283   24    7    8
   10   12  132   11   12    8
   10   12   88    8    4    7
   10   12  354   30    6    6
   10   12  117   10    9    5
   10   12  124   11    4    4
   10   12  104    9    8    1
   10   12   25    3    1    1
   10   12   64    6    4    1
   10   12  111   10    3    3
   10   12  296   25    8    1
   10   12  168   14   12    3
   10   12  341   29    5    3
   10   12    9    1    9    2
   10   12    4    1    4    2
   10   12  262   22   10    7
   10   12  322   27   10    3
   10   12   67    6    7    8
   10   12  150   13    6    6
   10   12   43    4    7    6
   10   12  275   23   11    6
   10   12  170   15    2    1
   10   12  113   10    5    1
   10   12  129   11    9    7
   10   12  100    9    4    1
   10   12  204   17   12    2
   10   12  309   26    9    3
   10   12  108    9   12    1
   10   12   60    5   12    7
   10   12  329   28    5    6
   10   12  186   16    6    6
   10   12  260   22    8    8
   10   12  305   26    5    1
   10   12    1    1    1    2
   10   12  115   10    7    3
   10   12  162   14    6    2
   10   12  163   14    7    2
   10   12   91    8    7    8
   10   12  174   15    6    1
   10   12   63    6    3    1
   10   12   41    4    5    5
   10   12  332   28    8    4
   10   12  272   23    8    4
   10   12  226   19   10    5
   10   12    7    1    7    5
   10   12  154   13   10    6
   10   12  324   27   12    6
   10   12   86    8    2    7
   10   12  102    9    6    1
   10   12   81    7    9    8
   10   12  189   16    9    7
   10   12  252   21   12    4
   10   12   24    2   12    1
   10   12  346   29   10    2
   10   12  294   25    6    1
   10   12   10    1   10    2
   10   12   28    3    4    3
   10   12  158   14    2    1
   10   12  233   20    5    1
   10   12   50    5    2    4
   10   12   54    5    6    6
   10   12  166   14   10    2
   10   12  125   11    5    2
   10   12  191   16   11    3
   10   12   70    6   10    1
   10   12  242   21    2    1
   10   12  331   28    7    2
   10   12  334   28   10    3
   10   12   49    5    1    7
   10   12  152   13    8    7
   10   12  219   19    3    7
   10   12  169   15    1    3
   10   12  217   19    1    3
   10   12  348   29   12    2
   10   12   36    3   12    6
   10   12  231   20    3    1
   10   12   90    8    6    8
   10   12  254   22    2    7
   10   12   68    6    8    1
   10   12   34    3   10    5
   10   12   19    2    7    4
   10   12  330   28    6    4
   10   12  103    9    7    3
   10   12  274   23   10    3
   10   12   13    2    1    3
   10   12  109   10    1    3
   10   12   76    7    4    7
   10   12   51    5    3    6
   10   12   95    8   11    5
   10   12  256   22    4    5
   10   12  350   30    2    4
   10   12   30    3    6    4
   10   12  210   18    6    3
   10   12  276   23   12    2
   10   12   79    7    7    8
   10   12  257   22    5    7
   10   12   14    2    2    4
   10   12  253   22    1    7
   10   12  356   30    8    2
   10   12  304   26    4    1
   10   12  342   29    6    3
   10   12  351   30    3    2
   10   12   45    4    9    1
   10   12  137   12    5    1
   10   12  192   16   12    3
   10   12  149   13    5    4
   10   12  293   25    5    3
   10   12   33    3    9    3
   10   12   35    3   11    3
   10   12   11    1   11    2
   10   12  271   23    7    2
   10   12  181   16    1    5
   10   12  223   19    7    6
   10   12   80    7    8    7
   10   12   74    7    2    7
   10   12  167   14   11    1
   10   12  118   10   10    5
   10   12  282   24    6    6
   10   12   40    4    4    6
   10   12   85    8    1    1
   10   12   62    6    2    1
   10   12  206   18    2    2
   10   12  289   25    1    1
   10   12  302   26    2    1
   10   12   22    2   10    1
   10   12   39    4    3    5
   10   12  290   25    2    6
   10   12  157   14    1    1
   10   12  316   27    4    4
   10   12   93    8    9    5
   10   12   97    9    1    1
   10   12  123   11    3    6
   10   12    5    1    5    1
   10   12  258   22    6    3
   10   12  234   20    6    2
   10   12  196   17    4    3
   10   12   38    4    2    1
   10   12  147   13    3    6
   10   12  216   18   12    3
   10   12   42    4    6    3
   10   12  312   26   12    2
   10   12  288   24   12    2
   10   12  269   23    5    1
   10   12  232   20    4    1
   10   12  229   20    1    1
   10   12  267   23    3    2
   10   12  339   29    3    2
   10   12    2    1    2    3
   10   12  297   25    9    2
   10   12  317   27    5    1
   10   12  278   24    2    6
   10   12  236   20    8    2
   10   12  178   15   10    5
   10   12   48    4   12    4
   10   12   16    2    4    2
   10   12  198   17    6    2
   10   12   78    7    6    3
   10   12   37    4    1    6
   10   12   56    5    8    4
   10   12  213   18    9    3
   10   12  285   24    9    8
   10   12  133   12    1    1
   10   12  180   15   12    4
   10   12  355   30    7    3
   10   12   47    4   11    2
   10   12  106    9   10    3
   10   12  318   27    6    1
   10   12  237   20    9    5
   10   12   96    8   12    7
   10   12  358   30   10    2
   10   12  227   19   11    4
   10   12  266   23    2    2
   10   12  225   19    9    2
   10   12  220   19    4    3
   10   12  311   26   11    1
   10   12  182   16    2    4
   10   12  218   19    2    3
   10   12  171   15    3    1
   10   12  326   28    2    3
   10   12  215   18   11    3
   10   12  194   17    2    3
   10   12  301   26    1    2
   10   12  211   18    7    2
   10   12  131   11   11    6
   10   12  156   13   12    4
   10   12  310   26   10    1
   10   12  140   12    8    1
   10   12  153   13    9    5
   10   12  160   14    4    2
   10   12   32    3    8    2
   10   12   75    7    3    7
   10   12  105    9    9    1
   10   12  284   24    8    1
   10   12  173   15    5    2
   10   12  139   12    7    1
   10   12  122   11    2    1
   10   12   92    8    8    8
   10   12  270   23    6    1
   10   12  126   11    6    3
   10   12  190   16   10    5
   10   12  195   17    3    3
   10   12  247   21    7    2
   10   12  306   26    6    2
   10   12  110   10    2    7
   10   12  120   10   12    6
   10   12  327   28    3    5
   10   12  197   17    5    3
   10   12  116   10    8    1
   10   12   26    3    2    7
   10   12  172   15    4    2
   10   12  177   15    9    2
   10   12  127   11    7    2
   10   12  101    9    5    1
   10   12   73    7    1    8
   10   12  248   21    8    2
   10   12   20    2    8    1
   10   12   23    2   11    1
   10   12   94    8   10    8
   10   12   21    2    9    2
   10   12  251   21   11    2
   10   12  360   30   12    2
   10   12   99    9    3    1
   10   12  314   27    2    2
   10   12  345   29    9    2
   10   12  320   27    8    3
   10   12  230   20    2    2
   10   12  205   18    1    3
   10   12  207   18    3    3
   10   12   53    5    5    7
   10   12  243   21    3    1
   10   12  239   20   11    1
   10   12   82    7   10    8
   10   12  359   30   11    5
   10   12  134   12    2    2
   10   12  246   21    6    2
   10   12  357   30    9    5
   10   12  349   30    1    1
   10   12  188   16    8    4
   10   12  144   12   12    1
   10   12  175   15    7    3
   10   12  347   29   11    2
   10   12  214   18   10    4
