    4   15   51    5    3    5
    4   15  148   13    4    2
    4   15  137   12    5    7
    4   15  151   13    7    4
    4   15   16    2    4    2
    4   15   77    7    5    7
    4   15  237   20    9    6
    4   15  345   29    9    2
    4   15  174   15    6    3
    4   15  333   28    9    8
    4   15  194   17    2    6
    4   15  263   22   11    7
    4   15   80    7    8    7
    4   15   76    7    4    7
    4   15  234   20    6    2
    4   15  356   30    8    3
    4   15  129   11    9    4
    4   15  189   16    9    4
    4   15  316   27    4    4
    4   15  293   25    5    2
    4   15  110   10    2    3
    4   15  245   21    5    7
    4   15  116   10    8    7
    4   15  159   14    3    3
    4   15  309   26    9    2
    4   15  294   25    6    3
    4   15  160   14    4    4
    4   15  102    9    6    7
    4   15  187   16    7    4
    4   15  313   27    1    7
    4   15  311   26   11    6
    4   15   69    6    9    3
    4   15   78    7    6    8
    4   15  197   17    5    3
    4   15   61    6    1    6
    4   15   85    8    1    7
    4   15  286   24   10    8
    4   15  212   18    8    6
    4   15    2    1    2    4
    4   15  113   10    5    4
    4   15   86    8    2    3
    4   15  284   24    8    6
    4   15  242   21    2    2
    4   15  320   27    8    3
    4   15   31    3    7    6
    4   15  112   10    4    2
    4   15  296   25    8    3
    4   15  190   16   10    7
    4   15  163   14    7    2
    4   15  267   23    3    3
    4   15  162   14    6    2
    4   15   47    4   11    3
    4   15  278   24    2    6
    4   15   24    2   12    8
    4   15  117   10    9    4
    4   15   74    7    2    4
    4   15  264   22   12    9
    4   15  135   12    3    9
    4   15   50    5    2    7
    4   15    9    1    9    4
    4   15   15    2    3    3
    4   15  229   20    1    4
    4   15  114   10    6    4
    4   15  341   29    5    4
    4   15  270   23    6    3
    4   15  338   29    2    3
    4   15  175   15    7    4
    4   15  312   26   12    3
    4   15  207   18    3    3
    4   15   34    3   10    7
    4   15  232   20    4    6
    4   15  147   13    3    6
    4   15  167   14   11    5
    4   15  165   14    9    3
    4   15  274   23   10    2
    4   15   21    2    9    5
    4   15   96    8   12    8
    4   15  104    9    8    7
    4   15  291   25    3    5
    4   15  332   28    8    2
    4   15  272   23    8    3
    4   15  154   13   10    5
    4   15  146   13    2    5
    4   15  250   21   10    1
    4   15  178   15   10    9
    4   15   95    8   11    7
    4   15  214   18   10    8
    4   15  306   26    6    2
    4   15   89    8    5    6
    4   15   60    5   12    5
    4   15  255   22    3    9
    4   15  324   27   12    2
    4   15  276   23   12    3
    4   15  131   11   11    5
    4   15  305   26    5    7
    4   15   45    4    9    8
    4   15  318   27    6    1
    4   15  308   26    8    2
    4   15  111   10    3    7
    4   15  199   17    7    2
    4   15   68    6    8    3
    4   15  359   30   11    4
    4   15  181   16    1    5
    4   15  168   14   12    2
    4   15   29    3    5    5
    4   15  238   20   10    5
    4   15  213   18    9    3
    4   15  221   19    5    5
    4   15   83    7   11    6
    4   15  119   10   11    7
    4   15   72    6   12    7
    4   15  317   27    5    8
    4   15  222   19    6    6
    4   15  353   30    5    2
    4   15  150   13    6    5
    4   15  230   20    2    2
    4   15  188   16    8    3
    4   15   58    5   10    8
    4   15   49    5    1    7
    4   15  329   28    5    3
    4   15   10    1   10    5
    4   15  301   26    1    5
    4   15  285   24    9    9
    4   15   13    2    1    3
    4   15  164   14    8    5
    4   15  288   24   12    3
    4   15  297   25    9    2
    4   15  122   11    2    4
    4   15  335   28   11    2
    4   15  136   12    4    3
    4   15   35    3   11    5
    4   15   92    8    8    6
    4   15  239   20   11    3
    4   15   94    8   10    7
    4   15  216   18   12    2
    4   15   81    7    9    5
    4   15   42    4    6    5
    4   15  106    9   10    8
    4   15  246   21    6    2
    4   15   33    3    9    3
    4   15  171   15    3    3
    4   15   14    2    2    2
    4   15  140   12    8    1
    4   15  240   20   12    2
    4   15  152   13    8    7
    4   15   38    4    2    5
    4   15   65    6    5    2
    4   15  326   28    2    5
    4   15   90    8    6    6
    4   15  127   11    7    7
    4   15   28    3    4    5
    4   15  183   16    3    6
    4   15  269   23    5    2
    4   15  241   21    1    3
    4   15    3    1    3    5
    4   15  283   24    7    9
    4   15  282   24    6    8
    4   15   52    5    4    5
    4   15  295   25    7    2
    4   15  203   17   11    7
    4   15  304   26    4    2
    4   15  153   13    9    3
    4   15  198   17    6    5
    4   15  169   15    1    7
    4   15  173   15    5    2
    4   15  273   23    9    3
    4   15  249   21    9    1
    4   15   26    3    2    5
    4   15  177   15    9    5
    4   15  315   27    3    4
    4   15  210   18    6    7
    4   15  354   30    6    8
    4   15  219   19    3    7
    4   15  100    9    4    7
    4   15  243   21    3    3
    4   15  211   18    7    2
    4   15  220   19    4    5
    4   15  124   11    4    7
    4   15  334   28   10    2
    4   15  344   29    8    3
    4   15  287   24   11    9
    4   15  277   24    1    9
    4   15  172   15    4    7
    4   15  195   17    3    3
    4   15   36    3   12    5
    4   15  347   29   11    3
    4   15  144   12   12    2
    4   15   30    3    6    5
    4   15  176   15    8    5
    4   15  275   23   11    1
    4   15  303   26    3    3
    4   15  226   19   10    7
    4   15   32    3    8    5
    4   15  206   18    2    5
    4   15  307   26    7    5
    4   15  244   21    4    3
    4   15   46    4   10    4
    4   15   19    2    7    7
    4   15  166   14   10    5
    4   15  209   18    5    3
    4   15  355   30    7    3
    4   15  205   18    1    2
    4   15    5    1    5    8
    4   15   40    4    4    5
    4   15   23    2   11    6
    4   15  204   17   12    6
    4   15  266   23    2    2
    4   15  342   29    6    7
    4   15  218   19    2    8
    4   15   87    8    3    9
    4   15  132   11   12    9
    4   15   79    7    7    8
    4   15  141   12    9    1
    4   15   59    5   11    5
    4   15  227   19   11    2
    4   15  351   30    3    3
    4   15  121   11    1    5
    4   15   63    6    3    2
    4   15    1    1    1    3
    4   15  105    9    9    7
    4   15   12    1   12    7
    4   15  134   12    2    2
    4   15  281   24    5    8
    4   15   84    7   12    7
    4   15  123   11    3    3
    4   15   75    7    3    7
    4   15  349   30    1    2
    4   15  200   17    8    3
    4   15  109   10    1    6
    4   15  120   10   12    5
    4   15  231   20    3    2
    4   15  155   13   11    3
    4   15  224   19    8    3
    4   15   41    4    5    6
    4   15  314   27    2    1
    4   15  299   25   11    3
    4   15  327   28    3    5
    4   15  248   21    8    6
    4   15  118   10   10    5
    4   15  115   10    7    4
    4   15  258   22    6    7
    4   15   43    4    7    6
    4   15    6    1    6    5
    4   15  108    9   12    7
    4   15  259   22    7    6
    4   15  253   22    1    9
    4   15  331   28    7    8
    4   15   17    2    5    2
    4   15  339   29    3    1
    4   15  170   15    2    3
    4   15  289   25    1    3
    4   15   39    4    3    2
    4   15  321   27    9    9
    4   15  180   15   12    7
    4   15  252   21   12    6
    4   15   66    6    6    1
    4   15  261   22    9    2
    4   15  358   30   10    3
    4   15  319   27    7    2
    4   15  257   22    5    7
    4   15  186   16    6    8
    4   15  149   13    5    5
    4   15   54    5    6    6
    4   15   88    8    4    6
    4   15   70    6   10    2
    4   15   37    4    1    3
    4   15   82    7   10    7
    4   15  126   11    6    5
    4   15   11    1   11    8
    4   15   27    3    3    7
    4   15  193   17    1    2
    4   15  298   25   10    3
    4   15  360   30   12    5
    4   15   93    8    9    6
    4   15  290   25    2    7
    4   15  300   25   12    2
    4   15  130   11   10    5
    4   15    7    1    7    7
    4   15  343   29    7    5
    4   15  336   28   12    6
    4   15  225   19    9    6
    4   15   97    9    1    7
    4   15  247   21    7    3
    4   15  330   28    6    7
    4   15  158   14    2    3
    4   15  265   23    1    3
    4   15  215   18   11    4
    4   15   67    6    7    2
    4   15  107    9   11    6
    4   15   44    4    8    6
    4   15   98    9    2    7
    4   15  217   19    1    8
    4   15  310   26   10    2
    4   15   18    2    6    3
    4   15   22    2   10    2
    4   15  182   16    2    5
    4   15  271   23    7    3
    4   15  156   13   12    6
    4   15  235   20    7    3
    4   15  228   19   12    7
    4   15  254   22    2    8
    4   15   56    5    8    7
    4   15  125   11    5    5
    4   15  233   20    5    4
    4   15  161   14    5    3
    4   15  103    9    7    5
    4   15  348   29   12    4
    4   15    4    1    4    7
    4   15  138   12    6    5
    4   15  337   29    1    4
    4   15  340   29    4    3
    4   15  191   16   11    4
    4   15  139   12    7    2
    4   15   91    8    7    7
    4   15  145   13    1    5
    4   15  302   26    2    5
    4   15  223   19    7    6
    4   15  143   12   11    3
    4   15  292   25    4    2
    4   15  101    9    5    7
    4   15  179   15   11    6
    4   15  322   27   10    6
    4   15   48    4   12    5
    4   15  133   12    1    1
    4   15  280   24    4    9
    4   15  208   18    4    8
    4   15   53    5    5    7
    4   15  192   16   12    6
    4   15  184   16    4    3
    4   15  328   28    4    9
    4   15  352   30    4    2
    4   15  196   17    4    3
    4   15  350   30    2    4
    4   15   64    6    4    3
    4   15  202   17   10    3
    4   15   99    9    3    7
    4   15  268   23    4    3
    4   15   57    5    9    8
    4   15    8    1    8    7
    4   15   71    6   11    2
    4   15  201   17    9    3
    4   15  346   29   10    6
    4   15   20    2    8    5
    4   15  325   28    1    5
    4   15   73    7    1    7
    4   15  279   24    3    7
    4   15   62    6    2    2
    4   15  262   22   10    5
    4   15  260   22    8    7
    4   15  185   16    5    5
    4   15   55    5    7    6
    4   15  236   20    8    3
    4   15  357   30    9    6
    4   15  323   27   11    6
    4   15  251   21   11    2
    4   15  128   11    8    3
    4   15  142   12   10    3
    4   15  256   22    4    4
    4   15   25    3    1    5
    4   15  157   14    1    3
