    5   17   48    4   12    1
    5   17  281   24    5    6
    5   17  245   21    5    7
    5   17  355   30    7    4
    5   17   96    8   12    5
    5   17   52    5    4    3
    5   17   83    7   11    3
    5   17  319   27    7    1
    5   17  149   13    5    2
    5   17  282   24    6    2
    5   17  278   24    2    2
    5   17  356   30    8    1
    5   17    8    1    8    5
    5   17  294   25    6    7
    5   17   39    4    3    4
    5   17   55    5    7    3
    5   17   44    4    8    3
    5   17  263   22   11    5
    5   17  327   28    3    7
    5   17  359   30   11    3
    5   17   25    3    1    6
    5   17  176   15    8    8
    5   17  308   26    8    5
    5   17   90    8    6    6
    5   17  270   23    6    3
    5   17  172   15    4    7
    5   17  214   18   10    5
    5   17  341   29    5    4
    5   17  163   14    7    8
    5   17  218   19    2    6
    5   17   79    7    7    6
    5   17   73    7    1    6
    5   17  109   10    1    4
    5   17  131   11   11    7
    5   17   89    8    5    6
    5   17   45    4    9    8
    5   17  106    9   10    1
    5   17   17    2    5    2
    5   17  277   24    1    4
    5   17  134   12    2    9
    5   17  307   26    7    1
    5   17   12    1   12    2
    5   17  339   29    3    1
    5   17  111   10    3    9
    5   17   28    3    4    6
    5   17  350   30    2    3
    5   17   72    6   12    9
    5   17   76    7    4    7
    5   17  241   21    1    9
    5   17  325   28    1    9
    5   17   80    7    8    7
    5   17  146   13    2    5
    5   17  126   11    6    7
    5   17  152   13    8    5
    5   17   13    2    1    5
    5   17  161   14    5    4
    5   17  309   26    9    3
    5   17  179   15   11    6
    5   17  259   22    7    3
    5   17  284   24    8    3
    5   17  230   20    2    8
    5   17  275   23   11    9
    5   17  286   24   10    3
    5   17  130   11   10    5
    5   17   94    8   10    5
    5   17  164   14    8    7
    5   17   88    8    4    5
    5   17  290   25    2    9
    5   17   10    1   10    4
    5   17  110   10    2    2
    5   17  328   28    4    7
    5   17  139   12    7    9
    5   17  133   12    1    9
    5   17  221   19    5    9
    5   17  347   29   11    1
    5   17  358   30   10    1
    5   17  269   23    5    1
    5   17  203   17   11    2
    5   17   35    3   11    1
    5   17   95    8   11    4
    5   17  252   21   12    7
    5   17  264   22   12    3
    5   17  231   20    3    1
    5   17  101    9    5    1
    5   17  154   13   10    5
    5   17  212   18    8    5
    5   17   38    4    2    5
    5   17  217   19    1    5
    5   17   61    6    1    9
    5   17  129   11    9    6
    5   17    3    1    3    2
    5   17  112   10    4    1
    5   17  208   18    4    5
    5   17  140   12    8    9
    5   17  246   21    6    8
    5   17  141   12    9    9
    5   17  117   10    9    1
    5   17  267   23    3    3
    5   17  196   17    4    8
    5   17  326   28    2    9
    5   17  276   23   12    6
    5   17   16    2    4    6
    5   17   34    3   10    1
    5   17  251   21   11    9
    5   17  159   14    3    8
    5   17    6    1    6    4
    5   17  167   14   11    1
    5   17   41    4    5    6
    5   17   29    3    5    1
    5   17  219   19    3    7
    5   17  330   28    6    9
    5   17  279   24    3    5
    5   17  123   11    3    6
    5   17  353   30    5    5
    5   17  193   17    1    2
    5   17  335   28   11    3
    5   17  305   26    5    1
    5   17  300   25   12    1
    5   17   51    5    3    4
    5   17  169   15    1    4
    5   17  183   16    3    3
    5   17  349   30    1    6
    5   17  151   13    7    4
    5   17  352   30    4    4
    5   17  228   19   12    6
    5   17  332   28    8    8
    5   17   64    6    4    9
    5   17  127   11    7    7
    5   17  162   14    6    6
    5   17   60    5   12    6
    5   17  175   15    7    3
    5   17  191   16   11    3
    5   17  224   19    8    4
    5   17  211   18    7    4
    5   17   82    7   10    5
    5   17  293   25    5    5
    5   17    9    1    9    5
    5   17  222   19    6    7
    5   17  343   29    7    3
    5   17  357   30    9    7
    5   17  272   23    8    8
    5   17  185   16    5    2
    5   17  210   18    6    3
    5   17  188   16    8    3
    5   17  292   25    4    1
    5   17  291   25    3    6
    5   17  177   15    9    7
    5   17  288   24   12    2
    5   17  254   22    2    5
    5   17  237   20    9    2
    5   17  173   15    5    5
    5   17  137   12    5    9
    5   17  119   10   11    1
    5   17   21    2    9    2
    5   17  280   24    4    3
    5   17  360   30   12    2
    5   17  289   25    1    1
    5   17    4    1    4    3
    5   17  148   13    4    3
    5   17  128   11    8    8
    5   17  166   14   10    1
    5   17  205   18    1    1
    5   17  115   10    7    2
    5   17  333   28    9    7
    5   17  199   17    7    3
    5   17   92    8    8    5
    5   17  189   16    9    5
    5   17  143   12   11    5
    5   17  322   27   10    8
    5   17   22    2   10    4
    5   17  100    9    4    2
    5   17  249   21    9    8
    5   17  182   16    2    4
    5   17   40    4    4    7
    5   17  202   17   10    2
    5   17  216   18   12    1
    5   17  142   12   10    9
    5   17  155   13   11    5
    5   17  301   26    1    3
    5   17   36    3   12    3
    5   17  304   26    4    7
    5   17   70    6   10    9
    5   17  345   29    9    1
    5   17  170   15    2    7
    5   17   23    2   11    4
    5   17  184   16    4    4
    5   17  274   23   10    3
    5   17  257   22    5    8
    5   17  338   29    2    1
    5   17  273   23    9    8
    5   17  223   19    7    8
    5   17  351   30    3    2
    5   17  306   26    6    3
    5   17   26    3    2    6
    5   17   46    4   10    6
    5   17  120   10   12    3
    5   17  138   12    6    8
    5   17   62    6    2    9
    5   17  206   18    2    5
    5   17  229   20    1    6
    5   17  113   10    5    3
    5   17  243   21    3    8
    5   17  320   27    8    7
    5   17   11    1   11    6
    5   17   86    8    2    6
    5   17  315   27    3    7
    5   17  190   16   10    3
    5   17   87    8    3    5
    5   17  156   13   12    4
    5   17  220   19    4    5
    5   17  233   20    5    6
    5   17  268   23    4    2
    5   17  198   17    6    7
    5   17  122   11    2    7
    5   17  311   26   11    3
    5   17  200   17    8    8
    5   17  186   16    6    3
    5   17  344   29    8    2
    5   17   67    6    7    9
    5   17  299   25   11    3
    5   17   19    2    7    1
    5   17  303   26    3    2
    5   17   84    7   12    3
    5   17  147   13    3    3
    5   17   78    7    6    4
    5   17  240   20   12    1
    5   17   71    6   11    9
    5   17  285   24    9    4
    5   17  114   10    6    5
    5   17  104    9    8    2
    5   17  181   16    1    2
    5   17    1    1    1    2
    5   17  314   27    2    7
    5   17  232   20    4    1
    5   17    2    1    2    1
    5   17   99    9    3    1
    5   17  321   27    9    8
    5   17  271   23    7    6
    5   17  201   17    9    6
    5   17  253   22    1    6
    5   17   30    3    6    5
    5   17   42    4    6    4
    5   17  180   15   12    5
    5   17  250   21   10    8
    5   17   85    8    1    7
    5   17   98    9    2    1
    5   17   77    7    5    2
    5   17  239   20   11    7
    5   17  302   26    2    1
    5   17  354   30    6    6
    5   17   54    5    6    6
    5   17  136   12    4    9
    5   17   63    6    3    9
    5   17   57    5    9    8
    5   17   43    4    7    3
    5   17  150   13    6    1
    5   17  238   20   10    1
    5   17  298   25   10    1
    5   17  132   11   12    4
    5   17  331   28    7    5
    5   17  125   11    5    1
    5   17  258   22    6    5
    5   17  168   14   12    5
    5   17  329   28    5    1
    5   17  256   22    4    2
    5   17  317   27    5    4
    5   17  225   19    9    5
    5   17   66    6    6    8
    5   17  174   15    6    7
    5   17    7    1    7    4
    5   17   74    7    2    5
    5   17   69    6    9    9
    5   17  165   14    9    3
    5   17  337   29    1    2
    5   17   20    2    8    2
    5   17  323   27   11    5
    5   17  235   20    7    3
    5   17   24    2   12    1
    5   17  157   14    1    3
    5   17  171   15    3    1
    5   17  295   25    7    1
    5   17   14    2    2    1
    5   17   97    9    1    1
    5   17   75    7    3    5
    5   17   27    3    3    4
    5   17  340   29    4    1
    5   17  313   27    1    2
    5   17   37    4    1    2
    5   17  283   24    7    2
    5   17  192   16   12    2
    5   17  178   15   10    7
    5   17  248   21    8    8
    5   17   68    6    8    9
    5   17  260   22    8    5
    5   17  116   10    8    1
    5   17  236   20    8    4
    5   17   33    3    9    5
    5   17   58    5   10    5
    5   17   59    5   11    5
    5   17   50    5    2    5
    5   17  255   22    3    4
    5   17  247   21    7    7
    5   17  266   23    2    2
    5   17  187   16    7    2
    5   17  158   14    2    3
    5   17  310   26   10    2
    5   17  144   12   12    9
    5   17   31    3    7    3
    5   17  153   13    9    1
    5   17   47    4   11    5
    5   17   56    5    8    5
    5   17  121   11    1    7
    5   17   18    2    6    2
    5   17  262   22   10    2
    5   17  105    9    9    1
    5   17  342   29    6    1
    5   17  316   27    4    1
    5   17  244   21    4    8
    5   17   15    2    3    1
    5   17   93    8    9    3
    5   17  209   18    5    1
    5   17  108    9   12    1
    5   17  194   17    2    1
    5   17   65    6    5    8
    5   17   32    3    8    7
    5   17  234   20    6    1
    5   17  160   14    4    1
    5   17  204   17   12    7
    5   17  261   22    9    6
    5   17   53    5    5    1
    5   17  312   26   12    5
    5   17  135   12    3    7
    5   17  242   21    2    8
    5   17  318   27    6    2
    5   17  297   25    9    2
    5   17  118   10   10    2
    5   17  215   18   11    2
    5   17  102    9    6    2
    5   17  226   19   10    7
    5   17   81    7    9    5
    5   17  287   24   11    4
    5   17  207   18    3    2
    5   17   91    8    7    2
    5   17  265   23    1    6
    5   17    5    1    5    2
    5   17   49    5    1    6
    5   17  336   28   12    7
    5   17  103    9    7    1
    5   17  346   29   10    1
    5   17  145   13    1    1
    5   17  296   25    8    1
    5   17  195   17    3    7
    5   17  197   17    5    1
    5   17  324   27   12    8
    5   17  334   28   10    6
    5   17  227   19   11    4
    5   17  213   18    9    3
    5   17  124   11    4    7
    5   17  348   29   12    1
    5   17  107    9   11    1
