    2   17  248   21    8    3
    2   17  259   22    7    9
    2   17  147   13    3    5
    2   17  220   19    4    7
    2   17   75    7    3    7
    2   17   24    2   12    7
    2   17  354   30    6    4
    2   17  111   10    3    6
    2   17   29    3    5    6
    2   17   37    4    1    7
    2   17  318   27    6    2
    2   17  114   10    6    4
    2   17  263   22   11    9
    2   17  352   30    4    3
    2   17  303   26    3    3
    2   17  177   15    9    2
    2   17  306   26    6    4
    2   17  149   13    5    6
    2   17  218   19    2    7
    2   17  317   27    5    7
    2   17  123   11    3    3
    2   17   73    7    1    9
    2   17  322   27   10    2
    2   17  321   27    9    2
    2   17   85    8    1    3
    2   17  327   28    3    4
    2   17  331   28    7    2
    2   17  215   18   11    4
    2   17  133   12    1    1
    2   17    3    1    3    4
    2   17   65    6    5    2
    2   17   17    2    5    4
    2   17  241   21    1    6
    2   17   47    4   11    6
    2   17  311   26   11    4
    2   17  168   14   12    4
    2   17   12    1   12    7
    2   17   78    7    6    7
    2   17  117   10    9    8
    2   17  122   11    2    4
    2   17  184   16    4    3
    2   17  281   24    5    9
    2   17  316   27    4    8
    2   17  357   30    9    8
    2   17  170   15    2    2
    2   17   33    3    9    7
    2   17  230   20    2    2
    2   17  155   13   11    6
    2   17  185   16    5    7
    2   17  349   30    1    3
    2   17  191   16   11    4
    2   17  290   25    2    6
    2   17   97    9    1    7
    2   17   93    8    9    7
    2   17  359   30   11    2
    2   17   50    5    2    8
    2   17  255   22    3    9
    2   17  101    9    5    8
    2   17  347   29   11    6
    2   17  341   29    5    4
    2   17  210   18    6    3
    2   17  324   27   12    3
    2   17  329   28    5    2
    2   17  312   26   12    3
    2   17  291   25    3    4
    2   17   49    5    1    8
    2   17  356   30    8    4
    2   17  307   26    7    4
    2   17  282   24    6    7
    2   17   80    7    8    7
    2   17  201   17    9    6
    2   17  333   28    9    8
    2   17   94    8   10    7
    2   17  309   26    9    4
    2   17  299   25   11    7
    2   17  296   25    8    6
    2   17  139   12    7    1
    2   17  112   10    4    6
    2   17  353   30    5    4
    2   17  205   18    1    4
    2   17  148   13    4    4
    2   17  188   16    8    4
    2   17  273   23    9    2
    2   17  116   10    8    3
    2   17  194   17    2    4
    2   17  225   19    9    7
    2   17  169   15    1    7
    2   17  277   24    1    9
    2   17  109   10    1    7
    2   17  176   15    8    7
    2   17   71    6   11    1
    2   17  276   23   12    3
    2   17  283   24    7    9
    2   17    6    1    6    6
    2   17  300   25   12    4
    2   17  298   25   10    2
    2   17   15    2    3    6
    2   17   56    5    8    6
    2   17   18    2    6    4
    2   17   45    4    9    7
    2   17  172   15    4    2
    2   17  103    9    7    7
    2   17  355   30    7    4
    2   17   31    3    7    7
    2   17  189   16    9    7
    2   17  289   25    1    3
    2   17   59    5   11    6
    2   17  272   23    8    2
    2   17  221   19    5    4
    2   17   36    3   12    7
    2   17  256   22    4    8
    2   17  198   17    6    7
    2   17   39    4    3    5
    2   17   96    8   12    6
    2   17  314   27    2    2
    2   17    9    1    9    4
    2   17  102    9    6    7
    2   17  246   21    6    7
    2   17  118   10   10    6
    2   17   53    5    5    7
    2   17  297   25    9    4
    2   17  252   21   12    4
    2   17   63    6    3    1
    2   17  338   29    2    6
    2   17  235   20    7    6
    2   17  160   14    4    4
    2   17  232   20    4    4
    2   17   27    3    3    6
    2   17  279   24    3    9
    2   17  105    9    9    8
    2   17  260   22    8    9
    2   17   52    5    4    7
    2   17   91    8    7    7
    2   17   60    5   12    7
    2   17  251   21   11    2
    2   17  204   17   12    4
    2   17  295   25    7    4
    2   17  237   20    9    6
    2   17  266   23    2    2
    2   17  167   14   11    4
    2   17  234   20    6    4
    2   17  121   11    1    5
    2   17   77    7    5    9
    2   17  330   28    6    8
    2   17  332   28    8    2
    2   17  206   18    2    2
    2   17   84    7   12    7
    2   17  229   20    1    4
    2   17  183   16    3    4
    2   17  199   17    7    4
    2   17   69    6    9    1
    2   17  182   16    2    4
    2   17  124   11    4    6
    2   17  293   25    5    3
    2   17  162   14    6    3
    2   17   10    1   10    7
    2   17  144   12   12    1
    2   17  115   10    7    6
    2   17   81    7    9    8
    2   17  228   19   12    8
    2   17  208   18    4    4
    2   17   21    2    9    4
    2   17  127   11    7    7
    2   17   34    3   10    7
    2   17  131   11   11    8
    2   17  351   30    3    3
    2   17  110   10    2    7
    2   17  154   13   10    6
    2   17  156   13   12    5
    2   17   88    8    4    4
    2   17   92    8    8    6
    2   17   98    9    2    7
    2   17  250   21   10    2
    2   17   67    6    7    4
    2   17  193   17    1    8
    2   17  211   18    7    2
    2   17  345   29    9    3
    2   17  240   20   12    3
    2   17   95    8   11    8
    2   17   57    5    9    8
    2   17   62    6    2    1
    2   17  137   12    5    2
    2   17   74    7    2    8
    2   17   86    8    2    7
    2   17  128   11    8    3
    2   17   61    6    1    1
    2   17  219   19    3    3
    2   17  119   10   11    7
    2   17  195   17    3    6
    2   17  181   16    1    8
    2   17  200   17    8    7
    2   17  242   21    2    2
    2   17  253   22    1    9
    2   17  158   14    2    4
    2   17   20    2    8    3
    2   17  350   30    2    4
    2   17  129   11    9    6
    2   17  222   19    6    8
    2   17  328   28    4    9
    2   17  342   29    6    4
    2   17  302   26    2    6
    2   17  308   26    8    4
    2   17   30    3    6    7
    2   17   11    1   11    7
    2   17  196   17    4    7
    2   17  239   20   11    7
    2   17  274   23   10    2
    2   17  247   21    7    3
    2   17   38    4    2    4
    2   17  187   16    7    6
    2   17   26    3    2    6
    2   17  207   18    3    6
    2   17   68    6    8    1
    2   17   82    7   10    9
    2   17  231   20    3    3
    2   17  284   24    8    9
    2   17   66    6    6    2
    2   17    4    1    4    8
    2   17  285   24    9    9
    2   17   16    2    4    3
    2   17  326   28    2    7
    2   17  346   29   10    4
    2   17  319   27    7    3
    2   17  287   24   11    9
    2   17   22    2   10    2
    2   17  216   18   12    4
    2   17  166   14   10    4
    2   17  203   17   11    6
    2   17    8    1    8    6
    2   17  213   18    9    7
    2   17  244   21    4    6
    2   17   64    6    4    1
    2   17   25    3    1    6
    2   17  152   13    8    7
    2   17  159   14    3    4
    2   17  267   23    3    2
    2   17  325   28    1    3
    2   17  186   16    6    6
    2   17  165   14    9    7
    2   17   87    8    3    8
    2   17  336   28   12    3
    2   17  323   27   11    1
    2   17  157   14    1    3
    2   17  268   23    4    3
    2   17  288   24   12    4
    2   17  340   29    4    4
    2   17   48    4   12    5
    2   17   32    3    8    6
    2   17  180   15   12    4
    2   17  120   10   12    6
    2   17  217   19    1    5
    2   17   42    4    6    5
    2   17    7    1    7    7
    2   17   72    6   12    1
    2   17  358   30   10    4
    2   17  107    9   11    7
    2   17  360   30   12    4
    2   17  339   29    3    4
    2   17  294   25    6    3
    2   17  178   15   10    7
    2   17   40    4    4    7
    2   17  315   27    3    2
    2   17   76    7    4    7
    2   17  136   12    4    2
    2   17  280   24    4    9
    2   17  173   15    5    2
    2   17  209   18    5    4
    2   17  143   12   11    3
    2   17  226   19   10    4
    2   17  233   20    5    3
    2   17  171   15    3    2
    2   17  278   24    2    9
    2   17  270   23    6    2
    2   17   54    5    6    7
    2   17  174   15    6    3
    2   17  150   13    6    4
    2   17   19    2    7    6
    2   17   14    2    2    7
    2   17   51    5    3    7
    2   17  153   13    9    4
    2   17   41    4    5    5
    2   17  192   16   12    6
    2   17  161   14    5    2
    2   17  134   12    2    3
    2   17  104    9    8    8
    2   17  334   28   10    2
    2   17  163   14    7    3
    2   17  335   28   11    2
    2   17   28    3    4    6
    2   17  212   18    8    4
    2   17  262   22   10    9
    2   17  305   26    5    9
    2   17  243   21    3    3
    2   17  130   11   10    6
    2   17  227   19   11    8
    2   17   44    4    8    7
    2   17   90    8    6    8
    2   17  164   14    8    8
    2   17  126   11    6    4
    2   17    5    1    5    9
    2   17  275   23   11    1
    2   17  286   24   10    9
    2   17  142   12   10    3
    2   17  145   13    1    4
    2   17  269   23    5    3
    2   17  313   27    1    3
    2   17  140   12    8    1
    2   17   99    9    3    6
    2   17  254   22    2    9
    2   17   70    6   10    1
    2   17  265   23    1    2
    2   17  223   19    7    6
    2   17    2    1    2    7
    2   17  258   22    6    8
    2   17    1    1    1    6
    2   17  138   12    6    4
    2   17  214   18   10    3
    2   17   46    4   10    2
    2   17  320   27    8    2
    2   17   79    7    7    8
    2   17  292   25    4    3
    2   17  310   26   10    3
    2   17  100    9    4    6
    2   17  108    9   12    4
    2   17  344   29    8    4
    2   17   83    7   11    9
    2   17  141   12    9    1
    2   17  257   22    5    9
    2   17  261   22    9    8
    2   17  151   13    7    4
    2   17  271   23    7    2
    2   17   13    2    1    3
    2   17  132   11   12    7
    2   17  202   17   10    4
    2   17  264   22   12    9
    2   17  249   21    9    1
    2   17  175   15    7    4
    2   17  348   29   12    4
    2   17  106    9   10    7
    2   17  135   12    3    8
    2   17  301   26    1    3
    2   17  236   20    8    3
    2   17   58    5   10    6
    2   17   23    2   11    7
    2   17  190   16   10    6
    2   17  197   17    5    4
    2   17  337   29    1    6
    2   17  146   13    2    7
    2   17   89    8    5    6
    2   17  224   19    8    8
    2   17   35    3   11    7
    2   17  245   21    5    4
    2   17   43    4    7    8
    2   17  179   15   11    7
    2   17  238   20   10    4
    2   17   55    5    7    7
    2   17  113   10    5    7
    2   17  125   11    5    7
    2   17  304   26    4    1
    2   17  343   29    7    3
