    6   15  294   25    6    0
    6   15   80    7    8    2
    6   15  276   23   12    0
    6   15  195   17    3    0
    6   15  335   28   11    0
    6   15  322   27   10    0
    6   15  157   14    1    0
    6   15  358   30   10    0
    6   15   18    2    6    0
    6   15  192   16   12    2
    6   15  155   13   11    0
    6   15   12    1   12    3
    6   15  292   25    4    0
    6   15    3    1    3    2
    6   15  204   17   12    0
    6   15  240   20   12    0
    6   15  320   27    8    0
    6   15  300   25   12    0
    6   15  127   11    7    1
    6   15  102    9    6    0
    6   15   66    6    6    0
    6   15  250   21   10    0
    6   15  199   17    7    0
    6   15  262   22   10    2
    6   15   99    9    3    0
    6   15  305   26    5    2
    6   15  144   12   12    0
    6   15   90    8    6    4
    6   15  227   19   11    9
    6   15  257   22    5    6
    6   15   68    6    8    0
    6   15   46    4   10    0
    6   15  260   22    8    1
    6   15  321   27    9    0
    6   15  206   18    2    0
    6   15   10    1   10    5
    6   15  101    9    5    0
    6   15  147   13    3    0
    6   15  197   17    5    0
    6   15   94    8   10    0
    6   15  269   23    5    8
    6   15   52    5    4    0
    6   15  314   27    2    0
    6   15  354   30    6    0
    6   15   51    5    3    2
    6   15  168   14   12    0
    6   15  208   18    4    0
    6   15  275   23   11    8
    6   15  251   21   11    0
    6   15  176   15    8    0
    6   15  326   28    2    3
    6   15  329   28    5    0
    6   15  133   12    1    0
    6   15  217   19    1    0
    6   15  288   24   12    0
    6   15   37    4    1    0
    6   15  193   17    1    7
    6   15  153   13    9    0
    6   15   95    8   11    0
    6   15  318   27    6    0
    6   15  128   11    8    0
    6   15  151   13    7    0
    6   15  307   26    7    0
    6   15  278   24    2    7
    6   15  111   10    3    0
    6   15   19    2    7    0
    6   15  201   17    9    0
    6   15  224   19    8    7
    6   15  265   23    1    0
    6   15  285   24    9    5
    6   15  231   20    3    0
    6   15  184   16    4    0
    6   15  146   13    2    0
    6   15  120   10   12    1
    6   15  310   26   10    0
    6   15   62    6    2    0
    6   15  232   20    4    0
    6   15   53    5    5    2
    6   15  149   13    5    0
    6   15   56    5    8    1
    6   15  302   26    2    1
    6   15   33    3    9    1
    6   15    1    1    1    4
    6   15  272   23    8    0
    6   15  105    9    9    0
    6   15   13    2    1    0
    6   15   14    2    2    0
    6   15  129   11    9    6
    6   15  236   20    8    0
    6   15   26    3    2    3
    6   15    6    1    6    1
    6   15  130   11   10    3
    6   15   48    4   12    0
    6   15  356   30    8    0
    6   15  160   14    4    0
    6   15  211   18    7    0
    6   15   84    7   12    3
    6   15   38    4    2    0
    6   15  341   29    5    0
    6   15  274   23   10    0
    6   15  154   13   10    0
    6   15   70    6   10    0
    6   15  177   15    9    0
    6   15   75    7    3    2
    6   15  200   17    8    0
    6   15   30    3    6    1
    6   15  116   10    8    0
    6   15   54    5    6    2
    6   15  190   16   10    0
    6   15  295   25    7    0
    6   15  259   22    7    1
    6   15  216   18   12    0
    6   15  234   20    6    0
    6   15  181   16    1    0
    6   15  349   30    1    0
    6   15   22    2   10    0
    6   15   39    4    3    2
    6   15  142   12   10    0
    6   15  319   27    7    0
    6   15  345   29    9    0
    6   15   21    2    9    0
    6   15  141   12    9    0
    6   15  256   22    4    2
    6   15  359   30   11    0
    6   15  218   19    2    0
    6   15  131   11   11    1
    6   15   91    8    7    0
    6   15  348   29   12    0
    6   15  313   27    1    0
    6   15   36    3   12    1
    6   15   96    8   12    4
    6   15   47    4   11    0
    6   15    9    1    9    2
    6   15  121   11    1    4
    6   15  164   14    8    0
    6   15   86    8    2    6
    6   15  331   28    7    0
    6   15   98    9    2    0
    6   15  268   23    4    0
    6   15  282   24    6    0
    6   15  165   14    9    0
    6   15  161   14    5    0
    6   15  239   20   11    0
    6   15   44    4    8    0
    6   15  173   15    5    0
    6   15  222   19    6    7
    6   15  134   12    2    0
    6   15  114   10    6    3
    6   15  284   24    8    5
    6   15   34    3   10    2
    6   15  249   21    9    0
    6   15  340   29    4    0
    6   15  136   12    4    0
    6   15   76    7    4    2
    6   15  312   26   12    0
    6   15   45    4    9    0
    6   15  196   17    4    0
    6   15  309   26    9    0
    6   15  299   25   11    0
    6   15  226   19   10    0
    6   15  110   10    2    2
    6   15  271   23    7    0
    6   15  171   15    3    0
    6   15  124   11    4    0
    6   15   29    3    5    0
    6   15  266   23    2    0
    6   15  357   30    9    0
    6   15  298   25   10    0
    6   15   64    6    4    0
    6   15  158   14    2    0
    6   15  287   24   11    7
    6   15  255   22    3    3
    6   15   79    7    7    4
    6   15  233   20    5    0
    6   15   41    4    5    0
    6   15  286   24   10    9
    6   15   92    8    8    0
    6   15   72    6   12    0
    6   15    2    1    2    1
    6   15  281   24    5    5
    6   15  198   17    6    0
    6   15  166   14   10    0
    6   15  139   12    7    0
    6   15   60    5   12    0
    6   15  182   16    2    0
    6   15  203   17   11    0
    6   15  252   21   12    0
    6   15  273   23    9    0
    6   15   87    8    3    8
    6   15  338   29    2    0
    6   15   59    5   11    0
    6   15   65    6    5    9
    6   15  325   28    1    0
    6   15  235   20    7    0
    6   15  143   12   11    0
    6   15  202   17   10    0
    6   15  328   28    4    0
    6   15  360   30   12    0
    6   15   85    8    1    0
    6   15  248   21    8    0
    6   15  317   27    5    0
    6   15  103    9    7    0
    6   15  228   19   12    0
    6   15   89    8    5    0
    6   15  106    9   10    0
    6   15  220   19    4    0
    6   15  188   16    8    0
    6   15  113   10    5    0
    6   15  247   21    7    0
    6   15  311   26   11    0
    6   15  353   30    5    0
    6   15  301   26    1    0
    6   15  246   21    6    0
    6   15  213   18    9    0
    6   15  308   26    8    0
    6   15  126   11    6    0
    6   15  264   22   12    4
    6   15  207   18    3    0
    6   15  210   18    6    0
    6   15  212   18    8    0
    6   15  145   13    1    6
    6   15  163   14    7    0
    6   15   83    7   11    5
    6   15  330   28    6    6
    6   15  238   20   10    0
    6   15  339   29    3    0
    6   15  125   11    5    0
    6   15  140   12    8    0
    6   15  180   15   12    0
    6   15  267   23    3    0
    6   15  186   16    6    0
    6   15  156   13   12    0
    6   15  221   19    5    0
    6   15   88    8    4    5
    6   15  290   25    2    0
    6   15   67    6    7    0
    6   15   35    3   11    0
    6   15  270   23    6    0
    6   15  191   16   11    0
    6   15   40    4    4    0
    6   15   20    2    8    0
    6   15  118   10   10    4
    6   15  115   10    7    0
    6   15  297   25    9    0
    6   15  253   22    1    0
    6   15  108    9   12    0
    6   15   23    2   11    0
    6   15   78    7    6    0
    6   15   71    6   11    0
    6   15  230   20    2    0
    6   15  324   27   12    0
    6   15  225   19    9    0
    6   15  107    9   11    0
    6   15  316   27    4    0
    6   15   73    7    1    0
    6   15  152   13    8    0
    6   15   97    9    1    0
    6   15   93    8    9    6
    6   15  178   15   10    0
    6   15  162   14    6    0
    6   15  277   24    1    7
    6   15  351   30    3    0
    6   15  332   28    8    0
    6   15  172   15    4    0
    6   15  137   12    5    0
    6   15  148   13    4    0
    6   15  241   21    1    0
    6   15   42    4    6    0
    6   15   15    2    3    0
    6   15  132   11   12    2
    6   15  175   15    7    0
    6   15   11    1   11    4
    6   15  159   14    3    0
    6   15  237   20    9    0
    6   15    7    1    7    8
    6   15  214   18   10    0
    6   15  215   18   11    0
    6   15   27    3    3    0
    6   15   58    5   10    3
    6   15  333   28    9    0
    6   15   25    3    1    0
    6   15  219   19    3    0
    6   15   69    6    9    0
    6   15   61    6    1    0
    6   15  183   16    3    0
    6   15  179   15   11    0
    6   15  350   30    2    0
    6   15  291   25    3    0
    6   15  170   15    2    0
    6   15  187   16    7    0
    6   15   32    3    8    5
    6   15  352   30    4    0
    6   15  336   28   12    0
    6   15  229   20    1    0
    6   15  342   29    6    0
    6   15   17    2    5    0
    6   15  304   26    4    0
    6   15   81    7    9    0
    6   15  245   21    5    3
    6   15  283   24    7    8
    6   15  293   25    5    0
    6   15  243   21    3    0
    6   15   24    2   12    0
    6   15  138   12    6    0
    6   15  347   29   11    0
    6   15  194   17    2    0
    6   15  343   29    7    0
    6   15  344   29    8    0
    6   15  109   10    1    0
    6   15   43    4    7    4
    6   15  263   22   11    2
    6   15  209   18    5    0
    6   15  185   16    5    0
    6   15  315   27    3    0
    6   15   74    7    2    1
    6   15   55    5    7    0
    6   15  117   10    9    3
    6   15  334   28   10    0
    6   15  306   26    6    0
    6   15   50    5    2    0
    6   15  104    9    8    0
    6   15   77    7    5    2
    6   15  100    9    4    0
    6   15    8    1    8    0
    6   15  112   10    4    0
    6   15  119   10   11    0
    6   15  169   15    1    0
    6   15  150   13    6    0
    6   15  280   24    4    4
    6   15  244   21    4    0
    6   15  174   15    6    0
    6   15   63    6    3    0
    6   15   16    2    4    0
    6   15  123   11    3    0
    6   15  303   26    3    0
    6   15  296   25    8    0
    6   15  279   24    3    8
    6   15  327   28    3    0
    6   15  122   11    2    0
    6   15  261   22    9    0
    6   15    5    1    5    3
    6   15   49    5    1    3
    6   15  346   29   10    0
    6   15   82    7   10    0
    6   15    4    1    4    4
    6   15  258   22    6    2
    6   15   57    5    9    1
    6   15   28    3    4    1
    6   15  189   16    9    1
    6   15  337   29    1    0
    6   15  135   12    3    0
    6   15  242   21    2    0
    6   15  254   22    2    2
    6   15  167   14   11    0
    6   15   31    3    7    3
    6   15  323   27   11    0
    6   15  355   30    7    0
    6   15  289   25    1    0
    6   15  223   19    7    0
    6   15  205   18    1    0
