   10   16   42    4    6    5
   10   16   12    1   12    4
   10   16  322   27   10    6
   10   16  141   12    9    3
   10   16  213   18    9    5
   10   16   51    5    3    7
   10   16  138   12    6    4
   10   16  171   15    3    2
   10   16   89    8    5    4
   10   16  225   19    9    3
   10   16   49    5    1    9
   10   16   38    4    2    2
   10   16  135   12    3    2
   10   16   46    4   10    2
   10   16  360   30   12    4
   10   16    4    1    4    4
   10   16   77    7    5    8
   10   16  275   23   11    6
   10   16  294   25    6    2
   10   16   95    8   11    6
   10   16   68    6    8    5
   10   16  245   21    5    3
   10   16  148   13    4    6
   10   16   74    7    2    9
   10   16  274   23   10    3
   10   16   65    6    5    4
   10   16  278   24    2    6
   10   16  112   10    4    2
   10   16  332   28    8    2
   10   16  122   11    2    2
   10   16   67    6    7    6
   10   16  321   27    9    4
   10   16  270   23    6    2
   10   16  221   19    5    1
   10   16   22    2   10    1
   10   16   71    6   11    1
   10   16  292   25    4    1
   10   16  334   28   10    2
   10   16  347   29   11    1
   10   16  271   23    7    1
   10   16   87    8    3    7
   10   16  304   26    4    1
   10   16  258   22    6    6
   10   16  107    9   11    1
   10   16  134   12    2    2
   10   16  308   26    8    2
   10   16   73    7    1    8
   10   16  295   25    7    2
   10   16   97    9    1    2
   10   16  153   13    9    5
   10   16  342   29    6    4
   10   16  246   21    6    3
   10   16  355   30    7    2
   10   16  298   25   10    2
   10   16  320   27    8    3
   10   16   15    2    3    5
   10   16  256   22    4    6
   10   16   50    5    2    7
   10   16   48    4   12    3
   10   16   39    4    3    3
   10   16  192   16   12    3
   10   16  276   23   12    4
   10   16   82    7   10    8
   10   16    9    1    9    2
   10   16  210   18    6    3
   10   16  166   14   10    2
   10   16  316   27    4    5
   10   16  215   18   11    4
   10   16  244   21    4    3
   10   16  297   25    9    2
   10   16  257   22    5    6
   10   16  339   29    3    2
   10   16  205   18    1    3
   10   16  185   16    5    6
   10   16  315   27    3    2
   10   16  250   21   10    2
   10   16  105    9    9    2
   10   16  349   30    1    1
   10   16    6    1    6    5
   10   16   37    4    1    5
   10   16   26    3    2    6
   10   16  162   14    6    3
   10   16   16    2    4    1
   10   16  251   21   11    1
   10   16   31    3    7    7
   10   16  170   15    2    1
   10   16  217   19    1    3
   10   16   44    4    8    3
   10   16  198   17    6    2
   10   16  216   18   12    2
   10   16  311   26   11    2
   10   16  232   20    4    1
   10   16  152   13    8    5
   10   16  224   19    8    4
   10   16   79    7    7    9
   10   16  173   15    5    6
   10   16  265   23    1    7
   10   16  129   11    9    6
   10   16  115   10    7    4
   10   16  117   10    9    5
   10   16  233   20    5    1
   10   16   75    7    3    9
   10   16  269   23    5    3
   10   16  249   21    9    2
   10   16  319   27    7    2
   10   16  109   10    1    6
   10   16  247   21    7    2
   10   16  103    9    7    3
   10   16  327   28    3    5
   10   16  333   28    9    6
   10   16  341   29    5    1
   10   16  238   20   10    1
   10   16  211   18    7    2
   10   16  132   11   12    8
   10   16   24    2   12    4
   10   16  147   13    3    5
   10   16  164   14    8    3
   10   16  268   23    4    4
   10   16  125   11    5    6
   10   16  263   22   11    9
   10   16    8    1    8    4
   10   16  338   29    2    2
   10   16  193   17    1    6
   10   16  177   15    9    3
   10   16  254   22    2    7
   10   16   96    8   12    7
   10   16   58    5   10    8
   10   16  255   22    3    7
   10   16  358   30   10    1
   10   16  240   20   12    2
   10   16   11    1   11    6
   10   16  157   14    1    2
   10   16  354   30    6    6
   10   16  144   12   12    4
   10   16  343   29    7    6
   10   16   92    8    8    5
   10   16  227   19   11    6
   10   16  191   16   11    6
   10   16  176   15    8    5
   10   16  165   14    9    4
   10   16  223   19    7    5
   10   16   69    6    9    4
   10   16   23    2   11    3
   10   16  235   20    7    1
   10   16  293   25    5    3
   10   16  180   15   12    4
   10   16  169   15    1    4
   10   16   59    5   11    7
   10   16  228   19   12    6
   10   16  116   10    8    2
   10   16  283   24    7    7
   10   16  306   26    6    2
   10   16   17    2    5    2
   10   16  207   18    3    5
   10   16   36    3   12    7
   10   16  230   20    2    2
   10   16  281   24    5    9
   10   16   86    8    2    7
   10   16  272   23    8    3
   10   16  273   23    9    4
   10   16  200   17    8    4
   10   16   66    6    6    6
   10   16  212   18    8    2
   10   16  204   17   12    5
   10   16   53    5    5    7
   10   16  260   22    8    9
   10   16  187   16    7    6
   10   16  106    9   10    2
   10   16    3    1    3    3
   10   16  340   29    4    2
   10   16  229   20    1    2
   10   16   10    1   10    3
   10   16  113   10    5    4
   10   16  124   11    4    4
   10   16   83    7   11    9
   10   16  248   21    8    2
   10   16  253   22    1    8
   10   16  285   24    9    8
   10   16  167   14   11    2
   10   16  241   21    1    3
   10   16   52    5    4    7
   10   16  181   16    1    6
   10   16  307   26    7    3
   10   16  131   11   11    7
   10   16  179   15   11    6
   10   16   88    8    4    7
   10   16  118   10   10    5
   10   16   85    8    1    2
   10   16  130   11   10    5
   10   16  291   25    3    5
   10   16  264   22   12    7
   10   16   40    4    4    5
   10   16  348   29   12    1
   10   16  159   14    3    2
   10   16  136   12    4    4
   10   16  142   12   10    3
   10   16  289   25    1    1
   10   16  206   18    2    4
   10   16  352   30    4    1
   10   16  243   21    3    3
   10   16  201   17    9    2
   10   16  313   27    1    3
   10   16  280   24    4    8
   10   16  326   28    2    7
   10   16    7    1    7    8
   10   16  156   13   12    6
   10   16  202   17   10    6
   10   16  329   28    5    6
   10   16   14    2    2    2
   10   16   41    4    5    5
   10   16  328   28    4    8
   10   16  262   22   10    8
   10   16  350   30    2    5
   10   16  178   15   10    4
   10   16  172   15    4    4
   10   16   19    2    7    2
   10   16   34    3   10    6
   10   16  149   13    5    6
   10   16   94    8   10    6
   10   16   32    3    8    8
   10   16  123   11    3    9
   10   16   13    2    1    2
   10   16  168   14   12    4
   10   16  325   28    1    5
   10   16  318   27    6    3
   10   16  219   19    3    6
   10   16  183   16    3    5
   10   16  110   10    2    7
   10   16  266   23    2    2
   10   16  344   29    8    4
   10   16  127   11    7    7
   10   16  114   10    6    7
   10   16  121   11    1    6
   10   16  345   29    9    5
   10   16  175   15    7    5
   10   16  335   28   11    5
   10   16  188   16    8    4
   10   16  143   12   11    4
   10   16  102    9    6    3
   10   16  195   17    3    4
   10   16   72    6   12    6
   10   16  356   30    8    3
   10   16  151   13    7    4
   10   16  104    9    8    2
   10   16  231   20    3    1
   10   16   70    6   10    5
   10   16  310   26   10    1
   10   16  351   30    3    1
   10   16   78    7    6    6
   10   16   18    2    6    2
   10   16  209   18    5    4
   10   16  161   14    5    3
   10   16  199   17    7    5
   10   16  214   18   10    5
   10   16  353   30    5    2
   10   16  302   26    2    5
   10   16  336   28   12    7
   10   16  146   13    2    6
   10   16   29    3    5    6
   10   16   62    6    2    5
   10   16   35    3   11    7
   10   16  203   17   11    6
   10   16  196   17    4    5
   10   16  154   13   10    8
   10   16   43    4    7    6
   10   16  267   23    3    5
   10   16  140   12    8    3
   10   16  108    9   12    3
   10   16   28    3    4    6
   10   16  286   24   10    7
   10   16  317   27    5    4
   10   16   56    5    8    6
   10   16  128   11    8    4
   10   16   93    8    9    5
   10   16  184   16    4    6
   10   16  309   26    9    3
   10   16  137   12    5    4
   10   16  133   12    1    2
   10   16  220   19    4    5
   10   16  261   22    9    7
   10   16  296   25    8    3
   10   16   21    2    9    2
   10   16   64    6    4    3
   10   16  222   19    6    4
   10   16  252   21   12    5
   10   16   25    3    1    6
   10   16  301   26    1    5
   10   16   54    5    6    7
   10   16   30    3    6    7
   10   16  314   27    2    6
   10   16  158   14    2    2
   10   16  155   13   11    5
   10   16  197   17    5    3
   10   16  331   28    7    5
   10   16   20    2    8    2
   10   16  189   16    9    6
   10   16  323   27   11    6
   10   16  277   24    1    8
   10   16   33    3    9    7
   10   16   55    5    7    6
   10   16  303   26    3    4
   10   16  182   16    2    5
   10   16   90    8    6    7
   10   16  120   10   12    6
   10   16   61    6    1    2
   10   16  279   24    3    8
   10   16  111   10    3    7
   10   16  357   30    9    6
   10   16   99    9    3    3
   10   16  236   20    8    2
   10   16  186   16    6    6
   10   16   91    8    7    4
   10   16    2    1    2    5
   10   16  290   25    2    5
   10   16  239   20   11    4
   10   16  287   24   11    8
   10   16   81    7    9    8
   10   16  226   19   10    6
   10   16  305   26    5    3
   10   16  282   24    6    4
   10   16  194   17    2    3
   10   16   60    5   12    7
   10   16  330   28    6    5
   10   16   27    3    3    5
   10   16  234   20    6    2
   10   16  359   30   11    5
   10   16  337   29    1    6
   10   16  101    9    5    2
   10   16  150   13    6    5
   10   16  288   24   12    4
   10   16  174   15    6    3
   10   16  259   22    7    7
   10   16  300   25   12    1
   10   16  119   10   11    1
   10   16  346   29   10    2
   10   16  324   27   12    5
   10   16   84    7   12    7
   10   16  100    9    4    2
   10   16  299   25   11    2
   10   16   80    7    8    8
   10   16  145   13    1    7
   10   16  163   14    7    5
   10   16  312   26   12    4
   10   16  218   19    2    6
   10   16   98    9    2    4
   10   16   45    4    9    5
   10   16  284   24    8    6
   10   16  160   14    4    4
   10   16  126   11    6    2
   10   16    5    1    5    6
   10   16  190   16   10    5
   10   16  242   21    2    4
   10   16   47    4   11    4
   10   16    1    1    1    4
   10   16  237   20    9    4
   10   16   76    7    4    8
   10   16   57    5    9    7
   10   16  139   12    7    4
   10   16  208   18    4    5
   10   16   63    6    3    4
