    4    9  292   25    4    3
    4    9  112   10    4    3
    4    9  149   13    5    5
    4    9   60    5   12    5
    4    9   32    3    8    6
    4    9  222   19    6    5
    4    9  237   20    9    3
    4    9  160   14    4    4
    4    9  144   12   12    2
    4    9   86    8    2    4
    4    9  140   12    8    1
    4    9  329   28    5    3
    4    9  129   11    9    2
    4    9  280   24    4    8
    4    9   55    5    7    7
    4    9  210   18    6    5
    4    9  145   13    1    3
    4    9  107    9   11    4
    4    9  226   19   10    4
    4    9  246   21    6    3
    4    9  159   14    3    3
    4    9   56    5    8    2
    4    9  332   28    8    1
    4    9  223   19    7    3
    4    9   35    3   11    5
    4    9  298   25   10    3
    4    9   23    2   11    3
    4    9  296   25    8    3
    4    9  199   17    7    2
    4    9  157   14    1    2
    4    9  208   18    4    3
    4    9  155   13   11    3
    4    9  138   12    6    4
    4    9  200   17    8    3
    4    9  209   18    5    3
    4    9   92    8    8    6
    4    9  215   18   11    5
    4    9  325   28    1    2
    4    9   25    3    1    4
    4    9  201   17    9    4
    4    9   58    5   10    4
    4    9  125   11    5    6
    4    9  323   27   11    2
    4    9  333   28    9    2
    4    9   11    1   11    3
    4    9  277   24    1    8
    4    9  355   30    7    2
    4    9  300   25   12    3
    4    9   34    3   10    3
    4    9   14    2    2    4
    4    9  258   22    6    9
    4    9  252   21   12    8
    4    9   85    8    1    6
    4    9   70    6   10    1
    4    9  349   30    1    2
    4    9  244   21    4    2
    4    9  122   11    2    5
    4    9  236   20    8    3
    4    9   28    3    4    3
    4    9   99    9    3    5
    4    9  288   24   12    5
    4    9  259   22    7    8
    4    9  304   26    4    4
    4    9  242   21    2    1
    4    9  331   28    7    8
    4    9  313   27    1    8
    4    9  290   25    2    5
    4    9   47    4   11    5
    4    9  153   13    9    3
    4    9   87    8    3    3
    4    9   45    4    9    3
    4    9  253   22    1    8
    4    9   39    4    3    5
    4    9  268   23    4    3
    4    9  255   22    3    8
    4    9  338   29    2    3
    4    9  132   11   12    4
    4    9   90    8    6    5
    4    9  218   19    2    4
    4    9   29    3    5    3
    4    9  262   22   10    3
    4    9  341   29    5    4
    4    9  124   11    4    5
    4    9  351   30    3    4
    4    9  314   27    2    3
    4    9  235   20    7    2
    4    9  174   15    6    3
    4    9  182   16    2    5
    4    9   89    8    5    5
    4    9  295   25    7    4
    4    9  324   27   12    3
    4    9   91    8    7    5
    4    9   68    6    8    1
    4    9  360   30   12    3
    4    9  104    9    8    3
    4    9   71    6   11    1
    4    9   98    9    2    5
    4    9  263   22   11    8
    4    9  316   27    4    6
    4    9  118   10   10    4
    4    9  275   23   11    1
    4    9   65    6    5    2
    4    9    3    1    3    4
    4    9  121   11    1    3
    4    9  256   22    4    5
    4    9   13    2    1    4
    4    9   42    4    6    6
    4    9  243   21    3    4
    4    9    6    1    6    5
    4    9   75    7    3    9
    4    9  194   17    2    6
    4    9   46    4   10    8
    4    9  154   13   10    8
    4    9  330   28    6    8
    4    9  123   11    3    3
    4    9  354   30    6    4
    4    9  291   25    3    4
    4    9   18    2    6    4
    4    9  321   27    9    2
    4    9  130   11   10    4
    4    9  192   16   12    4
    4    9  202   17   10    4
    4    9  190   16   10    4
    4    9   73    7    1    9
    4    9  178   15   10    7
    4    9  340   29    4    4
    4    9  265   23    1    2
    4    9  271   23    7    3
    4    9   48    4   12    5
    4    9  191   16   11    6
    4    9  317   27    5    7
    4    9  266   23    2    1
    4    9   10    1   10    5
    4    9  336   28   12    2
    4    9   36    3   12    8
    4    9    4    1    4    5
    4    9  141   12    9    1
    4    9   64    6    4    1
    4    9  287   24   11    9
    4    9   52    5    4    8
    4    9  315   27    3    3
    4    9  283   24    7    9
    4    9  187   16    7    7
    4    9  171   15    3    3
    4    9  156   13   12    6
    4    9   79    7    7    9
    4    9  128   11    8    9
    4    9  158   14    2    6
    4    9   76    7    4    8
    4    9  234   20    6    7
    4    9  248   21    8    7
    4    9   94    8   10    8
    4    9  142   12   10    9
    4    9  229   20    1    5
    4    9  238   20   10    5
    4    9   40    4    4    7
    4    9  273   23    9    3
    4    9  115   10    7    4
    4    9    7    1    7    8
    4    9  185   16    5    5
    4    9  350   30    2    5
    4    9    1    1    1    6
    4    9   61    6    1    1
    4    9   62    6    2    1
    4    9  346   29   10    4
    4    9  310   26   10    2
    4    9  359   30   11    8
    4    9  102    9    6    6
    4    9  133   12    1    1
    4    9  146   13    2    4
    4    9   21    2    9    5
    4    9  169   15    1    7
    4    9  213   18    9    7
    4    9  103    9    7    8
    4    9  343   29    7    5
    4    9  189   16    9    4
    4    9  306   26    6    4
    4    9  357   30    9    7
    4    9  284   24    8    8
    4    9  148   13    4    7
    4    9   20    2    8    5
    4    9  204   17   12    6
    4    9  168   14   12    3
    4    9  239   20   11    3
    4    9   69    6    9    1
    4    9  358   30   10    5
    4    9  183   16    3    7
    4    9  109   10    1    6
    4    9   12    1   12    6
    4    9   82    7   10    7
    4    9  207   18    3    7
    4    9  195   17    3    5
    4    9  108    9   12    3
    4    9  342   29    6    5
    4    9   72    6   12    1
    4    9   97    9    1    4
    4    9  134   12    2    2
    4    9    5    1    5    8
    4    9  228   19   12    8
    4    9  334   28   10    7
    4    9   54    5    6    6
    4    9  233   20    5    5
    4    9  278   24    2    7
    4    9   27    3    3    7
    4    9  274   23   10    3
    4    9   83    7   11    8
    4    9  214   18   10    7
    4    9  272   23    8    3
    4    9  328   28    4    5
    4    9  126   11    6    4
    4    9   15    2    3    5
    4    9  326   28    2    9
    4    9  163   14    7    8
    4    9   22    2   10    7
    4    9  227   19   11    7
    4    9   96    8   12    5
    4    9   74    7    2    4
    4    9  127   11    7    5
    4    9  294   25    6    4
    4    9  186   16    6    5
    4    9    8    1    8    5
    4    9  301   26    1    5
    4    9  110   10    2    5
    4    9  353   30    5    4
    4    9  224   19    8    4
    4    9  100    9    4    6
    4    9   63    6    3    1
    4    9  116   10    8    2
    4    9  152   13    8    4
    4    9  231   20    3    4
    4    9  247   21    7    4
    4    9  193   17    1    6
    4    9  172   15    4    5
    4    9  166   14   10    5
    4    9  322   27   10    4
    4    9  220   19    4    5
    4    9  120   10   12    6
    4    9  131   11   11    7
    4    9   81    7    9    6
    4    9  302   26    2    6
    4    9  197   17    5    3
    4    9  279   24    3    8
    4    9  184   16    4    4
    4    9   66    6    6    1
    4    9  217   19    1    4
    4    9   53    5    5    9
    4    9   31    3    7    8
    4    9  319   27    7    7
    4    9  305   26    5    6
    4    9    9    1    9    3
    4    9   41    4    5    5
    4    9  327   28    3    7
    4    9  221   19    5    4
    4    9   50    5    2    5
    4    9  241   21    1    3
    4    9  179   15   11    5
    4    9  335   28   11    5
    4    9   24    2   12    7
    4    9  318   27    6    4
    4    9  293   25    5    2
    4    9  170   15    2    4
    4    9  309   26    9    3
    4    9  180   15   12    7
    4    9  101    9    5    8
    4    9  344   29    8    6
    4    9  205   18    1    5
    4    9  135   12    3    3
    4    9  161   14    5    4
    4    9  308   26    8    3
    4    9  212   18    8    5
    4    9  225   19    9    5
    4    9   80    7    8    6
    4    9  198   17    6    7
    4    9  232   20    4    4
    4    9  311   26   11    3
    4    9  150   13    6    5
    4    9  260   22    8    8
    4    9  286   24   10    9
    4    9   26    3    2    3
    4    9   51    5    3    5
    4    9  162   14    6    4
    4    9   59    5   11    9
    4    9  105    9    9    8
    4    9  143   12   11    2
    4    9  307   26    7    4
    4    9  312   26   12    5
    4    9  257   22    5    8
    4    9  188   16    8    7
    4    9  196   17    4    6
    4    9   93    8    9    6
    4    9  264   22   12    9
    4    9  175   15    7    7
    4    9   57    5    9    9
    4    9    2    1    2    7
    4    9  345   29    9    6
    4    9   30    3    6    6
    4    9  347   29   11    5
    4    9  164   14    8    6
    4    9  177   15    9    4
    4    9  281   24    5    9
    4    9  137   12    5    1
    4    9   16    2    4    3
    4    9  285   24    9    9
    4    9  261   22    9    2
    4    9   78    7    6    4
    4    9  230   20    2    5
    4    9   95    8   11    3
    4    9   84    7   12    4
    4    9  151   13    7    4
    4    9  165   14    9    5
    4    9  117   10    9    8
    4    9   67    6    7    1
    4    9  267   23    3    2
    4    9  276   23   12    4
    4    9   49    5    1    8
    4    9  303   26    3    4
    4    9  206   18    2    3
    4    9  352   30    4    5
    4    9   19    2    7    3
    4    9  348   29   12    3
    4    9  251   21   11    1
    4    9  114   10    6    3
    4    9  339   29    3    4
    4    9  337   29    1    4
    4    9  320   27    8    3
    4    9  282   24    6    6
    4    9  216   18   12    5
    4    9   44    4    8    5
    4    9  136   12    4    1
    4    9  254   22    2    9
    4    9  219   19    3    8
    4    9  249   21    9    1
    4    9   88    8    4    4
    4    9  167   14   11    4
    4    9  147   13    3    6
    4    9  176   15    8    6
    4    9   77    7    5    7
    4    9   43    4    7    7
    4    9  245   21    5    3
    4    9   38    4    2    4
    4    9  289   25    1    2
    4    9  111   10    3    2
    4    9   37    4    1    4
    4    9  113   10    5    4
    4    9   17    2    5    4
    4    9  106    9   10    8
    4    9  270   23    6    4
    4    9  119   10   11    4
    4    9  299   25   11    5
    4    9  356   30    8    4
    4    9  139   12    7    1
    4    9  269   23    5    4
    4    9   33    3    9    5
    4    9  297   25    9    4
    4    9  250   21   10    4
    4    9  211   18    7    5
    4    9  240   20   12    4
    4    9  203   17   11    8
    4    9  181   16    1    7
    4    9  173   15    5    8
