    8   12   62    6    2    9
    8   12   35    3   11    8
    8   12  106    9   10    7
    8   12  138   12    6    8
    8   12  212   18    8    8
    8   12  221   19    5    4
    8   12   58    5   10    7
    8   12  360   30   12    8
    8   12  154   13   10    7
    8   12  207   18    3    7
    8   12  319   27    7    5
    8   12  184   16    4    3
    8   12  279   24    3    8
    8   12   78    7    6    1
    8   12  132   11   12    3
    8   12  180   15   12    7
    8   12   72    6   12    8
    8   12  117   10    9    7
    8   12  120   10   12    7
    8   12  123   11    3    4
    8   12  303   26    3    2
    8   12  269   23    5    4
    8   12   21    2    9    8
    8   12  233   20    5    7
    8   12  289   25    1    7
    8   12  186   16    6    4
    8   12  119   10   11    8
    8   12  101    9    5    4
    8   12  174   15    6    6
    8   12  325   28    1    1
    8   12    4    1    4    5
    8   12   39    4    3    5
    8   12   10    1   10    4
    8   12   71    6   11    9
    8   12    1    1    1    7
    8   12  253   22    1    1
    8   12  342   29    6    9
    8   12  142   12   10    2
    8   12  160   14    4    5
    8   12  171   15    3    5
    8   12   19    2    7    3
    8   12  355   30    7    5
    8   12  254   22    2    3
    8   12  164   14    8    5
    8   12  332   28    8    2
    8   12  234   20    6    4
    8   12  161   14    5    5
    8   12  299   25   11    3
    8   12  328   28    4    1
    8   12  252   21   12    3
    8   12  205   18    1    7
    8   12   87    8    3    6
    8   12   34    3   10    6
    8   12   17    2    5    5
    8   12   54    5    6    7
    8   12  209   18    5    8
    8   12  334   28   10    7
    8   12  348   29   12    6
    8   12    8    1    8    6
    8   12   84    7   12    2
    8   12  200   17    8    2
    8   12  237   20    9    2
    8   12  336   28   12    3
    8   12   75    7    3    4
    8   12   57    5    9    4
    8   12   60    5   12    5
    8   12   69    6    9    3
    8   12  326   28    2    3
    8   12  181   16    1    3
    8   12   26    3    2    7
    8   12  239   20   11    4
    8   12  273   23    9    5
    8   12  359   30   11    5
    8   12  168   14   12    5
    8   12  150   13    6    8
    8   12  131   11   11    3
    8   12  201   17    9    5
    8   12  241   21    1    3
    8   12   95    8   11    3
    8   12   96    8   12    6
    8   12  350   30    2    3
    8   12  141   12    9    4
    8   12  345   29    9    7
    8   12  128   11    8    3
    8   12  103    9    7    6
    8   12   24    2   12    5
    8   12  192   16   12    5
    8   12  102    9    6    6
    8   12  213   18    9    6
    8   12  327   28    3    5
    8   12  235   20    7    5
    8   12  322   27   10    5
    8   12   38    4    2    4
    8   12  251   21   11    4
    8   12  302   26    2    4
    8   12  156   13   12    5
    8   12    7    1    7    6
    8   12  151   13    7    7
    8   12  266   23    2    5
    8   12  316   27    4    1
    8   12   23    2   11    2
    8   12  256   22    4    5
    8   12  140   12    8    5
    8   12  202   17   10    4
    8   12   32    3    8    6
    8   12   49    5    1    6
    8   12  126   11    6    7
    8   12  148   13    4    6
    8   12  152   13    8    7
    8   12  280   24    4    6
    8   12  139   12    7    5
    8   12  165   14    9    4
    8   12  226   19   10    4
    8   12  159   14    3    4
    8   12   66    6    6    4
    8   12  183   16    3    9
    8   12  351   30    3    4
    8   12  225   19    9    5
    8   12  108    9   12    6
    8   12  149   13    5    7
    8   12  187   16    7    5
    8   12  301   26    1    5
    8   12  137   12    5    4
    8   12  110   10    2    7
    8   12  247   21    7    5
    8   12  255   22    3    5
    8   12  170   15    2    7
    8   12  277   24    1    3
    8   12  198   17    6    7
    8   12   31    3    7    4
    8   12  311   26   11    4
    8   12  353   30    5    7
    8   12  118   10   10    8
    8   12  130   11   10    9
    8   12   88    8    4    6
    8   12   41    4    5    5
    8   12  242   21    2    4
    8   12  300   25   12    5
    8   12  338   29    2    7
    8   12   55    5    7    6
    8   12   44    4    8    5
    8   12   22    2   10    4
    8   12  339   29    3    7
    8   12   99    9    3    3
    8   12   86    8    2    6
    8   12    2    1    2    5
    8   12  324   27   12    2
    8   12   20    2    8    5
    8   12   65    6    5    4
    8   12   85    8    1    7
    8   12  297   25    9    4
    8   12  195   17    3    4
    8   12  284   24    8    3
    8   12  245   21    5    5
    8   12  133   12    1    6
    8   12   48    4   12    6
    8   12  208   18    4    4
    8   12  309   26    9    4
    8   12  305   26    5    3
    8   12  323   27   11    4
    8   12  270   23    6    4
    8   12   68    6    8    5
    8   12  147   13    3    6
    8   12  281   24    5    3
    8   12   50    5    2    6
    8   12  197   17    5    7
    8   12  306   26    6    3
    8   12  144   12   12    3
    8   12  163   14    7    5
    8   12   51    5    3    5
    8   12  341   29    5    4
    8   12  236   20    8    6
    8   12  258   22    6    4
    8   12  223   19    7    4
    8   12   79    7    7    3
    8   12  243   21    3    2
    8   12   63    6    3    3
    8   12  275   23   11    3
    8   12  262   22   10    5
    8   12  282   24    6    2
    8   12  310   26   10    8
    8   12  111   10    3    7
    8   12  189   16    9    5
    8   12  318   27    6    6
    8   12  244   21    4    3
    8   12   80    7    8    2
    8   12  146   13    2    7
    8   12  115   10    7    7
    8   12  104    9    8    5
    8   12   90    8    6    3
    8   12  230   20    2    7
    8   12   81    7    9    2
    8   12   61    6    1    6
    8   12  227   19   11    4
    8   12  304   26    4    3
    8   12  193   17    1    4
    8   12  329   28    5    4
    8   12  194   17    2    5
    8   12   16    2    4    5
    8   12  274   23   10    4
    8   12   92    8    8    5
    8   12  190   16   10    5
    8   12   98    9    2    4
    8   12  191   16   11    5
    8   12  211   18    7    4
    8   12  196   17    4    5
    8   12  116   10    8    4
    8   12   30    3    6    6
    8   12  298   25   10    5
    8   12   64    6    4    7
    8   12   28    3    4    8
    8   12  157   14    1    5
    8   12  246   21    6    4
    8   12  182   16    2    4
    8   12  177   15    9    3
    8   12  290   25    2    4
    8   12  357   30    9    4
    8   12  176   15    8    4
    8   12  308   26    8    4
    8   12  257   22    5    4
    8   12  216   18   12    6
    8   12  153   13    9    8
    8   12   93    8    9    5
    8   12   29    3    5    7
    8   12  293   25    5    5
    8   12  346   29   10    5
    8   12   12    1   12    6
    8   12   83    7   11    3
    8   12  206   18    2    7
    8   12  175   15    7    6
    8   12  333   28    9    1
    8   12  232   20    4    3
    8   12  292   25    4    5
    8   12   89    8    5    5
    8   12  296   25    8    4
    8   12  315   27    3    6
    8   12  228   19   12    5
    8   12  288   24   12    5
    8   12  263   22   11    6
    8   12  129   11    9    7
    8   12  278   24    2    7
    8   12  352   30    4    5
    8   12  265   23    1    3
    8   12  222   19    6    5
    8   12  238   20   10    4
    8   12  135   12    3    3
    8   12  317   27    5    4
    8   12  268   23    4    4
    8   12  158   14    2    4
    8   12  100    9    4    5
    8   12  113   10    5    5
    8   12   76    7    4    3
    8   12  294   25    6    5
    8   12   15    2    3    5
    8   12  313   27    1    4
    8   12  340   29    4    4
    8   12   40    4    4    3
    8   12  335   28   11    5
    8   12  259   22    7    4
    8   12  260   22    8    4
    8   12  343   29    7    9
    8   12  214   18   10    4
    8   12  320   27    8    3
    8   12  344   29    8    8
    8   12  178   15   10    6
    8   12  331   28    7    2
    8   12  337   29    1    9
    8   12  219   19    3    5
    8   12  127   11    7    7
    8   12  314   27    2    5
    8   12  134   12    2    4
    8   12   94    8   10    6
    8   12  249   21    9    5
    8   12  172   15    4    5
    8   12   27    3    3    7
    8   12  107    9   11    7
    8   12  291   25    3    4
    8   12  272   23    8    4
    8   12  264   22   12    5
    8   12   13    2    1    5
    8   12  356   30    8    4
    8   12  218   19    2    4
    8   12  105    9    9    3
    8   12  121   11    1    5
    8   12   77    7    5    3
    8   12  203   17   11    3
    8   12   82    7   10    2
    8   12  307   26    7    5
    8   12  114   10    6    7
    8   12  162   14    6    5
    8   12  224   19    8    4
    8   12  229   20    1    5
    8   12    3    1    3    6
    8   12  261   22    9    3
    8   12   14    2    2    5
    8   12  145   13    1    7
    8   12  358   30   10    5
    8   12    6    1    6    6
    8   12  125   11    5    7
    8   12  124   11    4    4
    8   12   11    1   11    4
    8   12  347   29   11    5
    8   12  143   12   11    4
    8   12  169   15    1    4
    8   12  204   17   12    4
    8   12   73    7    1    3
    8   12  276   23   12    4
    8   12  166   14   10    4
    8   12   18    2    6    4
    8   12  173   15    5    6
    8   12  217   19    1    4
    8   12  271   23    7    5
    8   12   42    4    6    5
    8   12  321   27    9    3
    8   12  210   18    6    7
    8   12   37    4    1    5
    8   12  349   30    1    6
    8   12   70    6   10    5
    8   12  330   28    6    3
    8   12   97    9    1    3
    8   12   56    5    8    7
    8   12  286   24   10    7
    8   12  295   25    7    7
    8   12    9    1    9    7
    8   12   52    5    4    7
    8   12   36    3   12    6
    8   12   33    3    9    7
    8   12    5    1    5    7
    8   12   45    4    9    4
    8   12  220   19    4    5
    8   12  136   12    4    4
    8   12  248   21    8    4
    8   12  199   17    7    5
    8   12  185   16    5    4
    8   12  109   10    1    5
    8   12  240   20   12    5
    8   12   74    7    2    5
    8   12  188   16    8    6
    8   12  287   24   11    6
    8   12   47    4   11    5
    8   12  122   11    2    5
    8   12  179   15   11    5
    8   12   67    6    7    7
    8   12   25    3    1    7
    8   12  312   26   12    4
    8   12  283   24    7    5
    8   12  167   14   11    5
    8   12  231   20    3    4
    8   12  112   10    4    4
    8   12  250   21   10    3
    8   12   53    5    5    5
    8   12   43    4    7    5
    8   12   91    8    7    6
    8   12  285   24    9    6
    8   12   59    5   11    6
    8   12  155   13   11    9
    8   12   46    4   10    6
    8   12  267   23    3    4
    8   12  354   30    6    7
    8   12  215   18   11    7
