    4   18    8    1    8    4
    4   18  185   16    5    3
    4   18  162   14    6    4
    4   18  171   15    3    5
    4   18    4    1    4    5
    4   18  274   23   10    2
    4   18  355   30    7    2
    4   18  138   12    6    3
    4   18   82    7   10    6
    4   18   22    2   10    2
    4   18  343   29    7    2
    4   18  350   30    2    4
    4   18  178   15   10    4
    4   18  347   29   11    4
    4   18   66    6    6    1
    4   18  300   25   12    3
    4   18  115   10    7    4
    4   18  222   19    6    6
    4   18  324   27   12    4
    4   18  111   10    3    4
    4   18   12    1   12    6
    4   18  283   24    7    7
    4   18  221   19    5    6
    4   18  252   21   12    6
    4   18  204   17   12    6
    4   18  211   18    7    2
    4   18  276   23   12    2
    4   18    7    1    7    5
    4   18  360   30   12    3
    4   18  336   28   12    6
    4   18  289   25    1    3
    4   18   49    5    1    5
    4   18  273   23    9    5
    4   18  234   20    6    4
    4   18  349   30    1    3
    4   18  260   22    8    7
    4   18  176   15    8    6
    4   18  156   13   12    1
    4   18  308   26    8    3
    4   18   10    1   10    8
    4   18   79    7    7    8
    4   18  219   19    3    8
    4   18  197   17    5    2
    4   18  127   11    7    4
    4   18  200   17    8    3
    4   18  258   22    6    7
    4   18  342   29    6    3
    4   18  175   15    7    4
    4   18  231   20    3    2
    4   18  107    9   11    4
    4   18   72    6   12    1
    4   18  139   12    7    1
    4   18  102    9    6    6
    4   18   14    2    2    3
    4   18  292   25    4    4
    4   18   81    7    9    6
    4   18  157   14    1    6
    4   18  154   13   10    5
    4   18   35    3   11    5
    4   18  140   12    8    3
    4   18  228   19   12    4
    4   18   80    7    8    9
    4   18  319   27    7    8
    4   18  133   12    1    2
    4   18  248   21    8    3
    4   18   26    3    2    5
    4   18   93    8    9    4
    4   18  122   11    2    4
    4   18  235   20    7    4
    4   18  104    9    8    3
    4   18  103    9    7    5
    4   18   58    5   10    5
    4   18  261   22    9    4
    4   18  358   30   10    3
    4   18   24    2   12    6
    4   18  309   26    9    3
    4   18   61    6    1    3
    4   18  227   19   11    6
    4   18  340   29    4    4
    4   18  182   16    2    5
    4   18   51    5    3    5
    4   18  290   25    2    7
    4   18  241   21    1    8
    4   18   60    5   12    6
    4   18   56    5    8    5
    4   18  108    9   12    5
    4   18  207   18    3    5
    4   18  110   10    2    5
    4   18  338   29    2    4
    4   18   64    6    4    3
    4   18  151   13    7    5
    4   18  155   13   11    5
    4   18  189   16    9    5
    4   18   38    4    2    2
    4   18  119   10   11    3
    4   18  173   15    5    4
    4   18  220   19    4    4
    4   18  106    9   10    8
    4   18  315   27    3    3
    4   18  278   24    2    9
    4   18  159   14    3    5
    4   18    1    1    1    3
    4   18  177   15    9    7
    4   18  167   14   11    5
    4   18  263   22   11    7
    4   18  242   21    2    4
    4   18   68    6    8    3
    4   18  174   15    6    8
    4   18   47    4   11    7
    4   18  271   23    7    1
    4   18  240   20   12    3
    4   18   88    8    4    7
    4   18  187   16    7    5
    4   18  233   20    5    3
    4   18   89    8    5    5
    4   18  245   21    5    5
    4   18  123   11    3    1
    4   18   75    7    3    7
    4   18  193   17    1    7
    4   18  206   18    2    1
    4   18  163   14    7    4
    4   18  144   12   12    5
    4   18   78    7    6    5
    4   18  337   29    1    2
    4   18  196   17    4    7
    4   18   52    5    4    6
    4   18  354   30    6    4
    4   18  113   10    5    4
    4   18  262   22   10    4
    4   18  334   28   10    4
    4   18  158   14    2    4
    4   18  136   12    4    6
    4   18  284   24    8    8
    4   18   54    5    6    6
    4   18  146   13    2    5
    4   18   45    4    9    8
    4   18    3    1    3    4
    4   18  195   17    3    7
    4   18  243   21    3    8
    4   18  236   20    8    1
    4   18  244   21    4    4
    4   18   17    2    5    4
    4   18  237   20    9    6
    4   18  239   20   11    4
    4   18  142   12   10    8
    4   18  256   22    4    9
    4   18  331   28    7    9
    4   18  356   30    8    6
    4   18  291   25    3    4
    4   18  114   10    6    4
    4   18  272   23    8    4
    4   18   46    4   10    7
    4   18  287   24   11    7
    4   18  169   15    1    9
    4   18   50    5    2    6
    4   18  314   27    2    5
    4   18   29    3    5    5
    4   18   90    8    6    7
    4   18  313   27    1    6
    4   18  137   12    5    7
    4   18  255   22    3    8
    4   18  225   19    9    8
    4   18  250   21   10    8
    4   18  201   17    9    7
    4   18  164   14    8    6
    4   18  282   24    6    8
    4   18  190   16   10    4
    4   18  135   12    3    8
    4   18  179   15   11    6
    4   18  335   28   11    4
    4   18   19    2    7    6
    4   18  302   26    2    7
    4   18   98    9    2    7
    4   18  307   26    7    6
    4   18   55    5    7    7
    4   18  269   23    5    7
    4   18  352   30    4    3
    4   18  214   18   10    8
    4   18  298   25   10    3
    4   18   30    3    6    4
    4   18  247   21    7    4
    4   18  153   13    9    2
    4   18  145   13    1    3
    4   18  303   26    3    8
    4   18  251   21   11    3
    4   18   62    6    2    2
    4   18  216   18   12    3
    4   18   97    9    1    5
    4   18  339   29    3    3
    4   18  259   22    7    8
    4   18  210   18    6    7
    4   18  344   29    8    2
    4   18  170   15    2    7
    4   18  230   20    2    4
    4   18  208   18    4    4
    4   18  306   26    6    5
    4   18  128   11    8    7
    4   18   41    4    5    7
    4   18   36    3   12    6
    4   18  125   11    5    7
    4   18   96    8   12    8
    4   18   69    6    9    8
    4   18  322   27   10    7
    4   18   91    8    7    6
    4   18   20    2    8    5
    4   18  130   11   10    4
    4   18    9    1    9    4
    4   18  150   13    6    3
    4   18  180   15   12    3
    4   18  326   28    2    8
    4   18   92    8    8    8
    4   18  316   27    4    8
    4   18  305   26    5    9
    4   18  223   19    7    8
    4   18  246   21    6    7
    4   18  218   19    2    8
    4   18  226   19   10    7
    4   18  327   28    3    8
    4   18  265   23    1    3
    4   18  253   22    1    9
    4   18  202   17   10    5
    4   18   31    3    7    5
    4   18  323   27   11    2
    4   18  121   11    1    3
    4   18   25    3    1    4
    4   18  294   25    6    4
    4   18  351   30    3    5
    4   18   15    2    3    5
    4   18  320   27    8    7
    4   18   70    6   10    5
    4   18  254   22    2    9
    4   18  325   28    1    9
    4   18  288   24   12    9
    4   18  205   18    1    3
    4   18   48    4   12    4
    4   18  203   17   11    6
    4   18  215   18   11    3
    4   18  194   17    2    3
    4   18  186   16    6    3
    4   18  101    9    5    6
    4   18  217   19    1    6
    4   18  143   12   11    7
    4   18  359   30   11    3
    4   18  131   11   11    7
    4   18  191   16   11    5
    4   18  149   13    5    5
    4   18   63    6    3    4
    4   18  160   14    4    6
    4   18  166   14   10    6
    4   18  341   29    5    5
    4   18   23    2   11    7
    4   18  105    9    9    7
    4   18   73    7    1    9
    4   18  299   25   11    8
    4   18   95    8   11    8
    4   18  192   16   12    3
    4   18   33    3    9    5
    4   18  281   24    5    8
    4   18   59    5   11    7
    4   18   21    2    9    3
    4   18  297   25    9    3
    4   18  295   25    7    2
    4   18  148   13    4    2
    4   18   53    5    5    5
    4   18  357   30    9    3
    4   18  198   17    6    3
    4   18  296   25    8    4
    4   18  172   15    4    4
    4   18  141   12    9    4
    4   18   65    6    5    2
    4   18   83    7   11    5
    4   18  112   10    4    6
    4   18  132   11   12    7
    4   18  147   13    3    6
    4   18  346   29   10    5
    4   18  328   28    4    8
    4   18   67    6    7    3
    4   18  348   29   12    5
    4   18   32    3    8    7
    4   18  312   26   12    6
    4   18   27    3    3    5
    4   18    5    1    5    5
    4   18  310   26   10    2
    4   18   43    4    7    7
    4   18  183   16    3    4
    4   18  285   24    9    7
    4   18  345   29    9    5
    4   18  168   14   12    3
    4   18  353   30    5    4
    4   18  318   27    6    6
    4   18   86    8    2    6
    4   18   57    5    9    7
    4   18  109   10    1    7
    4   18    2    1    2    6
    4   18   13    2    1    6
    4   18  270   23    6    5
    4   18  333   28    9    8
    4   18   76    7    4    9
    4   18  232   20    4    5
    4   18  124   11    4    6
    4   18  238   20   10    6
    4   18  311   26   11    7
    4   18  317   27    5    8
    4   18   37    4    1    7
    4   18   40    4    4    8
    4   18  212   18    8    5
    4   18   34    3   10    6
    4   18  286   24   10    7
    4   18  199   17    7    4
    4   18   74    7    2    8
    4   18  120   10   12    7
    4   18  181   16    1    6
    4   18  257   22    5    9
    4   18  268   23    4    4
    4   18  100    9    4    7
    4   18  126   11    6    6
    4   18  249   21    9    1
    4   18  117   10    9    2
    4   18  152   13    8    3
    4   18  267   23    3    3
    4   18  293   25    5    3
    4   18  277   24    1    8
    4   18   18    2    6    5
    4   18  134   12    2    4
    4   18  279   24    3    7
    4   18  165   14    9    7
    4   18  304   26    4    4
    4   18   84    7   12    8
    4   18   16    2    4    8
    4   18  118   10   10    5
    4   18   44    4    8    6
    4   18  229   20    1    6
    4   18   87    8    3    8
    4   18  301   26    1    8
    4   18  224   19    8    8
    4   18   42    4    6    7
    4   18  184   16    4    2
    4   18    6    1    6    4
    4   18  280   24    4    8
    4   18   71    6   11    1
    4   18  321   27    9    7
    4   18  161   14    5    4
    4   18  332   28    8    7
    4   18  275   23   11    3
    4   18   11    1   11    6
    4   18  329   28    5    6
    4   18   28    3    4    5
    4   18  213   18    9    5
    4   18  209   18    5    5
    4   18   39    4    3    5
    4   18   77    7    5    6
    4   18  264   22   12    7
    4   18  129   11    9    5
    4   18  266   23    2    2
    4   18   94    8   10    7
    4   18   85    8    1    5
    4   18  188   16    8    5
    4   18  116   10    8    5
    4   18  330   28    6    8
    4   18   99    9    3    8
