    7   16  291   25    3    0
    7   16  154   13   10    3
    7   16  248   21    8    0
    7   16  315   27    3    0
    7   16  224   19    8    6
    7   16  153   13    9    1
    7   16  135   12    3    0
    7   16   91    8    7    0
    7   16  161   14    5    0
    7   16    8    1    8    0
    7   16  347   29   11    0
    7   16   63    6    3    0
    7   16  211   18    7    2
    7   16  187   16    7    5
    7   16  335   28   11    0
    7   16   16    2    4    0
    7   16   27    3    3    0
    7   16   44    4    8    0
    7   16  256   22    4    0
    7   16   10    1   10    0
    7   16  232   20    4    0
    7   16   46    4   10    0
    7   16    9    1    9    0
    7   16  183   16    3    3
    7   16  294   25    6    0
    7   16  226   19   10    0
    7   16  100    9    4    0
    7   16  104    9    8    0
    7   16   81    7    9    7
    7   16  338   29    2    1
    7   16  309   26    9    0
    7   16  250   21   10    0
    7   16  178   15   10    0
    7   16   77    7    5    0
    7   16  117   10    9    0
    7   16   87    8    3    0
    7   16   64    6    4    0
    7   16  283   24    7    0
    7   16  233   20    5    0
    7   16  127   11    7    0
    7   16  270   23    6    0
    7   16  128   11    8    0
    7   16  319   27    7    0
    7   16   89    8    5    0
    7   16  311   26   11    0
    7   16   11    1   11    0
    7   16  115   10    7    4
    7   16  146   13    2    8
    7   16   78    7    6    7
    7   16  254   22    2    0
    7   16   55    5    7    0
    7   16  358   30   10    0
    7   16  148   13    4    3
    7   16  182   16    2    0
    7   16  207   18    3    0
    7   16  180   15   12    4
    7   16   36    3   12    0
    7   16  298   25   10    0
    7   16  221   19    5    0
    7   16  305   26    5    0
    7   16  194   17    2    3
    7   16  159   14    3    0
    7   16   19    2    7    0
    7   16  354   30    6    2
    7   16  186   16    6    8
    7   16   71    6   11    0
    7   16   84    7   12    0
    7   16  106    9   10    0
    7   16   52    5    4    0
    7   16  285   24    9    0
    7   16  139   12    7    0
    7   16   31    3    7    0
    7   16   57    5    9    0
    7   16  162   14    6    0
    7   16   20    2    8    0
    7   16  263   22   11    0
    7   16  284   24    8    0
    7   16   90    8    6    0
    7   16   41    4    5    0
    7   16  215   18   11    0
    7   16  201   17    9    0
    7   16  199   17    7    0
    7   16  282   24    6    0
    7   16  243   21    3    0
    7   16   82    7   10    0
    7   16    7    1    7    0
    7   16  240   20   12    0
    7   16  113   10    5    0
    7   16   54    5    6    0
    7   16  303   26    3    0
    7   16   48    4   12    0
    7   16  332   28    8    0
    7   16  259   22    7    0
    7   16  296   25    8    0
    7   16  105    9    9    0
    7   16  126   11    6    0
    7   16  320   27    8    2
    7   16  359   30   11    2
    7   16   47    4   11    0
    7   16   13    2    1    0
    7   16    5    1    5    0
    7   16  208   18    4    0
    7   16  312   26   12    0
    7   16  345   29    9    1
    7   16  318   27    6    0
    7   16  292   25    4    0
    7   16  191   16   11    8
    7   16  237   20    9    2
    7   16   93    8    9    0
    7   16   39    4    3    0
    7   16   80    7    8    0
    7   16  150   13    6    1
    7   16  140   12    8    0
    7   16  185   16    5    9
    7   16  307   26    7    0
    7   16  142   12   10    0
    7   16   86    8    2    0
    7   16  222   19    6    0
    7   16  278   24    2    0
    7   16   37    4    1    0
    7   16   85    8    1    0
    7   16  158   14    2    0
    7   16  166   14   10    0
    7   16   14    2    2    0
    7   16   96    8   12    0
    7   16  350   30    2    0
    7   16  213   18    9    0
    7   16  138   12    6    2
    7   16  310   26   10    0
    7   16  228   19   12    0
    7   16  176   15    8    0
    7   16  210   18    6    3
    7   16  267   23    3    0
    7   16  264   22   12    0
    7   16  202   17   10    5
    7   16  317   27    5    0
    7   16  141   12    9    0
    7   16  220   19    4    0
    7   16  124   11    4    0
    7   16   45    4    9    0
    7   16  241   21    1    0
    7   16  336   28   12    0
    7   16  227   19   11    0
    7   16  114   10    6    4
    7   16  132   11   12    0
    7   16  149   13    5    0
    7   16  155   13   11    1
    7   16   24    2   12    0
    7   16  331   28    7    0
    7   16  275   23   11    0
    7   16  293   25    5    0
    7   16  134   12    2    0
    7   16  188   16    8    5
    7   16  333   28    9    0
    7   16   23    2   11    0
    7   16  143   12   11    0
    7   16    1    1    1    0
    7   16  174   15    6    0
    7   16  145   13    1    3
    7   16   65    6    5    0
    7   16    4    1    4    0
    7   16  190   16   10    0
    7   16  130   11   10    0
    7   16   62    6    2    0
    7   16  197   17    5    0
    7   16   38    4    2    0
    7   16   25    3    1    0
    7   16  323   27   11    0
    7   16   28    3    4    0
    7   16  255   22    3    0
    7   16   35    3   11    0
    7   16  219   19    3    0
    7   16  261   22    9    0
    7   16  330   28    6    0
    7   16  342   29    6    1
    7   16  206   18    2    1
    7   16  276   23   12    0
    7   16  351   30    3    0
    7   16  133   12    1    0
    7   16   29    3    5    0
    7   16  177   15    9    0
    7   16  355   30    7    0
    7   16  216   18   12    0
    7   16   17    2    5    0
    7   16  157   14    1    0
    7   16  249   21    9    0
    7   16   30    3    6    0
    7   16  353   30    5    0
    7   16   98    9    2    0
    7   16  151   13    7    7
    7   16  205   18    1    0
    7   16  116   10    8    0
    7   16  120   10   12    0
    7   16  214   18   10    0
    7   16  281   24    5    0
    7   16  260   22    8    0
    7   16  111   10    3    3
    7   16  322   27   10    0
    7   16  356   30    8    0
    7   16  181   16    1    9
    7   16  231   20    3    0
    7   16  286   24   10    0
    7   16  123   11    3    5
    7   16  244   21    4    0
    7   16  121   11    1    0
    7   16  302   26    2    0
    7   16  108    9   12    0
    7   16  325   28    1    0
    7   16  266   23    2    0
    7   16   68    6    8    0
    7   16  308   26    8    0
    7   16  274   23   10    0
    7   16   12    1   12    0
    7   16  339   29    3    3
    7   16  334   28   10    0
    7   16  147   13    3    3
    7   16  346   29   10    0
    7   16  337   29    1    1
    7   16  101    9    5    0
    7   16  272   23    8    0
    7   16    6    1    6    0
    7   16  198   17    6    0
    7   16  212   18    8    3
    7   16  357   30    9    0
    7   16   40    4    4    0
    7   16  262   22   10    0
    7   16  131   11   11    0
    7   16  314   27    2    0
    7   16  288   24   12    0
    7   16  179   15   11    0
    7   16   34    3   10    0
    7   16  238   20   10    0
    7   16  349   30    1    0
    7   16  297   25    9    0
    7   16  245   21    5    0
    7   16  192   16   12    4
    7   16   99    9    3    0
    7   16   92    8    8    0
    7   16  265   23    1    0
    7   16   69    6    9    0
    7   16  167   14   11    0
    7   16  329   28    5    0
    7   16   94    8   10    0
    7   16  152   13    8    1
    7   16   97    9    1    0
    7   16  189   16    9    7
    7   16   66    6    6    8
    7   16  235   20    7    0
    7   16    2    1    2    0
    7   16  251   21   11    0
    7   16  234   20    6    0
    7   16  122   11    2    0
    7   16   49    5    1    0
    7   16   59    5   11    0
    7   16  169   15    1    0
    7   16   43    4    7    0
    7   16  242   21    2    0
    7   16  110   10    2    0
    7   16   56    5    8    0
    7   16  277   24    1    0
    7   16   73    7    1    0
    7   16  160   14    4    0
    7   16  306   26    6    0
    7   16   83    7   11    0
    7   16   26    3    2    0
    7   16  269   23    5    0
    7   16  102    9    6    0
    7   16  348   29   12    1
    7   16   15    2    3    0
    7   16  340   29    4    0
    7   16  173   15    5    0
    7   16  229   20    1    0
    7   16   72    6   12    0
    7   16   95    8   11    0
    7   16  316   27    4    0
    7   16  204   17   12    1
    7   16   88    8    4    0
    7   16  327   28    3    0
    7   16  144   12   12    0
    7   16  271   23    7    0
    7   16  246   21    6    0
    7   16  129   11    9    0
    7   16  290   25    2    0
    7   16  172   15    4    0
    7   16  165   14    9    0
    7   16  230   20    2    0
    7   16  273   23    9    0
    7   16   22    2   10    0
    7   16  252   21   12    0
    7   16  218   19    2    0
    7   16   42    4    6    0
    7   16  326   28    2    0
    7   16  171   15    3    0
    7   16  200   17    8    0
    7   16  209   18    5    0
    7   16    3    1    3    0
    7   16  236   20    8    0
    7   16  196   17    4    0
    7   16  324   27   12    0
    7   16  107    9   11    0
    7   16  301   26    1    0
    7   16   61    6    1    0
    7   16  257   22    5    0
    7   16  287   24   11    0
    7   16  156   13   12    7
    7   16   51    5    3    0
    7   16   70    6   10    0
    7   16  279   24    3    0
    7   16  170   15    2    0
    7   16  125   11    5    0
    7   16   74    7    2    0
    7   16  295   25    7    0
    7   16   18    2    6    0
    7   16   58    5   10    0
    7   16  360   30   12    0
    7   16  253   22    1    0
    7   16   21    2    9    0
    7   16  112   10    4    0
    7   16  352   30    4    0
    7   16  280   24    4    0
    7   16   75    7    3    0
    7   16   67    6    7    5
    7   16  304   26    4    0
    7   16  313   27    1    0
    7   16  343   29    7    1
    7   16  164   14    8    0
    7   16  341   29    5    4
    7   16  344   29    8    0
    7   16  239   20   11    0
    7   16  118   10   10    0
    7   16   32    3    8    0
    7   16  103    9    7    0
    7   16  289   25    1    0
    7   16  268   23    4    0
    7   16  225   19    9    0
    7   16  109   10    1    0
    7   16  137   12    5    0
    7   16  321   27    9    0
    7   16  300   25   12    0
    7   16   50    5    2    0
    7   16  163   14    7    0
    7   16  168   14   12    0
    7   16   53    5    5    0
    7   16   79    7    7    0
    7   16  175   15    7    5
    7   16  184   16    4    9
    7   16  328   28    4    0
    7   16  195   17    3    0
    7   16  193   17    1    0
    7   16   33    3    9    0
    7   16   76    7    4    0
    7   16  247   21    7    0
    7   16  119   10   11    0
    7   16  258   22    6    0
    7   16  217   19    1    3
    7   16  136   12    4    0
    7   16  203   17   11    0
    7   16  299   25   11    0
    7   16   60    5   12    0
    7   16  223   19    7    0
