    8    6  325   28    1    2
    8    6  146   13    2    7
    8    6  263   22   11    5
    8    6  225   19    9    6
    8    6  203   17   11    6
    8    6   62    6    2    5
    8    6  144   12   12    4
    8    6  140   12    8    3
    8    6   13    2    1    3
    8    6  323   27   11    2
    8    6  172   15    4    5
    8    6  166   14   10    2
    8    6  357   30    9    3
    8    6  135   12    3    2
    8    6  296   25    8    2
    8    6  284   24    8    3
    8    6  238   20   10    6
    8    6  116   10    8    6
    8    6  226   19   10    4
    8    6  249   21    9    7
    8    6   52    5    4    3
    8    6   19    2    7    2
    8    6    9    1    9    5
    8    6  307   26    7    3
    8    6   95    8   11    3
    8    6  212   18    8    5
    8    6  335   28   11    5
    8    6  242   21    2    3
    8    6  311   26   11    5
    8    6   27    3    3    6
    8    6  200   17    8    7
    8    6  179   15   11    4
    8    6   77    7    5    1
    8    6  300   25   12    6
    8    6  151   13    7    8
    8    6  129   11    9    7
    8    6   64    6    4    6
    8    6   20    2    8    4
    8    6  196   17    4    5
    8    6  278   24    2    6
    8    6   82    7   10    2
    8    6  243   21    3    3
    8    6  164   14    8    2
    8    6   69    6    9    6
    8    6   93    8    9    4
    8    6  346   29   10    6
    8    6    7    1    7    7
    8    6  258   22    6    6
    8    6  213   18    9    3
    8    6  223   19    7    3
    8    6  165   14    9    4
    8    6   33    3    9    7
    8    6  218   19    2    4
    8    6  187   16    7    7
    8    6  271   23    7    6
    8    6  281   24    5    6
    8    6  229   20    1    6
    8    6   78    7    6    3
    8    6   88    8    4    5
    8    6  350   30    2    3
    8    6  239   20   11    6
    8    6  301   26    1    4
    8    6  351   30    3    4
    8    6  189   16    9    3
    8    6  201   17    9    6
    8    6  168   14   12    4
    8    6  110   10    2    6
    8    6  170   15    2    5
    8    6   68    6    8    7
    8    6  102    9    6    6
    8    6   31    3    7    5
    8    6  339   29    3    7
    8    6  326   28    2    3
    8    6  305   26    5    3
    8    6  182   16    2    4
    8    6  315   27    3    6
    8    6  115   10    7    7
    8    6  120   10   12    6
    8    6   63    6    3    3
    8    6  191   16   11    3
    8    6  122   11    2    3
    8    6   16    2    4    4
    8    6  161   14    5    3
    8    6    3    1    3    4
    8    6  159   14    3    4
    8    6  132   11   12    1
    8    6   51    5    3    5
    8    6  100    9    4    5
    8    6  104    9    8    5
    8    6  167   14   11    4
    8    6  150   13    6    8
    8    6  254   22    2    2
    8    6  245   21    5    4
    8    6  207   18    3    4
    8    6  197   17    5    7
    8    6   97    9    1    5
    8    6  142   12   10    4
    8    6  234   20    6    6
    8    6  121   11    1    6
    8    6  252   21   12    3
    8    6  224   19    8    3
    8    6   41    4    5    5
    8    6  268   23    4    6
    8    6  280   24    4    3
    8    6   98    9    2    4
    8    6   23    2   11    4
    8    6   49    5    1    6
    8    6  310   26   10    6
    8    6  211   18    7    5
    8    6   42    4    6    4
    8    6  251   21   11    5
    8    6  157   14    1    4
    8    6  127   11    7    6
    8    6  107    9   11    5
    8    6  338   29    2    7
    8    6  316   27    4    3
    8    6  112   10    4    5
    8    6  176   15    8    4
    8    6  181   16    1    6
    8    6   94    8   10    4
    8    6   47    4   11    5
    8    6   29    3    5    5
    8    6  287   24   11    4
    8    6  139   12    7    6
    8    6   59    5   11    4
    8    6  173   15    5    4
    8    6  331   28    7    3
    8    6  109   10    1    3
    8    6   60    5   12    5
    8    6   25    3    1    6
    8    6   55    5    7    6
    8    6  348   29   12    5
    8    6  288   24   12    4
    8    6  227   19   11    3
    8    6   65    6    5    5
    8    6  199   17    7    6
    8    6  136   12    4    3
    8    6   87    8    3    3
    8    6  322   27   10    3
    8    6  124   11    4    5
    8    6  355   30    7    5
    8    6    5    1    5    4
    8    6   70    6   10    7
    8    6  138   12    6    6
    8    6   44    4    8    3
    8    6   39    4    3    3
    8    6   75    7    3    2
    8    6  293   25    5    3
    8    6  318   27    6    5
    8    6  340   29    4    6
    8    6  312   26   12    4
    8    6  297   25    9    4
    8    6  291   25    3    4
    8    6  275   23   11    6
    8    6  162   14    6    5
    8    6  349   30    1    6
    8    6  272   23    8    6
    8    6   86    8    2    4
    8    6  209   18    5    3
    8    6  344   29    8    6
    8    6   28    3    4    4
    8    6   92    8    8    3
    8    6  250   21   10    5
    8    6   66    6    6    7
    8    6   67    6    7    7
    8    6  279   24    3    6
    8    6   32    3    8    6
    8    6  205   18    1    4
    8    6    4    1    4    5
    8    6  342   29    6    9
    8    6   83    7   11    3
    8    6  198   17    6    6
    8    6  317   27    5    4
    8    6  259   22    7    5
    8    6   26    3    2    7
    8    6  216   18   12    4
    8    6  356   30    8    3
    8    6  277   24    1    6
    8    6  123   11    3    6
    8    6  354   30    6    5
    8    6  154   13   10    5
    8    6  152   13    8    7
    8    6  255   22    3    4
    8    6  328   28    4    1
    8    6  171   15    3    5
    8    6  195   17    3    4
    8    6  214   18   10    3
    8    6  345   29    9    7
    8    6    6    1    6    6
    8    6  141   12    9    6
    8    6  256   22    4    2
    8    6  294   25    6    4
    8    6   21    2    9    4
    8    6  101    9    5    5
    8    6  321   27    9    6
    8    6   74    7    2    6
    8    6  160   14    4    4
    8    6  248   21    8    4
    8    6   84    7   12    5
    8    6  332   28    8    3
    8    6   40    4    4    6
    8    6  232   20    4    5
    8    6  343   29    7    9
    8    6   36    3   12    7
    8    6  126   11    6    6
    8    6  125   11    5    7
    8    6  105    9    9    4
    8    6    8    1    8    6
    8    6  177   15    9    5
    8    6  117   10    9    7
    8    6  186   16    6    4
    8    6  240   20   12    5
    8    6   61    6    1    4
    8    6   96    8   12    7
    8    6  193   17    1    4
    8    6  202   17   10    4
    8    6  221   19    5    4
    8    6  206   18    2    7
    8    6   58    5   10    7
    8    6  111   10    3    6
    8    6  329   28    5    3
    8    6  236   20    8    4
    8    6  190   16   10    5
    8    6   80    7    8    2
    8    6  333   28    9    1
    8    6  260   22    8    4
    8    6  257   22    5    2
    8    6  175   15    7    7
    8    6   38    4    2    5
    8    6   76    7    4    2
    8    6  320   27    8    3
    8    6  230   20    2    4
    8    6  237   20    9    4
    8    6  155   13   11    7
    8    6  235   20    7    5
    8    6   14    2    2    6
    8    6  220   19    4    4
    8    6  244   21    4    3
    8    6   89    8    5    3
    8    6  304   26    4    4
    8    6  309   26    9    4
    8    6  163   14    7    4
    8    6   30    3    6    4
    8    6   11    1   11    4
    8    6  217   19    1    6
    8    6   17    2    5    4
    8    6  267   23    3    5
    8    6   34    3   10    6
    8    6   48    4   12    4
    8    6  319   27    7    5
    8    6  145   13    1    7
    8    6  103    9    7    5
    8    6  174   15    6    4
    8    6  283   24    7    3
    8    6  208   18    4    4
    8    6  156   13   12    6
    8    6  130   11   10    7
    8    6   12    1   12    6
    8    6  246   21    6    3
    8    6  137   12    5    4
    8    6   54    5    6    6
    8    6  341   29    5    7
    8    6  148   13    4    6
    8    6  222   19    6    5
    8    6  273   23    9    3
    8    6  303   26    3    2
    8    6  358   30   10    4
    8    6    2    1    2    5
    8    6  330   28    6    6
    8    6  185   16    5    3
    8    6  180   15   12    6
    8    6  359   30   11    3
    8    6  147   13    3    6
    8    6   73    7    1    3
    8    6  298   25   10    2
    8    6  336   28   12    2
    8    6  188   16    8    4
    8    6   81    7    9    2
    8    6  308   26    8    2
    8    6  286   24   10    3
    8    6  143   12   11    2
    8    6  247   21    7    4
    8    6  290   25    2    5
    8    6  299   25   11    3
    8    6  131   11   11    4
    8    6  228   19   12    3
    8    6  192   16   12    6
    8    6  219   19    3    3
    8    6   90    8    6    2
    8    6    1    1    1    7
    8    6  231   20    3    4
    8    6  313   27    1    4
    8    6  233   20    5    4
    8    6   45    4    9    3
    8    6  282   24    6    3
    8    6   50    5    2    6
    8    6  270   23    6    4
    8    6  285   24    9    2
    8    6  264   22   12    3
    8    6  134   12    2    3
    8    6  149   13    5    6
    8    6  334   28   10    6
    8    6  266   23    2    4
    8    6   91    8    7    3
    8    6   35    3   11    6
    8    6   71    6   11    6
    8    6   79    7    7    3
    8    6  302   26    2    3
    8    6  169   15    1    3
    8    6   46    4   10    4
    8    6  261   22    9    4
    8    6   99    9    3    5
    8    6  353   30    5    6
    8    6  204   17   12    6
    8    6  360   30   12    5
    8    6  269   23    5    7
    8    6  306   26    6    5
    8    6   22    2   10    4
    8    6   43    4    7    5
    8    6  106    9   10    6
    8    6  114   10    6    7
    8    6  113   10    5    6
    8    6   72    6   12    4
    8    6  347   29   11    5
    8    6  292   25    4    5
    8    6  210   18    6    6
    8    6  324   27   12    4
    8    6   10    1   10    3
    8    6  119   10   11    4
    8    6  128   11    8    4
    8    6  265   23    1    3
    8    6   24    2   12    3
    8    6   15    2    3    6
    8    6  215   18   11    6
    8    6   56    5    8    6
    8    6  327   28    3    5
    8    6  241   21    1    4
    8    6   85    8    1    5
    8    6  108    9   12    4
    8    6  178   15   10    4
    8    6  133   12    1    3
    8    6  295   25    7    4
    8    6  183   16    3    7
    8    6  158   14    2    4
    8    6  337   29    1    9
    8    6  314   27    2    4
    8    6   37    4    1    5
    8    6  289   25    1    5
    8    6  194   17    2    4
    8    6  262   22   10    6
    8    6  184   16    4    6
    8    6  276   23   12    4
    8    6  118   10   10    6
    8    6   18    2    6    5
    8    6   53    5    5    4
    8    6  274   23   10    3
    8    6  253   22    1    1
    8    6   57    5    9    3
    8    6  153   13    9    7
    8    6  352   30    4    5
