    9   15  141   12    9    0
    9   15  163   14    7    0
    9   15  119   10   11    0
    9   15   22    2   10    0
    9   15   36    3   12    0
    9   15   80    7    8    0
    9   15   32    3    8    0
    9   15   46    4   10    0
    9   15  313   27    1    0
    9   15  188   16    8    0
    9   15   50    5    2    0
    9   15  346   29   10    0
    9   15  262   22   10    0
    9   15  218   19    2    0
    9   15  197   17    5    2
    9   15  142   12   10    0
    9   15  145   13    1    0
    9   15  227   19   11    3
    9   15  105    9    9    1
    9   15  193   17    1    0
    9   15  115   10    7    2
    9   15  151   13    7    0
    9   15  353   30    5    2
    9   15   20    2    8    2
    9   15  234   20    6    2
    9   15  102    9    6    1
    9   15  314   27    2    0
    9   15  298   25   10    0
    9   15  157   14    1    2
    9   15  138   12    6    2
    9   15  255   22    3    0
    9   15  121   11    1    0
    9   15  359   30   11    2
    9   15  170   15    2    0
    9   15  228   19   12    0
    9   15  288   24   12    0
    9   15  316   27    4    3
    9   15  158   14    2    0
    9   15   89    8    5    0
    9   15  303   26    3    0
    9   15  125   11    5    0
    9   15  204   17   12    0
    9   15  243   21    3    2
    9   15  336   28   12    0
    9   15  259   22    7    0
    9   15  190   16   10    0
    9   15  347   29   11    0
    9   15   13    2    1    0
    9   15  293   25    5    0
    9   15   69    6    9    0
    9   15   47    4   11    0
    9   15  249   21    9    2
    9   15  306   26    6    2
    9   15  207   18    3    0
    9   15   60    5   12    0
    9   15  173   15    5    0
    9   15  280   24    4    0
    9   15  110   10    2    0
    9   15   19    2    7    1
    9   15   64    6    4    0
    9   15  198   17    6    0
    9   15   65    6    5    3
    9   15  199   17    7    2
    9   15    6    1    6    0
    9   15  184   16    4    0
    9   15  147   13    3    0
    9   15  248   21    8    0
    9   15  324   27   12    2
    9   15   49    5    1    0
    9   15  209   18    5    0
    9   15    8    1    8    0
    9   15  196   17    4    0
    9   15  354   30    6    0
    9   15  112   10    4    1
    9   15  195   17    3    0
    9   15  266   23    2    0
    9   15  320   27    8    2
    9   15   37    4    1    0
    9   15  250   21   10    2
    9   15   15    2    3    2
    9   15   23    2   11    1
    9   15    4    1    4    0
    9   15  253   22    1    0
    9   15  118   10   10    0
    9   15  240   20   12    2
    9   15   24    2   12    1
    9   15  312   26   12    0
    9   15  315   27    3    2
    9   15   71    6   11    0
    9   15   99    9    3    1
    9   15   62    6    2    0
    9   15  292   25    4    1
    9   15  128   11    8    0
    9   15  277   24    1    0
    9   15  279   24    3    0
    9   15   63    6    3    0
    9   15  242   21    2    0
    9   15  155   13   11    0
    9   15  350   30    2    2
    9   15  187   16    7    0
    9   15  169   15    1    0
    9   15  289   25    1    0
    9   15   41    4    5    0
    9   15  150   13    6    0
    9   15   12    1   12    0
    9   15   73    7    1    0
    9   15  131   11   11    0
    9   15   91    8    7    0
    9   15  108    9   12    0
    9   15   88    8    4    3
    9   15   86    8    2    0
    9   15  332   28    8    2
    9   15  355   30    7    0
    9   15   35    3   11    0
    9   15  122   11    2    0
    9   15  164   14    8    0
    9   15   72    6   12    0
    9   15  301   26    1    0
    9   15  133   12    1    2
    9   15  135   12    3    2
    9   15  295   25    7    0
    9   15  343   29    7    0
    9   15  104    9    8    1
    9   15  294   25    6    2
    9   15  144   12   12    0
    9   15  117   10    9    1
    9   15  139   12    7    0
    9   15  224   19    8    0
    9   15   25    3    1    0
    9   15  263   22   11    0
    9   15  161   14    5    0
    9   15  221   19    5    2
    9   15   51    5    3    0
    9   15  271   23    7    2
    9   15  175   15    7    0
    9   15  331   28    7    0
    9   15  217   19    1    2
    9   15  344   29    8    0
    9   15  358   30   10    2
    9   15  237   20    9    2
    9   15  146   13    2    0
    9   15   10    1   10    1
    9   15   34    3   10    0
    9   15  328   28    4    0
    9   15  281   24    5    3
    9   15   39    4    3    0
    9   15   74    7    2    0
    9   15   52    5    4    0
    9   15  349   30    1    2
    9   15  304   26    4    0
    9   15  287   24   11    0
    9   15  340   29    4    0
    9   15  137   12    5    0
    9   15   92    8    8    0
    9   15    5    1    5    0
    9   15   58    5   10    0
    9   15   85    8    1    0
    9   15  203   17   11    0
    9   15  140   12    8    2
    9   15  286   24   10    0
    9   15  264   22   12    0
    9   15   14    2    2    0
    9   15   96    8   12    0
    9   15  251   21   11    0
    9   15  212   18    8    0
    9   15  154   13   10    0
    9   15  166   14   10    0
    9   15  113   10    5    1
    9   15  231   20    3    2
    9   15  360   30   12    2
    9   15  213   18    9    0
    9   15  215   18   11    0
    9   15   11    1   11    0
    9   15  123   11    3    0
    9   15  229   20    1    2
    9   15  162   14    6    0
    9   15  283   24    7    0
    9   15  319   27    7    0
    9   15  272   23    8    0
    9   15  168   14   12    0
    9   15   26    3    2    0
    9   15  200   17    8    2
    9   15   59    5   11    0
    9   15  326   28    2    0
    9   15  233   20    5    2
    9   15  273   23    9    0
    9   15   43    4    7    0
    9   15   98    9    2    1
    9   15  317   27    5    0
    9   15   55    5    7    0
    9   15   31    3    7    0
    9   15  106    9   10    1
    9   15  126   11    6    0
    9   15  183   16    3    0
    9   15  153   13    9    0
    9   15  356   30    8    2
    9   15  261   22    9    0
    9   15  325   28    1    2
    9   15  305   26    5    3
    9   15  334   28   10    0
    9   15  323   27   11    0
    9   15  285   24    9    0
    9   15  180   15   12    0
    9   15   87    8    3    0
    9   15  309   26    9    2
    9   15    3    1    3    0
    9   15  318   27    6    0
    9   15  132   11   12    0
    9   15   76    7    4    0
    9   15  230   20    2    2
    9   15  335   28   11    0
    9   15  348   29   12    0
    9   15  100    9    4    1
    9   15  210   18    6    0
    9   15  327   28    3    0
    9   15  236   20    8    2
    9   15   40    4    4    0
    9   15    2    1    2    0
    9   15   29    3    5    0
    9   15  258   22    6    0
    9   15  247   21    7    2
    9   15  176   15    8    0
    9   15  341   29    5    2
    9   15  339   29    3    0
    9   15  156   13   12    0
    9   15  134   12    2    2
    9   15  297   25    9    2
    9   15  254   22    2    0
    9   15  322   27   10    0
    9   15  223   19    7    0
    9   15   77    7    5    0
    9   15  268   23    4    2
    9   15  172   15    4    0
    9   15   82    7   10    2
    9   15  220   19    4    0
    9   15  351   30    3    2
    9   15  130   11   10    0
    9   15  274   23   10    3
    9   15   78    7    6    0
    9   15  174   15    6    0
    9   15  208   18    4    0
    9   15   93    8    9    0
    9   15  310   26   10    0
    9   15  181   16    1    0
    9   15    7    1    7    0
    9   15  202   17   10    2
    9   15    9    1    9    1
    9   15  191   16   11    0
    9   15  257   22    5    0
    9   15   38    4    2    2
    9   15  267   23    3    0
    9   15  238   20   10    2
    9   15   16    2    4    0
    9   15    1    1    1    0
    9   15  290   25    2    2
    9   15   17    2    5    2
    9   15   81    7    9    0
    9   15  276   23   12    0
    9   15  260   22    8    0
    9   15   33    3    9    0
    9   15  226   19   10    0
    9   15   95    8   11    1
    9   15  296   25    8    1
    9   15  291   25    3    0
    9   15  270   23    6    0
    9   15  232   20    4    2
    9   15  101    9    5    1
    9   15  114   10    6    0
    9   15  235   20    7    2
    9   15  284   24    8    0
    9   15   79    7    7    0
    9   15   97    9    1    1
    9   15   44    4    8    0
    9   15  167   14   11    0
    9   15  177   15    9    0
    9   15   67    6    7    3
    9   15  116   10    8    1
    9   15   57    5    9    0
    9   15   21    2    9    0
    9   15  136   12    4    0
    9   15  160   14    4    0
    9   15   54    5    6    0
    9   15  321   27    9    2
    9   15  357   30    9    2
    9   15  103    9    7    1
    9   15  342   29    6    0
    9   15  239   20   11    2
    9   15  275   23   11    3
    9   15  185   16    5    0
    9   15   27    3    3    0
    9   15   53    5    5    0
    9   15   94    8   10    0
    9   15  149   13    5    0
    9   15  300   25   12    2
    9   15  206   18    2    0
    9   15  192   16   12    0
    9   15  308   26    8    0
    9   15  127   11    7    0
    9   15  256   22    4    0
    9   15  246   21    6    0
    9   15  345   29    9    0
    9   15  337   29    1    0
    9   15  216   18   12    2
    9   15  201   17    9    0
    9   15  124   11    4    0
    9   15  282   24    6    0
    9   15  148   13    4    0
    9   15  329   28    5    0
    9   15  244   21    4    2
    9   15   68    6    8    0
    9   15  129   11    9    0
    9   15  302   26    2    0
    9   15  330   28    6    0
    9   15  252   21   12    0
    9   15  222   19    6    0
    9   15   75    7    3    0
    9   15  182   16    2    0
    9   15  225   19    9    0
    9   15  311   26   11    0
    9   15   83    7   11    3
    9   15  111   10    3    0
    9   15   61    6    1    0
    9   15   45    4    9    0
    9   15  278   24    2    0
    9   15  143   12   11    2
    9   15  265   23    1    0
    9   15  178   15   10    0
    9   15   66    6    6    3
    9   15  159   14    3    2
    9   15  109   10    1    0
    9   15  241   21    1    0
    9   15  189   16    9    0
    9   15  211   18    7    0
    9   15  352   30    4    2
    9   15   90    8    6    0
    9   15  269   23    5    0
    9   15  299   25   11    1
    9   15  186   16    6    0
    9   15   56    5    8    0
    9   15  171   15    3    0
    9   15  338   29    2    0
    9   15  152   13    8    0
    9   15  205   18    1    0
    9   15  219   19    3    0
    9   15  245   21    5    0
    9   15   18    2    6    0
    9   15   30    3    6    0
    9   15  214   18   10    2
    9   15  194   17    2    0
    9   15   84    7   12    0
    9   15   28    3    4    0
    9   15   70    6   10    0
    9   15   48    4   12    0
    9   15   42    4    6    0
    9   15  120   10   12    0
    9   15  179   15   11    0
    9   15  107    9   11    1
    9   15  307   26    7    0
    9   15  165   14    9    0
    9   15  333   28    9    3
