    5    7  100    9    4    1
    5    7   91    8    7    3
    5    7  343   29    7    2
    5    7  209   18    5    5
    5    7   55    5    7    2
    5    7  167   14   11    1
    5    7   71    6   11    9
    5    7   84    7   12    7
    5    7  192   16   12    1
    5    7   80    7    8    7
    5    7  139   12    7    9
    5    7  237   20    9    1
    5    7   74    7    2    3
    5    7  185   16    5    2
    5    7  119   10   11    3
    5    7    4    1    4    2
    5    7  322   27   10    7
    5    7  106    9   10    1
    5    7   21    2    9    2
    5    7  180   15   12    3
    5    7  284   24    8    4
    5    7  327   28    3    7
    5    7  214   18   10    5
    5    7   88    8    4    5
    5    7  355   30    7    3
    5    7  301   26    1    1
    5    7    5    1    5    2
    5    7   93    8    9    4
    5    7  256   22    4    4
    5    7  173   15    5    5
    5    7  304   26    4    1
    5    7  288   24   12    2
    5    7  299   25   11    8
    5    7  239   20   11    1
    5    7  140   12    8    9
    5    7  331   28    7    5
    5    7  281   24    5    6
    5    7  124   11    4    6
    5    7  123   11    3    1
    5    7  107    9   11    1
    5    7   63    6    3    9
    5    7  294   25    6    5
    5    7    2    1    2    4
    5    7  321   27    9    8
    5    7  328   28    4    8
    5    7   41    4    5    7
    5    7  325   28    1    7
    5    7   87    8    3    5
    5    7  129   11    9    6
    5    7  225   19    9    4
    5    7   85    8    1    3
    5    7  169   15    1    4
    5    7   99    9    3    1
    5    7  346   29   10    2
    5    7   69    6    9    9
    5    7  341   29    5    1
    5    7   40    4    4    2
    5    7   32    3    8    3
    5    7  286   24   10    1
    5    7  357   30    9    2
    5    7   56    5    8    5
    5    7  348   29   12    1
    5    7   18    2    6    1
    5    7   92    8    8    3
    5    7  213   18    9    4
    5    7   78    7    6    3
    5    7  260   22    8    2
    5    7   58    5   10    3
    5    7  187   16    7    1
    5    7   81    7    9    6
    5    7  317   27    5    5
    5    7  186   16    6    4
    5    7   19    2    7    2
    5    7  138   12    6    7
    5    7  292   25    4    1
    5    7   39    4    3    2
    5    7  344   29    8    1
    5    7  252   21   12    7
    5    7  333   28    9    8
    5    7  323   27   11    9
    5    7  162   14    6    1
    5    7  216   18   12    1
    5    7  115   10    7    1
    5    7  306   26    6    1
    5    7  244   21    4    8
    5    7  197   17    5    1
    5    7  177   15    9    7
    5    7  113   10    5    2
    5    7  332   28    8    7
    5    7  269   23    5    2
    5    7  153   13    9    3
    5    7  218   19    2    4
    5    7  279   24    3    3
    5    7  231   20    3    1
    5    7  163   14    7    7
    5    7  131   11   11    6
    5    7   82    7   10    8
    5    7  125   11    5    4
    5    7  142   12   10    8
    5    7  193   17    1    9
    5    7  211   18    7    8
    5    7  202   17   10    1
    5    7  171   15    3    5
    5    7  278   24    2    2
    5    7   73    7    1    4
    5    7  108    9   12    2
    5    7  172   15    4    5
    5    7  356   30    8    2
    5    7   57    5    9    1
    5    7   51    5    3    3
    5    7  229   20    1    2
    5    7  257   22    5    4
    5    7   68    6    8    9
    5    7  262   22   10    3
    5    7  276   23   12    2
    5    7  122   11    2    1
    5    7   97    9    1    3
    5    7  293   25    5    1
    5    7   13    2    1    1
    5    7  271   23    7    1
    5    7  199   17    7    3
    5    7  268   23    4    2
    5    7  282   24    6    2
    5    7   52    5    4    3
    5    7   30    3    6    4
    5    7  134   12    2    9
    5    7   90    8    6    8
    5    7  337   29    1    3
    5    7   79    7    7    8
    5    7   33    3    9    7
    5    7  227   19   11    5
    5    7  280   24    4    5
    5    7  267   23    3    4
    5    7  144   12   12    8
    5    7  270   23    6    7
    5    7  110   10    2    3
    5    7  220   19    4    4
    5    7   27    3    3    5
    5    7  223   19    7    6
    5    7  121   11    1    7
    5    7  105    9    9    1
    5    7  336   28   12    8
    5    7  242   21    2    9
    5    7  347   29   11    2
    5    7   66    6    6    9
    5    7  245   21    5    8
    5    7  236   20    8    1
    5    7   62    6    2    9
    5    7  222   19    6    8
    5    7  254   22    2    3
    5    7  287   24   11    3
    5    7  349   30    1    1
    5    7   65    6    5    9
    5    7  215   18   11    3
    5    7  228   19   12    2
    5    7  243   21    3    3
    5    7  183   16    3    1
    5    7  189   16    9    2
    5    7  247   21    7    3
    5    7  195   17    3    7
    5    7  329   28    5    6
    5    7   24    2   12    1
    5    7  312   26   12    6
    5    7  217   19    1    2
    5    7  157   14    1    2
    5    7   20    2    8    1
    5    7   17    2    5    1
    5    7  174   15    6    5
    5    7   11    1   11    1
    5    7  175   15    7    2
    5    7  320   27    8    6
    5    7  159   14    3    1
    5    7   36    3   12    4
    5    7   44    4    8    1
    5    7   49    5    1    4
    5    7  116   10    8    2
    5    7  272   23    8    7
    5    7  188   16    8    5
    5    7  277   24    1    4
    5    7  133   12    1    9
    5    7   64    6    4    9
    5    7  354   30    6    3
    5    7  309   26    9    2
    5    7  205   18    1    1
    5    7  285   24    9    1
    5    7  335   28   11    6
    5    7  191   16   11    1
    5    7  137   12    5    8
    5    7  238   20   10    2
    5    7  240   20   12    3
    5    7  330   28    6    6
    5    7  230   20    2    7
    5    7   61    6    1    9
    5    7  250   21   10    8
    5    7   53    5    5    2
    5    7   70    6   10    8
    5    7  233   20    5    2
    5    7  148   13    4    2
    5    7   14    2    2    1
    5    7  340   29    4    2
    5    7  117   10    9    1
    5    7   46    4   10    7
    5    7  241   21    1    7
    5    7  352   30    4    1
    5    7  302   26    2    1
    5    7   72    6   12    9
    5    7   25    3    1    3
    5    7  206   18    2    2
    5    7  154   13   10    1
    5    7  156   13   12    2
    5    7  145   13    1    1
    5    7  150   13    6    2
    5    7  265   23    1    7
    5    7  305   26    5    2
    5    7  146   13    2    3
    5    7  264   22   12    2
    5    7  297   25    9    3
    5    7  290   25    2    4
    5    7  166   14   10    1
    5    7  253   22    1    2
    5    7  315   27    3    7
    5    7  101    9    5    1
    5    7  283   24    7    2
    5    7  234   20    6    1
    5    7  126   11    6    2
    5    7   76    7    4    5
    5    7  130   11   10    3
    5    7  289   25    1    2
    5    7  164   14    8    4
    5    7   95    8   11    3
    5    7   23    2   11    2
    5    7  151   13    7    2
    5    7  313   27    1    5
    5    7  339   29    3    2
    5    7  210   18    6    3
    5    7  161   14    5    2
    5    7   43    4    7    3
    5    7  303   26    3    2
    5    7  358   30   10    3
    5    7  136   12    4    9
    5    7   75    7    3    4
    5    7  324   27   12    2
    5    7  255   22    3    1
    5    7  208   18    4    2
    5    7   59    5   11    3
    5    7  248   21    8    8
    5    7    6    1    6    3
    5    7   31    3    7    2
    5    7  224   19    8    7
    5    7    1    1    1    3
    5    7  251   21   11    8
    5    7  132   11   12    2
    5    7   67    6    7    9
    5    7   94    8   10    3
    5    7  326   28    2    4
    5    7   22    2   10    2
    5    7  263   22   11    1
    5    7   89    8    5    3
    5    7  179   15   11    4
    5    7  219   19    3    2
    5    7    3    1    3    3
    5    7  351   30    3    2
    5    7  319   27    7    5
    5    7  198   17    6    7
    5    7   77    7    5    4
    5    7  127   11    7    4
    5    7  258   22    6    6
    5    7  176   15    8    7
    5    7  266   23    2    6
    5    7  152   13    8    3
    5    7   16    2    4    2
    5    7  203   17   11    4
    5    7  114   10    6    6
    5    7   35    3   11    6
    5    7  194   17    2    3
    5    7  273   23    9    8
    5    7  235   20    7    2
    5    7  338   29    2    3
    5    7   54    5    6    7
    5    7   45    4    9    8
    5    7  345   29    9    3
    5    7  274   23   10    8
    5    7  147   13    3    3
    5    7  158   14    2    2
    5    7   37    4    1    3
    5    7  298   25   10    2
    5    7  149   13    5    3
    5    7  316   27    4    2
    5    7  259   22    7    1
    5    7  307   26    7    2
    5    7   50    5    2    3
    5    7  207   18    3    2
    5    7    9    1    9    2
    5    7  190   16   10    1
    5    7  311   26   11    3
    5    7   10    1   10    4
    5    7  300   25   12    3
    5    7  221   19    5    7
    5    7  165   14    9    2
    5    7  128   11    8    8
    5    7  334   28   10    5
    5    7  170   15    2    4
    5    7  353   30    5    1
    5    7  360   30   12    3
    5    7  261   22    9    4
    5    7  296   25    8    2
    5    7  141   12    9    9
    5    7   12    1   12    3
    5    7  135   12    3    7
    5    7   98    9    2    2
    5    7   42    4    6    6
    5    7  212   18    8    3
    5    7  182   16    2    2
    5    7  204   17   12    8
    5    7  104    9    8    2
    5    7  275   23   11    8
    5    7  118   10   10    2
    5    7  342   29    6    3
    5    7   15    2    3    4
    5    7  160   14    4    2
    5    7  111   10    3    4
    5    7   48    4   12    2
    5    7  295   25    7    1
    5    7  168   14   12    2
    5    7   86    8    2    4
    5    7   28    3    4    6
    5    7  109   10    1    3
    5    7   26    3    2    4
    5    7   96    8   12    2
    5    7  226   19   10    3
    5    7  178   15   10    5
    5    7   38    4    2    2
    5    7  291   25    3    3
    5    7   83    7   11    6
    5    7  308   26    8    2
    5    7    8    1    8    3
    5    7  103    9    7    2
    5    7  143   12   11    1
    5    7  350   30    2    1
    5    7  359   30   11    3
    5    7  181   16    1    2
    5    7    7    1    7    4
    5    7   29    3    5    6
    5    7  246   21    6    7
    5    7  232   20    4    3
    5    7  196   17    4    7
    5    7  102    9    6    2
    5    7  310   26   10    2
    5    7  112   10    4    3
    5    7  200   17    8    7
    5    7   34    3   10    4
    5    7   47    4   11    2
    5    7  201   17    9    7
    5    7   60    5   12    5
    5    7  155   13   11    3
    5    7  184   16    4    2
    5    7  249   21    9    9
    5    7  318   27    6    8
    5    7  314   27    2    6
    5    7  120   10   12    3
