    3   17  307   26    7    1
    3   17  171   15    3    1
    3   17  201   17    9    1
    3   17  121   11    1    3
    3   17  116   10    8    2
    3   17  234   20    6    2
    3   17  138   12    6    2
    3   17  160   14    4    1
    3   17   28    3    4    4
    3   17  173   15    5    3
    3   17   12    1   12    4
    3   17  112   10    4    3
    3   17   68    6    8    1
    3   17  185   16    5    4
    3   17  324   27   12    2
    3   17  193   17    1    4
    3   17   51    5    3    6
    3   17  148   13    4    6
    3   17  178   15   10    4
    3   17  118   10   10    6
    3   17   22    2   10    3
    3   17    2    1    2    6
    3   17   87    8    3    6
    3   17  119   10   11    4
    3   17  218   19    2    4
    3   17  195   17    3    4
    3   17  294   25    6    2
    3   17  156   13   12    6
    3   17  360   30   12    6
    3   17  265   23    1    2
    3   17  124   11    4    6
    3   17  334   28   10    2
    3   17  353   30    5    3
    3   17  313   27    1    4
    3   17   75    7    3    7
    3   17  111   10    3    6
    3   17   26    3    2    7
    3   17  115   10    7    7
    3   17  202   17   10    4
    3   17   76    7    4    7
    3   17  221   19    5    7
    3   17  300   25   12    2
    3   17  348   29   12    4
    3   17  284   24    8    8
    3   17  137   12    5    1
    3   17   70    6   10    1
    3   17  110   10    2    5
    3   17  255   22    3    6
    3   17   71    6   11    1
    3   17  314   27    2    2
    3   17  132   11   12    7
    3   17  246   21    6    3
    3   17  174   15    6    1
    3   17   30    3    6    3
    3   17    4    1    4    6
    3   17   24    2   12    4
    3   17  233   20    5    3
    3   17  276   23   12    4
    3   17  309   26    9    4
    3   17  135   12    3    4
    3   17  330   28    6    6
    3   17  144   12   12    4
    3   17  298   25   10    5
    3   17  186   16    6    6
    3   17  241   21    1    4
    3   17  153   13    9    4
    3   17  340   29    4    3
    3   17  285   24    9    9
    3   17   60    5   12    7
    3   17   61    6    1    2
    3   17  222   19    6    7
    3   17  319   27    7    2
    3   17  179   15   11    3
    3   17   64    6    4    1
    3   17  317   27    5    3
    3   17  293   25    5    4
    3   17  151   13    7    5
    3   17   47    4   11    4
    3   17  305   26    5    4
    3   17  297   25    9    4
    3   17  209   18    5    3
    3   17  351   30    3    4
    3   17   35    3   11    1
    3   17  141   12    9    1
    3   17    9    1    9    4
    3   17  163   14    7    3
    3   17   73    7    1    8
    3   17  312   26   12    4
    3   17  359   30   11    4
    3   17  253   22    1    9
    3   17  326   28    2    7
    3   17  281   24    5    9
    3   17   94    8   10    8
    3   17   27    3    3    5
    3   17  337   29    1    6
    3   17  123   11    3    2
    3   17  290   25    2    3
    3   17  199   17    7    3
    3   17  216   18   12    3
    3   17  262   22   10    5
    3   17  214   18   10    4
    3   17  338   29    2    4
    3   17  308   26    8    7
    3   17   32    3    8    7
    3   17  315   27    3    1
    3   17  346   29   10    4
    3   17  356   30    8    4
    3   17  152   13    8    4
    3   17  168   14   12    1
    3   17  344   29    8    4
    3   17   11    1   11    5
    3   17   69    6    9    1
    3   17  237   20    9    1
    3   17   83    7   11    9
    3   17  320   27    8    6
    3   17  291   25    3    7
    3   17  332   28    8    4
    3   17  191   16   11    4
    3   17   84    7   12    5
    3   17   21    2    9    1
    3   17  333   28    9    8
    3   17   74    7    2    6
    3   17  207   18    3    4
    3   17  278   24    2    8
    3   17  331   28    7    8
    3   17  240   20   12    1
    3   17  318   27    6    1
    3   17   59    5   11    8
    3   17   45    4    9    7
    3   17   63    6    3    7
    3   17  147   13    3    7
    3   17  106    9   10    7
    3   17  247   21    7    2
    3   17  274   23   10    1
    3   17   97    9    1    7
    3   17  260   22    8    9
    3   17  220   19    4    7
    3   17  254   22    2    9
    3   17   66    6    6    1
    3   17   62    6    2    1
    3   17  211   18    7    3
    3   17  182   16    2    4
    3   17   25    3    1    5
    3   17  196   17    4    6
    3   17  354   30    6    3
    3   17   52    5    4    6
    3   17  236   20    8    2
    3   17  250   21   10    3
    3   17  129   11    9    5
    3   17  175   15    7    6
    3   17  350   30    2    3
    3   17   81    7    9    6
    3   17  261   22    9    9
    3   17  310   26   10    2
    3   17  108    9   12    6
    3   17  219   19    3    7
    3   17  105    9    9    9
    3   17  155   13   11    6
    3   17  329   28    5    6
    3   17  120   10   12    5
    3   17   23    2   11    6
    3   17  142   12   10    7
    3   17  203   17   11    7
    3   17  149   13    5    7
    3   17  238   20   10    4
    3   17  316   27    4    9
    3   17   98    9    2    7
    3   17  146   13    2    7
    3   17  283   24    7    9
    3   17  339   29    3    3
    3   17  251   21   11    1
    3   17  130   11   10    3
    3   17   36    3   12    4
    3   17   34    3   10    4
    3   17   54    5    6    6
    3   17  159   14    3    1
    3   17   65    6    5    9
    3   17   43    4    7    9
    3   17  183   16    3    4
    3   17  225   19    9    7
    3   17  335   28   11    4
    3   17  224   19    8    4
    3   17  345   29    9    4
    3   17   13    2    1    3
    3   17   67    6    7    6
    3   17  228   19   12    7
    3   17   91    8    7    7
    3   17   48    4   12    7
    3   17  194   17    2    4
    3   17  140   12    8    1
    3   17  192   16   12    4
    3   17   89    8    5    7
    3   17  286   24   10    9
    3   17  107    9   11    6
    3   17  282   24    6    6
    3   17  139   12    7    1
    3   17   50    5    2    4
    3   17  154   13   10    4
    3   17   33    3    9    6
    3   17  264   22   12    8
    3   17  272   23    8    3
    3   17   15    2    3    3
    3   17  136   12    4    1
    3   17   86    8    2    4
    3   17  164   14    8    6
    3   17  287   24   11    9
    3   17  114   10    6    7
    3   17   80    7    8    8
    3   17   55    5    7    4
    3   17   14    2    2    3
    3   17  181   16    1    1
    3   17   19    2    7    1
    3   17  158   14    2    1
    3   17   95    8   11    6
    3   17  292   25    4    4
    3   17  150   13    6    7
    3   17  342   29    6    7
    3   17  306   26    6    4
    3   17  243   21    3    7
    3   17  271   23    7    2
    3   17  177   15    9    7
    3   17   90    8    6    8
    3   17   39    4    3    6
    3   17  328   28    4    8
    3   17  212   18    8    3
    3   17    7    1    7    8
    3   17  166   14   10    2
    3   17  279   24    3    8
    3   17  239   20   11    1
    3   17   53    5    5    8
    3   17   38    4    2    3
    3   17  205   18    1    3
    3   17  263   22   11    9
    3   17  357   30    9    4
    3   17  242   21    2    2
    3   17   82    7   10    9
    3   17  256   22    4    9
    3   17   79    7    7    8
    3   17  180   15   12    4
    3   17  208   18    4    4
    3   17  230   20    2    2
    3   17    6    1    6    3
    3   17   99    9    3    4
    3   17   77    7    5    7
    3   17   96    8   12    6
    3   17  358   30   10    3
    3   17  131   11   11    7
    3   17  267   23    3    7
    3   17  122   11    2    2
    3   17  252   21   12    2
    3   17  190   16   10    4
    3   17   18    2    6    3
    3   17  217   19    1    3
    3   17  341   29    5    3
    3   17  101    9    5    7
    3   17  102    9    6    7
    3   17  270   23    6    2
    3   17  210   18    6    3
    3   17  104    9    8    4
    3   17   31    3    7    7
    3   17   72    6   12    1
    3   17   93    8    9    8
    3   17  128   11    8    2
    3   17  280   24    4    9
    3   17  296   25    8    2
    3   17    1    1    1    3
    3   17  322   27   10    3
    3   17   41    4    5    2
    3   17   58    5   10    3
    3   17   17    2    5    1
    3   17  266   23    2    1
    3   17  184   16    4    6
    3   17  125   11    5    4
    3   17  231   20    3    4
    3   17  303   26    3    3
    3   17  165   14    9    2
    3   17   37    4    1    3
    3   17  229   20    1    4
    3   17  336   28   12    7
    3   17   16    2    4    2
    3   17  227   19   11    8
    3   17  347   29   11    3
    3   17  232   20    4    4
    3   17   85    8    1    4
    3   17  277   24    1    7
    3   17  301   26    1    3
    3   17  134   12    2    2
    3   17    3    1    3    3
    3   17  352   30    4    2
    3   17  103    9    7    6
    3   17    8    1    8    6
    3   17  299   25   11    7
    3   17  200   17    8    2
    3   17  321   27    9    6
    3   17  133   12    1    3
    3   17  204   17   12    3
    3   17  327   28    3    4
    3   17  206   18    2    6
    3   17  268   23    4    4
    3   17  288   24   12    4
    3   17   42    4    6    6
    3   17  198   17    6    7
    3   17  235   20    7    3
    3   17  188   16    8    6
    3   17  113   10    5    7
    3   17  259   22    7    8
    3   17  172   15    4    2
    3   17  245   21    5    3
    3   17  311   26   11    3
    3   17   57    5    9    6
    3   17  117   10    9    6
    3   17  275   23   11    2
    3   17   20    2    8    3
    3   17  355   30    7    2
    3   17   49    5    1    8
    3   17  143   12   11    2
    3   17  289   25    1    7
    3   17  187   16    7    7
    3   17   10    1   10    6
    3   17  258   22    6    9
    3   17  269   23    5    7
    3   17   92    8    8    6
    3   17  249   21    9    1
    3   17  100    9    4    6
    3   17    5    1    5    7
    3   17   40    4    4    7
    3   17   78    7    6    8
    3   17  257   22    5    9
    3   17  244   21    4    1
    3   17  145   13    1    7
    3   17   56    5    8    7
    3   17  323   27   11    3
    3   17  169   15    1    4
    3   17  126   11    6    4
    3   17   44    4    8    3
    3   17   29    3    5    4
    3   17  189   16    9    7
    3   17  215   18   11    7
    3   17  176   15    8    4
    3   17  295   25    7    3
    3   17   46    4   10    6
    3   17  349   30    1    4
    3   17  127   11    7    7
    3   17  162   14    6    3
    3   17  302   26    2    2
    3   17  157   14    1    7
    3   17  343   29    7    4
    3   17  213   18    9    7
    3   17  248   21    8    2
    3   17  325   28    1    9
    3   17  273   23    9    2
    3   17  304   26    4    2
    3   17  109   10    1    6
    3   17  167   14   11    2
    3   17  223   19    7    6
    3   17  170   15    2    2
    3   17  226   19   10    2
    3   17   88    8    4    7
    3   17  161   14    5    1
    3   17  197   17    5    3
