    3   10   76    7    4    4
    3   10  109   10    1    2
    3   10   85    8    1    1
    3   10  347   29   11    1
    3   10  284   24    8    5
    3   10  340   29    4    1
    3   10  202   17   10    2
    3   10  257   22    5    6
    3   10  187   16    7    2
    3   10  224   19    8    5
    3   10  286   24   10    5
    3   10  171   15    3    1
    3   10  268   23    4    1
    3   10  269   23    5    3
    3   10   84    7   12    5
    3   10   87    8    3    2
    3   10  144   12   12    0
    3   10  322   27   10    3
    3   10  190   16   10    2
    3   10  169   15    1    2
    3   10   47    4   11    2
    3   10  117   10    9    4
    3   10  346   29   10    2
    3   10  207   18    3    4
    3   10  175   15    7    5
    3   10  350   30    2    6
    3   10  139   12    7    0
    3   10   80    7    8    4
    3   10  157   14    1    2
    3   10  185   16    5    2
    3   10  313   27    1    4
    3   10  247   21    7    1
    3   10  288   24   12    1
    3   10  106    9   10    3
    3   10  154   13   10    2
    3   10  210   18    6    4
    3   10  270   23    6    0
    3   10  303   26    3    1
    3   10  205   18    1    3
    3   10  323   27   11    6
    3   10   12    1   12    5
    3   10  156   13   12    3
    3   10   82    7   10    6
    3   10  173   15    5    7
    3   10  119   10   11    2
    3   10   70    6   10    0
    3   10  265   23    1    1
    3   10   99    9    3    3
    3   10  260   22    8    9
    3   10   61    6    1    0
    3   10   49    5    1    5
    3   10  344   29    8    1
    3   10  155   13   11    6
    3   10  186   16    6    5
    3   10  153   13    9    4
    3   10    9    1    9    2
    3   10  197   17    5    1
    3   10  244   21    4    6
    3   10  291   25    3    2
    3   10  129   11    9    1
    3   10  151   13    7    2
    3   10  231   20    3    1
    3   10  177   15    9    7
    3   10  160   14    4    6
    3   10  273   23    9    2
    3   10    8    1    8    3
    3   10  180   15   12    6
    3   10   88    8    4    6
    3   10  136   12    4    0
    3   10  317   27    5    1
    3   10  308   26    8    2
    3   10  352   30    4    2
    3   10  111   10    3    1
    3   10  178   15   10    6
    3   10   96    8   12    5
    3   10  232   20    4    1
    3   10   59    5   11    5
    3   10  329   28    5    6
    3   10   66    6    6    2
    3   10  161   14    5    1
    3   10  258   22    6    6
    3   10  279   24    3    5
    3   10   58    5   10    2
    3   10  300   25   12    1
    3   10  194   17    2    1
    3   10  226   19   10    3
    3   10  354   30    6    4
    3   10   48    4   12    1
    3   10  209   18    5    1
    3   10  262   22   10    5
    3   10    1    1    1    3
    3   10  335   28   11    1
    3   10   14    2    2    2
    3   10   63    6    3    0
    3   10  336   28   12    5
    3   10  246   21    6    3
    3   10  215   18   11    2
    3   10  359   30   11    3
    3   10  196   17    4    3
    3   10   57    5    9    5
    3   10  219   19    3    5
    3   10  184   16    4    5
    3   10  292   25    4    1
    3   10  299   25   11    2
    3   10  213   18    9    5
    3   10  242   21    2    1
    3   10   35    3   11    3
    3   10   21    2    9    1
    3   10  255   22    3    6
    3   10  212   18    8    1
    3   10   91    8    7    3
    3   10   41    4    5    3
    3   10  120   10   12    4
    3   10    2    1    2    4
    3   10  149   13    5    2
    3   10  287   24   11    6
    3   10  222   19    6    6
    3   10  234   20    6    1
    3   10   69    6    9    0
    3   10  133   12    1    2
    3   10  217   19    1    2
    3   10  114   10    6    4
    3   10  159   14    3    1
    3   10   79    7    7    5
    3   10   64    6    4    0
    3   10  200   17    8    1
    3   10  158   14    2    1
    3   10  112   10    4    1
    3   10   18    2    6    2
    3   10  345   29    9    1
    3   10   30    3    6    4
    3   10  170   15    2    1
    3   10   23    2   11    2
    3   10   93    8    9    4
    3   10  305   26    5    3
    3   10  266   23    2    1
    3   10   55    5    7    3
    3   10   54    5    6    3
    3   10  220   19    4    2
    3   10   60    5   12    4
    3   10  206   18    2    3
    3   10  249   21    9    0
    3   10  137   12    5    0
    3   10   98    9    2    2
    3   10  259   22    7    7
    3   10  110   10    2    4
    3   10  271   23    7    2
    3   10   89    8    5    2
    3   10  310   26   10    1
    3   10  338   29    2    1
    3   10  235   20    7    1
    3   10  142   12   10    6
    3   10  280   24    4    8
    3   10  360   30   12    1
    3   10  203   17   11    4
    3   10  116   10    8    1
    3   10   50    5    2    2
    3   10   83    7   11    6
    3   10    3    1    3    3
    3   10    4    1    4    3
    3   10   75    7    3    6
    3   10  297   25    9    2
    3   10   78    7    6    6
    3   10   25    3    1    1
    3   10   53    5    5    4
    3   10  316   27    4    6
    3   10  294   25    6    1
    3   10   52    5    4    3
    3   10  315   27    3    5
    3   10  164   14    8    5
    3   10  201   17    9    5
    3   10  108    9   12    1
    3   10  353   30    5    1
    3   10   29    3    5    3
    3   10  138   12    6    2
    3   10  342   29    6    3
    3   10  172   15    4    4
    3   10  275   23   11    7
    3   10   73    7    1    4
    3   10  179   15   11    1
    3   10    5    1    5    3
    3   10  241   21    1    3
    3   10  105    9    9    6
    3   10  103    9    7    5
    3   10  277   24    1    7
    3   10   62    6    2    0
    3   10  152   13    8    2
    3   10  214   18   10    4
    3   10  174   15    6    3
    3   10   26    3    2    2
    3   10  318   27    6    1
    3   10  189   16    9    6
    3   10  168   14   12    3
    3   10  123   11    3    4
    3   10   33    3    9    4
    3   10  293   25    5    4
    3   10   44    4    8    4
    3   10  243   21    3    6
    3   10  140   12    8    4
    3   10  306   26    6    6
    3   10  245   21    5    3
    3   10  254   22    2    7
    3   10  198   17    6    3
    3   10  101    9    5    3
    3   10  195   17    3    2
    3   10  118   10   10    1
    3   10   31    3    7    5
    3   10  263   22   11    6
    3   10  165   14    9    3
    3   10  236   20    8    1
    3   10  192   16   12    2
    3   10  216   18   12    2
    3   10   94    8   10    5
    3   10  143   12   11    5
    3   10   39    4    3    6
    3   10  267   23    3    1
    3   10  333   28    9    5
    3   10  281   24    5    7
    3   10   95    8   11    1
    3   10  113   10    5    2
    3   10  314   27    2    5
    3   10  324   27   12    5
    3   10  237   20    9    2
    3   10   45    4    9    3
    3   10  304   26    4    5
    3   10  176   15    8    1
    3   10  307   26    7    1
    3   10  331   28    7    6
    3   10   42    4    6    4
    3   10  274   23   10    1
    3   10   74    7    2    7
    3   10   13    2    1    1
    3   10  211   18    7    1
    3   10  135   12    3    6
    3   10   24    2   12    3
    3   10  145   13    1    2
    3   10  208   18    4    4
    3   10   37    4    1    3
    3   10  332   28    8    5
    3   10  167   14   11    4
    3   10  221   19    5    6
    3   10  127   11    7    2
    3   10  357   30    9    6
    3   10  223   19    7    4
    3   10   68    6    8    0
    3   10  328   28    4    6
    3   10  218   19    2    4
    3   10  264   22   12    7
    3   10  230   20    2    1
    3   10  131   11   11    6
    3   10   16    2    4    1
    3   10  321   27    9    5
    3   10    6    1    6    2
    3   10  100    9    4    3
    3   10  355   30    7    4
    3   10  125   11    5    2
    3   10  337   29    1    1
    3   10  302   26    2    1
    3   10  191   16   11    2
    3   10  228   19   12    3
    3   10  134   12    2    3
    3   10   32    3    8    4
    3   10  121   11    1    2
    3   10  193   17    1    6
    3   10  326   28    2    5
    3   10   28    3    4    3
    3   10  147   13    3    3
    3   10  239   20   11    2
    3   10  320   27    8    6
    3   10  240   20   12    1
    3   10  252   21   12    1
    3   10   36    3   12    2
    3   10  128   11    8    3
    3   10   43    4    7    8
    3   10   51    5    3    3
    3   10   77    7    5    8
    3   10  199   17    7    1
    3   10  285   24    9    7
    3   10  256   22    4    7
    3   10  343   29    7    1
    3   10  319   27    7    6
    3   10  330   28    6    6
    3   10   86    8    2    5
    3   10  130   11   10    1
    3   10  204   17   12    2
    3   10   90    8    6    4
    3   10   97    9    1    2
    3   10   67    6    7    0
    3   10   19    2    7    2
    3   10  272   23    8    1
    3   10  233   20    5    1
    3   10  146   13    2    3
    3   10  141   12    9    0
    3   10   22    2   10    1
    3   10  278   24    2    7
    3   10  301   26    1    2
    3   10  298   25   10    7
    3   10  334   28   10    3
    3   10  104    9    8    2
    3   10  351   30    3    1
    3   10  227   19   11    5
    3   10   40    4    4    2
    3   10  327   28    3    5
    3   10  295   25    7    1
    3   10  358   30   10    1
    3   10  289   25    1    1
    3   10  150   13    6    3
    3   10  126   11    6    3
    3   10   17    2    5    1
    3   10  283   24    7    8
    3   10  225   19    9    2
    3   10  124   11    4    2
    3   10  229   20    1    2
    3   10  356   30    8    2
    3   10  251   21   11    4
    3   10  349   30    1    3
    3   10  309   26    9    2
    3   10   92    8    8    4
    3   10   27    3    3    2
    3   10  296   25    8    5
    3   10  339   29    3    2
    3   10   38    4    2    1
    3   10  276   23   12    3
    3   10  348   29   12    1
    3   10  122   11    2    3
    3   10  282   24    6    4
    3   10  102    9    6    5
    3   10   10    1   10    4
    3   10  253   22    1    7
    3   10   65    6    5    8
    3   10   34    3   10    7
    3   10  312   26   12    4
    3   10   15    2    3    4
    3   10  163   14    7    2
    3   10  248   21    8    2
    3   10   81    7    9    5
    3   10  115   10    7    4
    3   10  250   21   10    5
    3   10  325   28    1    5
    3   10  132   11   12    6
    3   10  148   13    4    3
    3   10  181   16    1    3
    3   10  341   29    5    1
    3   10  182   16    2    2
    3   10  188   16    8    3
    3   10  107    9   11    2
    3   10  166   14   10    1
    3   10  290   25    2    4
    3   10  183   16    3    2
    3   10   72    6   12    6
    3   10   11    1   11    7
    3   10   71    6   11    0
    3   10  162   14    6    1
    3   10   56    5    8    3
    3   10  238   20   10    1
    3   10   20    2    8    1
    3   10   46    4   10    1
    3   10  261   22    9    0
    3   10  311   26   11    2
    3   10    7    1    7    5
