    8    4  222   19    6    4
    8    4  256   22    4    6
    8    4   21    2    9    6
    8    4   35    3   11    5
    8    4  294   25    6    6
    8    4   40    4    4    4
    8    4  274   23   10    1
    8    4  260   22    8    2
    8    4  233   20    5    8
    8    4  264   22   12    1
    8    4  204   17   12    3
    8    4  329   28    5    5
    8    4  116   10    8    6
    8    4   79    7    7    5
    8    4   84    7   12    3
    8    4  257   22    5    1
    8    4  289   25    1    8
    8    4  153   13    9    9
    8    4  154   13   10    7
    8    4  138   12    6    7
    8    4  236   20    8    7
    8    4  187   16    7    6
    8    4  354   30    6    6
    8    4  151   13    7    8
    8    4  160   14    4    4
    8    4  169   15    1    4
    8    4   67    6    7    7
    8    4  282   24    6    6
    8    4  171   15    3    7
    8    4   73    7    1    1
    8    4  302   26    2    4
    8    4    6    1    6    6
    8    4  326   28    2    6
    8    4  101    9    5    4
    8    4  107    9   11    3
    8    4  228   19   12    3
    8    4  110   10    2    5
    8    4  214   18   10    4
    8    4  165   14    9    4
    8    4  307   26    7    6
    8    4  330   28    6    1
    8    4   66    6    6    6
    8    4   54    5    6    6
    8    4   49    5    1    7
    8    4  137   12    5    4
    8    4  123   11    3    6
    8    4  188   16    8    7
    8    4   41    4    5    4
    8    4  144   12   12    4
    8    4  315   27    3    4
    8    4  131   11   11    4
    8    4  285   24    9    1
    8    4  191   16   11    4
    8    4  258   22    6    5
    8    4   26    3    2    5
    8    4  237   20    9    6
    8    4  168   14   12    6
    8    4  117   10    9    4
    8    4  136   12    4    4
    8    4  226   19   10    4
    8    4  205   18    1    6
    8    4   46    4   10    4
    8    4  212   18    8    6
    8    4  216   18   12    4
    8    4  128   11    8    2
    8    4  328   28    4    1
    8    4  265   23    1    3
    8    4  334   28   10    4
    8    4  251   21   11    2
    8    4  267   23    3    3
    8    4  245   21    5    4
    8    4  185   16    5    4
    8    4   33    3    9    8
    8    4   63    6    3    5
    8    4   77    7    5    7
    8    4  301   26    1    5
    8    4  314   27    2    3
    8    4  299   25   11    3
    8    4   69    6    9    4
    8    4   56    5    8    8
    8    4  229   20    1    5
    8    4    4    1    4    3
    8    4  239   20   11    5
    8    4  119   10   11    5
    8    4   15    2    3    6
    8    4   95    8   11    2
    8    4    5    1    5    1
    8    4  159   14    3    5
    8    4  247   21    7    5
    8    4  184   16    4    9
    8    4  261   22    9    3
    8    4   17    2    5    5
    8    4  338   29    2    8
    8    4   42    4    6    2
    8    4  317   27    5    3
    8    4  164   14    8    5
    8    4  312   26   12    2
    8    4  104    9    8    5
    8    4  350   30    2    3
    8    4  311   26   11    3
    8    4  198   17    6    1
    8    4  244   21    4    5
    8    4  129   11    9    7
    8    4  224   19    8    1
    8    4   88    8    4    2
    8    4   59    5   11    8
    8    4  358   30   10    5
    8    4  134   12    2    4
    8    4   76    7    4    1
    8    4  227   19   11    1
    8    4  156   13   12    7
    8    4  306   26    6    4
    8    4  211   18    7    5
    8    4  148   13    4    7
    8    4  238   20   10    6
    8    4  179   15   11    4
    8    4  255   22    3    1
    8    4  250   21   10    1
    8    4  209   18    5    4
    8    4   10    1   10    1
    8    4   80    7    8    1
    8    4  183   16    3    8
    8    4  276   23   12    6
    8    4  182   16    2    4
    8    4  176   15    8    4
    8    4    9    1    9    5
    8    4    3    1    3    1
    8    4  178   15   10    5
    8    4  271   23    7    5
    8    4  278   24    2    1
    8    4   16    2    4    5
    8    4  319   27    7    3
    8    4  112   10    4    6
    8    4  268   23    4    5
    8    4   97    9    1    1
    8    4  331   28    7    1
    8    4  217   19    1    5
    8    4  320   27    8    3
    8    4  357   30    9    1
    8    4  252   21   12    3
    8    4  167   14   11    3
    8    4  280   24    4    1
    8    4  122   11    2    4
    8    4   64    6    4    1
    8    4  114   10    6    8
    8    4  175   15    7    8
    8    4  324   27   12    3
    8    4  111   10    3    7
    8    4  248   21    8    4
    8    4  193   17    1    6
    8    4  310   26   10    1
    8    4   87    8    3    5
    8    4   72    6   12    6
    8    4  132   11   12    5
    8    4  270   23    6    4
    8    4   78    7    6    4
    8    4  166   14   10    6
    8    4  223   19    7    3
    8    4  305   26    5    1
    8    4  155   13   11    8
    8    4  335   28   11    6
    8    4  199   17    7    4
    8    4  322   27   10    4
    8    4  290   25    2    4
    8    4  277   24    1    1
    8    4  124   11    4    4
    8    4   90    8    6    2
    8    4  195   17    3    2
    8    4   31    3    7    8
    8    4  308   26    8    3
    8    4  348   29   12    6
    8    4  291   25    3    3
    8    4  266   23    2    1
    8    4   48    4   12    2
    8    4  145   13    1    8
    8    4  105    9    9    7
    8    4  174   15    6    4
    8    4  221   19    5    2
    8    4  189   16    9    3
    8    4  313   27    1    4
    8    4  152   13    8    8
    8    4   57    5    9    4
    8    4  295   25    7    6
    8    4  332   28    8    6
    8    4   44    4    8    4
    8    4   61    6    1    4
    8    4   36    3   12    3
    8    4  345   29    9    8
    8    4  346   29   10    3
    8    4   28    3    4    4
    8    4  120   10   12    5
    8    4  284   24    8    2
    8    4  297   25    9    3
    8    4  206   18    2    7
    8    4   85    8    1    5
    8    4    7    1    7    7
    8    4    2    1    2    4
    8    4  235   20    7    4
    8    4    1    1    1    8
    8    4  103    9    7    6
    8    4  241   21    1    1
    8    4  135   12    3    1
    8    4  304   26    4    3
    8    4   32    3    8    6
    8    4  186   16    6    6
    8    4  150   13    6    8
    8    4  259   22    7    1
    8    4  127   11    7    7
    8    4  213   18    9    6
    8    4  286   24   10    4
    8    4   53    5    5    4
    8    4  177   15    9    4
    8    4  249   21    9    4
    8    4  113   10    5    4
    8    4   47    4   11    4
    8    4  318   27    6    4
    8    4  292   25    4    4
    8    4  157   14    1    4
    8    4   19    2    7    4
    8    4   43    4    7    1
    8    4  309   26    9    4
    8    4  173   15    5    4
    8    4   98    9    2    4
    8    4   94    8   10    4
    8    4  170   15    2    4
    8    4   71    6   11    4
    8    4  325   28    1    4
    8    4   30    3    6    7
    8    4   99    9    3    3
    8    4  262   22   10    4
    8    4  341   29    5    7
    8    4  118   10   10    7
    8    4  323   27   11    3
    8    4  218   19    2    1
    8    4  359   30   11    3
    8    4  337   29    1    8
    8    4  181   16    1    7
    8    4  149   13    5    8
    8    4  162   14    6    3
    8    4  172   15    4    3
    8    4   81    7    9    4
    8    4  125   11    5    7
    8    4  100    9    4    3
    8    4  353   30    5    4
    8    4   23    2   11    4
    8    4  356   30    8    4
    8    4   24    2   12    4
    8    4   55    5    7    6
    8    4   93    8    9    4
    8    4   13    2    1    4
    8    4  194   17    2    4
    8    4  333   28    9    1
    8    4  146   13    2    8
    8    4   29    3    5    6
    8    4  190   16   10    4
    8    4   70    6   10    4
    8    4  336   28   12    2
    8    4  158   14    2    3
    8    4   62    6    2    4
    8    4  269   23    5    4
    8    4   20    2    8    4
    8    4  347   29   11    4
    8    4   50    5    2    6
    8    4  303   26    3    4
    8    4   65    6    5    2
    8    4  141   12    9    3
    8    4   27    3    3    6
    8    4  234   20    6    4
    8    4  360   30   12    4
    8    4  272   23    8    4
    8    4   60    5   12    6
    8    4  283   24    7    2
    8    4   86    8    2    2
    8    4   38    4    2    3
    8    4  210   18    6    3
    8    4  246   21    6    3
    8    4  231   20    3    4
    8    4   82    7   10    1
    8    4  109   10    1    1
    8    4  281   24    5    1
    8    4   22    2   10    3
    8    4  273   23    9    3
    8    4  106    9   10    3
    8    4   68    6    8    4
    8    4   52    5    4    6
    8    4  327   28    3    6
    8    4   18    2    6    6
    8    4  115   10    7    4
    8    4   91    8    7    4
    8    4  352   30    4    3
    8    4  288   24   12    3
    8    4  300   25   12    3
    8    4  293   25    5    3
    8    4  142   12   10    2
    8    4   92    8    8    1
    8    4   89    8    5    1
    8    4  316   27    4    1
    8    4  207   18    3    8
    8    4  163   14    7    6
    8    4  203   17   11    3
    8    4  240   20   12    3
    8    4  242   21    2    4
    8    4  321   27    9    4
    8    4  147   13    3    7
    8    4  143   12   11    4
    8    4  215   18   11    3
    8    4  279   24    3    3
    8    4   51    5    3    4
    8    4  343   29    7    8
    8    4   12    1   12    7
    8    4   45    4    9    6
    8    4  253   22    1    1
    8    4  196   17    4    4
    8    4  133   12    1    2
    8    4  130   11   10    6
    8    4  243   21    3    4
    8    4  220   19    4    5
    8    4  287   24   11    1
    8    4  349   30    1    6
    8    4  344   29    8    4
    8    4  139   12    7    4
    8    4  108    9   12    4
    8    4   11    1   11    3
    8    4  296   25    8    4
    8    4   83    7   11    2
    8    4   96    8   12    4
    8    4  200   17    8    4
    8    4  232   20    4    4
    8    4   34    3   10    6
    8    4  263   22   11    1
    8    4  180   15   12    6
    8    4  230   20    2    4
    8    4  355   30    7    4
    8    4  254   22    2    1
    8    4    8    1    8    4
    8    4  201   17    9    4
    8    4   74    7    2    2
    8    4  161   14    5    4
    8    4   37    4    1    2
    8    4  340   29    4    3
    8    4   39    4    3    6
    8    4  197   17    5    4
    8    4  351   30    3    6
    8    4  298   25   10    4
    8    4  275   23   11    4
    8    4  102    9    6    4
    8    4  219   19    3    2
    8    4  192   16   12    6
    8    4   25    3    1    6
    8    4   14    2    2    4
    8    4  339   29    3    7
    8    4  208   18    4    4
    8    4  225   19    9    2
    8    4  126   11    6    3
    8    4   58    5   10    2
    8    4   75    7    3    2
    8    4  202   17   10    4
    8    4  121   11    1    2
    8    4  342   29    6    7
    8    4  140   12    8    4
