   10    3  354   30    6    4
   10    3  224   19    8    4
   10    3  357   30    9    3
   10    3  213   18    9    2
   10    3  197   17    5    1
   10    3   73    7    1    6
   10    3  135   12    3    1
   10    3  269   23    5    1
   10    3  238   20   10    1
   10    3  276   23   12    2
   10    3  115   10    7    3
   10    3  112   10    4    1
   10    3  117   10    9    2
   10    3   42    4    6    3
   10    3  210   18    6    5
   10    3  314   27    2    3
   10    3  152   13    8    5
   10    3  281   24    5    9
   10    3   33    3    9    5
   10    3   51    5    3    4
   10    3   69    6    9    1
   10    3   85    8    1    2
   10    3  236   20    8    1
   10    3  162   14    6    2
   10    3  231   20    3    1
   10    3  262   22   10    5
   10    3  345   29    9    4
   10    3   78    7    6    6
   10    3   49    5    1    5
   10    3  207   18    3    3
   10    3  140   12    8    1
   10    3    8    1    8    1
   10    3  193   17    1    4
   10    3   14    2    2    1
   10    3  360   30   12    1
   10    3   60    5   12    5
   10    3   46    4   10    1
   10    3  289   25    1    1
   10    3   27    3    3    3
   10    3  201   17    9    2
   10    3  302   26    2    2
   10    3  202   17   10    3
   10    3  160   14    4    3
   10    3  268   23    4    2
   10    3   17    2    5    1
   10    3   13    2    1    1
   10    3  102    9    6    1
   10    3  109   10    1    1
   10    3   82    7   10    6
   10    3  306   26    6    1
   10    3  198   17    6    3
   10    3  255   22    3    3
   10    3  326   28    2    1
   10    3   97    9    1    1
   10    3  113   10    5    2
   10    3  148   13    4    4
   10    3  307   26    7    2
   10    3   81    7    9    7
   10    3  349   30    1    1
   10    3  133   12    1    1
   10    3  118   10   10    4
   10    3   71    6   11    1
   10    3  216   18   12    2
   10    3  240   20   12    2
   10    3  211   18    7    1
   10    3  130   11   10    1
   10    3  285   24    9    8
   10    3  320   27    8    1
   10    3   58    5   10    5
   10    3   40    4    4    3
   10    3    2    1    2    2
   10    3   79    7    7    7
   10    3  329   28    5    2
   10    3   96    8   12    3
   10    3  104    9    8    1
   10    3  353   30    5    1
   10    3  228   19   12    3
   10    3  146   13    2    4
   10    3   47    4   11    1
   10    3  312   26   12    2
   10    3   16    2    4    1
   10    3  347   29   11    1
   10    3   29    3    5    1
   10    3  286   24   10    5
   10    3  293   25    5    6
   10    3  194   17    2    4
   10    3  134   12    2    1
   10    3  141   12    9    1
   10    3  247   21    7    1
   10    3  132   11   12    7
   10    3  127   11    7    1
   10    3  225   19    9    1
   10    3  328   28    4    8
   10    3   41    4    5    3
   10    3  263   22   11    6
   10    3  233   20    5    1
   10    3  219   19    3    4
   10    3   72    6   12    1
   10    3   65    6    5    4
   10    3  136   12    4    1
   10    3  131   11   11    4
   10    3  188   16    8    3
   10    3   59    5   11    5
   10    3  145   13    1    4
   10    3  165   14    9    3
   10    3  352   30    4    1
   10    3  356   30    8    1
   10    3  331   28    7    1
   10    3  288   24   12    2
   10    3   10    1   10    1
   10    3   95    8   11    2
   10    3  223   19    7    2
   10    3   68    6    8    1
   10    3  346   29   10    1
   10    3   23    2   11    1
   10    3   99    9    3    1
   10    3  259   22    7    5
   10    3  161   14    5    1
   10    3  315   27    3    1
   10    3  234   20    6    1
   10    3   88    8    4    5
   10    3  203   17   11    3
   10    3  159   14    3    2
   10    3  244   21    4    2
   10    3  280   24    4    5
   10    3    1    1    1    4
   10    3    9    1    9    2
   10    3   39    4    3    2
   10    3   44    4    8    1
   10    3  125   11    5    1
   10    3  305   26    5    1
   10    3   11    1   11    3
   10    3   31    3    7    4
   10    3  192   16   12    3
   10    3   53    5    5    3
   10    3  300   25   12    1
   10    3  308   26    8    1
   10    3  157   14    1    1
   10    3  325   28    1    1
   10    3   98    9    2    2
   10    3  253   22    1    5
   10    3  208   18    4    1
   10    3  167   14   11    1
   10    3   92    8    8    3
   10    3   67    6    7    5
   10    3   12    1   12    1
   10    3  103    9    7    1
   10    3  319   27    7    1
   10    3  221   19    5    1
   10    3  296   25    8    1
   10    3  189   16    9    3
   10    3  227   19   11    4
   10    3  110   10    2    5
   10    3    3    1    3    4
   10    3  278   24    2    6
   10    3  180   15   12    5
   10    3  274   23   10    2
   10    3  196   17    4    2
   10    3  173   15    5    3
   10    3   89    8    5    2
   10    3  290   25    2    2
   10    3  164   14    8    1
   10    3   36    3   12    1
   10    3  114   10    6    4
   10    3  355   30    7    1
   10    3  295   25    7    1
   10    3  341   29    5    1
   10    3  181   16    1    4
   10    3  301   26    1    3
   10    3   64    6    4    1
   10    3  344   29    8    1
   10    3  333   28    9    1
   10    3  107    9   11    1
   10    3  265   23    1    3
   10    3  215   18   11    1
   10    3   75    7    3    4
   10    3  106    9   10    1
   10    3  239   20   11    1
   10    3  321   27    9    1
   10    3  183   16    3    2
   10    3   20    2    8    1
   10    3  169   15    1    1
   10    3  322   27   10    1
   10    3  204   17   12    1
   10    3  158   14    2    1
   10    3  147   13    3    3
   10    3  336   28   12    1
   10    3   74    7    2    5
   10    3  178   15   10    1
   10    3   37    4    1    3
   10    3  163   14    7    2
   10    3  235   20    7    1
   10    3   90    8    6    4
   10    3  323   27   11    1
   10    3  166   14   10    1
   10    3  267   23    3    3
   10    3  122   11    2    1
   10    3  149   13    5    4
   10    3    5    1    5    5
   10    3   62    6    2    1
   10    3  229   20    1    2
   10    3  335   28   11    1
   10    3  108    9   12    1
   10    3  330   28    6    1
   10    3  351   30    3    1
   10    3  139   12    7    1
   10    3  245   21    5    1
   10    3  271   23    7    1
   10    3   24    2   12    1
   10    3  172   15    4    2
   10    3  186   16    6    4
   10    3  338   29    2    2
   10    3  243   21    3    1
   10    3    7    1    7    4
   10    3   70    6   10    1
   10    3   93    8    9    3
   10    3  126   11    6    2
   10    3   15    2    3    3
   10    3  311   26   11    2
   10    3   48    4   12    1
   10    3    4    1    4    4
   10    3  124   11    4    2
   10    3  264   22   12    6
   10    3  246   21    6    1
   10    3  138   12    6    1
   10    3  175   15    7    4
   10    3  100    9    4    1
   10    3  241   21    1    1
   10    3   43    4    7    5
   10    3  154   13   10    5
   10    3  342   29    6    4
   10    3   26    3    2    4
   10    3  237   20    9    5
   10    3  212   18    8    2
   10    3   91    8    7    2
   10    3  206   18    2    3
   10    3  251   21   11    1
   10    3  190   16   10    5
   10    3   34    3   10    4
   10    3   21    2    9    1
   10    3  252   21   12    2
   10    3  232   20    4    1
   10    3  128   11    8    2
   10    3  222   19    6    1
   10    3  291   25    3    1
   10    3   35    3   11    1
   10    3  257   22    5    5
   10    3  332   28    8    1
   10    3  292   25    4    1
   10    3  248   21    8    1
   10    3   22    2   10    1
   10    3   66    6    6    5
   10    3  218   19    2    2
   10    3   18    2    6    1
   10    3  151   13    7    4
   10    3  242   21    2    1
   10    3   84    7   12    3
   10    3  310   26   10    1
   10    3  304   26    4    1
   10    3  250   21   10    1
   10    3  191   16   11    3
   10    3  143   12   11    1
   10    3  316   27    4    1
   10    3  185   16    5    2
   10    3  266   23    2    2
   10    3  101    9    5    1
   10    3  334   28   10    1
   10    3  297   25    9    1
   10    3  279   24    3    6
   10    3  205   18    1    5
   10    3  260   22    8    7
   10    3  171   15    3    1
   10    3  272   23    8    1
   10    3  294   25    6    1
   10    3  318   27    6    1
   10    3  261   22    9    1
   10    3   76    7    4    3
   10    3   61    6    1    1
   10    3  129   11    9    2
   10    3  123   11    3    5
   10    3  214   18   10    2
   10    3  273   23    9    3
   10    3  209   18    5    1
   10    3  119   10   11    1
   10    3  174   15    6    1
   10    3  179   15   11    2
   10    3  317   27    5    1
   10    3   54    5    6    3
   10    3   77    7    5    3
   10    3  120   10   12    4
   10    3  220   19    4    4
   10    3  309   26    9    2
   10    3   55    5    7    4
   10    3  168   14   12    1
   10    3  170   15    2    1
   10    3   83    7   11    6
   10    3  343   29    7    5
   10    3  156   13   12    4
   10    3  358   30   10    1
   10    3  282   24    6    1
   10    3  270   23    6    2
   10    3  150   13    6    4
   10    3   56    5    8    5
   10    3   57    5    9    6
   10    3   80    7    8    6
   10    3  230   20    2    1
   10    3  184   16    4    5
   10    3  339   29    3    4
   10    3  324   27   12    4
   10    3  142   12   10    1
   10    3   28    3    4    3
   10    3  348   29   12    3
   10    3  226   19   10    2
   10    3  199   17    7    2
   10    3  359   30   11    3
   10    3  144   12   12    1
   10    3  284   24    8    4
   10    3  350   30    2    2
   10    3   63    6    3    1
   10    3  275   23   11    5
   10    3  177   15    9    1
   10    3  187   16    7    5
   10    3  105    9    9    1
   10    3   87    8    3    6
   10    3   45    4    9    5
   10    3  155   13   11    5
   10    3  298   25   10    1
   10    3  137   12    5    1
   10    3  256   22    4    4
   10    3  254   22    2    6
   10    3  340   29    4    1
   10    3  121   11    1    4
   10    3  327   28    3    3
   10    3  299   25   11    3
   10    3  217   19    1    4
   10    3  313   27    1    2
   10    3  287   24   11    7
   10    3   38    4    2    1
   10    3  249   21    9    1
   10    3   30    3    6    1
   10    3   25    3    1    1
   10    3  258   22    6    5
   10    3  176   15    8    5
   10    3   50    5    2    4
   10    3    6    1    6    4
   10    3  153   13    9    4
   10    3  303   26    3    1
   10    3  277   24    1    5
   10    3   19    2    7    1
   10    3   86    8    2    5
   10    3  200   17    8    3
   10    3   94    8   10    3
   10    3  337   29    1    4
   10    3   32    3    8    3
   10    3  182   16    2    3
   10    3  116   10    8    1
   10    3  283   24    7    9
   10    3  195   17    3    2
   10    3   52    5    4    4
   10    3  111   10    3    3
