    3   14   59    5   11    7
    3   14  138   12    6    1
    3   14  272   23    8    1
    3   14   25    3    1    1
    3   14  324   27   12    3
    3   14  124   11    4    1
    3   14  247   21    7    1
    3   14  201   17    9    1
    3   14   12    1   12    1
    3   14  155   13   11    3
    3   14  127   11    7    1
    3   14  256   22    4    3
    3   14   46    4   10    1
    3   14  300   25   12    1
    3   14  242   21    2    1
    3   14   29    3    5    3
    3   14  178   15   10    1
    3   14  203   17   11    3
    3   14   24    2   12    1
    3   14  202   17   10    1
    3   14  118   10   10    4
    3   14  317   27    5    1
    3   14  191   16   11    4
    3   14  356   30    8    1
    3   14  355   30    7    1
    3   14  148   13    4    4
    3   14  354   30    6    5
    3   14  238   20   10    1
    3   14  302   26    2    1
    3   14  196   17    4    3
    3   14   23    2   11    1
    3   14   64    6    4    1
    3   14   52    5    4    5
    3   14   97    9    1    4
    3   14   40    4    4    3
    3   14  101    9    5    2
    3   14  298   25   10    1
    3   14   32    3    8    7
    3   14  184   16    4    7
    3   14   83    7   11    9
    3   14  258   22    6    7
    3   14   49    5    1    9
    3   14  192   16   12    4
    3   14   77    7    5    4
    3   14  295   25    7    1
    3   14  128   11    8    1
    3   14  253   22    1    4
    3   14  292   25    4    1
    3   14  234   20    6    1
    3   14  322   27   10    1
    3   14    6    1    6    1
    3   14  188   16    8    4
    3   14   17    2    5    1
    3   14  171   15    3    1
    3   14  190   16   10    4
    3   14  323   27   11    2
    3   14  112   10    4    1
    3   14  248   21    8    1
    3   14  217   19    1    1
    3   14   33    3    9    7
    3   14  271   23    7    1
    3   14  239   20   11    1
    3   14   36    3   12    8
    3   14  137   12    5    1
    3   14  352   30    4    1
    3   14  276   23   12    3
    3   14  129   11    9    6
    3   14   98    9    2    4
    3   14  172   15    4    2
    3   14  260   22    8    9
    3   14   28    3    4    1
    3   14  185   16    5    3
    3   14  167   14   11    3
    3   14   69    6    9    1
    3   14   39    4    3    6
    3   14  140   12    8    1
    3   14   85    8    1    2
    3   14  231   20    3    1
    3   14  153   13    9    3
    3   14   27    3    3    4
    3   14   15    2    3    2
    3   14  139   12    7    1
    3   14  311   26   11    2
    3   14  176   15    8    3
    3   14   44    4    8    2
    3   14  250   21   10    1
    3   14    4    1    4    4
    3   14  179   15   11    6
    3   14   47    4   11    3
    3   14  325   28    1    2
    3   14  275   23   11    8
    3   14  360   30   12    2
    3   14  209   18    5    2
    3   14   48    4   12    4
    3   14  200   17    8    2
    3   14  109   10    1    4
    3   14    5    1    5    6
    3   14   21    2    9    3
    3   14  315   27    3    2
    3   14  105    9    9    4
    3   14  122   11    2    1
    3   14  259   22    7    9
    3   14  102    9    6    3
    3   14  193   17    1    2
    3   14  168   14   12    1
    3   14  233   20    5    1
    3   14  149   13    5    3
    3   14  255   22    3    2
    3   14  341   29    5    2
    3   14  305   26    5    2
    3   14  347   29   11    2
    3   14  199   17    7    2
    3   14  143   12   11    1
    3   14  330   28    6    1
    3   14   66    6    6    9
    3   14  284   24    8    9
    3   14  212   18    8    1
    3   14   22    2   10    1
    3   14   56    5    8    8
    3   14  299   25   11    2
    3   14   43    4    7    5
    3   14   84    7   12    7
    3   14  329   28    5    4
    3   14   68    6    8    1
    3   14    2    1    2    4
    3   14  141   12    9    1
    3   14  316   27    4    3
    3   14  293   25    5    2
    3   14  223   19    7    6
    3   14   99    9    3    5
    3   14  227   19   11    2
    3   14  182   16    2    3
    3   14  121   11    1    8
    3   14  288   24   12    3
    3   14  294   25    6    2
    3   14  133   12    1    1
    3   14  230   20    2    1
    3   14  197   17    5    1
    3   14   41    4    5    7
    3   14   19    2    7    6
    3   14   76    7    4    9
    3   14   58    5   10    9
    3   14  342   29    6    6
    3   14  229   20    1    4
    3   14   92    8    8    5
    3   14  348   29   12    3
    3   14  103    9    7    5
    3   14   38    4    2    3
    3   14  115   10    7    2
    3   14  159   14    3    1
    3   14  245   21    5    1
    3   14  312   26   12    3
    3   14   20    2    8    1
    3   14  219   19    3    8
    3   14  278   24    2    9
    3   14  226   19   10    9
    3   14  262   22   10    9
    3   14  333   28    9    6
    3   14  328   28    4    7
    3   14  273   23    9    7
    3   14  336   28   12    7
    3   14  195   17    3    4
    3   14   74    7    2    9
    3   14  263   22   11    9
    3   14   80    7    8    9
    3   14  265   23    1    9
    3   14  345   29    9    7
    3   14  204   17   12    6
    3   14  335   28   11    5
    3   14  186   16    6    6
    3   14  286   24   10    8
    3   14  166   14   10    6
    3   14  224   19    8    4
    3   14  220   19    4    8
    3   14  117   10    9    9
    3   14  160   14    4    6
    3   14  304   26    4    1
    3   14  194   17    2    4
    3   14  269   23    5    2
    3   14  306   26    6    2
    3   14  108    9   12    2
    3   14  106    9   10    7
    3   14  313   27    1    5
    3   14  221   19    5    3
    3   14  132   11   12    7
    3   14  307   26    7    4
    3   14  287   24   11    9
    3   14  180   15   12    6
    3   14   90    8    6    9
    3   14   67    6    7    9
    3   14  225   19    9    5
    3   14  310   26   10    2
    3   14  343   29    7    6
    3   14  130   11   10    5
    3   14  334   28   10    4
    3   14  290   25    2    5
    3   14  344   29    8    3
    3   14   93    8    9    4
    3   14   70    6   10    1
    3   14    9    1    9    2
    3   14  131   11   11    9
    3   14  359   30   11    6
    3   14  208   18    4    5
    3   14  327   28    3    5
    3   14   78    7    6    7
    3   14  270   23    6    7
    3   14  279   24    3    8
    3   14  277   24    1    8
    3   14  135   12    3    1
    3   14  261   22    9    1
    3   14  252   21   12    2
    3   14  268   23    4    1
    3   14  147   13    3    4
    3   14  175   15    7    4
    3   14  326   28    2    4
    3   14   42    4    6    3
    3   14   18    2    6    1
    3   14   72    6   12    1
    3   14   87    8    3    8
    3   14  157   14    1    2
    3   14   30    3    6    6
    3   14   35    3   11    8
    3   14  285   24    9    9
    3   14  350   30    2    3
    3   14  244   21    4    1
    3   14   31    3    7    8
    3   14  283   24    7    9
    3   14   79    7    7    9
    3   14  111   10    3    8
    3   14  254   22    2    9
    3   14   94    8   10    8
    3   14  264   22   12    9
    3   14  198   17    6    3
    3   14   62    6    2    1
    3   14  314   27    2    3
    3   14  215   18   11    5
    3   14  249   21    9    1
    3   14  357   30    9    8
    3   14  320   27    8    3
    3   14  280   24    4    9
    3   14  218   19    2    4
    3   14  187   16    7    7
    3   14  161   14    5    1
    3   14  246   21    6    4
    3   14  346   29   10    6
    3   14  126   11    6    5
    3   14   61    6    1    1
    3   14  162   14    6    3
    3   14   57    5    9    9
    3   14  183   16    3    3
    3   14   37    4    1    5
    3   14   45    4    9    2
    3   14  281   24    5    9
    3   14  170   15    2    1
    3   14  107    9   11    4
    3   14   14    2    2    4
    3   14  332   28    8    2
    3   14  338   29    2    2
    3   14  289   25    1    1
    3   14  146   13    2    8
    3   14   73    7    1    9
    3   14  211   18    7    5
    3   14  266   23    2    4
    3   14   60    5   12    8
    3   14  116   10    8    4
    3   14   53    5    5    9
    3   14  339   29    3    3
    3   14  349   30    1    2
    3   14  154   13   10    9
    3   14   95    8   11    8
    3   14  142   12   10    1
    3   14  136   12    4    1
    3   14   82    7   10    5
    3   14  165   14    9    4
    3   14  181   16    1    8
    3   14  331   28    7    7
    3   14  152   13    8    8
    3   14   55    5    7    9
    3   14  243   21    3    2
    3   14  318   27    6    3
    3   14  222   19    6    2
    3   14  228   19   12    3
    3   14  240   20   12    1
    3   14  151   13    7    2
    3   14  297   25    9    3
    3   14   26    3    2    8
    3   14   89    8    5    5
    3   14  100    9    4    6
    3   14  125   11    5    5
    3   14  144   12   12    1
    3   14  173   15    5    2
    3   14  267   23    3    6
    3   14   91    8    7    3
    3   14  236   20    8    2
    3   14  214   18   10    4
    3   14   54    5    6    7
    3   14   11    1   11    3
    3   14  114   10    6    2
    3   14  156   13   12    4
    3   14  351   30    3    2
    3   14  177   15    9    2
    3   14  120   10   12    7
    3   14   34    3   10    8
    3   14   50    5    2    8
    3   14  303   26    3    3
    3   14  134   12    2    1
    3   14  257   22    5    6
    3   14  296   25    8    5
    3   14  213   18    9    5
    3   14   96    8   12    7
    3   14  163   14    7    3
    3   14  274   23   10    3
    3   14  251   21   11    2
    3   14  206   18    2    3
    3   14  169   15    1    4
    3   14  164   14    8    4
    3   14  145   13    1    6
    3   14   65    6    5    8
    3   14   63    6    3    1
    3   14  321   27    9    6
    3   14  119   10   11    3
    3   14    8    1    8    5
    3   14  232   20    4    6
    3   14  150   13    6    6
    3   14  110   10    2    7
    3   14  123   11    3    4
    3   14   13    2    1    3
    3   14  282   24    6    6
    3   14  189   16    9    5
    3   14  353   30    5    4
    3   14  205   18    1    7
    3   14    1    1    1    8
    3   14  235   20    7    3
    3   14    7    1    7    8
    3   14  337   29    1    8
    3   14  319   27    7    3
    3   14  309   26    9    2
    3   14   51    5    3    8
    3   14  358   30   10    3
    3   14  174   15    6    2
    3   14  207   18    3    5
    3   14  158   14    2    4
    3   14   75    7    3    8
    3   14  216   18   12    5
    3   14   16    2    4    2
    3   14  241   21    1    4
    3   14    3    1    3    5
    3   14   86    8    2    8
    3   14  237   20    9    5
    3   14  113   10    5    5
    3   14  210   18    6    5
    3   14  308   26    8    4
    3   14   81    7    9    7
    3   14   10    1   10    3
    3   14   88    8    4    8
    3   14  301   26    1    5
    3   14  291   25    3    6
    3   14  340   29    4    4
    3   14   71    6   11    1
    3   14  104    9    8    3
