   10    1   76    7    4    7
   10    1  271   23    7    3
   10    1  229   20    1    4
   10    1  223   19    7    7
   10    1  243   21    3    1
   10    1  117   10    9    9
   10    1   15    2    3    8
   10    1  210   18    6    7
   10    1   11    1   11    4
   10    1  287   24   11    8
   10    1  143   12   11    2
   10    1  276   23   12    3
   10    1  358   30   10    1
   10    1  173   15    5    3
   10    1  240   20   12    1
   10    1  340   29    4    1
   10    1  317   27    5    3
   10    1  268   23    4    3
   10    1   83    7   11    9
   10    1  330   28    6    4
   10    1  354   30    6    6
   10    1  224   19    8    6
   10    1  337   29    1    8
   10    1  338   29    2    6
   10    1  114   10    6    8
   10    1   62    6    2    6
   10    1   87    8    3    8
   10    1  247   21    7    2
   10    1  166   14   10    2
   10    1  355   30    7    2
   10    1  299   25   11    1
   10    1  218   19    2    4
   10    1   81    7    9    8
   10    1   99    9    3    1
   10    1  100    9    4    1
   10    1   41    4    5    4
   10    1  333   28    9    4
   10    1   46    4   10    2
   10    1   49    5    1    8
   10    1  258   22    6    7
   10    1  235   20    7    4
   10    1  274   23   10    1
   10    1  163   14    7    1
   10    1  260   22    8    8
   10    1  130   11   10    3
   10    1  209   18    5    3
   10    1   26    3    2    6
   10    1  193   17    1    8
   10    1   65    6    5    7
   10    1  156   13   12    3
   10    1  256   22    4    5
   10    1  200   17    8    4
   10    1   23    2   11    4
   10    1  342   29    6    3
   10    1  311   26   11    1
   10    1   20    2    8    3
   10    1  350   30    2    5
   10    1   31    3    7    7
   10    1  273   23    9    1
   10    1   88    8    4    8
   10    1  102    9    6    1
   10    1   68    6    8    3
   10    1   51    5    3    5
   10    1  301   26    1    2
   10    1  153   13    9    3
   10    1  261   22    9    4
   10    1  277   24    1    9
   10    1  182   16    2    3
   10    1  255   22    3    8
   10    1  171   15    3    1
   10    1  279   24    3    8
   10    1  208   18    4    7
   10    1  109   10    1    8
   10    1  270   23    6    4
   10    1  263   22   11    8
   10    1   14    2    2    1
   10    1  269   23    5    3
   10    1  207   18    3    7
   10    1  310   26   10    1
   10    1  222   19    6    8
   10    1  297   25    9    6
   10    1  132   11   12    8
   10    1  141   12    9    3
   10    1  215   18   11    3
   10    1   82    7   10    7
   10    1  220   19    4    8
   10    1  267   23    3    2
   10    1   64    6    4    3
   10    1   53    5    5    8
   10    1  309   26    9    4
   10    1  170   15    2    1
   10    1  118   10   10    7
   10    1  232   20    4    1
   10    1  121   11    1    6
   10    1  123   11    3    6
   10    1   48    4   12    6
   10    1   40    4    4    8
   10    1    9    1    9    7
   10    1  167   14   11    2
   10    1  300   25   12    1
   10    1  148   13    4    6
   10    1  233   20    5    5
   10    1  115   10    7    5
   10    1  262   22   10    7
   10    1  332   28    8    5
   10    1   35    3   11    7
   10    1  228   19   12    7
   10    1  336   28   12    1
   10    1   37    4    1    5
   10    1  176   15    8    5
   10    1  113   10    5    6
   10    1  146   13    2    7
   10    1  216   18   12    1
   10    1  308   26    8    1
   10    1  103    9    7    4
   10    1   63    6    3    4
   10    1   80    7    8    9
   10    1   74    7    2    9
   10    1  145   13    1    8
   10    1  259   22    7    8
   10    1  179   15   11    5
   10    1   55    5    7    7
   10    1  106    9   10    3
   10    1   52    5    4    5
   10    1  286   24   10    7
   10    1  334   28   10    2
   10    1   84    7   12    3
   10    1  302   26    2    3
   10    1  254   22    2    6
   10    1   71    6   11    3
   10    1  352   30    4    1
   10    1   10    1   10    2
   10    1   34    3   10    3
   10    1  351   30    3    1
   10    1  138   12    6    2
   10    1  226   19   10    2
   10    1  195   17    3    5
   10    1  150   13    6    3
   10    1   16    2    4    1
   10    1  126   11    6    2
   10    1  335   28   11    3
   10    1  203   17   11    4
   10    1  241   21    1    4
   10    1  314   27    2    2
   10    1  295   25    7    3
   10    1  323   27   11    3
   10    1  204   17   12    5
   10    1  154   13   10    6
   10    1   29    3    5    7
   10    1  360   30   12    6
   10    1  345   29    9    6
   10    1  169   15    1    8
   10    1  306   26    6    1
   10    1   27    3    3    3
   10    1  213   18    9    3
   10    1  112   10    4    6
   10    1  318   27    6    3
   10    1  205   18    1    3
   10    1   77    7    5    7
   10    1    4    1    4    8
   10    1  183   16    3    7
   10    1  214   18   10    7
   10    1   96    8   12    7
   10    1  119   10   11    3
   10    1  230   20    2    4
   10    1  353   30    5    3
   10    1  134   12    2    3
   10    1   28    3    4    6
   10    1  221   19    5    5
   10    1  278   24    2    7
   10    1  246   21    6    7
   10    1   25    3    1    7
   10    1  158   14    2    7
   10    1   12    1   12    7
   10    1  107    9   11    5
   10    1  244   21    4    5
   10    1  188   16    8    5
   10    1  313   27    1    5
   10    1  349   30    1    3
   10    1  186   16    6    3
   10    1  217   19    1    3
   10    1  272   23    8    3
   10    1  347   29   11    3
   10    1  227   19   11    7
   10    1  127   11    7    7
   10    1  344   29    8    5
   10    1   17    2    5    3
   10    1  124   11    4    5
   10    1    6    1    6    6
   10    1  285   24    9    8
   10    1   90    8    6    8
   10    1  125   11    5    6
   10    1  174   15    6    3
   10    1  266   23    2    6
   10    1  305   26    5    7
   10    1  292   25    4    3
   10    1  239   20   11    3
   10    1  319   27    7    3
   10    1   61    6    1    3
   10    1  236   20    8    6
   10    1  129   11    9    2
   10    1  139   12    7    6
   10    1   33    3    9    2
   10    1  289   25    1    8
   10    1  252   21   12    7
   10    1  265   23    1    7
   10    1   93    8    9    8
   10    1  101    9    5    2
   10    1   78    7    6    8
   10    1   45    4    9    3
   10    1  142   12   10    3
   10    1   58    5   10    8
   10    1  161   14    5    2
   10    1  162   14    6    3
   10    1  192   16   12    4
   10    1  160   14    4    2
   10    1  202   17   10    2
   10    1  105    9    9    2
   10    1  135   12    3    3
   10    1  307   26    7    4
   10    1  320   27    8    3
   10    1  137   12    5    3
   10    1   38    4    2    5
   10    1  356   30    8    5
   10    1  248   21    8    3
   10    1  284   24    8    5
   10    1  190   16   10    7
   10    1  159   14    3    3
   10    1  122   11    2    5
   10    1   79    7    7    9
   10    1  187   16    7    7
   10    1  321   27    9    3
   10    1  231   20    3    1
   10    1   44    4    8    3
   10    1  294   25    6    7
   10    1  211   18    7    2
   10    1  304   26    4    1
   10    1  303   26    3    1
   10    1    7    1    7    7
   10    1  177   15    9    3
   10    1  293   25    5    3
   10    1   30    3    6    7
   10    1  242   21    2    8
   10    1   70    6   10    3
   10    1  116   10    8    2
   10    1  157   14    1    2
   10    1  315   27    3    3
   10    1   75    7    3    8
   10    1    3    1    3    7
   10    1  149   13    5    7
   10    1  280   24    4    6
   10    1  225   19    9    5
   10    1  175   15    7    5
   10    1    5    1    5    8
   10    1   69    6    9    3
   10    1  191   16   11    5
   10    1  282   24    6    7
   10    1   43    4    7    7
   10    1   67    6    7    3
   10    1  275   23   11    4
   10    1   36    3   12    5
   10    1  151   13    7    5
   10    1   91    8    7    7
   10    1  147   13    3    5
   10    1  144   12   12    3
   10    1  257   22    5    3
   10    1  111   10    3    3
   10    1  245   21    5    2
   10    1  178   15   10    3
   10    1  152   13    8    5
   10    1  189   16    9    5
   10    1  168   14   12    2
   10    1  346   29   10    3
   10    1   50    5    2    3
   10    1  198   17    6    3
   10    1   19    2    7    2
   10    1  288   24   12    3
   10    1  339   29    3    3
   10    1  357   30    9    4
   10    1  133   12    1    3
   10    1   56    5    8    7
   10    1   73    7    1    9
   10    1   92    8    8    9
   10    1  326   28    2    8
   10    1  131   11   11    8
   10    1  250   21   10    3
   10    1  327   28    3    2
   10    1  264   22   12    7
   10    1  251   21   11    2
   10    1  194   17    2    4
   10    1  165   14    9    5
   10    1   47    4   11    3
   10    1  324   27   12    6
   10    1  181   16    1    5
   10    1   22    2   10    5
   10    1    8    1    8    3
   10    1  331   28    7    3
   10    1   98    9    2    2
   10    1   42    4    6    5
   10    1  184   16    4    5
   10    1   39    4    3    3
   10    1  316   27    4    3
   10    1  359   30   11    5
   10    1  120   10   12    7
   10    1  185   16    5    3
   10    1  201   17    9    3
   10    1  110   10    2    6
   10    1  128   11    8    3
   10    1  212   18    8    3
   10    1   85    8    1    4
   10    1  196   17    4    7
   10    1  238   20   10    2
   10    1  234   20    6    5
   10    1  219   19    3    5
   10    1    2    1    2    8
   10    1  348   29   12    7
   10    1   97    9    1    2
   10    1  237   20    9    9
   10    1  291   25    3    8
   10    1   60    5   12    7
   10    1   66    6    6    9
   10    1   32    3    8    6
   10    1   86    8    2    8
   10    1   24    2   12    1
   10    1   95    8   11    4
   10    1   21    2    9    6
   10    1  199   17    7    7
   10    1   59    5   11    8
   10    1   57    5    9    8
   10    1  312   26   12    2
   10    1   18    2    6    1
   10    1  329   28    5    3
   10    1  296   25    8    4
   10    1  290   25    2    8
   10    1  206   18    2    2
   10    1  283   24    7    8
   10    1  136   12    4    3
   10    1   89    8    5    4
   10    1  341   29    5    4
   10    1  249   21    9    2
   10    1   54    5    6    5
   10    1   94    8   10    8
   10    1  325   28    1    3
   10    1  108    9   12    3
   10    1  164   14    8    3
   10    1  322   27   10    2
   10    1   13    2    1    3
   10    1  298   25   10    3
   10    1  281   24    5    8
   10    1  180   15   12    2
   10    1  155   13   11    3
   10    1  172   15    4    3
   10    1  140   12    8    2
   10    1  328   28    4    2
   10    1  197   17    5    1
   10    1    1    1    1    4
   10    1  104    9    8    1
   10    1  253   22    1    8
   10    1   72    6   12    5
   10    1  343   29    7    8
