    6    4   39    4    3    1
    6    4   61    6    1    6
    6    4  190   16   10    2
    6    4  239   20   11    2
    6    4  270   23    6    8
    6    4    2    1    2    8
    6    4  359   30   11    4
    6    4  119   10   11    4
    6    4  205   18    1    6
    6    4   11    1   11    3
    6    4  164   14    8    3
    6    4  243   21    3    3
    6    4  360   30   12    3
    6    4  313   27    1    7
    6    4  298   25   10    9
    6    4   25    3    1    8
    6    4   52    5    4    7
    6    4   84    7   12    4
    6    4  175   15    7    4
    6    4   74    7    2    7
    6    4  274   23   10    8
    6    4  272   23    8    7
    6    4  330   28    6    4
    6    4   92    8    8    5
    6    4  347   29   11    4
    6    4   99    9    3    4
    6    4  278   24    2    4
    6    4    3    1    3    4
    6    4  299   25   11    3
    6    4  116   10    8    2
    6    4  138   12    6    4
    6    4   37    4    1    3
    6    4  197   17    5    3
    6    4  288   24   12    4
    6    4  104    9    8    8
    6    4  181   16    1    8
    6    4   95    8   11    5
    6    4  321   27    9    4
    6    4   44    4    8    4
    6    4  247   21    7    4
    6    4  219   19    3    4
    6    4  158   14    2    6
    6    4  255   22    3    5
    6    4  287   24   11    5
    6    4  296   25    8    5
    6    4  356   30    8    3
    6    4  233   20    5    1
    6    4  253   22    1    2
    6    4  242   21    2    2
    6    4  176   15    8    3
    6    4  118   10   10    3
    6    4  213   18    9    2
    6    4  120   10   12    5
    6    4  285   24    9    5
    6    4  114   10    6    1
    6    4  227   19   11    8
    6    4   67    6    7    8
    6    4   94    8   10    7
    6    4  144   12   12    3
    6    4  249   21    9    2
    6    4  196   17    4    2
    6    4  236   20    8    3
    6    4   88    8    4    8
    6    4  316   27    4    7
    6    4  355   30    7    6
    6    4  157   14    1    6
    6    4   62    6    2    3
    6    4  325   28    1    3
    6    4   23    2   11    4
    6    4  342   29    6    6
    6    4   32    3    8    5
    6    4  338   29    2    4
    6    4   71    6   11    2
    6    4  127   11    7    3
    6    4  334   28   10    2
    6    4  348   29   12    2
    6    4  212   18    8    7
    6    4   15    2    3    7
    6    4  224   19    8    7
    6    4  214   18   10    5
    6    4  208   18    4    4
    6    4  184   16    4    9
    6    4  215   18   11    1
    6    4   21    2    9    1
    6    4  327   28    3    5
    6    4  137   12    5    6
    6    4   53    5    5    5
    6    4   91    8    7    5
    6    4   76    7    4    5
    6    4  320   27    8    6
    6    4   10    1   10    3
    6    4  318   27    6    4
    6    4  259   22    7    6
    6    4  192   16   12    4
    6    4   12    1   12    7
    6    4  322   27   10    5
    6    4  161   14    5    3
    6    4  156   13   12    1
    6    4  314   27    2    1
    6    4  345   29    9    1
    6    4  122   11    2    3
    6    4  103    9    7    3
    6    4   48    4   12    1
    6    4  231   20    3    1
    6    4  254   22    2    5
    6    4  311   26   11    4
    6    4   81    7    9    5
    6    4   90    8    6    5
    6    4   63    6    3    5
    6    4   27    3    3    3
    6    4  105    9    9    5
    6    4  336   28   12    5
    6    4   18    2    6    2
    6    4  182   16    2    4
    6    4   85    8    1    4
    6    4  284   24    8    6
    6    4   78    7    6    5
    6    4  300   25   12    3
    6    4   89    8    5    5
    6    4  323   27   11    1
    6    4   22    2   10    7
    6    4  265   23    1    3
    6    4  232   20    4    1
    6    4   36    3   12    3
    6    4  198   17    6    1
    6    4  166   14   10    1
    6    4  271   23    7    1
    6    4   86    8    2    5
    6    4  143   12   11    3
    6    4  266   23    2    3
    6    4   56    5    8    4
    6    4   79    7    7    7
    6    4  106    9   10    8
    6    4   41    4    5    7
    6    4  324   27   12    2
    6    4  302   26    2    3
    6    4    8    1    8    2
    6    4  209   18    5    2
    6    4  152   13    8    8
    6    4  352   30    4    1
    6    4  269   23    5    2
    6    4   98    9    2    7
    6    4  189   16    9    4
    6    4  185   16    5    2
    6    4   49    5    1    5
    6    4   19    2    7    5
    6    4  267   23    3    4
    6    4  210   18    6    4
    6    4  148   13    4    3
    6    4  301   26    1    2
    6    4   70    6   10    7
    6    4  294   25    6    7
    6    4  186   16    6    4
    6    4   80    7    8    4
    6    4  282   24    6    5
    6    4  107    9   11    7
    6    4   68    6    8    6
    6    4   30    3    6    1
    6    4  328   28    4    3
    6    4  257   22    5    2
    6    4  226   19   10    7
    6    4  141   12    9    3
    6    4  172   15    4    3
    6    4  193   17    1    4
    6    4  217   19    1    1
    6    4  264   22   12    5
    6    4   87    8    3    6
    6    4  180   15   12    3
    6    4   28    3    4    5
    6    4  124   11    4    5
    6    4  256   22    4    4
    6    4  295   25    7    7
    6    4  315   27    3    3
    6    4  129   11    9    9
    6    4  195   17    3    5
    6    4  333   28    9    3
    6    4  310   26   10    1
    6    4  151   13    7    7
    6    4  187   16    7    4
    6    4  154   13   10    5
    6    4   16    2    4    5
    6    4  191   16   11    4
    6    4   35    3   11    6
    6    4   96    8   12    5
    6    4  223   19    7    7
    6    4  275   23   11    7
    6    4  133   12    1    3
    6    4  326   28    2    6
    6    4  305   26    5    2
    6    4   60    5   12    7
    6    4  142   12   10    1
    6    4  335   28   11    7
    6    4  165   14    9    7
    6    4   47    4   11    2
    6    4  218   19    2    5
    6    4  199   17    7    4
    6    4  317   27    5    3
    6    4  115   10    7    2
    6    4  211   18    7    1
    6    4  341   29    5    6
    6    4  155   13   11    4
    6    4  245   21    5    5
    6    4  207   18    3    4
    6    4   72    6   12    6
    6    4   42    4    6    7
    6    4  339   29    3    7
    6    4  113   10    5    7
    6    4  357   30    9    1
    6    4   64    6    4    7
    6    4  309   26    9    4
    6    4   43    4    7    5
    6    4  140   12    8    4
    6    4  349   30    1    4
    6    4   20    2    8    3
    6    4   59    5   11    5
    6    4  228   19   12    5
    6    4  312   26   12    4
    6    4  162   14    6    6
    6    4  200   17    8    7
    6    4  153   13    9    2
    6    4  337   29    1    3
    6    4  202   17   10    3
    6    4    9    1    9    3
    6    4  350   30    2    4
    6    4  280   24    4    5
    6    4   17    2    5    5
    6    4   26    3    2    4
    6    4   83    7   11    6
    6    4  303   26    3    6
    6    4  135   12    3    7
    6    4  170   15    2    7
    6    4  293   25    5    1
    6    4   24    2   12    5
    6    4  248   21    8    5
    6    4  121   11    1    7
    6    4   51    5    3    4
    6    4    7    1    7    1
    6    4  109   10    1    2
    6    4   54    5    6    2
    6    4  261   22    9    4
    6    4  136   12    4    7
    6    4  358   30   10    7
    6    4  251   21   11    9
    6    4  100    9    4    9
    6    4  281   24    5    5
    6    4   75    7    3    6
    6    4  183   16    3    9
    6    4  150   13    6    9
    6    4  145   13    1    2
    6    4  130   11   10    8
    6    4   46    4   10    7
    6    4  126   11    6    6
    6    4  111   10    3    3
    6    4  188   16    8    2
    6    4  194   17    2    8
    6    4    5    1    5    8
    6    4  125   11    5    8
    6    4  252   21   12    7
    6    4  250   21   10    7
    6    4    1    1    1    8
    6    4  276   23   12    8
    6    4   82    7   10    2
    6    4  179   15   11    2
    6    4  123   11    3    2
    6    4  177   15    9    3
    6    4   69    6    9    2
    6    4   66    6    6    8
    6    4  262   22   10    8
    6    4  260   22    8    1
    6    4  344   29    8    4
    6    4  286   24   10    6
    6    4  268   23    4    8
    6    4  203   17   11    6
    6    4  292   25    4    8
    6    4  332   28    8    4
    6    4   29    3    5    8
    6    4  173   15    5    8
    6    4  101    9    5    7
    6    4  241   21    1    2
    6    4  304   26    4    2
    6    4  128   11    8    3
    6    4  216   18   12    8
    6    4  291   25    3    2
    6    4  159   14    3    8
    6    4  168   14   12    1
    6    4    4    1    4    5
    6    4  178   15   10    5
    6    4  235   20    7    4
    6    4   93    8    9    3
    6    4  237   20    9    1
    6    4  201   17    9    3
    6    4  277   24    1    5
    6    4  273   23    9    4
    6    4   38    4    2    3
    6    4  329   28    5    5
    6    4  221   19    5    5
    6    4  139   12    7    6
    6    4  112   10    4    3
    6    4  134   12    2    6
    6    4  206   18    2    1
    6    4  238   20   10    3
    6    4   13    2    1    2
    6    4   14    2    2    3
    6    4  220   19    4    6
    6    4   40    4    4    7
    6    4  149   13    5    6
    6    4  225   19    9    3
    6    4  340   29    4    6
    6    4  222   19    6    3
    6    4   73    7    1    6
    6    4  131   11   11    4
    6    4   55    5    7    4
    6    4  169   15    1    8
    6    4  234   20    6    5
    6    4  167   14   11    1
    6    4  204   17   12    7
    6    4  117   10    9    8
    6    4  258   22    6    7
    6    4  240   20   12    2
    6    4  110   10    2    6
    6    4  354   30    6    6
    6    4   65    6    5    8
    6    4  353   30    5    8
    6    4   77    7    5    8
    6    4   45    4    9    7
    6    4  307   26    7    4
    6    4  102    9    6    7
    6    4   97    9    1    8
    6    4  297   25    9    3
    6    4  279   24    3    8
    6    4  283   24    7    9
    6    4   50    5    2    7
    6    4  346   29   10    7
    6    4  290   25    2    3
    6    4  331   28    7    4
    6    4  343   29    7    5
    6    4   57    5    9    5
    6    4  306   26    6    4
    6    4   34    3   10    3
    6    4  229   20    1    1
    6    4  246   21    6    8
    6    4  160   14    4    3
    6    4  289   25    1    1
    6    4  308   26    8    4
    6    4  171   15    3    4
    6    4  319   27    7    3
    6    4  163   14    7    2
    6    4  174   15    6    2
    6    4  263   22   11    1
    6    4  244   21    4    7
    6    4  230   20    2    0
    6    4   33    3    9    6
    6    4  147   13    3    4
    6    4  132   11   12    5
    6    4  351   30    3    0
    6    4   58    5   10    5
    6    4   31    3    7    4
    6    4  108    9   12    7
    6    4  146   13    2    3
    6    4    6    1    6    3
