    9    2  146   13    2    0
    9    2   53    5    5    0
    9    2  121   11    1    0
    9    2  313   27    1    0
    9    2   77    7    5    0
    9    2  180   15   12    0
    9    2  240   20   12    2
    9    2  305   26    5    3
    9    2  275   23   11    0
    9    2  357   30    9    0
    9    2   14    2    2    0
    9    2  236   20    8    2
    9    2   62    6    2    0
    9    2   75    7    3    0
    9    2  264   22   12    0
    9    2   64    6    4    0
    9    2  341   29    5    0
    9    2  316   27    4    3
    9    2   26    3    2    0
    9    2  127   11    7    0
    9    2  279   24    3    0
    9    2  117   10    9    0
    9    2  196   17    4    0
    9    2  266   23    2    0
    9    2  154   13   10    0
    9    2  282   24    6    0
    9    2  158   14    2    0
    9    2  328   28    4    0
    9    2  123   11    3    0
    9    2  171   15    3    0
    9    2  347   29   11    0
    9    2  332   28    8    2
    9    2   25    3    1    0
    9    2  183   16    3    0
    9    2  125   11    5    0
    9    2   85    8    1    2
    9    2  194   17    2    0
    9    2  276   23   12    0
    9    2  346   29   10    0
    9    2  334   28   10    0
    9    2  235   20    7    0
    9    2  360   30   12    0
    9    2  311   26   11    0
    9    2  294   25    6    0
    9    2  118   10   10    0
    9    2   35    3   11    0
    9    2  220   19    4    0
    9    2   33    3    9    0
    9    2  342   29    6    0
    9    2  110   10    2    0
    9    2   82    7   10    2
    9    2  351   30    3    0
    9    2   10    1   10    0
    9    2  246   21    6    0
    9    2   19    2    7    1
    9    2   84    7   12    0
    9    2  229   20    1    2
    9    2  326   28    2    0
    9    2  176   15    8    0
    9    2  354   30    6    2
    9    2  187   16    7    0
    9    2  116   10    8    0
    9    2   83    7   11    0
    9    2  215   18   11    0
    9    2  162   14    6    0
    9    2  325   28    1    2
    9    2  349   30    1    2
    9    2   36    3   12    0
    9    2   50    5    2    0
    9    2  352   30    4    2
    9    2   71    6   11    0
    9    2  331   28    7    1
    9    2   16    2    4    0
    9    2   67    6    7    0
    9    2  345   29    9    0
    9    2  244   21    4    2
    9    2  300   25   12    0
    9    2    5    1    5    0
    9    2  254   22    2    0
    9    2   61    6    1    0
    9    2   59    5   11    0
    9    2   21    2    9    0
    9    2  262   22   10    0
    9    2  140   12    8    2
    9    2  274   23   10    0
    9    2  204   17   12    2
    9    2  115   10    7    2
    9    2  292   25    4    1
    9    2   93    8    9    0
    9    2  155   13   11    2
    9    2   12    1   12    0
    9    2  139   12    7    0
    9    2  243   21    3    2
    9    2  248   21    8    0
    9    2  319   27    7    0
    9    2  309   26    9    0
    9    2  135   12    3    0
    9    2  270   23    6    0
    9    2  310   26   10    2
    9    2   30    3    6    0
    9    2  202   17   10    2
    9    2   92    8    8    0
    9    2  222   19    6    0
    9    2   65    6    5    3
    9    2  109   10    1    0
    9    2  130   11   10    0
    9    2   38    4    2    0
    9    2  271   23    7    0
    9    2  132   11   12    0
    9    2  189   16    9    0
    9    2   56    5    8    0
    9    2  242   21    2    0
    9    2   13    2    1    0
    9    2  356   30    8    0
    9    2  295   25    7    0
    9    2  223   19    7    0
    9    2  353   30    5    2
    9    2   44    4    8    0
    9    2   32    3    8    0
    9    2  177   15    9    0
    9    2   49    5    1    0
    9    2  268   23    4    0
    9    2  253   22    1    0
    9    2  358   30   10    0
    9    2  217   19    1    2
    9    2  265   23    1    0
    9    2   46    4   10    0
    9    2  281   24    5    0
    9    2  227   19   11    3
    9    2   94    8   10    0
    9    2  323   27   11    2
    9    2  297   25    9    2
    9    2  211   18    7    0
    9    2   31    3    7    0
    9    2   69    6    9    0
    9    2  175   15    7    0
    9    2  145   13    1    2
    9    2  113   10    5    0
    9    2  108    9   12    0
    9    2   80    7    8    2
    9    2  103    9    7    0
    9    2  161   14    5    0
    9    2   58    5   10    0
    9    2  198   17    6    2
    9    2  219   19    3    0
    9    2  337   29    1    2
    9    2  102    9    6    1
    9    2  205   18    1    0
    9    2  208   18    4    0
    9    2  348   29   12    2
    9    2   40    4    4    0
    9    2   11    1   11    3
    9    2  280   24    4    0
    9    2   68    6    8    0
    9    2   72    6   12    0
    9    2  302   26    2    0
    9    2  278   24    2    0
    9    2  184   16    4    0
    9    2   60    5   12    0
    9    2  329   28    5    0
    9    2  134   12    2    2
    9    2   48    4   12    0
    9    2  298   25   10    0
    9    2   66    6    6    0
    9    2  321   27    9    2
    9    2  111   10    3    0
    9    2  159   14    3    0
    9    2  315   27    3    2
    9    2    6    1    6    0
    9    2  335   28   11    0
    9    2  343   29    7    2
    9    2   28    3    4    0
    9    2   54    5    6    0
    9    2  153   13    9    2
    9    2   20    2    8    2
    9    2  188   16    8    0
    9    2  291   25    3    0
    9    2  164   14    8    0
    9    2  324   27   12    0
    9    2   24    2   12    1
    9    2  336   28   12    0
    9    2  241   21    1    0
    9    2  293   25    5    0
    9    2  218   19    2    0
    9    2  105    9    9    1
    9    2  190   16   10    0
    9    2   43    4    7    3
    9    2  267   23    3    0
    9    2  355   30    7    0
    9    2  119   10   11    0
    9    2  228   19   12    0
    9    2  263   22   11    3
    9    2  156   13   12    0
    9    2  169   15    1    0
    9    2  195   17    3    2
    9    2   47    4   11    0
    9    2   34    3   10    0
    9    2  138   12    6    2
    9    2  304   26    4    2
    9    2  181   16    1    0
    9    2  350   30    2    2
    9    2   96    8   12    1
    9    2    8    1    8    1
    9    2  150   13    6    0
    9    2  101    9    5    1
    9    2   63    6    3    0
    9    2  287   24   11    0
    9    2  149   13    5    0
    9    2    3    1    3    3
    9    2  182   16    2    0
    9    2  178   15   10    0
    9    2  258   22    6    0
    9    2   78    7    6    0
    9    2  124   11    4    0
    9    2   52    5    4    0
    9    2  173   15    5    0
    9    2  131   11   11    0
    9    2  255   22    3    0
    9    2  174   15    6    0
    9    2  166   14   10    2
    9    2  221   19    5    0
    9    2  290   25    2    0
    9    2  129   11    9    0
    9    2  203   17   11    0
    9    2   15    2    3    2
    9    2  200   17    8    0
    9    2  340   29    4    0
    9    2  142   12   10    0
    9    2  147   13    3    0
    9    2  257   22    5    0
    9    2   27    3    3    0
    9    2  201   17    9    2
    9    2  330   28    6    0
    9    2  136   12    4    0
    9    2  213   18    9    0
    9    2  338   29    2    0
    9    2  289   25    1    1
    9    2  238   20   10    2
    9    2  288   24   12    0
    9    2  284   24    8    0
    9    2   42    4    6    0
    9    2  301   26    1    3
    9    2  137   12    5    0
    9    2  303   26    3    0
    9    2   95    8   11    1
    9    2   73    7    1    0
    9    2  283   24    7    0
    9    2  232   20    4    2
    9    2  197   17    5    2
    9    2   97    9    1    1
    9    2   70    6   10    0
    9    2   99    9    3    1
    9    2  165   14    9    0
    9    2  114   10    6    2
    9    2  250   21   10    0
    9    2  247   21    7    2
    9    2  225   19    9    0
    9    2  318   27    6    0
    9    2  122   11    2    0
    9    2   98    9    2    1
    9    2  339   29    3    0
    9    2  207   18    3    0
    9    2  252   21   12    0
    9    2  249   21    9    0
    9    2  107    9   11    1
    9    2  160   14    4    0
    9    2   87    8    3    0
    9    2  157   14    1    0
    9    2   18    2    6    0
    9    2  233   20    5    2
    9    2  308   26    8    0
    9    2  317   27    5    0
    9    2   37    4    1    0
    9    2  191   16   11    0
    9    2  299   25   11    1
    9    2  306   26    6    0
    9    2    1    1    1    0
    9    2  144   12   12    0
    9    2   41    4    5    0
    9    2  216   18   12    0
    9    2  285   24    9    0
    9    2  152   13    8    0
    9    2  120   10   12    0
    9    2  148   13    4    0
    9    2  344   29    8    0
    9    2  307   26    7    0
    9    2  226   19   10    0
    9    2  151   13    7    0
    9    2  172   15    4    0
    9    2  212   18    8    0
    9    2  186   16    6    0
    9    2  314   27    2    2
    9    2   22    2   10    0
    9    2  359   30   11    0
    9    2  199   17    7    2
    9    2  333   28    9    0
    9    2  192   16   12    0
    9    2  296   25    8    0
    9    2   79    7    7    0
    9    2   91    8    7    0
    9    2  210   18    6    0
    9    2  322   27   10    0
    9    2  141   12    9    0
    9    2  168   14   12    0
    9    2  230   20    2    2
    9    2  106    9   10    1
    9    2  143   12   11    2
    9    2  260   22    8    0
    9    2    4    1    4    0
    9    2   90    8    6    0
    9    2  286   24   10    0
    9    2   57    5    9    0
    9    2  206   18    2    2
    9    2  231   20    3    2
    9    2  167   14   11    0
    9    2  237   20    9    2
    9    2   86    8    2    0
    9    2  251   21   11    0
    9    2  256   22    4    0
    9    2  170   15    2    0
    9    2  224   19    8    3
    9    2  185   16    5    0
    9    2   74    7    2    0
    9    2  327   28    3    0
    9    2  214   18   10    0
    9    2  128   11    8    0
    9    2    9    1    9    0
    9    2  209   18    5    0
    9    2  163   14    7    0
    9    2  261   22    9    2
    9    2   89    8    5    0
    9    2  126   11    6    0
    9    2  239   20   11    2
    9    2  193   17    1    3
    9    2  133   12    1    2
    9    2  277   24    1    0
    9    2  259   22    7    0
    9    2   76    7    4    0
    9    2  273   23    9    0
    9    2   51    5    3    0
    9    2  312   26   12    0
    9    2   29    3    5    0
    9    2  245   21    5    0
    9    2  269   23    5    2
    9    2  272   23    8    0
    9    2  104    9    8    1
    9    2   17    2    5    0
    9    2  234   20    6    2
    9    2  100    9    4    1
    9    2   23    2   11    1
    9    2   81    7    9    0
    9    2    2    1    2    0
    9    2   55    5    7    0
    9    2    7    1    7    0
    9    2  179   15   11    0
    9    2  112   10    4    1
    9    2   88    8    4    0
    9    2  320   27    8    2
    9    2   45    4    9    0
    9    2   39    4    3    0
