    2    3  280   24    4    9
    2    3   15    2    3    5
    2    3  221   19    5    3
    2    3  147   13    3    4
    2    3   79    7    7    3
    2    3   85    8    1    6
    2    3  321   27    9    2
    2    3  333   28    9    4
    2    3   97    9    1    7
    2    3   51    5    3    6
    2    3  244   21    4    3
    2    3   28    3    4    5
    2    3  109   10    1    5
    2    3  128   11    8    2
    2    3  173   15    5    3
    2    3   71    6   11    1
    2    3  267   23    3    2
    2    3  134   12    2    3
    2    3   69    6    9    1
    2    3  181   16    1    6
    2    3  115   10    7    4
    2    3  326   28    2    8
    2    3  101    9    5    9
    2    3   62    6    2    1
    2    3  127   11    7    6
    2    3  130   11   10    9
    2    3  312   26   12    6
    2    3   63    6    3    3
    2    3   11    1   11    7
    2    3  262   22   10    9
    2    3   22    2   10    6
    2    3  307   26    7    7
    2    3   56    5    8    6
    2    3   76    7    4    8
    2    3  352   30    4    4
    2    3  351   30    3    6
    2    3  342   29    6    5
    2    3  257   22    5    9
    2    3  192   16   12    6
    2    3   65    6    5    1
    2    3   37    4    1    6
    2    3  180   15   12    6
    2    3  215   18   11    6
    2    3   50    5    2    7
    2    3  294   25    6    7
    2    3   64    6    4    2
    2    3   73    7    1    9
    2    3  151   13    7    6
    2    3  135   12    3    4
    2    3  255   22    3    9
    2    3  174   15    6    6
    2    3  276   23   12    4
    2    3  331   28    7    9
    2    3   89    8    5    9
    2    3   40    4    4    9
    2    3  285   24    9    8
    2    3  179   15   11    7
    2    3   57    5    9    6
    2    3   59    5   11    7
    2    3   27    3    3    5
    2    3  282   24    6    8
    2    3  166   14   10    6
    2    3  106    9   10    9
    2    3  251   21   11    2
    2    3   12    1   12    8
    2    3  163   14    7    3
    2    3  274   23   10    3
    2    3  138   12    6    1
    2    3  275   23   11    1
    2    3  182   16    2    6
    2    3   92    8    8    8
    2    3  349   30    1    4
    2    3  283   24    7    6
    2    3  207   18    3    7
    2    3  355   30    7    4
    2    3  209   18    5    6
    2    3   23    2   11    9
    2    3  210   18    6    8
    2    3  175   15    7    7
    2    3  264   22   12    9
    2    3  341   29    5    4
    2    3   42    4    6    9
    2    3    9    1    9    5
    2    3   86    8    2    8
    2    3  295   25    7    4
    2    3  154   13   10    8
    2    3  343   29    7    6
    2    3  324   27   12    7
    2    3   68    6    8    1
    2    3  202   17   10    4
    2    3  323   27   11    3
    2    3  205   18    1    5
    2    3  114   10    6    6
    2    3  188   16    8    5
    2    3  301   26    1    7
    2    3  281   24    5    8
    2    3  197   17    5    4
    2    3  129   11    9    6
    2    3   88    8    4    7
    2    3   17    2    5    4
    2    3  172   15    4    6
    2    3  289   25    1    5
    2    3  228   19   12    6
    2    3  249   21    9    1
    2    3   38    4    2    8
    2    3  150   13    6    6
    2    3  243   21    3    7
    2    3   75    7    3    8
    2    3  345   29    9    8
    2    3  157   14    1    6
    2    3   99    9    3    8
    2    3  272   23    8    1
    2    3  327   28    3    3
    2    3  232   20    4    4
    2    3  286   24   10    6
    2    3   16    2    4    7
    2    3  219   19    3    8
    2    3  348   29   12    7
    2    3  208   18    4    6
    2    3  340   29    4    7
    2    3   32    3    8    8
    2    3  296   25    8    7
    2    3  212   18    8    5
    2    3  308   26    8    4
    2    3  319   27    7    3
    2    3  235   20    7    4
    2    3  269   23    5    5
    2    3  234   20    6    4
    2    3  247   21    7    6
    2    3  358   30   10    4
    2    3  238   20   10    6
    2    3  310   26   10    5
    2    3   91    8    7    8
    2    3  258   22    6    7
    2    3  133   12    1    1
    2    3  169   15    1    9
    2    3  322   27   10    4
    2    3  104    9    8    8
    2    3  332   28    8    1
    2    3    1    1    1    6
    2    3  302   26    2    7
    2    3  330   28    6    9
    2    3   77    7    5    9
    2    3   84    7   12    9
    2    3  242   21    2    4
    2    3  305   26    5    7
    2    3  259   22    7    9
    2    3  265   23    1    1
    2    3  152   13    8    6
    2    3  110   10    2    7
    2    3  277   24    1    9
    2    3  200   17    8    1
    2    3  339   29    3    5
    2    3  230   20    2    1
    2    3  284   24    8    7
    2    3  124   11    4    7
    2    3  149   13    5    5
    2    3  168   14   12    4
    2    3  246   21    6    3
    2    3  194   17    2    4
    2    3  120   10   12    6
    2    3   67    6    7    1
    2    3  164   14    8    6
    2    3  162   14    6    5
    2    3  167   14   11    6
    2    3   35    3   11    7
    2    3   41    4    5    8
    2    3    8    1    8    8
    2    3  218   19    2    6
    2    3  143   12   11    2
    2    3  121   11    1    6
    2    3   98    9    2    9
    2    3  260   22    8    8
    2    3  299   25   11    8
    2    3   61    6    1    1
    2    3   87    8    3    6
    2    3  344   29    8    7
    2    3  306   26    6    5
    2    3  214   18   10    9
    2    3  144   12   12    3
    2    3   47    4   11    6
    2    3   19    2    7    9
    2    3   82    7   10    8
    2    3  198   17    6    3
    2    3  261   22    9    1
    2    3   43    4    7    9
    2    3  256   22    4    8
    2    3   10    1   10    9
    2    3  287   24   11    9
    2    3    5    1    5    8
    2    3  187   16    7    7
    2    3  131   11   11    8
    2    3  117   10    9    7
    2    3   83    7   11    6
    2    3  357   30    9    6
    2    3  227   19   11    7
    2    3  213   18    9    6
    2    3  268   23    4    4
    2    3  303   26    3    6
    2    3  270   23    6    2
    2    3  279   24    3    8
    2    3  112   10    4    6
    2    3  356   30    8    5
    2    3  311   26   11    5
    2    3  360   30   12    5
    2    3  113   10    5    7
    2    3  288   24   12    8
    2    3  111   10    3    6
    2    3  226   19   10    6
    2    3  116   10    8    6
    2    3   29    3    5    7
    2    3   34    3   10    7
    2    3  201   17    9    4
    2    3  146   13    2    7
    2    3  211   18    7    4
    2    3  148   13    4    6
    2    3   81    7    9    8
    2    3  105    9    9    9
    2    3    4    1    4    8
    2    3  254   22    2    9
    2    3   44    4    8    9
    2    3  346   29   10    8
    2    3  266   23    2    2
    2    3  220   19    4    7
    2    3  252   21   12    4
    2    3   80    7    8    4
    2    3  145   13    1    1
    2    3   95    8   11    9
    2    3  250   21   10    2
    2    3  155   13   11    7
    2    3  126   11    6    8
    2    3   13    2    1    4
    2    3  335   28   11    6
    2    3  185   16    5    6
    2    3  216   18   12    5
    2    3  153   13    9    6
    2    3  315   27    3    4
    2    3  158   14    2    5
    2    3  245   21    5    2
    2    3  170   15    2    5
    2    3  334   28   10    5
    2    3  139   12    7    2
    2    3  241   21    1    4
    2    3   30    3    6    7
    2    3  171   15    3    5
    2    3  300   25   12    6
    2    3  206   18    2    4
    2    3    3    1    3    6
    2    3  231   20    3    6
    2    3  229   20    1    5
    2    3  347   29   11    7
    2    3  191   16   11    7
    2    3  316   27    4    7
    2    3  338   29    2    6
    2    3  239   20   11    4
    2    3   49    5    1    9
    2    3  199   17    7    6
    2    3  137   12    5    1
    2    3  325   28    1    1
    2    3  161   14    5    2
    2    3  317   27    5    9
    2    3  297   25    9    6
    2    3   96    8   12    8
    2    3  102    9    6    9
    2    3   54    5    6    8
    2    3  177   15    9    8
    2    3  222   19    6    4
    2    3  320   27    8    2
    2    3   78    7    6    7
    2    3  328   28    4    9
    2    3  225   19    9    8
    2    3  193   17    1    6
    2    3  353   30    5    4
    2    3  118   10   10    8
    2    3   93    8    9    6
    2    3  271   23    7    4
    2    3  196   17    4    6
    2    3   70    6   10    1
    2    3   20    2    8    5
    2    3  293   25    5    6
    2    3   55    5    7    7
    2    3  136   12    4    1
    2    3  100    9    4    9
    2    3  233   20    5    4
    2    3   21    2    9    5
    2    3  314   27    2    2
    2    3  223   19    7    9
    2    3  329   28    5    6
    2    3  140   12    8    1
    2    3  304   26    4    2
    2    3  278   24    2    7
    2    3  159   14    3    3
    2    3  108    9   12    6
    2    3   18    2    6    3
    2    3  204   17   12    2
    2    3  354   30    6    3
    2    3  313   27    1    6
    2    3   14    2    2    7
    2    3  240   20   12    5
    2    3   33    3    9    7
    2    3   74    7    2    9
    2    3  237   20    9    3
    2    3   52    5    4    7
    2    3  359   30   11    4
    2    3   45    4    9    8
    2    3  263   22   11    9
    2    3   24    2   12    8
    2    3    6    1    6    8
    2    3  176   15    8    7
    2    3  224   19    8    8
    2    3  132   11   12    9
    2    3  248   21    8    1
    2    3  298   25   10    5
    2    3   53    5    5    7
    2    3  141   12    9    1
    2    3   66    6    6    1
    2    3  119   10   11    3
    2    3   48    4   12    7
    2    3  184   16    4    6
    2    3  309   26    9    4
    2    3  236   20    8    4
    2    3  291   25    3    5
    2    3  290   25    2    6
    2    3  336   28   12    1
    2    3  203   17   11    7
    2    3  273   23    9    3
    2    3  103    9    7    9
    2    3   58    5   10    7
    2    3  195   17    3    6
    2    3  142   12   10    2
    2    3  122   11    2    6
    2    3   46    4   10    6
    2    3  183   16    3    5
    2    3   60    5   12    7
    2    3   72    6   12    1
    2    3   90    8    6    8
    2    3   36    3   12    7
    2    3  160   14    4    6
    2    3  186   16    6    6
    2    3  190   16   10    6
    2    3  318   27    6    4
    2    3  107    9   11    8
    2    3  178   15   10    5
    2    3   94    8   10    8
    2    3  217   19    1    7
    2    3  123   11    3    6
    2    3  125   11    5    7
    2    3  165   14    9    6
    2    3  337   29    1    8
    2    3  253   22    1    9
    2    3  189   16    9    8
    2    3  156   13   12    7
    2    3  292   25    4    5
    2    3    7    1    7    6
    2    3    2    1    2    7
    2    3   26    3    2    6
    2    3  350   30    2    6
    2    3   25    3    1    5
    2    3   39    4    3    7
    2    3   31    3    7    6
