    6   18   48    4   12    0
    6   18  189   16    9    0
    6   18  329   28    5    0
    6   18  265   23    1    0
    6   18   31    3    7    4
    6   18   12    1   12    3
    6   18   93    8    9    5
    6   18   77    7    5    5
    6   18  262   22   10    6
    6   18   87    8    3    8
    6   18  269   23    5    0
    6   18   40    4    4    0
    6   18   18    2    6    0
    6   18  164   14    8    0
    6   18  167   14   11    0
    6   18  241   21    1    0
    6   18  227   19   11    9
    6   18  278   24    2    9
    6   18  272   23    8    0
    6   18  199   17    7    0
    6   18  136   12    4    0
    6   18  300   25   12    0
    6   18   43    4    7    5
    6   18  282   24    6    0
    6   18  303   26    3    0
    6   18  236   20    8    0
    6   18  332   28    8    0
    6   18   49    5    1    8
    6   18  235   20    7    0
    6   18   57    5    9    7
    6   18  232   20    4    0
    6   18   89    8    5    0
    6   18  137   12    5    0
    6   18  209   18    5    0
    6   18  109   10    1    8
    6   18  237   20    9    0
    6   18  223   19    7    0
    6   18  281   24    5    5
    6   18  175   15    7    0
    6   18  340   29    4    0
    6   18  264   22   12    4
    6   18  234   20    6    0
    6   18  342   29    6    0
    6   18  243   21    3    0
    6   18  301   26    1    0
    6   18  322   27   10    0
    6   18  271   23    7    0
    6   18  177   15    9    0
    6   18  140   12    8    0
    6   18  267   23    3    0
    6   18  207   18    3    6
    6   18  127   11    7    3
    6   18  142   12   10    0
    6   18  320   27    8    0
    6   18   11    1   11    2
    6   18   98    9    2    0
    6   18  196   17    4    0
    6   18   32    3    8    9
    6   18  122   11    2    0
    6   18  273   23    9    0
    6   18  358   30   10    0
    6   18   52    5    4    0
    6   18  126   11    6    0
    6   18  293   25    5    0
    6   18  188   16    8    0
    6   18  289   25    1    0
    6   18  292   25    4    0
    6   18  270   23    6    0
    6   18  115   10    7    0
    6   18   65    6    5    8
    6   18  260   22    8    2
    6   18  296   25    8    0
    6   18    1    1    1    6
    6   18   88    8    4    7
    6   18  307   26    7    0
    6   18  129   11    9    0
    6   18   39    4    3    0
    6   18  324   27   12    0
    6   18  338   29    2    0
    6   18  283   24    7    4
    6   18   90    8    6    5
    6   18  295   25    7    0
    6   18  297   25    9    0
    6   18   47    4   11    0
    6   18  170   15    2    0
    6   18  251   21   11    0
    6   18  145   13    1    0
    6   18  187   16    7    0
    6   18  344   29    8    0
    6   18  353   30    5    0
    6   18  155   13   11    0
    6   18   60    5   12    3
    6   18   30    3    6    0
    6   18  143   12   11    0
    6   18  288   24   12    0
    6   18   34    3   10    0
    6   18  150   13    6    0
    6   18   72    6   12    0
    6   18  314   27    2    0
    6   18  107    9   11    0
    6   18  240   20   12    0
    6   18   61    6    1    0
    6   18   70    6   10    0
    6   18   21    2    9    0
    6   18  130   11   10    0
    6   18  182   16    2    0
    6   18  341   29    5    0
    6   18  222   19    6    0
    6   18   76    7    4    1
    6   18  255   22    3    2
    6   18  134   12    2    0
    6   18  166   14   10    0
    6   18   36    3   12    0
    6   18   38    4    2    0
    6   18  312   26   12    0
    6   18    5    1    5    5
    6   18  250   21   10    0
    6   18   50    5    2    0
    6   18  244   21    4    0
    6   18  318   27    6    0
    6   18   71    6   11    0
    6   18  204   17   12    0
    6   18  348   29   12    0
    6   18  291   25    3    0
    6   18  345   29    9    0
    6   18   97    9    1    0
    6   18  117   10    9    3
    6   18  108    9   12    0
    6   18  157   14    1    0
    6   18  347   29   11    0
    6   18  225   19    9    0
    6   18  354   30    6    0
    6   18   27    3    3    0
    6   18  156   13   12    0
    6   18  194   17    2    0
    6   18  228   19   12    0
    6   18    9    1    9    6
    6   18  102    9    6    0
    6   18  306   26    6    0
    6   18  201   17    9    0
    6   18  197   17    5    0
    6   18  343   29    7    0
    6   18  131   11   11    1
    6   18  210   18    6    0
    6   18   20    2    8    0
    6   18  336   28   12    0
    6   18  179   15   11    0
    6   18    8    1    8    0
    6   18  276   23   12    0
    6   18   42    4    6    0
    6   18  183   16    3    0
    6   18  202   17   10    0
    6   18   99    9    3    0
    6   18  230   20    2    0
    6   18   94    8   10    0
    6   18   22    2   10    0
    6   18  247   21    7    0
    6   18   62    6    2    0
    6   18  216   18   12    0
    6   18   95    8   11    0
    6   18    3    1    3    0
    6   18   35    3   11    0
    6   18  346   29   10    0
    6   18  333   28    9    0
    6   18  141   12    9    0
    6   18  310   26   10    0
    6   18  279   24    3    7
    6   18  285   24    9    8
    6   18  192   16   12    0
    6   18  259   22    7    3
    6   18  168   14   12    0
    6   18  133   12    1    0
    6   18   54    5    6    0
    6   18   75    7    3    0
    6   18  298   25   10    0
    6   18  263   22   11    2
    6   18  132   11   12    0
    6   18  181   16    1    0
    6   18   91    8    7    0
    6   18  220   19    4    0
    6   18  226   19   10    0
    6   18  186   16    6    0
    6   18  105    9    9    0
    6   18   66    6    6    0
    6   18  118   10   10    3
    6   18   14    2    2    0
    6   18  203   17   11    0
    6   18  256   22    4    1
    6   18  104    9    8    0
    6   18  311   26   11    0
    6   18  351   30    3    0
    6   18   84    7   12    1
    6   18  304   26    4    0
    6   18  128   11    8    0
    6   18  277   24    1    4
    6   18   41    4    5    0
    6   18  268   23    4    0
    6   18  261   22    9    0
    6   18  231   20    3    0
    6   18  274   23   10    0
    6   18  153   13    9    0
    6   18    6    1    6    6
    6   18  248   21    8    0
    6   18  151   13    7    0
    6   18  200   17    8    0
    6   18  171   15    3    0
    6   18  356   30    8    0
    6   18  327   28    3    0
    6   18  325   28    1    0
    6   18  195   17    3    0
    6   18  174   15    6    0
    6   18   78    7    6    0
    6   18  165   14    9    0
    6   18  193   17    1    8
    6   18  219   19    3    0
    6   18  100    9    4    0
    6   18  284   24    8    8
    6   18  185   16    5    0
    6   18  360   30   12    0
    6   18   56    5    8    0
    6   18   74    7    2    0
    6   18  326   28    2    0
    6   18   85    8    1    0
    6   18   16    2    4    0
    6   18  355   30    7    0
    6   18   82    7   10    0
    6   18  103    9    7    0
    6   18  334   28   10    0
    6   18  214   18   10    0
    6   18  238   20   10    0
    6   18  266   23    2    0
    6   18   80    7    8    0
    6   18  290   25    2    0
    6   18  149   13    5    0
    6   18  146   13    2    0
    6   18  323   27   11    0
    6   18  116   10    8    0
    6   18  257   22    5    5
    6   18  119   10   11    0
    6   18  160   14    4    0
    6   18  217   19    1    0
    6   18   96    8   12    6
    6   18   46    4   10    0
    6   18  111   10    3    0
    6   18   44    4    8    0
    6   18  138   12    6    0
    6   18  245   21    5    0
    6   18  147   13    3    0
    6   18  253   22    1    6
    6   18   73    7    1    0
    6   18   45    4    9    0
    6   18  308   26    8    0
    6   18  352   30    4    0
    6   18   37    4    1    0
    6   18   53    5    5    0
    6   18  239   20   11    0
    6   18  190   16   10    0
    6   18  280   24    4    8
    6   18  106    9   10    0
    6   18   55    5    7    0
    6   18   86    8    2    0
    6   18   33    3    9    0
    6   18  275   23   11    0
    6   18  158   14    2    0
    6   18  135   12    3    0
    6   18   24    2   12    6
    6   18  335   28   11    0
    6   18    7    1    7    5
    6   18   67    6    7    0
    6   18   51    5    3    0
    6   18  124   11    4    0
    6   18   81    7    9    0
    6   18  113   10    5    0
    6   18   92    8    8    0
    6   18  121   11    1    4
    6   18   79    7    7    0
    6   18  198   17    6    0
    6   18  101    9    5    0
    6   18  242   21    2    0
    6   18  294   25    6    0
    6   18   63    6    3    0
    6   18   13    2    1    0
    6   18  246   21    6    0
    6   18    4    1    4    6
    6   18  258   22    6    2
    6   18   29    3    5    0
    6   18  173   15    5    0
    6   18   23    2   11    0
    6   18  286   24   10    9
    6   18   58    5   10    0
    6   18   28    3    4    0
    6   18  159   14    3    0
    6   18  309   26    9    0
    6   18  224   19    8    8
    6   18   10    1   10    0
    6   18  299   25   11    0
    6   18  229   20    1    0
    6   18  254   22    2    3
    6   18  213   18    9    0
    6   18  172   15    4    0
    6   18  154   13   10    0
    6   18  123   11    3    0
    6   18  339   29    3    0
    6   18  331   28    7    0
    6   18  184   16    4    0
    6   18  144   12   12    0
    6   18  233   20    5    0
    6   18  162   14    6    0
    6   18  315   27    3    0
    6   18  211   18    7    0
    6   18  249   21    9    0
    6   18  313   27    1    0
    6   18  148   13    4    0
    6   18  317   27    5    0
    6   18   59    5   11    2
    6   18  139   12    7    0
    6   18   15    2    3    0
    6   18  205   18    1    0
    6   18  178   15   10    0
    6   18  120   10   12    1
    6   18  350   30    2    0
    6   18   69    6    9    0
    6   18   19    2    7    0
    6   18  349   30    1    0
    6   18  316   27    4    0
    6   18  191   16   11    0
    6   18   17    2    5    0
    6   18  161   14    5    0
    6   18  328   28    4    0
    6   18  330   28    6    0
    6   18  163   14    7    0
    6   18  252   21   12    0
    6   18  357   30    9    0
    6   18  125   11    5    0
    6   18  302   26    2    0
    6   18  221   19    5    0
    6   18  212   18    8    0
    6   18  337   29    1    0
    6   18  215   18   11    0
    6   18   64    6    4    0
    6   18  152   13    8    0
    6   18   25    3    1    0
    6   18  305   26    5    0
    6   18  169   15    1    0
    6   18  218   19    2    0
    6   18   26    3    2    0
    6   18  359   30   11    0
    6   18  321   27    9    0
    6   18  114   10    6    8
    6   18  208   18    4    0
    6   18    2    1    2    3
    6   18  287   24   11    5
    6   18  176   15    8    0
    6   18   83    7   11    0
    6   18  110   10    2    4
    6   18   68    6    8    0
    6   18  319   27    7    0
    6   18  112   10    4    0
    6   18  180   15   12    0
    6   18  206   18    2    0
