    6    5  186   16    6    0
    6    5  150   13    6    0
    6    5  118   10   10    4
    6    5   72    6   12    0
    6    5  267   23    3    0
    6    5  161   14    5    0
    6    5  239   20   11    0
    6    5  344   29    8    0
    6    5  157   14    1    0
    6    5  279   24    3    8
    6    5  218   19    2    0
    6    5  268   23    4    0
    6    5  181   16    1    0
    6    5  350   30    2    0
    6    5   62    6    2    0
    6    5  241   21    1    0
    6    5   61    6    1    0
    6    5  175   15    7    0
    6    5  235   20    7    0
    6    5  145   13    1    0
    6    5  185   16    5    0
    6    5  322   27   10    0
    6    5  147   13    3    0
    6    5   30    3    6    0
    6    5  337   29    1    0
    6    5   52    5    4    0
    6    5   24    2   12    0
    6    5   40    4    4    0
    6    5  358   30   10    0
    6    5  335   28   11    0
    6    5   14    2    2    0
    6    5  151   13    7    0
    6    5   12    1   12    3
    6    5  174   15    6    0
    6    5  104    9    8    0
    6    5  233   20    5    0
    6    5  296   25    8    0
    6    5  160   14    4    0
    6    5  283   24    7    6
    6    5  343   29    7    0
    6    5  273   23    9    0
    6    5   47    4   11    0
    6    5  143   12   11    0
    6    5  129   11    9    0
    6    5  137   12    5    0
    6    5  305   26    5    5
    6    5  243   21    3    0
    6    5  347   29   11    0
    6    5  198   17    6    0
    6    5   13    2    1    0
    6    5  245   21    5    0
    6    5   68    6    8    0
    6    5  148   13    4    0
    6    5  285   24    9    7
    6    5   80    7    8    0
    6    5   38    4    2    0
    6    5   90    8    6    0
    6    5   89    8    5    0
    6    5  257   22    5    2
    6    5   17    2    5    0
    6    5   66    6    6    0
    6    5   86    8    2    3
    6    5  340   29    4    0
    6    5   33    3    9    4
    6    5  269   23    5    0
    6    5   85    8    1    0
    6    5   67    6    7    0
    6    5  199   17    7    0
    6    5  292   25    4    0
    6    5  265   23    1    0
    6    5  230   20    2    0
    6    5   63    6    3    0
    6    5  360   30   12    0
    6    5  182   16    2    0
    6    5   39    4    3    0
    6    5  163   14    7    0
    6    5  159   14    3    0
    6    5   87    8    3    4
    6    5  217   19    1    0
    6    5  280   24    4    7
    6    5   69    6    9    0
    6    5  209   18    5    0
    6    5  202   17   10    0
    6    5  227   19   11    8
    6    5   91    8    7    0
    6    5  259   22    7    1
    6    5  254   22    2    1
    6    5  348   29   12    0
    6    5  226   19   10    0
    6    5  156   13   12    0
    6    5    4    1    4    6
    6    5  286   24   10    9
    6    5  270   23    6    0
    6    5  263   22   11    1
    6    5   74    7    2    1
    6    5  234   20    6    0
    6    5  113   10    5    0
    6    5  264   22   12    2
    6    5  258   22    6    1
    6    5  261   22    9    1
    6    5   19    2    7    0
    6    5  115   10    7    0
    6    5  102    9    6    0
    6    5   10    1   10    1
    6    5  162   14    6    0
    6    5  219   19    3    0
    6    5  308   26    8    0
    6    5  256   22    4    1
    6    5   60    5   12    0
    6    5   50    5    2    0
    6    5  351   30    3    0
    6    5  110   10    2    7
    6    5  252   21   12    0
    6    5   97    9    1    0
    6    5    2    1    2    1
    6    5   54    5    6    0
    6    5  289   25    1    0
    6    5  212   18    8    0
    6    5  232   20    4    0
    6    5   29    3    5    0
    6    5  116   10    8    0
    6    5  346   29   10    0
    6    5  197   17    5    0
    6    5  188   16    8    0
    6    5  266   23    2    0
    6    5  170   15    2    0
    6    5  216   18   12    0
    6    5  123   11    3    0
    6    5  314   27    2    0
    6    5  330   28    6    4
    6    5   78    7    6    0
    6    5  229   20    1    0
    6    5   44    4    8    0
    6    5  275   23   11    0
    6    5  153   13    9    0
    6    5  352   30    4    0
    6    5  173   15    5    0
    6    5  165   14    9    0
    6    5   81    7    9    1
    6    5  139   12    7    0
    6    5  228   19   12    4
    6    5  103    9    7    0
    6    5  338   29    2    0
    6    5  222   19    6    6
    6    5  111   10    3    0
    6    5  120   10   12    3
    6    5  105    9    9    0
    6    5  213   18    9    1
    6    5  132   11   12    1
    6    5  260   22    8    1
    6    5   37    4    1    0
    6    5  141   12    9    0
    6    5  334   28   10    0
    6    5  224   19    8    7
    6    5   32    3    8    4
    6    5  304   26    4    0
    6    5  327   28    3    3
    6    5  210   18    6    0
    6    5  109   10    1    7
    6    5  166   14   10    0
    6    5  339   29    3    0
    6    5  324   27   12    0
    6    5   20    2    8    0
    6    5  106    9   10    0
    6    5   27    3    3    0
    6    5  248   21    8    0
    6    5  117   10    9    5
    6    5    8    1    8    0
    6    5  108    9   12    0
    6    5  220   19    4    0
    6    5  240   20   12    0
    6    5  122   11    2    0
    6    5   45    4    9    0
    6    5   42    4    6    0
    6    5  135   12    3    0
    6    5   76    7    4    1
    6    5  187   16    7    0
    6    5   99    9    3    0
    6    5  299   25   11    0
    6    5  225   19    9    0
    6    5  262   22   10    2
    6    5  183   16    3    0
    6    5  355   30    7    0
    6    5   53    5    5    0
    6    5  191   16   11    0
    6    5  342   29    6    0
    6    5  195   17    3    0
    6    5  221   19    5    0
    6    5    6    1    6    3
    6    5  251   21   11    0
    6    5  119   10   11    0
    6    5   57    5    9    2
    6    5   49    5    1    4
    6    5  177   15    9    0
    6    5  211   18    7    0
    6    5  302   26    2    0
    6    5  179   15   11    0
    6    5  246   21    6    0
    6    5  247   21    7    0
    6    5  274   23   10    0
    6    5  331   28    7    1
    6    5  152   13    8    0
    6    5   41    4    5    0
    6    5   82    7   10    1
    6    5  167   14   11    0
    6    5  190   16   10    0
    6    5   58    5   10    2
    6    5   70    6   10    0
    6    5  333   28    9    1
    6    5  317   27    5    0
    6    5   92    8    8    4
    6    5  281   24    5    6
    6    5  341   29    5    0
    6    5  231   20    3    0
    6    5  223   19    7    0
    6    5   79    7    7    1
    6    5  329   28    5    0
    6    5  336   28   12    0
    6    5  323   27   11    0
    6    5  140   12    8    0
    6    5   88    8    4    3
    6    5   18    2    6    0
    6    5   36    3   12    0
    6    5  356   30    8    0
    6    5  318   27    6    0
    6    5  307   26    7    0
    6    5   98    9    2    0
    6    5  354   30    6    0
    6    5  353   30    5    0
    6    5  100    9    4    0
    6    5   94    8   10    6
    6    5  238   20   10    0
    6    5  282   24    6    6
    6    5   77    7    5    1
    6    5  345   29    9    0
    6    5  206   18    2    0
    6    5  112   10    4    0
    6    5  278   24    2    8
    6    5  193   17    1    7
    6    5  180   15   12    0
    6    5    1    1    1    4
    6    5  168   14   12    0
    6    5  114   10    6    0
    6    5  359   30   11    0
    6    5  194   17    2    0
    6    5  138   12    6    0
    6    5  172   15    4    0
    6    5  146   13    2    0
    6    5   71    6   11    0
    6    5  154   13   10    0
    6    5  200   17    8    0
    6    5  249   21    9    0
    6    5  201   17    9    0
    6    5   43    4    7    3
    6    5  236   20    8    0
    6    5   83    7   11    1
    6    5   46    4   10    0
    6    5  171   15    3    0
    6    5  164   14    8    0
    6    5   84    7   12    1
    6    5  311   26   11    0
    6    5  291   25    3    0
    6    5  272   23    8    0
    6    5  357   30    9    0
    6    5  306   26    6    0
    6    5  144   12   12    0
    6    5   28    3    4    0
    6    5  301   26    1    0
    6    5  312   26   12    0
    6    5   25    3    1    0
    6    5  293   25    5    0
    6    5  128   11    8    0
    6    5  126   11    6    0
    6    5  205   18    1    0
    6    5  326   28    2    5
    6    5  319   27    7    0
    6    5  349   30    1    0
    6    5    3    1    3    2
    6    5   35    3   11    2
    6    5  237   20    9    0
    6    5   15    2    3    3
    6    5   93    8    9    4
    6    5  300   25   12    0
    6    5   48    4   12    0
    6    5  130   11   10    0
    6    5   56    5    8    0
    6    5  133   12    1    0
    6    5   95    8   11    0
    6    5   96    8   12    3
    6    5   73    7    1    2
    6    5  253   22    1    5
    6    5  134   12    2    0
    6    5  101    9    5    0
    6    5   21    2    9    0
    6    5  332   28    8    0
    6    5  284   24    8    8
    6    5  320   27    8    0
    6    5  149   13    5    0
    6    5  325   28    1    0
    6    5   64    6    4    0
    6    5  303   26    3    0
    6    5   31    3    7    2
    6    5  189   16    9    0
    6    5    9    1    9    5
    6    5  315   27    3    0
    6    5   65    6    5    0
    6    5  298   25   10    0
    6    5  277   24    1    5
    6    5  321   27    9    0
    6    5  176   15    8    0
    6    5  136   12    4    0
    6    5  288   24   12    0
    6    5  313   27    1    0
    6    5   16    2    4    0
    6    5  207   18    3    0
    6    5  124   11    4    0
    6    5   55    5    7    0
    6    5  178   15   10    0
    6    5  196   17    4    0
    6    5  287   24   11    1
    6    5   26    3    2    0
    6    5  271   23    7    0
    6    5  244   21    4    0
    6    5  131   11   11    1
    6    5  328   28    4    4
    6    5    7    1    7    7
    6    5  184   16    4    0
    6    5  127   11    7    0
    6    5   34    3   10    0
    6    5  155   13   11    0
    6    5  295   25    7    0
    6    5  290   25    2    0
    6    5   23    2   11    0
    6    5  276   23   12    0
    6    5  158   14    2    0
    6    5  316   27    4    0
    6    5   51    5    3    0
    6    5   59    5   11    0
    6    5  297   25    9    0
    6    5  121   11    1    0
    6    5  309   26    9    0
    6    5   75    7    3    1
    6    5  142   12   10    0
    6    5    5    1    5    6
    6    5  204   17   12    0
    6    5   22    2   10    0
    6    5  294   25    6    0
    6    5  203   17   11    0
    6    5  255   22    3    2
    6    5  192   16   12    0
    6    5  169   15    1    0
    6    5  208   18    4    0
    6    5  125   11    5    0
    6    5  215   18   11    0
    6    5  214   18   10    0
    6    5  310   26   10    0
    6    5  107    9   11    0
    6    5  242   21    2    0
    6    5   11    1   11    2
    6    5  250   21   10    0
