    1   15  247   21    7    3
    1   15  353   30    5    5
    1   15  334   28   10    8
    1   15  235   20    7    6
    1   15  318   27    6    7
    1   15  263   22   11    5
    1   15  270   23    6    8
    1   15  139   12    7    1
    1   15   32    3    8    3
    1   15  178   15   10    8
    1   15  131   11   11    4
    1   15  130   11   10    2
    1   15   44    4    8    3
    1   15  254   22    2    4
    1   15   97    9    1    9
    1   15  350   30    2    1
    1   15    1    1    1    2
    1   15  207   18    3    3
    1   15  190   16   10    3
    1   15   47    4   11    3
    1   15  290   25    2    4
    1   15  266   23    2    8
    1   15  308   26    8    7
    1   15  119   10   11    8
    1   15   73    7    1    6
    1   15  259   22    7    5
    1   15  122   11    2    2
    1   15  194   17    2    5
    1   15  307   26    7    7
    1   15  335   28   11    6
    1   15   22    2   10    2
    1   15  276   23   12    3
    1   15  110   10    2    5
    1   15  191   16   11    5
    1   15   15    2    3    5
    1   15  103    9    7    7
    1   15  325   28    1    6
    1   15  152   13    8    4
    1   15  166   14   10    5
    1   15  351   30    3    3
    1   15   28    3    4    4
    1   15  202   17   10    4
    1   15  185   16    5    5
    1   15  291   25    3    7
    1   15  159   14    3    2
    1   15   66    6    6    3
    1   15  171   15    3    9
    1   15   93    8    9    2
    1   15  324   27   12    3
    1   15   38    4    2    3
    1   15  275   23   11    3
    1   15  168   14   12    4
    1   15   34    3   10    6
    1   15  138   12    6    2
    1   15  230   20    2    7
    1   15    5    1    5    5
    1   15   41    4    5    3
    1   15  326   28    2    2
    1   15  143   12   11    1
    1   15   17    2    5    2
    1   15  306   26    6    4
    1   15  309   26    9    4
    1   15   19    2    7    5
    1   15  135   12    3    2
    1   15  208   18    4    7
    1   15  214   18   10    8
    1   15  268   23    4    2
    1   15  231   20    3    3
    1   15  248   21    8    1
    1   15  311   26   11    2
    1   15  108    9   12    9
    1   15  298   25   10    2
    1   15  174   15    6    8
    1   15   49    5    1    5
    1   15  281   24    5    2
    1   15  197   17    5    2
    1   15  286   24   10    5
    1   15  289   25    1    7
    1   15  116   10    8    7
    1   15  320   27    8    7
    1   15  241   21    1    2
    1   15  246   21    6    7
    1   15  170   15    2    9
    1   15  165   14    9    2
    1   15  123   11    3    1
    1   15  302   26    2    8
    1   15  337   29    1    7
    1   15  260   22    8    5
    1   15  232   20    4    2
    1   15  161   14    5    1
    1   15  322   27   10    8
    1   15   31    3    7    7
    1   15  104    9    8    7
    1   15  301   26    1    6
    1   15  160   14    4    2
    1   15  234   20    6    3
    1   15  252   21   12    1
    1   15  124   11    4    2
    1   15  215   18   11    8
    1   15   92    8    8    3
    1   15  240   20   12    3
    1   15   48    4   12    2
    1   15  315   27    3    8
    1   15  346   29   10    7
    1   15   60    5   12    6
    1   15  273   23    9    7
    1   15  213   18    9    8
    1   15  188   16    8    2
    1   15   59    5   11    3
    1   15  348   29   12    7
    1   15  209   18    5    7
    1   15   82    7   10    5
    1   15  336   28   12    7
    1   15  305   26    5    7
    1   15  332   28    8    5
    1   15  355   30    7    3
    1   15  180   15   12    7
    1   15  101    9    5    5
    1   15  121   11    1    4
    1   15  141   12    9    2
    1   15  312   26   12    7
    1   15  344   29    8    8
    1   15   65    6    5    1
    1   15  299   25   11    6
    1   15   61    6    1    1
    1   15   67    6    7    1
    1   15  287   24   11    5
    1   15  150   13    6    7
    1   15  158   14    2    7
    1   15   81    7    9    7
    1   15  224   19    8    6
    1   15   62    6    2    1
    1   15   63    6    3    1
    1   15  164   14    8    2
    1   15   54    5    6    5
    1   15   52    5    4    5
    1   15  106    9   10    6
    1   15  146   13    2    5
    1   15  288   24   12    4
    1   15  331   28    7    9
    1   15  137   12    5    1
    1   15  295   25    7    7
    1   15  117   10    9    5
    1   15  271   23    7    5
    1   15  133   12    1    1
    1   15   43    4    7    5
    1   15  217   19    1    4
    1   15  132   11   12    4
    1   15  256   22    4    4
    1   15  134   12    2    1
    1   15  293   25    5    5
    1   15  219   19    3    3
    1   15  176   15    8    7
    1   15  201   17    9    8
    1   15   11    1   11    8
    1   15   55    5    7    5
    1   15  125   11    5    5
    1   15   14    2    2    4
    1   15  221   19    5    3
    1   15  303   26    3    7
    1   15  265   23    1    7
    1   15  313   27    1    8
    1   15  153   13    9    4
    1   15   51    5    3    5
    1   15   46    4   10    1
    1   15  296   25    8    9
    1   15  316   27    4    8
    1   15   10    1   10    7
    1   15   71    6   11    1
    1   15  277   24    1    5
    1   15  196   17    4    6
    1   15  204   17   12    4
    1   15   78    7    6    4
    1   15   57    5    9    5
    1   15  144   12   12    1
    1   15    2    1    2    7
    1   15  115   10    7    8
    1   15  206   18    2    5
    1   15  220   19    4    6
    1   15  189   16    9    7
    1   15   13    2    1    6
    1   15  253   22    1    5
    1   15   20    2    8    1
    1   15  269   23    5    8
    1   15  314   27    2    8
    1   15  211   18    7    7
    1   15  105    9    9    7
    1   15  274   23   10    8
    1   15  216   18   12    7
    1   15  360   30   12    5
    1   15  156   13   12    6
    1   15  333   28    9    6
    1   15   77    7    5    4
    1   15  357   30    9    5
    1   15   42    4    6    5
    1   15  352   30    4    1
    1   15   79    7    7    5
    1   15  237   20    9    2
    1   15  238   20   10    3
    1   15  264   22   12    5
    1   15   76    7    4    5
    1   15   86    8    2    6
    1   15  233   20    5    3
    1   15   16    2    4    1
    1   15  294   25    6    9
    1   15  300   25   12    9
    1   15  249   21    9    1
    1   15  340   29    4    7
    1   15   21    2    9    1
    1   15   58    5   10    5
    1   15  183   16    3    6
    1   15  198   17    6    5
    1   15  147   13    3    5
    1   15  258   22    6    4
    1   15  229   20    1    3
    1   15  341   29    5    5
    1   15   39    4    3    7
    1   15  136   12    4    1
    1   15   68    6    8    2
    1   15   89    8    5    4
    1   15  329   28    5    7
    1   15  145   13    1    5
    1   15  244   21    4    1
    1   15   27    3    3    5
    1   15  177   15    9    9
    1   15   99    9    3    8
    1   15   94    8   10    4
    1   15  107    9   11    7
    1   15  126   11    6    1
    1   15   90    8    6    5
    1   15  157   14    1    2
    1   15  112   10    4    7
    1   15  169   15    1    8
    1   15  175   15    7    7
    1   15  212   18    8    8
    1   15  222   19    6    2
    1   15   84    7   12    3
    1   15   69    6    9    1
    1   15   37    4    1    5
    1   15    9    1    9    3
    1   15  102    9    6    1
    1   15  304   26    4    1
    1   15    8    1    8    6
    1   15  310   26   10    5
    1   15   40    4    4    4
    1   15    3    1    3    5
    1   15   25    3    1    4
    1   15    6    1    6    5
    1   15   98    9    2    6
    1   15   70    6   10    1
    1   15  128   11    8    1
    1   15   35    3   11    5
    1   15  338   29    2    5
    1   15  339   29    3    6
    1   15  356   30    8    2
    1   15  358   30   10    3
    1   15   45    4    9    1
    1   15   91    8    7    2
    1   15   26    3    2    4
    1   15  328   28    4    7
    1   15  285   24    9    5
    1   15  284   24    8    7
    1   15  142   12   10    2
    1   15  186   16    6    4
    1   15   12    1   12    5
    1   15   33    3    9    6
    1   15  317   27    5    5
    1   15  172   15    4    8
    1   15  227   19   11    6
    1   15   87    8    3    6
    1   15  251   21   11    1
    1   15  250   21   10    1
    1   15  272   23    8    7
    1   15  243   21    3    1
    1   15  129   11    9    2
    1   15   72    6   12    1
    1   15  323   27   11    8
    1   15  228   19   12    7
    1   15   50    5    2    5
    1   15  149   13    5    5
    1   15  111   10    3    5
    1   15  321   27    9    7
    1   15   30    3    6    5
    1   15  282   24    6    2
    1   15  210   18    6    7
    1   15  184   16    4    6
    1   15   23    2   11    3
    1   15  245   21    5    2
    1   15  192   16   12    4
    1   15   83    7   11    5
    1   15  205   18    1    6
    1   15   74    7    2    5
    1   15  114   10    6    4
    1   15  342   29    6    7
    1   15  199   17    7    5
    1   15  278   24    2    7
    1   15  280   24    4    4
    1   15  203   17   11    5
    1   15  155   13   11    7
    1   15    4    1    4    5
    1   15   29    3    5    7
    1   15  173   15    5    8
    1   15  354   30    6    3
    1   15    7    1    7    7
    1   15  151   13    7    6
    1   15  167   14   11    2
    1   15  100    9    4    8
    1   15   95    8   11    2
    1   15  343   29    7    9
    1   15  218   19    2    8
    1   15  292   25    4    7
    1   15  193   17    1    2
    1   15   36    3   12    6
    1   15  349   30    1    4
    1   15  109   10    1    7
    1   15   75    7    3    6
    1   15  148   13    4    5
    1   15  154   13   10    5
    1   15  187   16    7    7
    1   15   24    2   12    6
    1   15  162   14    6    5
    1   15  297   25    9    7
    1   15  127   11    7    3
    1   15  179   15   11    7
    1   15  330   28    6    5
    1   15  120   10   12    4
    1   15  261   22    9    3
    1   15  347   29   11    7
    1   15  283   24    7    2
    1   15  279   24    3    5
    1   15   18    2    6    2
    1   15  113   10    5    3
    1   15  118   10   10    5
    1   15   53    5    5    5
    1   15   85    8    1    2
    1   15  262   22   10    5
    1   15  267   23    3    8
    1   15   96    8   12    7
    1   15  226   19   10    6
    1   15  257   22    5    5
    1   15  163   14    7    2
    1   15  239   20   11    8
    1   15  236   20    8    2
    1   15  225   19    9    3
    1   15  255   22    3    5
    1   15  327   28    3    5
    1   15  319   27    7    8
    1   15   88    8    4    2
    1   15  359   30   11    3
    1   15  223   19    7    3
    1   15   56    5    8    3
    1   15  345   29    9    5
    1   15  181   16    1    3
    1   15  242   21    2    1
    1   15  182   16    2    2
    1   15  195   17    3    2
    1   15   80    7    8    3
    1   15  200   17    8    2
    1   15  140   12    8    1
    1   15   64    6    4    1
