    6    2  124   11    4    5
    6    2  270   23    6    6
    6    2   91    8    7    3
    6    2  120   10   12    4
    6    2  273   23    9    2
    6    2  206   18    2    1
    6    2  291   25    3    2
    6    2  153   13    9    2
    6    2  110   10    2    5
    6    2  129   11    9    7
    6    2  173   15    5    7
    6    2   64    6    4    3
    6    2   25    3    1    5
    6    2  115   10    7    3
    6    2  147   13    3    6
    6    2  349   30    1    3
    6    2  328   28    4    2
    6    2  252   21   12    4
    6    2   69    6    9    6
    6    2   84    7   12    3
    6    2  191   16   11    4
    6    2  220   19    4    5
    6    2  122   11    2    4
    6    2   52    5    4    6
    6    2   78    7    6    6
    6    2  278   24    2    4
    6    2  358   30   10    0
    6    2  195   17    3    0
    6    2  325   28    1    1
    6    2  221   19    5    7
    6    2  288   24   12    5
    6    2   17    2    5    0
    6    2   92    8    8    6
    6    2   36    3   12    4
    6    2  106    9   10    6
    6    2  246   21    6    0
    6    2  112   10    4    0
    6    2  235   20    7    0
    6    2  132   11   12    3
    6    2  127   11    7    4
    6    2  289   25    1    0
    6    2  311   26   11    5
    6    2  352   30    4    5
    6    2  217   19    1    2
    6    2  213   18    9    6
    6    2   43    4    7    3
    6    2   58    5   10    4
    6    2  149   13    5    4
    6    2  353   30    5    5
    6    2  159   14    3    0
    6    2  150   13    6    2
    6    2  175   15    7    2
    6    2  297   25    9    0
    6    2  196   17    4    0
    6    2  146   13    2    5
    6    2  182   16    2    3
    6    2  351   30    3    0
    6    2  343   29    7    2
    6    2   73    7    1    1
    6    2   90    8    6    3
    6    2  199   17    7    0
    6    2  249   21    9    0
    6    2  296   25    8    5
    6    2   37    4    1    6
    6    2   87    8    3    7
    6    2  231   20    3    0
    6    2  166   14   10    0
    6    2  162   14    6    0
    6    2  125   11    5    6
    6    2  350   30    2    0
    6    2  307   26    7    0
    6    2   23    2   11    5
    6    2  169   15    1    3
    6    2   86    8    2    2
    6    2   96    8   12    3
    6    2  157   14    1    0
    6    2  234   20    6    0
    6    2  341   29    5    0
    6    2  357   30    9    6
    6    2   47    4   11    5
    6    2   26    3    2    3
    6    2   56    5    8    3
    6    2  117   10    9    5
    6    2  212   18    8    0
    6    2  161   14    5    0
    6    2  189   16    9    2
    6    2   40    4    4    2
    6    2  240   20   12    0
    6    2  241   21    1    0
    6    2  140   12    8    0
    6    2   54    5    6    4
    6    2  168   14   12    0
    6    2  319   27    7    0
    6    2  339   29    3    5
    6    2  204   17   12    3
    6    2    7    1    7    6
    6    2  282   24    6    6
    6    2   89    8    5    5
    6    2   61    6    1    0
    6    2   19    2    7    4
    6    2  259   22    7    1
    6    2  236   20    8    0
    6    2  102    9    6    2
    6    2  176   15    8    3
    6    2  185   16    5    0
    6    2  142   12   10    0
    6    2  329   28    5    3
    6    2   74    7    2    3
    6    2   95    8   11    5
    6    2  165   14    9    0
    6    2  272   23    8    0
    6    2  317   27    5    3
    6    2  260   22    8    1
    6    2  203   17   11    0
    6    2  359   30   11    0
    6    2   83    7   11    2
    6    2   75    7    3    1
    6    2  103    9    7    4
    6    2  138   12    6    0
    6    2  154   13   10    5
    6    2  334   28   10    0
    6    2  229   20    1    0
    6    2  277   24    1    5
    6    2  360   30   12    0
    6    2  313   27    1    6
    6    2   99    9    3    5
    6    2   27    3    3    6
    6    2  225   19    9    0
    6    2  114   10    6    0
    6    2   62    6    2    0
    6    2  119   10   11    0
    6    2  318   27    6    0
    6    2  218   19    2    4
    6    2  254   22    2    2
    6    2   55    5    7    3
    6    2  264   22   12    1
    6    2  201   17    9    0
    6    2  261   22    9    1
    6    2  108    9   12    0
    6    2  285   24    9    6
    6    2  148   13    4    2
    6    2  170   15    2    0
    6    2  326   28    2    3
    6    2  156   13   12    0
    6    2  141   12    9    0
    6    2  293   25    5    5
    6    2  300   25   12    0
    6    2  245   21    5    0
    6    2  211   18    7    0
    6    2  232   20    4    2
    6    2   32    3    8    7
    6    2  193   17    1    8
    6    2  256   22    4    1
    6    2  348   29   12    0
    6    2    2    1    2    3
    6    2  302   26    2    0
    6    2   94    8   10    4
    6    2  279   24    3    7
    6    2  171   15    3    0
    6    2   70    6   10    0
    6    2   76    7    4    3
    6    2  116   10    8    0
    6    2  126   11    6    0
    6    2  137   12    5    0
    6    2  177   15    9    6
    6    2   29    3    5    6
    6    2  133   12    1    0
    6    2   80    7    8    2
    6    2   51    5    3    3
    6    2   42    4    6    3
    6    2   41    4    5    3
    6    2  294   25    6    0
    6    2  187   16    7    3
    6    2   71    6   11    0
    6    2  109   10    1    5
    6    2  105    9    9    0
    6    2  183   16    3    0
    6    2  340   29    4    0
    6    2  113   10    5    0
    6    2   88    8    4    6
    6    2  283   24    7    9
    6    2  123   11    3    2
    6    2  128   11    8    4
    6    2   21    2    9    0
    6    2  248   21    8    0
    6    2  345   29    9    0
    6    2    8    1    8    0
    6    2  346   29   10    6
    6    2  292   25    4    6
    6    2  299   25   11    4
    6    2  144   12   12    2
    6    2  327   28    3    2
    6    2  230   20    2    0
    6    2  269   23    5    5
    6    2  309   26    9    0
    6    2    3    1    3    2
    6    2  344   29    8    0
    6    2  216   18   12    0
    6    2  255   22    3    4
    6    2  324   27   12    2
    6    2    5    1    5    6
    6    2  286   24   10    7
    6    2   66    6    6    0
    6    2  310   26   10    0
    6    2  355   30    7    0
    6    2  205   18    1    6
    6    2  215   18   11    0
    6    2  276   23   12    0
    6    2  266   23    2    0
    6    2  306   26    6    6
    6    2  271   23    7    0
    6    2  190   16   10    3
    6    2  265   23    1    0
    6    2  280   24    4    6
    6    2  226   19   10    0
    6    2   57    5    9    4
    6    2   85    8    1    0
    6    2  305   26    5    0
    6    2  111   10    3    6
    6    2   35    3   11    7
    6    2  304   26    4    0
    6    2   31    3    7    3
    6    2  250   21   10    0
    6    2  335   28   11    0
    6    2   97    9    1    0
    6    2  130   11   10    3
    6    2   10    1   10    2
    6    2   65    6    5    8
    6    2   30    3    6    3
    6    2  202   17   10    0
    6    2  298   25   10    0
    6    2   12    1   12    4
    6    2   48    4   12    0
    6    2  200   17    8    0
    6    2  290   25    2    3
    6    2  214   18   10    4
    6    2  100    9    4    6
    6    2  197   17    5    0
    6    2  262   22   10    5
    6    2  145   13    1    0
    6    2  336   28   12    0
    6    2  134   12    2    0
    6    2  314   27    2    0
    6    2   15    2    3    3
    6    2  268   23    4    0
    6    2  139   12    7    0
    6    2   60    5   12    3
    6    2  210   18    6    0
    6    2   44    4    8    4
    6    2  331   28    7    2
    6    2   68    6    8    0
    6    2  219   19    3    0
    6    2  320   27    8    0
    6    2  332   28    8    2
    6    2  263   22   11    1
    6    2  315   27    3    2
    6    2  233   20    5    2
    6    2  121   11    1    3
    6    2  180   15   12    4
    6    2  244   21    4    3
    6    2  160   14    4    3
    6    2  181   16    1    4
    6    2   28    3    4    5
    6    2  347   29   11    0
    6    2  198   17    6    0
    6    2  178   15   10    0
    6    2  143   12   11    0
    6    2  194   17    2    0
    6    2  208   18    4    3
    6    2  184   16    4    4
    6    2  186   16    6    4
    6    2   46    4   10    2
    6    2  275   23   11    5
    6    2  135   12    3    3
    6    2  247   21    7    3
    6    2  207   18    3    4
    6    2   45    4    9    5
    6    2  151   13    7    0
    6    2  239   20   11    0
    6    2   49    5    1    6
    6    2  253   22    1    1
    6    2   67    6    7    6
    6    2  333   28    9    2
    6    2   63    6    3    3
    6    2   18    2    6    0
    6    2  308   26    8    4
    6    2  152   13    8    3
    6    2  323   27   11    3
    6    2  131   11   11    6
    6    2   13    2    1    0
    6    2  243   21    3    3
    6    2  209   18    5    4
    6    2  321   27    9    2
    6    2  188   16    8    3
    6    2  167   14   11    4
    6    2  337   29    1    6
    6    2   16    2    4    0
    6    2  228   19   12    5
    6    2  316   27    4    2
    6    2  356   30    8    0
    6    2  238   20   10    0
    6    2  104    9    8    6
    6    2  227   19   11    8
    6    2  136   12    4    3
    6    2  295   25    7    0
    6    2  257   22    5    5
    6    2  251   21   11    0
    6    2  164   14    8    0
    6    2  342   29    6    0
    6    2   14    2    2    6
    6    2   20    2    8    5
    6    2  242   21    2    3
    6    2   33    3    9    7
    6    2  163   14    7    0
    6    2  158   14    2    0
    6    2   22    2   10    3
    6    2  107    9   11    6
    6    2   79    7    7    2
    6    2  224   19    8    6
    6    2   59    5   11    5
    6    2  322   27   10    3
    6    2   11    1   11    2
    6    2   77    7    5    1
    6    2  274   23   10    0
    6    2  155   13   11    0
    6    2   39    4    3    3
    6    2  281   24    5    5
    6    2  222   19    6    6
    6    2   72    6   12    0
    6    2    4    1    4    6
    6    2   82    7   10    2
    6    2  223   19    7    3
    6    2   24    2   12    7
    6    2    1    1    1    7
    6    2  354   30    6    0
    6    2  287   24   11    8
    6    2   34    3   10    4
    6    2    6    1    6    4
    6    2  237   20    9    0
    6    2   53    5    5    3
    6    2  101    9    5    0
    6    2  312   26   12    0
    6    2  338   29    2    0
    6    2  284   24    8    4
    6    2  303   26    3    1
    6    2   38    4    2    0
    6    2   50    5    2    4
    6    2   93    8    9    7
    6    2  267   23    3    0
    6    2  301   26    1    6
    6    2  172   15    4    5
    6    2  330   28    6    2
    6    2    9    1    9    5
    6    2  118   10   10    5
    6    2  174   15    6    6
    6    2  192   16   12    2
    6    2   98    9    2    3
    6    2  179   15   11    2
    6    2   81    7    9    1
    6    2  258   22    6    1
