    9    1  337   29    1    2
    9    1  203   17   11    2
    9    1   81    7    9    2
    9    1  168   14   12    2
    9    1   63    6    3    2
    9    1  297   25    9    2
    9    1  256   22    4    3
    9    1   24    2   12    1
    9    1  349   30    1    2
    9    1  263   22   11    3
    9    1  157   14    1    2
    9    1  143   12   11    0
    9    1  325   28    1    2
    9    1  136   12    4    0
    9    1  206   18    2    2
    9    1  181   16    1    2
    9    1  126   11    6    0
    9    1  123   11    3    2
    9    1  294   25    6    0
    9    1  316   27    4    3
    9    1  306   26    6    2
    9    1  302   26    2    0
    9    1   26    3    2    0
    9    1  174   15    6    0
    9    1  331   28    7    3
    9    1  187   16    7    2
    9    1  215   18   11    0
    9    1  309   26    9    2
    9    1  182   16    2    3
    9    1  164   14    8    0
    9    1  340   29    4    0
    9    1  106    9   10    1
    9    1   36    3   12    0
    9    1   11    1   11    3
    9    1  360   30   12    2
    9    1  259   22    7    3
    9    1  177   15    9    3
    9    1  253   22    1    2
    9    1  343   29    7    2
    9    1   27    3    3    0
    9    1  191   16   11    0
    9    1  258   22    6    3
    9    1  212   18    8    0
    9    1  109   10    1    3
    9    1   94    8   10    3
    9    1  107    9   11    1
    9    1  137   12    5    0
    9    1  307   26    7    0
    9    1   79    7    7    3
    9    1  346   29   10    0
    9    1  232   20    4    2
    9    1   29    3    5    0
    9    1  312   26   12    2
    9    1  195   17    3    0
    9    1   56    5    8    0
    9    1  219   19    3    3
    9    1  149   13    5    0
    9    1  310   26   10    0
    9    1  139   12    7    3
    9    1  185   16    5    0
    9    1  282   24    6    0
    9    1  197   17    5    0
    9    1  116   10    8    0
    9    1   18    2    6    0
    9    1  334   28   10    0
    9    1  301   26    1    0
    9    1  272   23    8    2
    9    1   99    9    3    1
    9    1  284   24    8    3
    9    1  227   19   11    3
    9    1   73    7    1    3
    9    1    8    1    8    0
    9    1  280   24    4    3
    9    1  333   28    9    2
    9    1   98    9    2    1
    9    1   70    6   10    3
    9    1  115   10    7    0
    9    1  261   22    9    2
    9    1  287   24   11    3
    9    1  320   27    8    0
    9    1  315   27    3    0
    9    1  110   10    2    0
    9    1  303   26    3    2
    9    1  345   29    9    0
    9    1  251   21   11    0
    9    1  249   21    9    0
    9    1  235   20    7    0
    9    1  329   28    5    0
    9    1  131   11   11    3
    9    1    7    1    7    3
    9    1  350   30    2    0
    9    1  188   16    8    0
    9    1  335   28   11    0
    9    1    2    1    2    3
    9    1  213   18    9    0
    9    1  156   13   12    0
    9    1   49    5    1    0
    9    1   41    4    5    0
    9    1  214   18   10    2
    9    1   31    3    7    0
    9    1  114   10    6    0
    9    1  223   19    7    2
    9    1  245   21    5    0
    9    1  359   30   11    2
    9    1  265   23    1    0
    9    1  296   25    8    1
    9    1   54    5    6    0
    9    1  283   24    7    3
    9    1   72    6   12    2
    9    1  314   27    2    0
    9    1  273   23    9    0
    9    1  351   30    3    0
    9    1  135   12    3    2
    9    1  266   23    2    0
    9    1  146   13    2    0
    9    1  179   15   11    0
    9    1  166   14   10    0
    9    1  318   27    6    0
    9    1  246   21    6    0
    9    1   50    5    2    0
    9    1  189   16    9    0
    9    1  264   22   12    3
    9    1  192   16   12    0
    9    1  170   15    2    0
    9    1   23    2   11    0
    9    1   62    6    2    2
    9    1  163   14    7    0
    9    1   52    5    4    0
    9    1  293   25    5    0
    9    1  285   24    9    3
    9    1  200   17    8    0
    9    1  248   21    8    0
    9    1   14    2    2    0
    9    1  233   20    5    0
    9    1   28    3    4    0
    9    1  341   29    5    2
    9    1  159   14    3    2
    9    1   93    8    9    3
    9    1  130   11   10    0
    9    1   12    1   12    3
    9    1  134   12    2    2
    9    1  132   11   12    2
    9    1  313   27    1    2
    9    1  205   18    1    0
    9    1   85    8    1    0
    9    1  267   23    3    2
    9    1  255   22    3    3
    9    1  140   12    8    2
    9    1  288   24   12    0
    9    1   78    7    6    3
    9    1  290   25    2    2
    9    1  183   16    3    0
    9    1   90    8    6    3
    9    1  161   14    5    0
    9    1   80    7    8    3
    9    1  153   13    9    0
    9    1   43    4    7    3
    9    1   38    4    2    0
    9    1  228   19   12    3
    9    1  209   18    5    0
    9    1  279   24    3    3
    9    1  224   19    8    3
    9    1   16    2    4    0
    9    1   55    5    7    0
    9    1  180   15   12    0
    9    1  274   23   10    1
    9    1   92    8    8    3
    9    1  142   12   10    2
    9    1   61    6    1    0
    9    1  112   10    4    0
    9    1  111   10    3    0
    9    1  152   13    8    0
    9    1   17    2    5    0
    9    1  108    9   12    0
    9    1  269   23    5    0
    9    1  271   23    7    0
    9    1  326   28    2    3
    9    1  231   20    3    2
    9    1   48    4   12    0
    9    1   15    2    3    0
    9    1   51    5    3    0
    9    1  165   14    9    0
    9    1  352   30    4    2
    9    1  141   12    9    2
    9    1  127   11    7    3
    9    1  121   11    1    3
    9    1   86    8    2    3
    9    1   25    3    1    0
    9    1    6    1    6    1
    9    1   68    6    8    0
    9    1  169   15    1    0
    9    1  355   30    7    0
    9    1  308   26    8    0
    9    1  105    9    9    1
    9    1  356   30    8    0
    9    1  202   17   10    2
    9    1  324   27   12    0
    9    1   40    4    4    0
    9    1   91    8    7    3
    9    1  323   27   11    0
    9    1  230   20    2    0
    9    1  358   30   10    2
    9    1  118   10   10    0
    9    1  194   17    2    0
    9    1   89    8    5    0
    9    1  138   12    6    0
    9    1  148   13    4    0
    9    1  276   23   12    2
    9    1  207   18    3    0
    9    1  357   30    9    2
    9    1  173   15    5    0
    9    1   64    6    4    2
    9    1  208   18    4    0
    9    1  184   16    4    0
    9    1   59    5   11    0
    9    1  186   16    6    0
    9    1   20    2    8    2
    9    1   34    3   10    0
    9    1   95    8   11    0
    9    1    9    1    9    0
    9    1  218   19    2    1
    9    1  154   13   10    0
    9    1  201   17    9    0
    9    1  305   26    5    3
    9    1    4    1    4    0
    9    1  229   20    1    0
    9    1   75    7    3    3
    9    1  119   10   11    0
    9    1  162   14    6    0
    9    1  124   11    4    0
    9    1   35    3   11    0
    9    1   46    4   10    0
    9    1  216   18   12    2
    9    1  319   27    7    0
    9    1  103    9    7    1
    9    1  113   10    5    0
    9    1  298   25   10    2
    9    1    3    1    3    0
    9    1   88    8    4    3
    9    1   39    4    3    0
    9    1  172   15    4    0
    9    1  151   13    7    0
    9    1   33    3    9    3
    9    1   84    7   12    3
    9    1    5    1    5    0
    9    1  344   29    8    0
    9    1   37    4    1    0
    9    1  196   17    4    3
    9    1  222   19    6    3
    9    1   21    2    9    0
    9    1  304   26    4    2
    9    1   82    7   10    3
    9    1  338   29    2    0
    9    1  217   19    1    0
    9    1  240   20   12    2
    9    1   69    6    9    2
    9    1  211   18    7    0
    9    1  239   20   11    2
    9    1   67    6    7    2
    9    1  300   25   12    2
    9    1  144   12   12    2
    9    1  270   23    6    0
    9    1   74    7    2    3
    9    1  243   21    3    2
    9    1  128   11    8    3
    9    1   13    2    1    0
    9    1  190   16   10    2
    9    1  122   11    2    3
    9    1  289   25    1    2
    9    1  158   14    2    3
    9    1   42    4    6    3
    9    1  321   27    9    3
    9    1   97    9    1    1
    9    1  292   25    4    1
    9    1  175   15    7    3
    9    1  250   21   10    2
    9    1  330   28    6    3
    9    1  133   12    1    2
    9    1   44    4    8    3
    9    1  160   14    4    3
    9    1  221   19    5    2
    9    1  210   18    6    2
    9    1   77    7    5    3
    9    1  104    9    8    1
    9    1  342   29    6    0
    9    1  102    9    6    1
    9    1   30    3    6    0
    9    1  252   21   12    2
    9    1  176   15    8    0
    9    1  353   30    5    2
    9    1   53    5    5    0
    9    1  167   14   11    0
    9    1  348   29   12    2
    9    1  262   22   10    3
    9    1   76    7    4    3
    9    1   60    5   12    0
    9    1  311   26   11    2
    9    1  347   29   11    2
    9    1   58    5   10    3
    9    1  275   23   11    1
    9    1   65    6    5    3
    9    1   19    2    7    1
    9    1  220   19    4    3
    9    1  238   20   10    2
    9    1  327   28    3    3
    9    1  247   21    7    2
    9    1  332   28    8    2
    9    1  281   24    5    3
    9    1  120   10   12    1
    9    1  339   29    3    0
    9    1  242   21    2    2
    9    1  317   27    5    3
    9    1   22    2   10    0
    9    1  254   22    2    3
    9    1  101    9    5    1
    9    1  278   24    2    0
    9    1  204   17   12    0
    9    1   96    8   12    0
    9    1   66    6    6    0
    9    1  236   20    8    0
    9    1  286   24   10    0
    9    1  225   19    9    1
    9    1  199   17    7    0
    9    1  193   17    1    3
    9    1  226   19   10    2
    9    1   32    3    8    0
    9    1  171   15    3    0
    9    1   10    1   10    2
    9    1  117   10    9    3
    9    1  322   27   10    2
    9    1  268   23    4    0
    9    1  100    9    4    1
    9    1  277   24    1    3
    9    1  299   25   11    1
    9    1  291   25    3    2
    9    1  147   13    3    0
    9    1   47    4   11    0
    9    1  244   21    4    2
    9    1  241   21    1    2
    9    1    1    1    1    0
    9    1  198   17    6    0
    9    1   57    5    9    2
    9    1  336   28   12    0
    9    1  155   13   11    0
    9    1  234   20    6    2
    9    1  125   11    5    1
    9    1  237   20    9    2
    9    1   87    8    3    3
    9    1  178   15   10    0
    9    1  354   30    6    2
    9    1  145   13    1    0
    9    1   71    6   11    0
    9    1  257   22    5    3
    9    1  260   22    8    3
    9    1  328   28    4    3
    9    1  295   25    7    0
    9    1  129   11    9    0
    9    1   45    4    9    0
    9    1  150   13    6    0
    9    1   83    7   11    3
