    8   20  275   23   11    3
    8   20   23    2   11    6
    8   20  309   26    9    5
    8   20  344   29    8    8
    8   20  266   23    2    3
    8   20  182   16    2    8
    8   20   24    2   12    7
    8   20    1    1    1    8
    8   20  188   16    8    8
    8   20  270   23    6    4
    8   20  355   30    7    4
    8   20    3    1    3    7
    8   20  248   21    8    7
    8   20   41    4    5    5
    8   20  338   29    2    8
    8   20  329   28    5    5
    8   20  283   24    7    2
    8   20  156   13   12    6
    8   20  159   14    3    5
    8   20  279   24    3    2
    8   20  227   19   11    4
    8   20  201   17    9    6
    8   20  205   18    1    7
    8   20  298   25   10    5
    8   20   57    5    9    1
    8   20  278   24    2    4
    8   20   30    3    6    5
    8   20  186   16    6    5
    8   20  237   20    9    6
    8   20   14    2    2    5
    8   20  161   14    5    5
    8   20  340   29    4    8
    8   20  174   15    6    6
    8   20  235   20    7    5
    8   20  284   24    8    3
    8   20   10    1   10    4
    8   20  228   19   12    3
    8   20   73    7    1    2
    8   20  325   28    1    2
    8   20  289   25    1    6
    8   20  341   29    5    5
    8   20  218   19    2    3
    8   20  349   30    1    4
    8   20  276   23   12    4
    8   20  147   13    3    7
    8   20  308   26    8    4
    8   20  116   10    8    7
    8   20    6    1    6    3
    8   20  203   17   11    7
    8   20   45    4    9    3
    8   20  271   23    7    5
    8   20  105    9    9    5
    8   20  157   14    1    5
    8   20  107    9   11    6
    8   20  280   24    4    2
    8   20   48    4   12    6
    8   20   84    7   12    6
    8   20  132   11   12    2
    8   20   94    8   10    6
    8   20  257   22    5    2
    8   20  125   11    5    5
    8   20  145   13    1    4
    8   20  304   26    4    4
    8   20  183   16    3    8
    8   20  180   15   12    8
    8   20  346   29   10    5
    8   20   12    1   12    4
    8   20  221   19    5    4
    8   20   67    6    7    6
    8   20  106    9   10    6
    8   20  110   10    2    4
    8   20   78    7    6    3
    8   20  222   19    6    4
    8   20  134   12    2    5
    8   20  207   18    3    4
    8   20  178   15   10    5
    8   20  130   11   10    6
    8   20  210   18    6    7
    8   20  350   30    2    5
    8   20   33    3    9    3
    8   20  154   13   10    7
    8   20  100    9    4    7
    8   20   95    8   11    4
    8   20  263   22   11    2
    8   20  337   29    1    9
    8   20  287   24   11    2
    8   20  277   24    1    2
    8   20   27    3    3    4
    8   20  359   30   11    6
    8   20  267   23    3    4
    8   20  357   30    9    3
    8   20  241   21    1    4
    8   20  300   25   12    5
    8   20   88    8    4    3
    8   20  294   25    6    5
    8   20  143   12   11    7
    8   20   31    3    7    3
    8   20  141   12    9    4
    8   20   56    5    8    3
    8   20   15    2    3    4
    8   20   92    8    8    5
    8   20  358   30   10    5
    8   20  101    9    5    5
    8   20  273   23    9    5
    8   20   91    8    7    4
    8   20  170   15    2    5
    8   20  336   28   12    4
    8   20  126   11    6    4
    8   20  149   13    5    5
    8   20  111   10    3    4
    8   20  265   23    1    5
    8   20   44    4    8    5
    8   20  295   25    7    5
    8   20  342   29    6    9
    8   20   17    2    5    4
    8   20   96    8   12    3
    8   20   47    4   11    4
    8   20  164   14    8    4
    8   20   29    3    5    3
    8   20  200   17    8    7
    8   20  131   11   11    4
    8   20   61    6    1    5
    8   20  138   12    6    7
    8   20   93    8    9    4
    8   20  152   13    8    6
    8   20  173   15    5    5
    8   20  322   27   10    3
    8   20   22    2   10    3
    8   20  169   15    1    2
    8   20   20    2    8    4
    8   20  345   29    9    8
    8   20    4    1    4    4
    8   20   68    6    8    3
    8   20   77    7    5    2
    8   20  243   21    3    3
    8   20  291   25    3    5
    8   20   79    7    7    3
    8   20  176   15    8    4
    8   20   85    8    1    5
    8   20   16    2    4    4
    8   20  127   11    7    3
    8   20  197   17    5    6
    8   20  281   24    5    3
    8   20  113   10    5    4
    8   20  177   15    9    5
    8   20  191   16   11    4
    8   20  179   15   11    5
    8   20  311   26   11    5
    8   20   60    5   12    3
    8   20  333   28    9    2
    8   20  231   20    3    5
    8   20  256   22    4    3
    8   20  213   18    9    4
    8   20  313   27    1    5
    8   20  250   21   10    5
    8   20  351   30    3    4
    8   20  216   18   12    6
    8   20  121   11    1    3
    8   20   97    9    1    4
    8   20  310   26   10    5
    8   20  103    9    7    3
    8   20   87    8    3    3
    8   20  184   16    4    6
    8   20   36    3   12    5
    8   20   66    6    6    2
    8   20   71    6   11    5
    8   20   86    8    2    3
    8   20  119   10   11    5
    8   20  285   24    9    2
    8   20  171   15    3    5
    8   20  327   28    3    3
    8   20  319   27    7    5
    8   20   74    7    2    4
    8   20   59    5   11    4
    8   20  214   18   10    3
    8   20  225   19    9    3
    8   20  140   12    8    5
    8   20  194   17    2    7
    8   20  124   11    4    5
    8   20  193   17    1    4
    8   20  226   19   10    5
    8   20  204   17   12    7
    8   20  142   12   10    6
    8   20   35    3   11    6
    8   20  196   17    4    4
    8   20  324   27   12    3
    8   20  139   12    7    6
    8   20  317   27    5    6
    8   20  118   10   10    6
    8   20  326   28    2    4
    8   20   34    3   10    6
    8   20   75    7    3    2
    8   20  128   11    8    4
    8   20  290   25    2    5
    8   20  114   10    6    7
    8   20   52    5    4    8
    8   20  211   18    7    7
    8   20  238   20   10    5
    8   20  306   26    6    5
    8   20   38    4    2    4
    8   20  198   17    6    6
    8   20   63    6    3    3
    8   20  122   11    2    4
    8   20  229   20    1    4
    8   20  258   22    6    2
    8   20  348   29   12    8
    8   20  233   20    5    4
    8   20  323   27   11    6
    8   20  230   20    2    4
    8   20  352   30    4    4
    8   20    5    1    5    3
    8   20  274   23   10    2
    8   20    9    1    9    4
    8   20   37    4    1    3
    8   20  224   19    8    3
    8   20  312   26   12    3
    8   20  245   21    5    4
    8   20   39    4    3    6
    8   20  240   20   12    7
    8   20  206   18    2    8
    8   20  288   24   12    4
    8   20  158   14    2    5
    8   20   53    5    5    3
    8   20  150   13    6    8
    8   20  115   10    7    8
    8   20    2    1    2    4
    8   20  234   20    6    7
    8   20   46    4   10    5
    8   20  239   20   11    4
    8   20   19    2    7    3
    8   20   43    4    7    5
    8   20   98    9    2    6
    8   20  244   21    4    4
    8   20  292   25    4    6
    8   20   21    2    9    5
    8   20  354   30    6    7
    8   20  247   21    7    6
    8   20  314   27    2    8
    8   20  189   16    9    4
    8   20   80    7    8    2
    8   20   50    5    2    4
    8   20  330   28    6    4
    8   20   49    5    1    3
    8   20  168   14   12    5
    8   20   89    8    5    6
    8   20   18    2    6    5
    8   20  102    9    6    8
    8   20   64    6    4    4
    8   20  272   23    8    6
    8   20  299   25   11    3
    8   20  269   23    5    6
    8   20   25    3    1    6
    8   20  215   18   11    6
    8   20  232   20    4    6
    8   20  104    9    8    6
    8   20  293   25    5    5
    8   20  175   15    7    8
    8   20  109   10    1    4
    8   20   90    8    6    3
    8   20  208   18    4    4
    8   20  166   14   10    5
    8   20  328   28    4    2
    8   20  321   27    9    8
    8   20  264   22   12    4
    8   20  220   19    4    3
    8   20    8    1    8    5
    8   20  305   26    5    3
    8   20   40    4    4    4
    8   20  172   15    4    5
    8   20  165   14    9    4
    8   20  254   22    2    2
    8   20  339   29    3    6
    8   20  320   27    8    7
    8   20  242   21    2    4
    8   20  316   27    4    2
    8   20  296   25    8    2
    8   20  163   14    7    4
    8   20  133   12    1    5
    8   20  190   16   10    4
    8   20   62    6    2    5
    8   20  187   16    7    7
    8   20  261   22    9    3
    8   20  144   12   12    4
    8   20   51    5    3    4
    8   20  282   24    6    3
    8   20  219   19    3    4
    8   20   42    4    6    3
    8   20  129   11    9    5
    8   20  255   22    3    2
    8   20  153   13    9    7
    8   20  307   26    7    5
    8   20  160   14    4    5
    8   20   32    3    8    4
    8   20  217   19    1    5
    8   20   70    6   10    6
    8   20  162   14    6    4
    8   20  335   28   11    4
    8   20  195   17    3    6
    8   20  253   22    1    1
    8   20  192   16   12    7
    8   20   69    6    9    7
    8   20   11    1   11    3
    8   20    7    1    7    4
    8   20   28    3    4    5
    8   20  148   13    4    6
    8   20   13    2    1    4
    8   20  185   16    5    5
    8   20  360   30   12    5
    8   20  249   21    9    6
    8   20  212   18    8    5
    8   20  117   10    9    4
    8   20  260   22    8    3
    8   20  262   22   10    3
    8   20  137   12    5    3
    8   20  297   25    9    5
    8   20  356   30    8    5
    8   20   99    9    3    4
    8   20   26    3    2    5
    8   20  155   13   11    8
    8   20   76    7    4    2
    8   20  123   11    3    4
    8   20   72    6   12    3
    8   20  223   19    7    4
    8   20   55    5    7    5
    8   20  286   24   10    3
    8   20  251   21   11    5
    8   20  318   27    6    5
    8   20  135   12    3    3
    8   20   82    7   10    2
    8   20  151   13    7    6
    8   20  332   28    8    6
    8   20  236   20    8    5
    8   20  136   12    4    3
    8   20  268   23    4    4
    8   20   81    7    9    3
    8   20   54    5    6    5
    8   20  302   26    2    4
    8   20  246   21    6    4
    8   20  120   10   12    5
    8   20  303   26    3    4
    8   20  315   27    3    6
    8   20   58    5   10    4
    8   20  209   18    5    5
    8   20  259   22    7    3
    8   20  199   17    7    5
    8   20  252   21   12    4
    8   20  334   28   10    5
    8   20  181   16    1    6
    8   20  301   26    1    5
    8   20  146   13    2    6
    8   20  202   17   10    5
    8   20  331   28    7    2
    8   20  108    9   12    5
    8   20  167   14   11    5
    8   20  112   10    4    6
    8   20  353   30    5    6
    8   20   65    6    5    3
    8   20   83    7   11    3
    8   20  347   29   11    5
    8   20  343   29    7    9
