    6   16  217   19    1    7
    6   16   34    3   10    6
    6   16  279   24    3    3
    6   16  352   30    4    0
    6   16   54    5    6    2
    6   16  106    9   10    0
    6   16   90    8    6    3
    6   16  204   17   12    7
    6   16  273   23    9    5
    6   16   16    2    4    0
    6   16   11    1   11    1
    6   16  235   20    7    0
    6   16  107    9   11    0
    6   16  173   15    5    7
    6   16  196   17    4    0
    6   16  177   15    9    1
    6   16  346   29   10    8
    6   16  305   26    5    2
    6   16   58    5   10    5
    6   16   37    4    1    7
    6   16  162   14    6    0
    6   16  284   24    8    9
    6   16  126   11    6    5
    6   16   43    4    7    1
    6   16  351   30    3    0
    6   16  245   21    5    8
    6   16  285   24    9    9
    6   16  309   26    9    0
    6   16    2    1    2    8
    6   16  116   10    8    0
    6   16   13    2    1    0
    6   16  203   17   11    1
    6   16  166   14   10    0
    6   16   21    2    9    0
    6   16  187   16    7    2
    6   16  314   27    2    1
    6   16   71    6   11    0
    6   16  181   16    1    6
    6   16  104    9    8    0
    6   16   35    3   11    4
    6   16  207   18    3    6
    6   16   98    9    2    9
    6   16  262   22   10    7
    6   16   76    7    4    9
    6   16  225   19    9    1
    6   16  320   27    8    5
    6   16  215   18   11    0
    6   16  193   17    1    9
    6   16  205   18    1    0
    6   16   87    8    3    4
    6   16  318   27    6    3
    6   16  168   14   12    0
    6   16  257   22    5    6
    6   16  354   30    6    8
    6   16  261   22    9    4
    6   16   75    7    3    6
    6   16    1    1    1    8
    6   16   52    5    4    8
    6   16  297   25    9    0
    6   16  337   29    1    0
    6   16  198   17    6    0
    6   16   50    5    2    9
    6   16   49    5    1    9
    6   16  311   26   11    0
    6   16  105    9    9    8
    6   16  100    9    4    0
    6   16  287   24   11    9
    6   16  128   11    8    4
    6   16  293   25    5    0
    6   16  226   19   10    8
    6   16  169   15    1    9
    6   16  271   23    7    0
    6   16  129   11    9    9
    6   16  333   28    9    1
    6   16  338   29    2    0
    6   16  180   15   12    1
    6   16  110   10    2    5
    6   16  194   17    2    0
    6   16   94    8   10    3
    6   16  322   27   10    3
    6   16   68    6    8    0
    6   16  246   21    6    8
    6   16  174   15    6    7
    6   16  143   12   11    1
    6   16  347   29   11    0
    6   16  145   13    1    3
    6   16  192   16   12    0
    6   16  241   21    1    5
    6   16  328   28    4    6
    6   16  307   26    7    0
    6   16  118   10   10    1
    6   16  139   12    7    0
    6   16  156   13   12    2
    6   16   97    9    1    7
    6   16  121   11    1    8
    6   16  249   21    9    0
    6   16  227   19   11    9
    6   16   99    9    3    0
    6   16  277   24    1    8
    6   16  298   25   10    0
    6   16   42    4    6    3
    6   16   46    4   10    4
    6   16   26    3    2    1
    6   16  127   11    7    6
    6   16  219   19    3    7
    6   16  265   23    1    4
    6   16  263   22   11    1
    6   16  189   16    9    1
    6   16  135   12    3    6
    6   16   62    6    2    0
    6   16   17    2    5    0
    6   16   92    8    8    8
    6   16  266   23    2    4
    6   16   73    7    1    7
    6   16   47    4   11    1
    6   16  130   11   10    9
    6   16   36    3   12    3
    6   16  221   19    5    9
    6   16  147   13    3    2
    6   16  164   14    8    0
    6   16  188   16    8    1
    6   16    7    1    7    1
    6   16  233   20    5    0
    6   16    6    1    6    3
    6   16   32    3    8    8
    6   16   79    7    7    7
    6   16  161   14    5    0
    6   16  165   14    9    0
    6   16   23    2   11    0
    6   16  301   26    1    0
    6   16  148   13    4    2
    6   16  250   21   10    0
    6   16   89    8    5    8
    6   16   44    4    8    9
    6   16  108    9   12    0
    6   16   28    3    4    3
    6   16  251   21   11    0
    6   16   84    7   12    6
    6   16  149   13    5    2
    6   16  210   18    6    1
    6   16   61    6    1    0
    6   16  281   24    5    0
    6   16  209   18    5    0
    6   16  355   30    7    0
    6   16  153   13    9    1
    6   16  150   13    6    9
    6   16  178   15   10    8
    6   16  295   25    7    0
    6   16  141   12    9    3
    6   16  224   19    8    5
    6   16   31    3    7    3
    6   16  317   27    5    7
    6   16   38    4    2    0
    6   16  115   10    7    0
    6   16  345   29    9    0
    6   16  350   30    2    0
    6   16  296   25    8    0
    6   16  238   20   10    0
    6   16   85    8    1    5
    6   16  183   16    3    9
    6   16  218   19    2    6
    6   16  294   25    6    0
    6   16  151   13    7    2
    6   16   14    2    2    0
    6   16  117   10    9    5
    6   16  229   20    1    0
    6   16   88    8    4    9
    6   16  302   26    2    1
    6   16  304   26    4    0
    6   16   40    4    4    6
    6   16  243   21    3    1
    6   16  137   12    5    0
    6   16   33    3    9    7
    6   16   55    5    7    4
    6   16  103    9    7    2
    6   16  303   26    3    0
    6   16  197   17    5    0
    6   16   80    7    8    1
    6   16   53    5    5    2
    6   16    8    1    8    0
    6   16  195   17    3    0
    6   16  310   26   10    0
    6   16  228   19   12    7
    6   16  323   27   11    1
    6   16  292   25    4    0
    6   16   64    6    4    0
    6   16    5    1    5    4
    6   16  131   11   11    1
    6   16   41    4    5    7
    6   16   27    3    3    1
    6   16  179   15   11    1
    6   16  291   25    3    3
    6   16  308   26    8    4
    6   16  274   23   10    9
    6   16  200   17    8    0
    6   16   69    6    9    0
    6   16  325   28    1    1
    6   16   51    5    3    8
    6   16  154   13   10    9
    6   16  223   19    7    7
    6   16  334   28   10    5
    6   16  340   29    4    0
    6   16  136   12    4    5
    6   16  171   15    3    0
    6   16  134   12    2    0
    6   16  146   13    2    1
    6   16  306   26    6    0
    6   16   65    6    5    7
    6   16  313   27    1    8
    6   16  356   30    8    0
    6   16  343   29    7    0
    6   16  191   16   11    7
    6   16  357   30    9    4
    6   16   63    6    3    0
    6   16  140   12    8    0
    6   16  360   30   12    0
    6   16  132   11   12    7
    6   16   10    1   10    3
    6   16   83    7   11    5
    6   16  239   20   11    0
    6   16  211   18    7    0
    6   16  258   22    6    4
    6   16  142   12   10    1
    6   16  299   25   11    3
    6   16  290   25    2    4
    6   16  186   16    6    3
    6   16   39    4    3    1
    6   16  172   15    4    2
    6   16  184   16    4    9
    6   16  144   12   12    0
    6   16   57    5    9    7
    6   16  349   30    1    0
    6   16  339   29    3    0
    6   16   15    2    3    2
    6   16  167   14   11    1
    6   16   22    2   10    0
    6   16    9    1    9    1
    6   16  152   13    8    8
    6   16  324   27   12    4
    6   16  247   21    7    0
    6   16   18    2    6    0
    6   16  326   28    2    7
    6   16  155   13   11    2
    6   16   59    5   11    5
    6   16  315   27    3    1
    6   16  321   27    9    4
    6   16  327   28    3    6
    6   16  232   20    4    0
    6   16  280   24    4    7
    6   16   81    7    9    5
    6   16   24    2   12    3
    6   16  237   20    9    1
    6   16  252   21   12    6
    6   16  342   29    6    0
    6   16  102    9    6    0
    6   16  316   27    4    7
    6   16   77    7    5    5
    6   16  201   17    9    0
    6   16  113   10    5    7
    6   16  260   22    8    3
    6   16  331   28    7    2
    6   16  120   10   12    8
    6   16  123   11    3    1
    6   16  359   30   11    7
    6   16  300   25   12    0
    6   16  206   18    2    0
    6   16  158   14    2    0
    6   16  157   14    1    0
    6   16  199   17    7    0
    6   16  160   14    4    0
    6   16  254   22    2    5
    6   16   78    7    6    5
    6   16   91    8    7    7
    6   16  344   29    8    0
    6   16  329   28    5    8
    6   16  220   19    4    9
    6   16  213   18    9    1
    6   16  242   21    2    0
    6   16  268   23    4    0
    6   16  176   15    8    8
    6   16  101    9    5    0
    6   16  275   23   11    0
    6   16  133   12    1    0
    6   16  282   24    6    7
    6   16  312   26   12    6
    6   16  256   22    4    3
    6   16   20    2    8    0
    6   16  230   20    2    0
    6   16   60    5   12    7
    6   16   96    8   12    5
    6   16  112   10    4    4
    6   16    3    1    3    0
    6   16  259   22    7    8
    6   16  125   11    5    7
    6   16  163   14    7    2
    6   16  170   15    2    5
    6   16  353   30    5    0
    6   16  190   16   10    5
    6   16  185   16    5    4
    6   16  336   28   12    3
    6   16  244   21    4    0
    6   16  330   28    6    4
    6   16  109   10    1    3
    6   16   66    6    6    8
    6   16  270   23    6    8
    6   16   70    6   10    0
    6   16  286   24   10    9
    6   16   29    3    5    9
    6   16  348   29   12    0
    6   16  358   30   10    0
    6   16  253   22    1    2
    6   16  208   18    4    3
    6   16  202   17   10    0
    6   16  276   23   12    0
    6   16   48    4   12    0
    6   16  222   19    6    5
    6   16  122   11    2    0
    6   16  111   10    3    4
    6   16   86    8    2    8
    6   16  267   23    3    0
    6   16  214   18   10    7
    6   16   12    1   12    8
    6   16  240   20   12    0
    6   16  159   14    3    0
    6   16  236   20    8    0
    6   16  319   27    7    2
    6   16  119   10   11    0
    6   16  212   18    8    0
    6   16  255   22    3    5
    6   16  289   25    1    0
    6   16   93    8    9    5
    6   16   25    3    1    1
    6   16  283   24    7    9
    6   16  231   20    3    0
    6   16    4    1    4    7
    6   16  278   24    2    2
    6   16  182   16    2    4
    6   16  216   18   12    0
    6   16  175   15    7    9
    6   16   67    6    7    0
    6   16  234   20    6    0
    6   16  332   28    8    2
    6   16  124   11    4    7
    6   16  138   12    6    0
    6   16  341   29    5    0
    6   16   45    4    9    6
    6   16   82    7   10    1
    6   16  288   24   12    0
    6   16  248   21    8    0
    6   16   95    8   11    8
    6   16   30    3    6    1
    6   16  272   23    8    6
    6   16   72    6   12    0
    6   16  269   23    5    3
    6   16  114   10    6    1
    6   16   19    2    7    9
    6   16  264   22   12    7
    6   16   56    5    8    3
    6   16  335   28   11    8
    6   16   74    7    2    9
