    9   12  205   18    1    0
    9   12   79    7    7    3
    9   12  334   28   10    0
    9   12  213   18    9    2
    9   12  141   12    9    3
    9   12   65    6    5    3
    9   12   43    4    7    0
    9   12  223   19    7    0
    9   12  240   20   12    2
    9   12  221   19    5    2
    9   12   59    5   11    0
    9   12  295   25    7    2
    9   12  206   18    2    0
    9   12   98    9    2    1
    9   12  305   26    5    3
    9   12   99    9    3    3
    9   12  177   15    9    0
    9   12  227   19   11    0
    9   12   52    5    4    0
    9   12   77    7    5    3
    9   12  317   27    5    0
    9   12  208   18    4    0
    9   12  224   19    8    0
    9   12   11    1   11    0
    9   12   10    1   10    1
    9   12   85    8    1    0
    9   12  346   29   10    0
    9   12   24    2   12    1
    9   12  341   29    5    2
    9   12   76    7    4    3
    9   12  236   20    8    2
    9   12   36    3   12    0
    9   12  333   28    9    3
    9   12  325   28    1    3
    9   12   26    3    2    0
    9   12  328   28    4    3
    9   12  200   17    8    2
    9   12  217   19    1    0
    9   12  176   15    8    0
    9   12  207   18    3    0
    9   12  133   12    1    2
    9   12  202   17   10    2
    9   12   23    2   11    1
    9   12  185   16    5    0
    9   12  277   24    1    3
    9   12   35    3   11    0
    9   12  143   12   11    0
    9   12  158   14    2    2
    9   12  136   12    4    3
    9   12  251   21   11    0
    9   12  222   19    6    0
    9   12  175   15    7    0
    9   12  122   11    2    0
    9   12  152   13    8    0
    9   12  272   23    8    0
    9   12  342   29    6    2
    9   12  111   10    3    0
    9   12  360   30   12    0
    9   12  102    9    6    1
    9   12   32    3    8    0
    9   12   86    8    2    0
    9   12  189   16    9    0
    9   12  301   26    1    2
    9   12  287   24   11    3
    9   12  156   13   12    0
    9   12  145   13    1    0
    9   12  256   22    4    0
    9   12   96    8   12    0
    9   12  345   29    9    0
    9   12  349   30    1    2
    9   12  135   12    3    3
    9   12  192   16   12    0
    9   12  275   23   11    0
    9   12  314   27    2    3
    9   12  296   25    8    0
    9   12  115   10    7    0
    9   12  310   26   10    2
    9   12  180   15   12    0
    9   12  172   15    4    0
    9   12  170   15    2    0
    9   12  137   12    5    0
    9   12  203   17   11    2
    9   12  323   27   11    0
    9   12  268   23    4    0
    9   12  127   11    7    0
    9   12   87    8    3    3
    9   12   31    3    7    0
    9   12  194   17    2    0
    9   12  340   29    4    0
    9   12  253   22    1    3
    9   12   53    5    5    0
    9   12  225   19    9    0
    9   12  279   24    3    0
    9   12  126   11    6    0
    9   12  162   14    6    0
    9   12  261   22    9    3
    9   12   47    4   11    0
    9   12  164   14    8    0
    9   12   81    7    9    3
    9   12  309   26    9    0
    9   12   64    6    4    2
    9   12  318   27    6    0
    9   12   28    3    4    0
    9   12  169   15    1    0
    9   12   74    7    2    0
    9   12  101    9    5    1
    9   12   95    8   11    1
    9   12  108    9   12    0
    9   12  291   25    3    0
    9   12   49    5    1    0
    9   12   19    2    7    1
    9   12  350   30    2    2
    9   12   20    2    8    2
    9   12  298   25   10    0
    9   12  292   25    4    0
    9   12   50    5    2    0
    9   12  195   17    3    2
    9   12  306   26    6    0
    9   12   29    3    5    0
    9   12  284   24    8    3
    9   12  201   17    9    2
    9   12  242   21    2    0
    9   12  184   16    4    0
    9   12  174   15    6    0
    9   12  237   20    9    2
    9   12   84    7   12    0
    9   12  138   12    6    2
    9   12  352   30    4    2
    9   12  244   21    4    2
    9   12  267   23    3    0
    9   12    3    1    3    0
    9   12   78    7    6    0
    9   12  335   28   11    0
    9   12   44    4    8    0
    9   12  116   10    8    0
    9   12  280   24    4    3
    9   12  290   25    2    0
    9   12  106    9   10    1
    9   12  273   23    9    0
    9   12  173   15    5    0
    9   12   94    8   10    0
    9   12  196   17    4    0
    9   12  303   26    3    3
    9   12  241   21    1    0
    9   12   93    8    9    0
    9   12  259   22    7    0
    9   12   71    6   11    2
    9   12  274   23   10    0
    9   12  329   28    5    0
    9   12  120   10   12    0
    9   12  297   25    9    0
    9   12  260   22    8    3
    9   12  229   20    1    0
    9   12   75    7    3    0
    9   12  210   18    6    0
    9   12   51    5    3    0
    9   12  161   14    5    2
    9   12   88    8    4    0
    9   12  308   26    8    0
    9   12   57    5    9    0
    9   12    8    1    8    0
    9   12  148   13    4    0
    9   12   91    8    7    0
    9   12  312   26   12    0
    9   12  238   20   10    2
    9   12  171   15    3    0
    9   12    6    1    6    0
    9   12  131   11   11    0
    9   12  252   21   12    0
    9   12  359   30   11    0
    9   12  230   20    2    2
    9   12  146   13    2    0
    9   12  338   29    2    2
    9   12  103    9    7    1
    9   12  270   23    6    0
    9   12  344   29    8    0
    9   12   41    4    5    0
    9   12   69    6    9    3
    9   12   45    4    9    0
    9   12  353   30    5    2
    9   12  248   21    8    0
    9   12   15    2    3    0
    9   12   27    3    3    0
    9   12  198   17    6    0
    9   12  347   29   11    0
    9   12  324   27   12    2
    9   12  160   14    4    0
    9   12  228   19   12    0
    9   12    5    1    5    0
    9   12  321   27    9    2
    9   12  100    9    4    1
    9   12  220   19    4    0
    9   12   97    9    1    1
    9   12  254   22    2    0
    9   12   54    5    6    0
    9   12  166   14   10    2
    9   12    2    1    2    0
    9   12  209   18    5    2
    9   12   60    5   12    0
    9   12  159   14    3    2
    9   12  140   12    8    0
    9   12  316   27    4    3
    9   12  250   21   10    0
    9   12  246   21    6    0
    9   12  278   24    2    0
    9   12  190   16   10    0
    9   12  283   24    7    3
    9   12  204   17   12    0
    9   12  186   16    6    0
    9   12  332   28    8    2
    9   12   34    3   10    0
    9   12  304   26    4    0
    9   12  125   11    5    0
    9   12  294   25    6    0
    9   12  231   20    3    2
    9   12  299   25   11    0
    9   12   46    4   10    0
    9   12  276   23   12    0
    9   12  154   13   10    0
    9   12  142   12   10    3
    9   12  155   13   11    2
    9   12  114   10    6    0
    9   12  104    9    8    1
    9   12  128   11    8    0
    9   12    7    1    7    0
    9   12  117   10    9    0
    9   12   42    4    6    0
    9   12  239   20   11    2
    9   12  264   22   12    0
    9   12    4    1    4    0
    9   12  245   21    5    0
    9   12    1    1    1    0
    9   12  247   21    7    0
    9   12  132   11   12    0
    9   12  216   18   12    0
    9   12  147   13    3    0
    9   12  151   13    7    0
    9   12   25    3    1    0
    9   12  249   21    9    2
    9   12  307   26    7    0
    9   12  357   30    9    2
    9   12  219   19    3    0
    9   12  182   16    2    0
    9   12   13    2    1    0
    9   12  144   12   12    0
    9   12  232   20    4    2
    9   12  266   23    2    0
    9   12  134   12    2    2
    9   12   89    8    5    0
    9   12  130   11   10    0
    9   12   33    3    9    0
    9   12  343   29    7    0
    9   12  226   19   10    2
    9   12  351   30    3    2
    9   12  293   25    5    0
    9   12   30    3    6    0
    9   12   92    8    8    0
    9   12  181   16    1    0
    9   12   22    2   10    0
    9   12  356   30    8    2
    9   12  288   24   12    0
    9   12  188   16    8    0
    9   12  214   18   10    2
    9   12   66    6    6    3
    9   12  199   17    7    0
    9   12  258   22    6    0
    9   12  153   13    9    0
    9   12  233   20    5    2
    9   12   83    7   11    0
    9   12   67    6    7    3
    9   12   73    7    1    0
    9   12   58    5   10    0
    9   12  257   22    5    3
    9   12   18    2    6    0
    9   12  157   14    1    0
    9   12  121   11    1    0
    9   12  302   26    2    0
    9   12  110   10    2    0
    9   12  313   27    1    0
    9   12    9    1    9    0
    9   12   38    4    2    0
    9   12  326   28    2    0
    9   12  113   10    5    0
    9   12  327   28    3    0
    9   12  129   11    9    0
    9   12  339   29    3    0
    9   12   63    6    3    0
    9   12   90    8    6    0
    9   12  218   19    2    0
    9   12  286   24   10    0
    9   12  107    9   11    0
    9   12  330   28    6    0
    9   12   37    4    1    0
    9   12  354   30    6    0
    9   12  167   14   11    0
    9   12   12    1   12    0
    9   12  255   22    3    0
    9   12  234   20    6    2
    9   12  285   24    9    0
    9   12  168   14   12    0
    9   12  319   27    7    0
    9   12  119   10   11    0
    9   12   82    7   10    0
    9   12  179   15   11    0
    9   12  211   18    7    0
    9   12   56    5    8    0
    9   12  149   13    5    0
    9   12  243   21    3    2
    9   12  300   25   12    0
    9   12   68    6    8    3
    9   12  331   28    7    0
    9   12  183   16    3    0
    9   12   17    2    5    0
    9   12  311   26   11    0
    9   12   40    4    4    0
    9   12  139   12    7    0
    9   12   70    6   10    2
    9   12  322   27   10    0
    9   12  187   16    7    0
    9   12  358   30   10    0
    9   12  197   17    5    0
    9   12   72    6   12    3
    9   12   14    2    2    0
    9   12  124   11    4    0
    9   12  150   13    6    0
    9   12  281   24    5    3
    9   12  212   18    8    0
    9   12  282   24    6    3
    9   12   21    2    9    0
    9   12  269   23    5    3
    9   12  320   27    8    2
    9   12  271   23    7    0
    9   12   61    6    1    0
    9   12  191   16   11    0
    9   12  112   10    4    1
    9   12  348   29   12    0
    9   12  165   14    9    0
    9   12  178   15   10    0
    9   12  118   10   10    0
    9   12  262   22   10    0
    9   12  235   20    7    0
    9   12   48    4   12    0
    9   12  215   18   11    0
    9   12  265   23    1    0
    9   12  336   28   12    0
    9   12   39    4    3    0
    9   12  355   30    7    2
    9   12  109   10    1    0
    9   12  263   22   11    0
    9   12   55    5    7    0
    9   12   16    2    4    0
    9   12  123   11    3    0
    9   12  193   17    1    0
    9   12  105    9    9    1
    9   12   62    6    2    0
    9   12  315   27    3    0
    9   12  289   25    1    0
    9   12  337   29    1    0
    9   12   80    7    8    0
    9   12  163   14    7    0
