    4   19  120   10   12    6
    4   19   39    4    3    4
    4   19  268   23    4    3
    4   19  210   18    6    4
    4   19  105    9    9    7
    4   19  142   12   10    3
    4   19   16    2    4    3
    4   19  185   16    5    4
    4   19   92    8    8    7
    4   19   41    4    5    7
    4   19  139   12    7    1
    4   19  117   10    9    2
    4   19  174   15    6    3
    4   19   82    7   10    5
    4   19   53    5    5    6
    4   19  352   30    4    2
    4   19  323   27   11    1
    4   19   77    7    5    9
    4   19  309   26    9    4
    4   19   97    9    1    5
    4   19  176   15    8    4
    4   19  154   13   10    3
    4   19  137   12    5    2
    4   19  274   23   10    3
    4   19  298   25   10    3
    4   19   61    6    1    1
    4   19   54    5    6    4
    4   19  130   11   10    2
    4   19   26    3    2    3
    4   19  275   23   11    1
    4   19   10    1   10    4
    4   19  167   14   11    4
    4   19  226   19   10    6
    4   19  136   12    4    7
    4   19  111   10    3    3
    4   19  175   15    7    3
    4   19  205   18    1    3
    4   19  143   12   11    4
    4   19  283   24    7    8
    4   19    2    1    2    6
    4   19  157   14    1    5
    4   19  225   19    9    7
    4   19  279   24    3    7
    4   19  146   13    2    5
    4   19  147   13    3    4
    4   19  264   22   12    9
    4   19  359   30   11    7
    4   19  280   24    4    9
    4   19   55    5    7    5
    4   19  242   21    2    3
    4   19  197   17    5    2
    4   19  199   17    7    3
    4   19  181   16    1    2
    4   19  351   30    3    4
    4   19   28    3    4    4
    4   19  291   25    3    5
    4   19   24    2   12    7
    4   19  355   30    7    6
    4   19  188   16    8    5
    4   19  102    9    6    5
    4   19  206   18    2    4
    4   19  318   27    6    2
    4   19  228   19   12    7
    4   19  237   20    9    7
    4   19    6    1    6    6
    4   19  159   14    3    4
    4   19  307   26    7    3
    4   19  271   23    7    3
    4   19  335   28   11    3
    4   19  288   24   12    7
    4   19  132   11   12    8
    4   19  116   10    8    2
    4   19  270   23    6    3
    4   19  347   29   11    3
    4   19  106    9   10    7
    4   19  215   18   11    2
    4   19   96    8   12    6
    4   19  300   25   12    3
    4   19   63    6    3    3
    4   19  314   27    2    2
    4   19  195   17    3    5
    4   19  200   17    8    4
    4   19  164   14    8    7
    4   19  190   16   10    6
    4   19  182   16    2    6
    4   19   12    1   12    8
    4   19  108    9   12    2
    4   19   40    4    4    6
    4   19   81    7    9    9
    4   19  258   22    6    9
    4   19  213   18    9    4
    4   19  211   18    7    3
    4   19   71    6   11    1
    4   19  340   29    4    2
    4   19  260   22    8    8
    4   19   68    6    8    1
    4   19   91    8    7    7
    4   19  239   20   11    2
    4   19   32    3    8    7
    4   19  127   11    7    7
    4   19   46    4   10    6
    4   19   31    3    7    5
    4   19  156   13   12    4
    4   19   87    8    3    9
    4   19  295   25    7    4
    4   19   80    7    8    9
    4   19   72    6   12    1
    4   19    3    1    3    4
    4   19   48    4   12    5
    4   19   79    7    7    9
    4   19  336   28   12    8
    4   19  302   26    2    7
    4   19  183   16    3    3
    4   19  303   26    3    8
    4   19  150   13    6    4
    4   19  255   22    3    9
    4   19   18    2    6    3
    4   19  100    9    4    7
    4   19  184   16    4    2
    4   19  250   21   10    6
    4   19  125   11    5    5
    4   19  221   19    5    6
    4   19  168   14   12    3
    4   19  241   21    1    5
    4   19  345   29    9    4
    4   19  356   30    8    4
    4   19   66    6    6    1
    4   19  192   16   12    5
    4   19    8    1    8    4
    4   19   35    3   11    4
    4   19   93    8    9    5
    4   19  173   15    5    2
    4   19  227   19   11    6
    4   19  306   26    6    5
    4   19  166   14   10    4
    4   19  319   27    7    3
    4   19  276   23   12    4
    4   19  191   16   11    7
    4   19  324   27   12    6
    4   19  204   17   12    7
    4   19  203   17   11    7
    4   19  334   28   10    2
    4   19  208   18    4    4
    4   19  138   12    6    5
    4   19  118   10   10    3
    4   19  325   28    1    6
    4   19  109   10    1    5
    4   19   49    5    1    7
    4   19  290   25    2    6
    4   19  230   20    2    2
    4   19   89    8    5    6
    4   19  252   21   12    5
    4   19  244   21    4    4
    4   19  317   27    5    5
    4   19   13    2    1    4
    4   19  186   16    6    4
    4   19   50    5    2    5
    4   19  145   13    1    3
    4   19  311   26   11    3
    4   19  248   21    8    4
    4   19    4    1    4    5
    4   19  103    9    7    7
    4   19  354   30    6    6
    4   19  286   24   10    7
    4   19  135   12    3    8
    4   19  330   28    6    9
    4   19  235   20    7    3
    4   19  282   24    6    8
    4   19   19    2    7    7
    4   19  240   20   12    2
    4   19  339   29    3    1
    4   19   51    5    3    5
    4   19  112   10    4    3
    4   19    5    1    5    8
    4   19  234   20    6    3
    4   19    1    1    1    4
    4   19  273   23    9    1
    4   19  119   10   11    3
    4   19  187   16    7    1
    4   19   76    7    4    8
    4   19  178   15   10    2
    4   19  332   28    8    2
    4   19   44    4    8    8
    4   19  257   22    5    9
    4   19  312   26   12    7
    4   19  322   27   10    5
    4   19  301   26    1    3
    4   19   17    2    5    3
    4   19   99    9    3    7
    4   19  177   15    9    4
    4   19  232   20    4    3
    4   19  189   16    9    6
    4   19  107    9   11    5
    4   19  180   15   12    4
    4   19   86    8    2    7
    4   19  292   25    4    2
    4   19  265   23    1    2
    4   19  209   18    5    3
    4   19  129   11    9    3
    4   19  342   29    6    3
    4   19   47    4   11    5
    4   19  267   23    3    2
    4   19   95    8   11    7
    4   19  165   14    9    6
    4   19  310   26   10    3
    4   19   70    6   10    1
    4   19  316   27    4    7
    4   19  194   17    2    4
    4   19   98    9    2    8
    4   19  266   23    2    3
    4   19  350   30    2    4
    4   19  277   24    1    9
    4   19   57    5    9    9
    4   19  294   25    6    3
    4   19  308   26    8    7
    4   19   21    2    9    5
    4   19   74    7    2    8
    4   19  251   21   11    3
    4   19   36    3   12    4
    4   19   73    7    1    9
    4   19  219   19    3    7
    4   19  222   19    6    7
    4   19  144   12   12    2
    4   19   65    6    5    1
    4   19   42    4    6    4
    4   19  357   30    9    5
    4   19   27    3    3    5
    4   19  171   15    3    2
    4   19  126   11    6    5
    4   19   22    2   10    4
    4   19  148   13    4    5
    4   19  123   11    3    5
    4   19   58    5   10    6
    4   19   78    7    6    7
    4   19  220   19    4    6
    4   19    9    1    9    3
    4   19  343   29    7    3
    4   19   15    2    3    5
    4   19  344   29    8    2
    4   19  169   15    1    7
    4   19   84    7   12    9
    4   19  233   20    5    4
    4   19  134   12    2    3
    4   19  358   30   10    4
    4   19  110   10    2    5
    4   19  331   28    7    9
    4   19   59    5   11    6
    4   19  236   20    8    2
    4   19  261   22    9    3
    4   19  151   13    7    4
    4   19   62    6    2    1
    4   19  348   29   12    3
    4   19  243   21    3    7
    4   19   30    3    6    5
    4   19  313   27    1    6
    4   19  229   20    1    4
    4   19  285   24    9    9
    4   19   85    8    1    4
    4   19  305   26    5    8
    4   19  104    9    8    6
    4   19  328   28    4    9
    4   19  245   21    5    6
    4   19   75    7    3    9
    4   19  254   22    2    9
    4   19  326   28    2    7
    4   19   60    5   12    4
    4   19  170   15    2    3
    4   19  217   19    1    3
    4   19  259   22    7    6
    4   19  281   24    5    8
    4   19   69    6    9    1
    4   19   45    4    9    7
    4   19  114   10    6    4
    4   19  131   11   11    8
    4   19  296   25    8    6
    4   19  113   10    5    6
    4   19  202   17   10    4
    4   19  141   12    9    1
    4   19   38    4    2    4
    4   19  162   14    6    4
    4   19  223   19    7    4
    4   19  218   19    2    7
    4   19  155   13   11    4
    4   19  289   25    1    2
    4   19  337   29    1    3
    4   19  128   11    8    7
    4   19  121   11    1    3
    4   19   33    3    9    5
    4   19  278   24    2    8
    4   19  353   30    5    3
    4   19   52    5    4    5
    4   19  272   23    8    1
    4   19  196   17    4    3
    4   19  140   12    8    3
    4   19  349   30    1    4
    4   19   29    3    5    5
    4   19  101    9    5    7
    4   19   23    2   11    7
    4   19  284   24    8    8
    4   19  287   24   11    9
    4   19  172   15    4    2
    4   19  163   14    7    4
    4   19  214   18   10    5
    4   19  263   22   11    6
    4   19  269   23    5    6
    4   19    7    1    7    7
    4   19  193   17    1    6
    4   19   94    8   10    7
    4   19  201   17    9    4
    4   19  122   11    2    5
    4   19  212   18    8    4
    4   19  133   12    1    1
    4   19  333   28    9    9
    4   19  224   19    8    7
    4   19  207   18    3    5
    4   19  304   26    4    1
    4   19  247   21    7    2
    4   19  152   13    8    4
    4   19  256   22    4    7
    4   19  293   25    5    1
    4   19  346   29   10    3
    4   19  249   21    9    1
    4   19  360   30   12    2
    4   19  321   27    9    6
    4   19  160   14    4    3
    4   19  341   29    5    3
    4   19   56    5    8    3
    4   19  327   28    3    7
    4   19  149   13    5    4
    4   19   43    4    7    8
    4   19   88    8    4    6
    4   19  338   29    2    4
    4   19  216   18   12    4
    4   19   34    3   10    5
    4   19  158   14    2    4
    4   19   25    3    1    5
    4   19   64    6    4    1
    4   19  153   13    9    3
    4   19   37    4    1    6
    4   19   67    6    7    2
    4   19  297   25    9    3
    4   19  115   10    7    5
    4   19  299   25   11    6
    4   19  124   11    4    5
    4   19   11    1   11    5
    4   19  262   22   10    7
    4   19  320   27    8    6
    4   19  238   20   10    3
    4   19   83    7   11    8
    4   19  198   17    6    3
    4   19  315   27    3    2
    4   19  179   15   11    5
    4   19   14    2    2    4
    4   19   90    8    6    8
    4   19  253   22    1    9
    4   19  246   21    6    6
    4   19  231   20    3    4
    4   19   20    2    8    4
    4   19  161   14    5    6
    4   19  329   28    5    6
