    1   19  106    9   10    7
    1   19  245   21    5    2
    1   19  130   11   10    3
    1   19  198   17    6    6
    1   19  316   27    4    7
    1   19  345   29    9    6
    1   19  218   19    2    6
    1   19  354   30    6    5
    1   19  291   25    3    6
    1   19  248   21    8    3
    1   19    5    1    5    5
    1   19   11    1   11    7
    1   19   51    5    3    7
    1   19   87    8    3    3
    1   19   15    2    3    4
    1   19  138   12    6    3
    1   19  127   11    7    3
    1   19   65    6    5    2
    1   19  272   23    8    8
    1   19  171   15    3    9
    1   19   81    7    9    4
    1   19   13    2    1    4
    1   19  181   16    1    7
    1   19   32    3    8    4
    1   19  304   26    4    3
    1   19  183   16    3    5
    1   19  102    9    6    6
    1   19  225   19    9    3
    1   19  279   24    3    4
    1   19  196   17    4    5
    1   19   40    4    4    5
    1   19   74    7    2    4
    1   19  276   23   12    4
    1   19  157   14    1    2
    1   19   99    9    3    7
    1   19  168   14   12    4
    1   19   22    2   10    4
    1   19   97    9    1    8
    1   19  202   17   10    6
    1   19  113   10    5    4
    1   19  343   29    7    5
    1   19  210   18    6    7
    1   19  262   22   10    4
    1   19  224   19    8    6
    1   19  331   28    7    6
    1   19  259   22    7    6
    1   19  174   15    6    8
    1   19  236   20    8    2
    1   19  310   26   10    7
    1   19  302   26    2    8
    1   19   48    4   12    5
    1   19  208   18    4    6
    1   19   79    7    7    4
    1   19  176   15    8    7
    1   19  277   24    1    3
    1   19  216   18   12    6
    1   19  154   13   10    5
    1   19  230   20    2    6
    1   19   95    8   11    5
    1   19   25    3    1    4
    1   19  321   27    9    7
    1   19   61    6    1    1
    1   19   88    8    4    4
    1   19   57    5    9    6
    1   19    3    1    3    5
    1   19   38    4    2    5
    1   19  167   14   11    3
    1   19   47    4   11    3
    1   19  340   29    4    8
    1   19    4    1    4    7
    1   19  149   13    5    5
    1   19  203   17   11    3
    1   19  178   15   10    8
    1   19  237   20    9    6
    1   19  145   13    1    5
    1   19  234   20    6    4
    1   19  158   14    2    5
    1   19  322   27   10    6
    1   19  156   13   12    3
    1   19  273   23    9    7
    1   19  306   26    6    8
    1   19  235   20    7    2
    1   19    8    1    8    6
    1   19  190   16   10    4
    1   19   30    3    6    6
    1   19  110   10    2    5
    1   19  309   26    9    5
    1   19  241   21    1    1
    1   19  140   12    8    1
    1   19  212   18    8    8
    1   19  350   30    2    2
    1   19  256   22    4    3
    1   19  270   23    6    8
    1   19   63    6    3    1
    1   19  247   21    7    1
    1   19   73    7    1    3
    1   19   12    1   12    4
    1   19  239   20   11    7
    1   19   45    4    9    1
    1   19  163   14    7    1
    1   19  133   12    1    1
    1   19  308   26    8    6
    1   19  329   28    5    5
    1   19   50    5    2    7
    1   19  313   27    1    8
    1   19  143   12   11    1
    1   19  159   14    3    2
    1   19  129   11    9    3
    1   19  238   20   10    5
    1   19   85    8    1    4
    1   19  333   28    9    6
    1   19  360   30   12    6
    1   19  213   18    9    5
    1   19  121   11    1    3
    1   19  348   29   12    7
    1   19  288   24   12    5
    1   19   76    7    4    4
    1   19  197   17    5    6
    1   19  320   27    8    5
    1   19  205   18    1    5
    1   19  337   29    1    3
    1   19  115   10    7    3
    1   19  228   19   12    4
    1   19  287   24   11    6
    1   19  199   17    7    4
    1   19  338   29    2    7
    1   19  160   14    4    4
    1   19  193   17    1    5
    1   19  108    9   12    9
    1   19  280   24    4    2
    1   19  188   16    8    3
    1   19  100    9    4    7
    1   19  185   16    5    5
    1   19   62    6    2    1
    1   19   93    8    9    4
    1   19    2    1    2    6
    1   19   72    6   12    1
    1   19   54    5    6    5
    1   19  233   20    5    4
    1   19  232   20    4    6
    1   19   75    7    3    3
    1   19  103    9    7    6
    1   19  222   19    6    5
    1   19   59    5   11    7
    1   19  260   22    8    6
    1   19  269   23    5    7
    1   19  219   19    3    3
    1   19   96    8   12    4
    1   19   53    5    5    4
    1   19  292   25    4    9
    1   19  324   27   12    6
    1   19  116   10    8    8
    1   19   91    8    7    4
    1   19  281   24    5    4
    1   19  347   29   11    8
    1   19   21    2    9    4
    1   19  285   24    9    4
    1   19  356   30    8    4
    1   19  358   30   10    3
    1   19  151   13    7    4
    1   19   41    4    5    3
    1   19   71    6   11    1
    1   19   78    7    6    5
    1   19  265   23    1    4
    1   19   20    2    8    2
    1   19  339   29    3    8
    1   19  318   27    6    9
    1   19  325   28    1    5
    1   19   43    4    7    4
    1   19   10    1   10    5
    1   19  330   28    6    3
    1   19  194   17    2    5
    1   19  122   11    2    2
    1   19  252   21   12    2
    1   19  355   30    7    5
    1   19  142   12   10    1
    1   19   14    2    2    5
    1   19  261   22    9    1
    1   19  249   21    9    1
    1   19  134   12    2    1
    1   19  243   21    3    1
    1   19  284   24    8    4
    1   19  182   16    2    4
    1   19  357   30    9    3
    1   19  342   29    6    5
    1   19  120   10   12    5
    1   19  271   23    7    7
    1   19   35    3   11    6
    1   19  299   25   11    6
    1   19  283   24    7    6
    1   19  229   20    1    5
    1   19  101    9    5    6
    1   19  255   22    3    5
    1   19  105    9    9    7
    1   19  227   19   11    5
    1   19  359   30   11    6
    1   19  266   23    2    8
    1   19  253   22    1    3
    1   19   33    3    9    6
    1   19  295   25    7    5
    1   19    7    1    7    5
    1   19  300   25   12    8
    1   19  141   12    9    1
    1   19  161   14    5    1
    1   19   60    5   12    7
    1   19   52    5    4    5
    1   19  305   26    5    8
    1   19  117   10    9    8
    1   19  326   28    2    3
    1   19  128   11    8    1
    1   19  258   22    6    3
    1   19   89    8    5    4
    1   19  226   19   10    4
    1   19  221   19    5    4
    1   19  301   26    1    7
    1   19  164   14    8    4
    1   19  250   21   10    1
    1   19  123   11    3    2
    1   19  172   15    4    9
    1   19  126   11    6    3
    1   19   42    4    6    3
    1   19  146   13    2    5
    1   19   37    4    1    4
    1   19  201   17    9    6
    1   19  278   24    2    6
    1   19   18    2    6    1
    1   19  211   18    7    7
    1   19  353   30    5    3
    1   19  312   26   12    6
    1   19  144   12   12    1
    1   19  223   19    7    4
    1   19  341   29    5    5
    1   19  298   25   10    5
    1   19  136   12    4    1
    1   19  186   16    6    6
    1   19   66    6    6    1
    1   19  264   22   12    4
    1   19  150   13    6    5
    1   19  170   15    2    9
    1   19  189   16    9    4
    1   19  334   28   10    8
    1   19  240   20   12    5
    1   19   94    8   10    4
    1   19  257   22    5    5
    1   19    6    1    6    5
    1   19   67    6    7    1
    1   19  319   27    7    9
    1   19  290   25    2    4
    1   19  209   18    5    5
    1   19   84    7   12    6
    1   19  200   17    8    3
    1   19  155   13   11    4
    1   19  349   30    1    4
    1   19  217   19    1    5
    1   19  125   11    5    4
    1   19  335   28   11    7
    1   19   98    9    2    6
    1   19   19    2    7    6
    1   19  293   25    5    6
    1   19  169   15    1    5
    1   19    9    1    9    5
    1   19  165   14    9    4
    1   19   36    3   12    6
    1   19  267   23    3    7
    1   19  173   15    5    9
    1   19  336   28   12    8
    1   19  166   14   10    5
    1   19   92    8    8    4
    1   19  220   19    4    4
    1   19  297   25    9    6
    1   19   29    3    5    6
    1   19   24    2   12    5
    1   19  177   15    9    8
    1   19   39    4    3    5
    1   19  139   12    7    1
    1   19  294   25    6    9
    1   19  111   10    3    4
    1   19   69    6    9    1
    1   19  244   21    4    2
    1   19  289   25    1    8
    1   19   70    6   10    1
    1   19   55    5    7    5
    1   19  307   26    7    6
    1   19  314   27    2    8
    1   19  296   25    8    6
    1   19  175   15    7    5
    1   19  112   10    4    7
    1   19   86    8    2    4
    1   19  153   13    9    4
    1   19   44    4    8    3
    1   19  303   26    3    8
    1   19  286   24   10    4
    1   19  192   16   12    5
    1   19   27    3    3    5
    1   19  162   14    6    3
    1   19  215   18   11    5
    1   19   58    5   10    5
    1   19   34    3   10    5
    1   19   46    4   10    4
    1   19  107    9   11    8
    1   19  207   18    3    4
    1   19  131   11   11    2
    1   19   23    2   11    4
    1   19  254   22    2    5
    1   19   17    2    5    3
    1   19   16    2    4    2
    1   19  315   27    3    8
    1   19  119   10   11    7
    1   19  191   16   11    3
    1   19   28    3    4    4
    1   19  251   21   11    1
    1   19   31    3    7    5
    1   19  180   15   12    5
    1   19   80    7    8    4
    1   19  246   21    6    2
    1   19  275   23   11    1
    1   19  179   15   11    7
    1   19  317   27    5    4
    1   19   49    5    1    5
    1   19  351   30    3    5
    1   19  184   16    4    6
    1   19  268   23    4    7
    1   19  135   12    3    4
    1   19  323   27   11    5
    1   19  206   18    2    5
    1   19    1    1    1    4
    1   19   90    8    6    6
    1   19  332   28    8    8
    1   19  242   21    2    1
    1   19  204   17   12    7
    1   19  327   28    3    7
    1   19   26    3    2    4
    1   19  187   16    7    4
    1   19  152   13    8    4
    1   19   68    6    8    1
    1   19   83    7   11    4
    1   19  231   20    3    7
    1   19  311   26   11    7
    1   19  147   13    3    5
    1   19   56    5    8    6
    1   19  214   18   10    6
    1   19  137   12    5    1
    1   19  282   24    6    4
    1   19  352   30    4    1
    1   19  148   13    4    5
    1   19  344   29    8    8
    1   19  346   29   10    7
    1   19   64    6    4    1
    1   19  195   17    3    5
    1   19  132   11   12    4
    1   19  104    9    8    8
    1   19  274   23   10    7
    1   19  328   28    4    5
    1   19  118   10   10    5
    1   19  124   11    4    3
    1   19  114   10    6    4
    1   19  109   10    1    6
    1   19   77    7    5    5
    1   19   82    7   10    5
    1   19  263   22   11    4
