    6    3   71    6   11    0
    6    3  127   11    7    3
    6    3  333   28    9    1
    6    3    7    1    7    2
    6    3  317   27    5    0
    6    3  223   19    7    0
    6    3   86    8    2    5
    6    3  129   11    9    5
    6    3   85    8    1    7
    6    3  105    9    9    0
    6    3  229   20    1    0
    6    3  199   17    7    0
    6    3  267   23    3    0
    6    3  135   12    3    1
    6    3  275   23   11    0
    6    3  115   10    7    0
    6    3  358   30   10    0
    6    3  110   10    2    4
    6    3  355   30    7    0
    6    3  314   27    2    1
    6    3  242   21    2    0
    6    3  172   15    4    0
    6    3  101    9    5    0
    6    3  132   11   12    7
    6    3  297   25    9    0
    6    3  337   29    1    0
    6    3  176   15    8    0
    6    3  146   13    2    0
    6    3  307   26    7    0
    6    3  241   21    1    0
    6    3  351   30    3    0
    6    3   11    1   11    2
    6    3  291   25    3    0
    6    3  293   25    5    0
    6    3  133   12    1    0
    6    3  185   16    5    0
    6    3  100    9    4    0
    6    3  286   24   10    9
    6    3  113   10    5    0
    6    3  284   24    8    8
    6    3  283   24    7    8
    6    3   47    4   11    0
    6    3   80    7    8    3
    6    3   15    2    3    5
    6    3   73    7    1    3
    6    3  208   18    4    0
    6    3  264   22   12    5
    6    3  258   22    6    2
    6    3  250   21   10    0
    6    3  331   28    7    1
    6    3  206   18    2    0
    6    3    4    1    4    7
    6    3  356   30    8    0
    6    3  118   10   10    6
    6    3  306   26    6    0
    6    3  158   14    2    0
    6    3  245   21    5    0
    6    3  244   21    4    0
    6    3  347   29   11    0
    6    3  182   16    2    0
    6    3   26    3    2    8
    6    3  237   20    9    0
    6    3  145   13    1    0
    6    3  305   26    5    0
    6    3   42    4    6    0
    6    3  301   26    1    0
    6    3    2    1    2    2
    6    3  140   12    8    0
    6    3  109   10    1    7
    6    3  130   11   10    8
    6    3  318   27    6    0
    6    3   91    8    7    8
    6    3   60    5   12    5
    6    3   59    5   11    5
    6    3   25    3    1    7
    6    3  266   23    2    0
    6    3  193   17    1    9
    6    3  257   22    5    8
    6    3  184   16    4    0
    6    3   27    3    3    5
    6    3  345   29    9    0
    6    3  144   12   12    1
    6    3  225   19    9    3
    6    3  111   10    3    0
    6    3  196   17    4    0
    6    3  232   20    4    0
    6    3  285   24    9    8
    6    3   82    7   10    1
    6    3  348   29   12    0
    6    3  311   26   11    0
    6    3  259   22    7    1
    6    3   65    6    5    8
    6    3  269   23    5    0
    6    3  324   27   12    0
    6    3  249   21    9    0
    6    3  360   30   12    0
    6    3  248   21    8    0
    6    3  300   25   12    0
    6    3  125   11    5    5
    6    3   52    5    4    5
    6    3   46    4   10    0
    6    3  131   11   11    5
    6    3  320   27    8    1
    6    3  121   11    1    7
    6    3   79    7    7    7
    6    3   18    2    6    0
    6    3  281   24    5    5
    6    3  328   28    4    5
    6    3   75    7    3    2
    6    3    5    1    5    7
    6    3  159   14    3    0
    6    3  292   25    4    0
    6    3   16    2    4    0
    6    3  103    9    7    0
    6    3  240   20   12    0
    6    3  288   24   12    0
    6    3   55    5    7    5
    6    3  171   15    3    0
    6    3  329   28    5    0
    6    3   30    3    6    5
    6    3  173   15    5    0
    6    3  268   23    4    0
    6    3  165   14    9    0
    6    3   34    3   10    6
    6    3  179   15   11    0
    6    3   66    6    6    0
    6    3  287   24   11    9
    6    3  124   11    4    0
    6    3  168   14   12    0
    6    3   97    9    1    0
    6    3  119   10   11    0
    6    3   54    5    6    5
    6    3  357   30    9    0
    6    3  325   28    1    1
    6    3  138   12    6    0
    6    3  230   20    2    0
    6    3  215   18   11    0
    6    3  265   23    1    0
    6    3  335   28   11    0
    6    3  296   25    8    0
    6    3   61    6    1    0
    6    3  162   14    6    0
    6    3   44    4    8    0
    6    3  186   16    6    0
    6    3  210   18    6    0
    6    3  308   26    8    0
    6    3  290   25    2    0
    6    3  289   25    1    0
    6    3  190   16   10    0
    6    3   81    7    9    4
    6    3  150   13    6    0
    6    3  128   11    8    7
    6    3  224   19    8    8
    6    3  164   14    8    0
    6    3  147   13    3    0
    6    3  104    9    8    0
    6    3  161   14    5    0
    6    3  191   16   11    0
    6    3  175   15    7    0
    6    3  354   30    6    0
    6    3   96    8   12    8
    6    3  149   13    5    0
    6    3  207   18    3    5
    6    3  166   14   10    0
    6    3  112   10    4    6
    6    3  143   12   11    0
    6    3   64    6    4    0
    6    3  195   17    3    0
    6    3  231   20    3    0
    6    3  304   26    4    0
    6    3  321   27    9    1
    6    3   83    7   11    7
    6    3  107    9   11    0
    6    3  246   21    6    0
    6    3  177   15    9    0
    6    3  303   26    3    0
    6    3   92    8    8    6
    6    3   37    4    1    5
    6    3  170   15    2    0
    6    3  142   12   10    1
    6    3   24    2   12    0
    6    3   40    4    4    5
    6    3   67    6    7    0
    6    3   49    5    1    7
    6    3  319   27    7    0
    6    3  346   29   10    0
    6    3   99    9    3    0
    6    3  313   27    1    0
    6    3   87    8    3    7
    6    3    9    1    9    8
    6    3  350   30    2    0
    6    3  326   28    2    2
    6    3  235   20    7    0
    6    3   48    4   12    0
    6    3  141   12    9    0
    6    3  120   10   12    4
    6    3  359   30   11    0
    6    3  213   18    9    0
    6    3  282   24    6    2
    6    3   95    8   11    5
    6    3  294   25    6    0
    6    3  228   19   12    7
    6    3  202   17   10    0
    6    3  178   15   10    0
    6    3  200   17    8    0
    6    3  188   16    8    0
    6    3   14    2    2    0
    6    3   84    7   12    1
    6    3  217   19    1    0
    6    3  315   27    3    0
    6    3    1    1    1    6
    6    3  163   14    7    0
    6    3  187   16    7    0
    6    3  270   23    6    0
    6    3  239   20   11    0
    6    3  340   29    4    0
    6    3  263   22   11    1
    6    3   29    3    5    5
    6    3  238   20   10    0
    6    3  152   13    8    0
    6    3  203   17   11    0
    6    3   36    3   12    5
    6    3  255   22    3    9
    6    3  352   30    4    0
    6    3  227   19   11    8
    6    3  338   29    2    0
    6    3  212   18    8    0
    6    3  218   19    2    0
    6    3  126   11    6    0
    6    3   38    4    2    0
    6    3  312   26   12    0
    6    3  251   21   11    0
    6    3  262   22   10    6
    6    3  260   22    8    6
    6    3  330   28    6    2
    6    3  209   18    5    0
    6    3  151   13    7    0
    6    3  310   26   10    0
    6    3  327   28    3    1
    6    3   19    2    7    0
    6    3  226   19   10    0
    6    3  316   27    4    5
    6    3    3    1    3    3
    6    3  332   28    8    1
    6    3   45    4    9    1
    6    3   43    4    7    8
    6    3  322   27   10    0
    6    3  114   10    6    6
    6    3  180   15   12    0
    6    3   88    8    4    6
    6    3  298   25   10    0
    6    3  174   15    6    0
    6    3  343   29    7    0
    6    3   10    1   10    7
    6    3   53    5    5    0
    6    3  117   10    9    7
    6    3  309   26    9    0
    6    3   51    5    3    0
    6    3  167   14   11    0
    6    3  278   24    2    9
    6    3  342   29    6    0
    6    3   57    5    9    2
    6    3  247   21    7    0
    6    3  253   22    1    1
    6    3   17    2    5    0
    6    3   21    2    9    0
    6    3  353   30    5    0
    6    3  169   15    1    0
    6    3  123   11    3    0
    6    3  198   17    6    0
    6    3  272   23    8    0
    6    3   32    3    8    5
    6    3  349   30    1    0
    6    3  236   20    8    0
    6    3   41    4    5    5
    6    3  154   13   10    0
    6    3  160   14    4    0
    6    3   13    2    1    0
    6    3   78    7    6    5
    6    3   77    7    5    7
    6    3  116   10    8    0
    6    3   93    8    9    8
    6    3  234   20    6    0
    6    3  220   19    4    0
    6    3  295   25    7    0
    6    3   35    3   11    5
    6    3  211   18    7    0
    6    3   33    3    9    5
    6    3  256   22    4    4
    6    3  336   28   12    0
    6    3   89    8    5    7
    6    3  277   24    1    8
    6    3  302   26    2    0
    6    3   22    2   10    0
    6    3  339   29    3    0
    6    3  274   23   10    0
    6    3  183   16    3    0
    6    3  273   23    9    0
    6    3   31    3    7    5
    6    3  271   23    7    0
    6    3  148   13    4    0
    6    3  108    9   12    0
    6    3  102    9    6    0
    6    3   94    8   10    7
    6    3   98    9    2    0
    6    3  192   16   12    0
    6    3  106    9   10    0
    6    3  214   18   10    0
    6    3  204   17   12    0
    6    3  261   22    9    1
    6    3   20    2    8    0
    6    3   76    7    4    2
    6    3   62    6    2    0
    6    3  344   29    8    0
    6    3  155   13   11    0
    6    3   28    3    4    5
    6    3  189   16    9    0
    6    3  219   19    3    5
    6    3  233   20    5    0
    6    3  299   25   11    0
    6    3  276   23   12    0
    6    3   56    5    8    5
    6    3   69    6    9    0
    6    3    6    1    6    4
    6    3   68    6    8    0
    6    3  137   12    5    0
    6    3   58    5   10    6
    6    3  157   14    1    0
    6    3  334   28   10    0
    6    3  181   16    1    0
    6    3  153   13    9    0
    6    3  194   17    2    0
    6    3  136   12    4    6
    6    3   39    4    3    5
    6    3  243   21    3    0
    6    3  341   29    5    0
    6    3   23    2   11    0
    6    3  156   13   12    0
    6    3  139   12    7    0
    6    3    8    1    8    0
    6    3  122   11    2    0
    6    3   50    5    2    6
    6    3  280   24    4    8
    6    3   72    6   12    0
    6    3   12    1   12    3
    6    3  201   17    9    0
    6    3   74    7    2    8
    6    3  205   18    1    0
    6    3  323   27   11    0
    6    3  222   19    6    8
    6    3  254   22    2    2
    6    3  134   12    2    0
    6    3  221   19    5    0
    6    3  216   18   12    0
    6    3   70    6   10    0
    6    3  252   21   12    0
    6    3  197   17    5    0
    6    3  279   24    3    8
    6    3   90    8    6    3
    6    3   63    6    3    0
