   17   23    1   11    3
   18    1    2    4    7
   19   19   11    4    6
    5   23    3    5    2
   25   22    5    8    1
   29   19   12   10    4
   10   23    4   10    1
   16   13    7   11    8
   20   25    6   12    5
   29   27    2    6    4
   22    5   11    1    8
   10    3    7    7    5
   28    5   11    8    3
   12   26   11    7    6
   20    2    7    1    6
   15   17    2    8    3
   17   19    7   10    5
   14    4   11    6    4
   28    8   10    4    2
    9   18    7    5    5
   22   12    3    9    4
   20   18    2    9    4
    3    1    6    3    4
   16    9    2   11    3
    6   25    8    9    1
   10   10    2    7    5
    6   12   10    4    6
    4   16    3    1    4
   15    4   12    6    5
    8    8    6    2    9
    7    2    2    4    5
   13    2    1    6    4
    2    2    3    7    8
   27   10    9   12    2
   10    8    9    2    3
   24    7    9   11    3
   11    8    1    9    7
   30   20    4    2    4
   18    7   12    6    3
   30   30    3    5    6
   23   26    8    4    6
   30   29    5    8    4
   24   10    4    5    7
   21   29    1    5    4
    1   20    1    2    2
   26    9    2    7    8
   13   25   12   10    3
   26   13    8   12    2
   27   23    5    7    4
   28   18    1    6    5
   28   20    8   10    4
   24    1    7    8    2
   11   30    7    6    3
    3   14    3    4    5
   21   20    4   11    5
    8   23    1   11    3
    3    2    4    6    6
    5    7    9    3    6
    5    3    7    6    9
    8    5    7    8    8
    5   11    1    4    4
   10    5   11    5    3
   14   14    5   12    3
   28   13   12    7    2
   18   15    2   12    4
    2    6    7    2    2
   15   25   12   12    7
    7   29    3   10    4
   17   29   12    9    5
   14    9    1    8    3
    3   26    4    6    6
   10    6    1    8    2
   15   23   10    6    5
    1   23    4   10    3
   18   25   12   12    4
    8   13    7    8    4
   12   14    8    5    9
    9   20    7    5    2
   16   18   12    1    4
   22   11    6    3    2
   17   25    2    8    7
   16   14    3    6    4
   14    2    9   10    8
   17   26    6    3    4
    4   26    1   11    3
    4   27   11    6    3
   26   20    3    6    2
   28   21    8    9    4
   15   15    7    1    3
   22   24    3    5    7
   27   14    9    4    4
   24    3    4   12    2
    9    6    6    9    3
   29    4    6    1    1
   30   24    9   10    3
    5   18   11    6    4
    7   14    1    4    5
   19   12   11    8    6
    3   13    6    3    6
   14   29   12    4    3
    2   12    1    5    5
   20    7    1    8    1
    8   27   10    6    1
   28    1   12    7    1
    6    6    7    9    8
   12   27   10    7    5
    9    4    2    3    4
   27   15    5    8    2
   20   20    7    3    7
   30   12   12    4    3
   30   22    3    5    1
   20   23   11    3    6
   23    6   12   11    7
   11    6   10    2    4
    2    1   11    8    8
   27   25    1    6    8
   28   19    1    2    6
    3    3   10    5    8
   12   11    8    8    9
   22   27    2   11    6
   28   30    1   10    7
    7   17    8    8    5
   30   25   11    6    3
   20    6    3    6    1
   27   27    1    3    3
   25   19    1    8    3
   16   16    5   12    7
   27    5    9    8    4
    9    7    3    9    5
   22   22    7   11    9
   14   24   10    2    4
    4   13    3    8    8
    6   29   11    4    3
   23   30   10    8    1
    8    2    9   10    7
    8   18    4    5    7
   13   12    4    7    4
   17   11    7   12    3
   15    9    1   10    6
    4    6    3    5    5
   30   27    4   10    2
    6   21    8    2    8
    6    7   12   10    1
   16    6    8    5    4
   16   15    1   11    2
   21    8   11    2    4
    4   11    2    7    5
   10   25    2    3    4
   17   22    5   11    1
    2   26    2    3    4
   18   30    6   12    6
   16   27    4    1    2
   22   28    4    5    3
    6   18   10    3    1
    1   22    6   11    3
    1   30    8    3    4
   12   16    9   12    7
    2    5   11    8    6
    5   25   11    7    6
   30    4   11    6    3
   16   25    1    4    3
   10   28    3    7    1
   15   14    3    9    1
   11   28    3    8    1
    4   23    6    8    1
   18   17    2    8    7
    9   25    6   10    4
   23    3    4    8    1
   30    5    8    1    3
   23   11    4    1    2
   24   24    1   11    4
   30   17    9    4    8
   15   28    1    4    7
   14   21   10   11    3
   23   23    8    4    3
   22   15    8    3    1
   22   19    4    7    3
    9   21    6    7    6
   30   21    1    3    3
    1    4   11    7    4
    5   15   12    5    3
   14   28    4   10    2
   24   25    2    6    1
    6   26    2   12    1
    4   21    8    6    7
   14    1    3    1    7
   12   12    2    9    8
   13   20    1    6    5
    4   17    6    2    3
   11    3    4    7    5
   18    3   11    7    2
    3   12    7    8    7
   29   18   10   10    7
   21   10   12    4    3
   15   10    2    2    2
   17    5   10    7    4
   11    9    6    9    3
   23    2    1    5    6
   10    2    1   12    7
   30   10    3    6    4
   25   25    9    5    6
   13   27    7    7    3
    2   18   12    3    4
   27   11    7    8    2
   23   28    1    1    7
   16   30   11   11    6
   17    1    9    4    6
   17   17   11    6    6
    8   14    1    4    7
    4    4    1   11    6
   20    5    3    3    4
   29   29    1    7    7
   24   23    2    7    5
    9   30    4    8    3
    9    9    2    4    6
    9   17    6    9    7
   29   15    9    6    2
   24   20   11    9    4
   18   13    2    7    8
   15    6    6    8    2
   28   27    6    6    4
    3   16    2    4    3
   19   30   10    4    3
   17   21    4    9    4
   12    1    4   10    4
    5   26    7   10    2
   16   10   12    7    8
   15    8    7    5    6
   21    3   10   12    3
    8    4    8    7    3
   13    9    6    6    4
   19   26    6    6    3
   15   11    9    7    3
   11   19    6    5    6
    6   24   11   10    4
    9   28    2    6    1
   25    4    4    6    2
    1   16    3    2    4
    7    4   11   11    2
   26   24    6    1    1
   15   12   12    5    1
   20    8    1    2    4
   20   27    6   12    2
    9    1    8   11    6
    7   22    5    3    9
   22    3    8    5    1
   30   14   10    1    9
   22   10    6    7    5
    1   25    1    4    2
   26   30    8    6    2
    7    1    7    9    2
   23   19    6   10    2
   13   30    8   11    3
   17   24    1   12    3
   17   13    6   10    3
   18   18   11    1    6
   24   21    7    7    3
    5   29    8    6    2
    8   30    1    9    3
    2   28    3   10    2
   22    8    2   11    1
   27    3   11   10    1
   21   18    4   11    2
   17    3    8    2    2
   13   15   10    2    2
   25   14    1    9    6
    1    8    8    7    5
   19    3    6   12    7
   11   11    3    9    4
   25    3    7   10    4
    5   16   10    1    5
    1   13    3    8    3
   13   13    7    6    6
   10    7    6   12    5
   21    5   11    9    4
   17   10    3    2    3
   10    4   10    4    5
   19    1   12   10    4
    3   30    9    2    3
   13   21   10    1    3
   22   21    5   10    2
   29    3    7    1    1
    8    7    9    2    2
   15    1    5    3    2
   16   21   11   10    4
   25   23    5    4    5
   24    8    4    3    7
    1   11   11   12    4
   17   16    7    5    7
    9   22    9   12    3
   11   24    7    6    3
   16    8   10   12    4
    9   10   11    5    5
    8    9    5    5    3
   13    5    9    5    2
    6    1    7    5    1
   21   21    5    3    8
   11   13    2    3    4
   12   29    9    3    2
   19   20    7    5    1
   28   24   12    3    1
   13   22   12    3    1
    1    5   10    7    4
   12   23   10   10    1
   21    2   12    2    6
   29    9   11    3    8
   29   16    2    5    7
    7   23    4    7    3
   14   18    6    5    4
   25   29    1    6    6
    7   19    4    9    3
   16   22    3   10    1
   19    6    7    9    4
   21   23    2    7    3
    4    3    1    7    4
   16   11    2    2    7
   21   27    5    7    5
    8   17    3    4    3
   29    2    2    9    4
   29   22    5   11    1
    8   12    2    5    2
   19   21    9   10    8
   13    6    1    7    6
   17   20    2    7    6
   22   14   10    6    4
   25   26   11   12    6
   29   26    2   11    8
    7   11    4    3    1
   28    3    6   12    3
    1   21   10    1    7
   24   18    1    4    3
   14   13    8    7    4
   19   27    1   10    4
   23   29    1    1    1
   19   14   12    6    2
    2   15   12    5    3
    5   12    7    5    3
   10   14    7   12    4
    8    6    3   12    2
   24   16    6    4    3
   29    8    4    9    4
   21   15    2    3    3
   25   12   11    5    2
   28   17   10    4    2
   27    9   12    2    1
   12   24    1    4    2
   19    8    9    2    3
   29   20    1    1    5
   29   28    4    2    4
   20   14    8    7    3
    9   19   11   10    4
   28    7   12    2    1
    2   11    3    4    8
   11   21    4   10    9
   22    6    4    6    1
   16   23   12    5    3
   10   11    6    2    7
    2    9    3    5    4
    5   19   10    1    4
    6   17   12    6    2
   21    7    6    2    2
   15   24    7    1    2
   24   27    3   12    1
    6   28   11    5    6
    6   30    7   10    3
    7   15    4   12    2
   15   20    9   12    2
   20   10    4   12    2
    5    6    1    3    2
    3   15    2   10    1
    5    5    6    3    6
   27   18    3    9    7
    4    5    3    6    4
   26   14    4    6    9
   22   18    8    1    2
   12   18   10   12    2
   12    4    9    3    6
   22   23    1   12    3
   13   10    2    4    2
    7   13    8   11    2
    3    9   11    1    4
    6    3    8    6    2
    2   24   10    8    3
   16   20   11   12    3
   20    4    5   12    3
   14   11    9    3    3
   24   13   11   12    2
   20   11    6   10    7
    9   23    3    7    6
    9   24    4    2    4
   24   29    5    9    3
   30    2   11    8    4
   30   15   10   11    4
   21   26    8    8    5
    7   26    7    5    3
    1   27    6   11    2
   26   18    4    1    3
   27    2    9    7    4
   19    4    8    4    4
   14    5    3    1    3
    9    5    5    4    3
    1    1    4    5    6
   23   18    5    4    5
   26    8    1    5    4
   24    5    9    4    4
   30    7    1    9    3
   13   19    8    4    4
    7   25    7    9    4
   21   25   11    7    4
    4   22    1    4    3
   28   26    8    4    2
   22   20    1    9    1
    4    2    5    8    2
   18   19    2   11    3
    7   16    9   10    3
   19   24    6   10    3
   28   16   11    2    4
   26   10    4    6    4
   12   17   10    9    4
    1   26    6   11    4
   16   19   12    6    3
   29    1    1    1    2
    2   25    7    2    2
   29   10   10    5    5
   28    4    3    8    8
    7   12    3    9    7
   12   21    6    8    9
   11   18    8    6    3
    2   17    9    6    2
   27    6    2    7    1
   28   28    8    5    8
   15   26    4    5    5
   18   10    8    3    4
   19    2    6    3    4
   23   13    5    1    4
   25   28   12   10    3
   10   19    8    5    3
   12   20   11    5    3
    8   25   10    5    2
    3    7    6    2    2
    7    7    7   10    4
   11   26    7    2    4
    4   18    4    3    3
   15   19   11   10    3
   25   11    6    3    1
   24    4    8    2    4
   14    6    6   12    6
   28   12    4   11    4
   26   22    5    7    2
   16   26    1    8    6
   22    2    5   12    4
   26   27    8    9    5
   17   27    4    7    4
   14   23    1    2    3
   12    9    5   11    2
   13   29    3   11    3
   12   10    6   12    2
   11   29   12    3    1
   27    7   12    5    1
   20    3    6    6    2
    8    3    4    1    3
    1   10    9    7    5
    2   16    3    2    4
   14   17    1    4    5
   26   26    5    1    6
