   13   18    9   12    3
    1   10    3   11    3
    4    8   10   11    1
    8   19   10    4    2
   10   16   10    2    1
   21   23    3    7    1
   19   28    2   12    6
   20    6    5   10    3
   17   19    9    9    4
   19   23    3    7    1
    2   25    9   12    7
   24   14    5   10    1
    6    7    2   12    1
    8   20   11    5    1
   23    5    4    9    1
    5   20   11    5    2
    1   29   11    3    1
   25   24    7   10    1
   30   26    3    9    7
   30   20    8    1    4
   29   20   11    5    1
   12    6    4   10    2
   15    8    6    8    3
    4   29    2    9    1
    6   19    9   11    3
    3    2   11    6    4
   13   15    4    8    4
   25   29   10   11    7
    7   17    5    3    1
    8    2    3   10    5
   28   11    1   10    3
    9   29    2    4    4
   26   15    3    1    4
    1    6   12    2    1
    1   17   11   10    2
   16    8    5    8    3
   13   25    1    9    3
   13   24    4    1    3
   24   18   11    3    3
    9   13    3    5    3
    9    7   10   12    3
    3    6   12    1    2
   13    2    3    5    1
   13   10    9    7    4
   27    7   12    6    1
   23   23    6   10    7
    9   14    1    7    1
   26    9    8    2    1
   16   13    8    4    2
    2   22    7    8    1
   24   24    8   11    5
   21   16    2    2    3
   11   30    2   11    1
   19   30    3    4    1
   16    3    3    4    3
   29   13    1   11    6
   15    6    1    6    4
    6   18    1    3    3
   26   29   12    9    1
   19   12    4    7    2
   18   19    7    3    4
   23    2   11    4    3
   14    1    9    7    3
   14    3    9    2    3
    5   16    7    5    5
   30   16    6    1    1
   17   13   11    3    7
    7   19    5    8    3
    4   22    2    3    1
   11   10   12    6    1
   21   12   11    8    8
   12    2   10   10    8
    5   15   11    3    4
   30   30    7    5    9
   22   20    5    3    4
   22    8    2    1    1
    8   26    5    2    3
    3   13   10    2    9
    3   11    8    4    1
   22   28   10    1    1
    2   24   11    8    1
   12   15    3    5    1
   13   27    8    2    1
    1   30    4    4    3
    7   13    6   10    3
   15   15   12    4    5
   17   10   11    1    1
   27   17    8    3    3
    4    1    2   10    9
    3   23    1    5    1
   29   17    9    6    1
   25   14    1    3    1
    2    2    8    3    4
   29   10    6    7    5
   12   14   11   12    4
   21    5    5    7    4
   11   13    5    6    6
    7    3    7    4    1
   16   17    6    5    1
   20   25    5    2    8
    4    6    5   11    5
    5   14   10    2    1
   15   10    6    5    1
    5    4    4    7    1
   18   26    2    9    4
   15   24    5    2    1
   23    1   12    2    1
   22   25    7   11    1
   30   14    1    1    4
   16   27    5   10    1
   14   16    2    4    1
   22   16    3    1    2
   26   19   10    9    2
   19   13   12    4    1
   23   25    3   12    3
   12   10   11   12    1
   19   16   11   12    1
   14    4   11   11    6
   10   21    4    6    1
    8   12    5   11    1
   13    6    2   11    1
   26   28    4    4    1
   13   20    3    9    1
   25    3   10    7    1
   13   22    4    6    1
   24    6    9    7    1
    8   23   11    4    1
    2    4   10    7    1
   18    3    4    1    3
   26   13    1   10    1
   25   17    9    1    1
   26    7   10    2    1
   11   21    7    3    3
    1   19    9    1    3
    5    7    1    5    1
   14   27    8    4    3
   15    3    2    7    1
   22    6    2   11    1
    1   12   12    5    1
    9   21   11   12    1
   17   17    8   10    1
   29   29    3    6    5
   26    3    2   12    1
   11   18    2    9    1
   12    7    9   12    1
    4   25    6    6    1
   22    9    7    2    1
   14   19    3    7    1
    5    2    1    1    1
   12   13    6   10    1
   26    2    3    5    1
    2    1   10   10    2
    1    9    4    8    1
   30   25    3   10    1
   20   11    8    4    1
   10    3    7    3    1
    2   21    7    6    4
   27   28    2    6    1
    3   12   12    3    1
   15   17    1   10    1
    9   27    7    3    1
    3   20    8    7    3
   11   26   11   10    1
   29    8   12    7    1
   16    4    6    3    3
   11   11   11    7    1
   27    8   10    6    1
    5   28    8   11    1
   26    1    1    3    1
   17   28    7    1    1
   18    5    3   11    1
    3    4   11    5    2
   12   20    2   10    3
   12   12    8    6    7
   29   30    6    1    6
   14   10    2    6    1
    3   27    7    4    2
   22   12    7    1    1
    1    8    4    1    1
   24    3    3    8    1
   15   14   10   11    1
    2   30   11    4    4
   18   21   12   12    1
   22    1    6    1    1
   12   23    2   11    1
   20   27    9   12    1
   18   16    4   11    4
   27   30    1   10    2
   28   24    8   12    1
   26   24    6    9    1
   27   12    5    6    7
   15    9   11    2    1
    4    4   10    8    9
   10    4    5    4    1
   14   23    7    8    1
   30    6    9    6    1
    1    1   11    2    3
   16    7    4    1    1
   16   26    6    7    1
   15    1    5    2    1
    1   27    6    1    1
   10    9    2    1    1
   30   15    5    7    1
   30    5    3    1    1
   27   27    3    5    1
   13   21   11   10    1
   29   18    7    4    1
   13   28   10   11    1
   16   16    2   11    1
   12   24    7    6    5
   15   28    6    5    1
   23   15    8    3    1
   16   15    2    9    1
   28   12    5    1    1
   18   10   11    8    1
   18   23    6    4    1
   18   22   10    1    1
   23    9    2    7    1
   29   27    7   11    1
   13   23    7    8    1
   11    4    8    3    8
    8    3    6    5    1
   21    6    9    4    9
   28   28    2   11    1
    8   21    7    4    1
   14   22    4    2    3
   18   25    2   10    6
    4   26    9   10    5
   20   20   12    3    9
    3   19    1   10    9
   18   14    2    5    5
   27   26    3    8    1
    3    9    7   10    1
    2   27    3    5    1
   29   21   10   12    1
    1   20    7   12    1
   16   11    8    8    2
   21   19    2    9    5
   15   22    2    3    1
    7   25    9   11    1
    4    7   10   10    1
   26   23    4    4    5
   15   20   10   10    1
   19    2   10    5    2
   26   21    5    8    3
    6    2   10    1    1
   11    2    4   10    1
   17   22   12    2    1
    6   14   10    4    1
    8    6    1    8    1
    4   13    7    3    1
   12   11    1   11    1
   11    8    3   12    1
   25    8    5   11    1
   11   19   10    5    6
   12   25    8    7    7
    5    9    2    5    1
   25    9    6    5    1
   11   24   10   11    1
   25    6    7   10    2
    1   11    9    2    5
   22   22    3    4    1
    1   21    6   11    1
   14   11    3    5    3
    5    6    5    1    1
   25    5    9    9    1
   21   25    1   11    1
   16   25   10    6    1
    7   15   11    6    1
   27   19    3    8    1
   15    4    3    8    1
    3    3    4   10    7
   23   28    1    9    8
   26   26    3   11    9
   18   12   10   11    1
   21   24    9    4    1
   18    8    1    8    4
    2   16    5    4    1
   18    1    2    7    1
   27    4   11   12    1
   24   17    5   11    1
   10   25   11    8    1
   17    8    6   10    3
    5   27    3    2    1
   25   19    8   12    1
   19   22    3   10    3
   22   24   12    1    5
    8   13    1    4    1
   23   27    3    8    5
   10    6    9   12    1
    2   20    6    6    8
   23   11    1    4    1
   11   22    8    8    1
   13    1   11   10    3
   30   24   10    5    1
    2    7    3   10    1
   13   14   12    9    1
   27   24    3    1    1
    8    7    4    5    1
   25    1   10    6    1
   25   25   12    8    9
    7   23    6    9    1
    7   30    4    8    1
    2   10   10    4    1
   20   17    9   10    1
   30    8    1    6    1
   20   26    9   12    1
   21   20    2   12    6
    5   17    2    8    1
   24    4    5    1    1
   10   26    2   10    1
   30   22    8    2    1
   22   23    4    9    1
    7   18    1    6    1
   28   30   11    6    1
    9   20    2    3    1
   10   10   11    9    1
   18    2    7    5    7
   16    1    4    5    2
   11   17    6    3    5
   13   30    9   10    1
   28    1    3    8    3
    6   23    5    7    1
   29   15   10    5    1
   19   20   10   11    3
   11   29    8    4    1
   21   22    6    3    1
   29   14    6   11    1
    9    2   12    2    1
   10   24   11    7    1
    2   15   12    6    3
   30   17   10    1    1
   18    9    6   12    1
   13    5    9    7    1
    1    7   11    2    3
   16   24   10    8    1
   21    4    7    3    8
   13   13    8    5    9
    2   14    5    1    9
   24   29    7   12    5
    3   21   12    1    1
   10   28    5   10    1
   28   25    8   11    1
   27   15    7    5    7
   17   14    1    1    4
   23   20    9    6    1
   16   29    5    7    1
   19   19    2    9    5
    3   30    3    3    1
    6   29    7    6    1
   18   18   10    7    1
   10   27    3   12    1
   28   29   10    1    1
   10   20    2    9    1
   15   19    1    4    1
    9    4    8    1    1
   27   21    4    2    1
   11    9    1    8    1
   17   26    6    3    1
   17   18    4    4    3
   30   21    3    9    1
   24    7    8    2    1
   11    5    4    9    1
   12    5    6   11    1
    8   14    6    4    1
   12   26    4   10    1
   21   17    7    2    1
   29   12   10    1    1
   30   23    8    4    1
   14   14   11    7    1
    6   11    5   10    3
    5   24    6    2    1
    4   18    7   12    1
   28   21    2    3    3
    8    5   11    5    1
   30   12   12    1    1
   16    9    6    7    4
    7   22    9    3    5
    9    9    3    7    1
   10   19    2   12    1
   11   25    6    1    1
    7   28   12    2    2
    4   19    5    3    9
   14   26    9   10    3
   12    4    9    4    4
   20   18   10    3    1
    9    6    7    4    1
   21   15   11    3    1
    5   19    3    1    2
    7    7    1   11    1
   28   18    2    5    1
    9    8   10   10    1
   21    7    3    7    1
   19   24    4    3    6
   10    7    9    5    1
   29    5    3    8    1
   29   22    7    8    1
    3    5    5    3    1
   30    4    1    2    9
    8   10    2    8    2
   22   27    8    7    1
    4   23   12   12    4
   11   27    3    3    1
   12    9   10    7    1
   23   17   11    5    1
   23   24    8   11    3
   15   18    6    1    1
   28   20    6    9    1
    2   28    4    5    1
    3    1    2    7    2
   29    3    8    5    1
    8   28    2   11    2
   17   12    3    5    1
    6   27   12    4    5
   17    2    5   12    7
    5    5   10    3    9
   30    9    7    1    1
   22   26   10   11    1
    8    8    2    8    9
   30   10   11    9    8
   16   23    3    7    1
   10    5    2    8    3
   29    2    2   12    1
    5   22    8    8    2
    3   17    8    6    1
   27   25    5    2    1
    1   24    7   11    1
    6   26    8   12    1
   24    8    2    3    5
   21   21    4    3    9
   14   21    7    4    7
   27   18   10    6    1
   30   18   10    6    1
   10   22   11    2    1
   28    3    3    9    2
    3   22    7    5    1
   19   29    8    4    1
   25   26   12    8    9
   28   16   11   12    1
    6    6   11    2    9
    7   11   11   12    7
   20   14   12    2    9
   28   14    1    2    4
    7   14    1    9    6
   28    4   10    8    1
   29    7    4   10    1
   11   15   12   11    1
    9   17    6   12    1
    7   20    4   11    1
   16   20    1   11    1
   23   10   10    5    3
   20    4    6   11    9
    5   26    5   12    1
   16    6   12    2    1
   28    9    5   12    1
   15   25    7    1    1
    1    5    4   10    3
   29   23   10    4    4
   20   24    6   10    1
    9   24    2    4    1
   19    9    6    2    7
    6   17    1   10    8
    6   28    4    2    5
   17    4    7    8    6
   12   16    9    4    5
