   13    4    2    4    4
    4    9    9    6    2
   13   25    3    6    4
   29    9   12   10    7
   17    6   11    9    6
   11   24    7    5    1
   19   19   12    4    8
   30   30    3    7    9
   16    3    5    2    6
   12    1    1    7    6
    3   23    8   10    1
    3    6    9    9    4
   26   22   12   11    1
   15   12   11    1    6
   19    6    8   11    3
    9    9    7    6    9
   12   17    1    6    7
    8   13    7    2    8
   13    5    2    2    8
   10   17    5    1    6
   25   22    9    4    3
   25   20    4   12    4
    2   23    3    6    2
    3   14   12    7    2
    9   10    2    4    7
   14   24   12    5    1
   18   18    8    2    8
   27   15    8   11    4
    5    3    7    2    8
   21   16    4    5    2
   13   20    3   11    4
   16   11    5    5    6
   20   11    2    6    5
   10    6   12    7    6
   28    8    7    7    3
    1   15    2    6    4
   19    9    6    4    6
   25   27   12   11    3
   11   12    4    1    9
   20   23    2   11    1
   19    1    1    4    7
   27   17    7    2    2
    4    1    6   10    5
   23   11   11    8    7
    9   25   10    4    6
   19    5    3    2    4
   18   12    7   11    6
    4   30    6    4    4
   27   14    6    9    2
   22   16   12    7    6
   12    7    1    8    6
   18    8   10    2    3
    1    1    3    6    8
   27    8   11   10    3
    2    5    6    1    2
   21   14    9   12    7
    7   21    6   10    3
    9    2   12    3    7
    5   11    6    3    8
   17    2    9   11    7
    8   23   11   11    3
   20   22    8    1    2
    7   15    4    9    7
   10    2    6   12    3
    6    2   11    4    6
   18    5    3   12    5
    5   26    6    3    3
   30   23   11    5    8
    4   16    6   11    6
    2   15    7    1    6
   17   20    7    1    9
   15   17    2    2    4
    4    4    4    2    3
   28   21   10    4    4
   12    2    4    1    2
    7   25    1    7    2
   10   13    2    3    7
   23   12    2    6    5
   29    7    4   11    3
   28   15   11    3    8
   28    5    6    6    7
    9   24    1    7    5
   20   28   10    1    3
    4   21    2    7    8
   12   28    4    2    4
   21   19    4    6    7
   10   18    4    4    6
   22   13    7    1    3
   29   17   12   10    7
   27   27    4   12    4
   11    8    9    2    6
    2   11    7    5    3
   29   27    7   10    1
    4   27    8   11    3
   14   15   12    5    3
   10   22    1   10    6
   25   28    3    8    3
    8    6   12    6    5
    5    6    6    9    2
   26   26    2    7    8
   17   26    5   10    8
    9   21    4   12    4
   13   17   12    6    3
   20    7    2    5    3
   16   12    8    4    1
   14   14    8    4    8
    3   20   11    7    6
    8   14    3    1    3
   27   26   11   10    3
    4   12   11    4    1
    7    7    8   10    8
   28   26    6    4    4
   16   16    9    2    6
   19   28    1    5    3
   23   27    8    8    7
   25   11    6   10    4
    4   24    3    6    6
   20   24    2    1    3
   15   25    7    3    7
   13   24    6    6    6
   29   24   12   10    6
   13   16   11    3    7
    9   13   12   11    3
   18    2    7    4    8
   22    6    9    1    7
    9   15    4    4    3
   25    1    1   10    5
   18   21   10    4    3
    9   16    9   12    6
   12   24    8    8    3
   26   15    5   11    3
   29   10    4   11    7
    9   26    2    8    1
    9    5   11    8    3
   28   16   10   10    2
   14    1    7   11    3
    4   18   12    9    6
   29   28    2    3    3
   13    7    2    3    2
   22   14    1    4    2
   18   11    4    6    6
    2   24   11    1    5
   24   25    9   11    6
   27   13   12   10    4
   28   18   12    2    3
   24   22   11    8    6
    1   17    3    5    7
   30    8    4    7    3
    8   26    9    1    5
   10   26    2    4    3
    4   22    6    2    3
   14   18    8   12    6
   30   19    8    8    6
   21   13    3    5    3
   19   10   11    6    4
   20    2    3    7    6
    8   12    1    2    4
   23   26   12   10    4
    3   21    5   12    3
   23   16    2    4    3
   12   26    2    9    4
    2   26    7    2    6
   23   10    2    7    6
   23   23   12    2    6
   22   23   12    6    4
   24   17    8    9    3
   19    2   12    9    3
   15   24   10    8    4
   23    6   12    8    6
    9   28   10    4    1
    1    2   12    6    3
   10   15    2   10    4
   15   15    3    7    3
   20   20   11    5    7
   19   25   10   11    4
    6   24    3   12    4
   21   27    3    2    7
    3   28    1    7    3
    1   24   12   11    2
   15   19    6    5    7
   17   16   12    2    4
   21    6    3    6    7
    2    2   10    4    6
   25   25    5    6    6
   26    1    8   12    3
    1   30    1    9    4
   16   10    8    9    5
   26   19    1    4    6
    6   29    7    3    4
   25    5   11    3    7
   28    1    9   10    3
    8    3    5    4    7
   21    5   10    6    6
    9    3   12   11    3
   13    6    3   11    2
   21   25   12   11    4
   15   11    2   11    6
   17   19    2    1    7
   16   19    5    4    7
   20    1    3   12    5
    1    5    6   10    8
   26   13    2    4    6
   16    2    9    4    3
   25    8    5   11    3
   23    4    4    3    3
    6   26    6    7    2
    7    5   12   11    8
   11   28   12    7    6
   19   22    7    5    5
   24    5    5    8    4
   25    2    6    7    6
    3    4   12   11    4
   11   29    7    5    3
   26   16    4    3    3
   27   22    1   11    2
   22    7    4   12    6
   13   13    4    1    8
    9   30   12   12    6
   16   14    9    9    7
    6   27    5    4    8
   14    2    1    4    9
   30   26   10    2    7
    3    3    1    7    7
    1   21    5    8    3
   20   19    5    6    2
    3    1    5    8    6
    8    7   11    9    1
   28   24   11   11    7
   12    5    8    8    7
   14    6    6   11    4
    1   16   11   10    3
    6   15    8    4    2
   14   13    3    1    2
   19   24    9    4    2
   29   18    1    9    4
   30    5    8    6    3
    6    6   10    9    8
   23    5    4    2    3
   23   14    7    9    7
    3   25    7    4    4
   11    7    7    7    7
   12   14    4   12    8
   11    9    4   12    6
   15   13   10    1    3
   23   25    1    7    3
   29   22    7    1    2
   14   17    6    9    2
   13   30    6   11    7
    1   18    6    1    4
   20   26   10    8    3
   14   30    8    2    6
    6   25    1    6    2
   26   14   12   12    3
   10    3    8    1    3
    1   10    9    7    6
   14    7    7    6    4
   15   30    7    6    8
   15    4    8    1    6
    7    6    5    8    7
   28   13    4    6    2
   15    3   10    1    3
    2    3    6    7    4
   22    5    4    7    6
   12   27    7    7    4
    7   28   12   12    8
   29    4    5    2    7
   19    4    9   11    7
   16   30    9    3    3
   20    4   10    9    3
   26    4    9    9    2
    8    5   10   11    2
   10   11   11   10    5
   30   11    2    4    6
    3   19    1    9    7
   25   18    3    7    8
   10   25   12    5    6
    2    4    9    1    4
   20    5    9    6    3
   14   25   11    8    6
   20   27    4   10    3
   14    9    4    7    3
   30   24    6    3    2
    8   15    3    3    6
   15   23    1    5    4
   17   22    6   12    2
    6   12    9    6    7
    8   24    9    7    4
   26    7   11    2    4
   27    7    6    5    3
   22    1   10    9    6
   20   30   12    6    7
    1    9    6    7    4
   24   23    3   10    3
   10   14   11    1    7
    6   28    1    9    3
    8   19   10   11    6
    4   25    6   11    3
   10   10    6    1    2
   11   13    6    4    7
   10    5    3    6    3
    4   28    1    7    4
   20   15    9    1    3
   11   26    3   11    2
   17   30    8    3    2
   30   25    8   12    7
   21   17    5    8    7
   11   17    2    4    7
   14    5    6    3    4
   29   26    5    4    3
   29   23    7    5    7
   16    7    8    5    3
    2   29    2    1    6
   11   14    1    1    7
   27   24    3    9    4
   12    3    5    5    6
   25   26   10    1    7
    5    5    9    6    8
    2   30   10    1    4
    4    8   12   12    3
    7    4    8   12    3
    9   17    1    3    4
   20   21    9    1    3
    5   29    8    4    4
   14    4    1   10    7
   29   30    7    1    3
    2   28    6    4    2
   22    2    5    5    4
   11    6    2    1    8
    5   17    5    8    3
   16    8    9    5    6
   27    2   11    5    4
    8   29   11    2    6
   23   18   10    7    2
   19   29    6    8    3
   29    3    4    6    3
   22    3    8    2    2
   18   24   11    8    3
   27   16    3   11    3
    6   20   10    2    5
   30   22    9    4    6
    9   20    5    6    4
    1   13    8    2    6
   19   18    6    8    3
   21   15    4   10    3
   28   17    9    1    4
   30   10   10   12    6
    5   15    3    2    6
   17    3    2    5    4
   13   12    9    4    3
   25   17    4   10    3
   11   27    1    7    6
   21    8    7   12    4
   14   20   12    1    4
   22   28    1    5    2
    1   29   11   12    6
   21   12    7    1    7
    6   18    9    4    5
   29   15    6    4    4
   27   19    1    3    4
   10    7   12    2    7
   17    7    2   12    3
   15   16   12    9    3
    9    7    3    7    2
    1    6    5    7    3
   19   14   12    5    4
   27    5    4    7    6
   20   16   10   12    7
    4    6    5    5    4
    3   26    2    9    3
    8    9    4    1    4
   21   10    6    5    3
   29   13    5    3    3
   23   17    2    7    6
   28   30    3    9    3
   10   20   10    3    6
   11   11    9   10    8
   18    3    8    8    4
    1   11    1   10    9
   28   28    3    1    7
   20   12    6    1    6
    4   17   12    5    7
   14   29   10   11    4
   24   10    8    1    7
   22   18   11    2    3
   26   18    7   11    8
   27    1    1    4    4
   19   13    3   10    3
    6    9    2    5    1
   16    6   10    2    2
   18    9    4    9    2
   19   12   10    8    4
   27   10   12    5    3
   22   11    8    2    3
    4    5   12   11    4
    7   18   11   12    4
   20   29   12    5    3
   29   16    7    5    3
    9   23    6    6    4
    4   10    3    1    3
   17   18    2    2    8
    2    8   10   12    5
   17    8    6   10    3
   12   30    5   12    2
    1    7   12   11    3
   21   26    1    2    4
    4   11   11    7    3
   21   21    4    8    9
   14   28   12    7    3
   16   18    1    5    3
    3    7    6   12    3
   18   30    9    9    2
   13   18    8    1    2
   12   10    2    3    3
    2    7    7    6    2
    8    1    5   11    2
   26   24    8    2    3
   25   12    6    8    2
   19   11   12    6    4
   24   21    7    8    2
    3   30    7    2    4
   24   24    9    6    3
    3   13   12    7    2
   25   16    6   12    1
    1   23    4   12    2
   17   17    8    4    7
   30   27    7    3    4
   28   23    7    3    3
    2   21    5   11    6
   28   27    4   10    8
   10   28   11    6    3
   18   20    3    9    4
   11   21   10   11    7
   15   22    8   12    4
    8   22    3    1    3
   25   29    5   11    3
   29   21    4    8    4
   18   15    6    5    6
   22   21   10   11    7
   22    9    1    8    3
   24   16    3   11    2
    7   19    4   10    4
    3   24    7   10    2
   12   22    5    7    3
    3   27   12    8    1
    9   12    2    8    1
   13   23    5   10    2
   20    8    3   11    3
   21   23   10   10    2
   12   29   12    8    5
    2   13    5    8    4
   19   23   12   10    3
   11    3    5    3    8
   12   12   10   12    9
   29   29   12    5    8
    8   10   10    3    6
   22   22   12    9    3
    9   27    8    6    2
   24    7    3    4    4
   23    7   11    6    1
    6   30    7    8    4
   30    7    6    6    7
   21   30    7    2    8
    8    8    4    7    8
    5   16    9   10    2
   18   27    4    8    6
