   13   30    1    6    4
   15   27    5   12    4
   16    3    4    5    6
   27    2   10    9    3
   26   29   11    9    5
   30   24    4    8    2
   19   14    4   12    2
    3   13    2    6    3
   19    6    5   11    3
   22   13    9   10    4
   23   21    4   10    5
   17   12    2    5    4
   23    5   12    3    3
   25   16   10    4    5
   13   20   10   11    3
   18   12   10    5    1
    1    5    9    8    5
    7   11   12   11    6
   29    3    8    4    4
   26    4    8    3    4
   15   24    3    5    1
   18   28    9    3    7
   18   18    6    8    7
    1   29   11    4    3
    4    8    1    1    5
   21    9    6    1    2
   10    1   11    7    4
   25   25    8    5    2
   19   11    6    5    8
   27    3    5   12    4
   21   22    4    9    7
   27   23   10   11    3
    2    9   10    1    1
   28   22   11    7    6
   27   28   11    8    9
    4   16    7    8    5
   11    2    1    3    4
    8   24    3    6    3
   13    9   10    1    3
   23    6    6    3    6
   30   12    7    7    5
   17   21    3    4    6
   18   19    2    5    3
   13    4    8   12    6
   30   19   10    9    6
    9    4    8    5    2
    6   26    4    3    1
   14    6    2    4    6
   27   27    1   10    8
   28    2    4    5    1
   23   22    9    9    5
    5    3    6    6    9
    3   17   11    9    6
   26   22    9    9    4
   11   21    9    1    2
    9   23    7    2    1
   25    2    3    7    1
    6    6    7    4    8
   22   29    3    1    2
    4    3    7    9    5
    7   23    1    1    5
    2   18    2   11    6
    7    8   11    9    4
    9    3    2    3    6
   16   27    5    5    6
   29   20   11    3    7
   11    8    9    3    6
   28    1    7    1    1
    5   13   10    6    7
   16    7   12    1    2
    2   12   10    7    2
   15    1    5    2    4
    5   25    9    7    1
    7   15   12   10    3
    7   18    6   10    4
   24    3    6    5    1
   12   20    2    3    6
   28   21    3    1    4
    7    1    1    6    5
    1    4    5    7    5
   17   29    2   11    7
   20   20    5   11    7
    6    5    7    4    5
    1   23    7    5    6
    6    2    5    3    3
   30   10    7    6    4
   28   12    8   11    7
    5    5   12    2    9
    6   13   12    5    1
   12   29    7    4    1
   14   14   12    8    9
   24   23   12    6    5
   20    3    1   11    4
    8   25   12    4    1
   16    5    5    7    7
   22   17    5    1    5
    8    5    3   10    6
   12    1    8   10    1
   13   27    8    7    6
   28    8    4   11    1
    2    2    7    4    6
   23    2    1   12    1
   16   30   10    2    7
   23   17    2   10    2
   25   26    6    1    3
   21   29    6    3    2
   30    6    3    7    5
   19    1    1    6    6
   23    4   10    8    3
   14    5    8   12    4
   26    9    7   11    8
   20    8    1    6    6
    8   29    9   12    1
   19   12    5    2    9
    1   25    1    4    1
   10   24   11    2    2
   16   19    8    7    6
   22   15    2    9    5
   16   22    9    9    4
   24    4    1    6    1
    4   21    7    3    1
   15   18    8    8    3
   17   30    6    4    7
    9   18    6    1    1
   20    9    6    7    2
   22   30   11    7    1
   19   20    3   12    4
   10    9    9    2    1
   12    5   11    3    5
    9   14    5    5    1
    3   21    6   11    6
    2    3    9   10    6
    2   29    7    5    1
   10   17   10    5    7
   21   20   12   12    5
   14   10    6    4    5
   17   27   11    2    4
   21   21    6    7    7
   20   25    1    3    4
   16   15    6   12    9
   24   28   12    1    1
   11   27    4    7    1
   27    9    3    3    1
    4    4    5    3    7
   18    3    4   12    6
    2   24   12   12    3
   20   16   11    6    5
   16   16    2    6    7
   18   22   11    3    3
    4   22    1    8    1
    2   10    6    2    6
   16    9    3    3    3
   29   27   11    2    1
    3   25    6    8    1
   26   24    6    9    3
   30   15    7    2    3
   29   29    7    3    6
   24   24    2    3    7
   18   21    1    3    6
   18    1    1   12    4
    5   15    5    4    1
   26   21    1    4    3
   12   21    5    2    9
   20    2    1    7    3
    2   30    6   11    4
   26   26   10   12    8
   16   10   12    6    6
   21   24    8    2    4
   28   17    1   10    1
   28   25   12   10    3
   20   26   12    5    1
   30   27    6    1    3
   15   14   11    7    1
   11   12    2   12    8
    6   24    8   12    1
   12   16   12   11    7
   19   24    5    2    5
   10   22    9    9    1
   27   19    7    5    1
    1   17    5   11    6
    5   26    3    5    3
    8   21   11    4    1
   14   21   10   10    6
   21    1   10    4    5
    7    3    2    7    6
   13    7    5    3    6
    6   11   11    3    7
   18    5    6    6    6
   26   19    1   10    1
   22   11    8    6    3
    7   27   10    6    1
   15   15    8   10    9
   25   23    8    6    4
   13   11    4   12    6
   11   14    3    3    6
   12   14   11    7    5
   11   11    9    2    4
   14   28    6    7    1
    4    6    1    6    1
    7   28    7    9    4
    8    3    1    4    6
   28   19    1    6    5
   21   19    5    1    3
   19   29    8    1    1
   15   10   10   12    6
   16   13   11    9    7
    4    2   12    1    7
   15   12   11   12    1
   13    1   11    8    5
   15   25    9   10    1
   11   16    6    4    2
   23   28   10   12    1
   15   28    9    9    8
   28    9    2   12    1
   24   27   11    1    5
   25   24    6    7    1
    5   11    6    1    6
   13   25   10   12    2
   24   17    9   12    1
   27   18   12   10    6
   12    3   11   12    6
   11   24    9    4    1
   30    4    5    5    1
   17   11    9   12    6
   23   11    5   11    2
   10   18    7    2    8
   22   27   12    8    1
   25   12    6    5    1
   12   22    6   11    4
   16   23    8    2    4
   20   18    5    4    3
   25   21    7    8    5
   10   20   11    5    5
   28    5    3    4    6
   26   14   12    4    6
   22   24    3    2    6
   25    4    5   11    4
    7   22    8    7    1
   11   30    9    4    1
   22    2    7   10    3
   29   10   12   12    4
   20   27    4    9    3
    8   19    5    7    7
    6   22   12    5    6
   22   20    9   11    3
   10    6   11    4    2
   30   25    6    8    3
   28   11    9    3    6
   30   30    2    6    5
   20    4   10    1    6
    7   10    4   10    4
    9    1    8    6    7
   15    2    5    6    4
   22    1   11    2    3
   27   14    8    9    3
    2    7    4    6    1
   30    7   11    7    1
   20   23    7    5    1
    9   17    8   10    2
    5   22    5    8    6
   13   17    1   11    7
   23   12    9    7    6
   13   13   10    5    6
   21   15    2   11    7
    9    6    2    6    2
   26    3    7    3    6
   19   22   10    2    4
   22   25   10   11    3
   30   20    7    4    4
   22   22    2    5    7
    1    3   12    2    1
    7   20    9    4    1
    6    1    5    8    1
   16    8    2   11    2
    7   29   12    9    1
   28   20    2   10    3
   13   28   12    6    3
   15   29    2   11    1
    8   17   10    4    5
   26   10    6    5    3
    3   30   12   12    2
   10   12    8    4    1
    1   14    6    2    5
   20    6    6    2    5
    6    8   10   11    1
    9    9    3    2    9
    8   30    7   12    2
   27    8   12    8    1
    4    5   10    6    6
   17    2    3    2    5
    3   11    1    7    7
   12    8   10    1    5
   30    1   11   12    6
   19   15    5    2    4
   11    4    1    6    4
   22    3   11   12    2
   25   29   10   12    5
   22    9   12    9    1
    7   21    9   12    6
   21   16   10   10    5
    4   18    4    5    5
   26    2    8    8    3
   24   16    2    1    3
   27   25    7    1    4
   26   11    9    7    1
   11    9    6    5    1
    9   15   12    8    4
    2   14   12    4    5
    3    3   11   12    8
    1   24   12    4    4
   14   22    5   12    2
   26   13   12    3    6
    9   30    3    9    1
   27   26   10    3    6
   19    7    9   12    7
    9    8    1    4    2
    8   22   12    9    6
   15   20    8   10    1
   17   19    8    1    4
   28   30    8   11    1
   10    4    5   11    5
   16   14    1    8    5
   12   13   10    4    4
    9    5    9   11    1
   18    8   12    4    4
   18   11    3    7    6
   23   26    6   11    3
    1    1    5    6    7
   13    2   12    8    6
    5   17    7    9    4
    5   29    7    3    1
   17    4   12    9    7
   26   16    4    1    3
    6   12    7    5    8
   13   24    5    1    2
    1    2    2    7    2
   24   14    4   12    1
   12   26    5    9    4
   28    4    7   10    3
    3   15    3    3    3
   18   29    7    8    5
    1   27    5   11    4
   10   19   10    7    7
    7   12    2    4    5
   29    9   11   11    5
   16   18    9    2    2
   19    9    2    6    1
    3   28    4    9    2
   29    6   10    1    1
   13    8    5    2    5
   14   17    9    4    6
   10    8    9    6    1
   21   13    8    9    6
   29    4   10   12    5
   12   27    1    6    4
   25    7    6    1    5
    5    7    5    9    4
   23   15   10    5    3
   19   23   12    7    1
   27    4    8    4    6
   23    8   12   12    5
    7    7    1    9    7
   11   20    4    5    3
    1    8    8    6    2
   16    6    6    3    5
   21   30    6    1    6
   14    7    7   11    6
   17    6    6    4    7
    2    5    7   10    1
   14   18   12    6    6
    8    8   12    1    2
    1   16    4    1    1
   21   10    5    8    1
    5   30    5    2    2
   14   20   10    2    1
   20   24    3    5    1
   28    6    9    6    4
   14    4    5    6    6
   16   28    4    6    4
   21    6   11    7    8
   30   14   11   12    5
   25   19   12    4    4
   29   13   11    7    6
   19    2    5    8    7
   17   17    5   11    5
   21   27    4    4    4
   29   14    3    1    1
   26    1    7   10    6
    8   26    1    6    5
   13   18    7    5    4
   12    4    9   11    5
    6   25    6    7    1
    1   20    7    2    2
   18   26    9    9    2
   10   10    3    6    9
   17   26    9    6    4
   30   23   12    7    6
   10   13    2    3    6
    5   20    4    3    1
   24   12    3    1    2
    7   26    8   11    1
   23   10    1    1    4
    9   25    2   10    2
   10   11   11   12    3
   26   28   12    1    4
    3   23    8   10    1
   18   25   12    4    4
    9   12    5    7    1
   12   12    1    2    8
    4   15    3    1    6
   23   23    9   11    6
   19    5    2    5    4
   17   15    9    8    3
   13   19    4    1    6
   10    5    1    1    4
    4    7    9   12    6
   30   26    8    3    5
   21    2    5    9    9
   14   13    1   12    7
   18   23    8    5    6
   29   23    3    8    1
   15    8   12    1    2
    7   24   10    8    4
   11   15    4    8    2
   24    5   12    9    2
   25   14    8    5    1
   14   23   10   12    7
   16    2    2   11    5
   11   25    8    7    4
   19    4    3    9    5
    6   18    1   12    1
   17   25    5    8    6
   15   26    1   10    4
   21    5    9   12    6
    9   24    8    8    2
   29   24    9    8    2
   29   28    7    8    3
   17   20   11    6    6
   30   18    8    8    2
   10    3    7    2    6
   29   11    9   11    4
   23   13    1    3    4
    9    7    6    7    1
    6    7    9    7    6
   24   18    5    3    1
   19    3    9    9    6
   28   28    1    8    9
   27    5   12    7    7
   14    8   11    4    6
   14    3   11    1    7
   19   19   11    9    6
   10   27   10    7    2
    8    2    5   12    1
   10   25   11    4    7
    7   17    3    7    6
   11    1    1    9    4
   16   29    4   11    3
   30   29    8    5    6
   16   17    1    3    4
    6   27    5   12    4
    3    6   12   10    5
   15    6    5    9    3
   18   17   10    4    6
   15   13   10    1    4
   28   10    3    1    6
