   19    3    8    8    4
   15   19    4    1    7
   23   26    2    8    6
    1    1    9    2    5
   29   23    2    2    7
    8   12   11    7    4
   22   16    5    8    4
    5    5    8   11    9
    8    3   12    8    7
   11   19    1   10    7
   25    2    2    4    5
   27   17    4    6    4
    9   12    1    6    5
   11   13    1   12    5
   23   21    6    1    3
    1   24    8    7    1
   25    5   10    4    3
   11   21    8    6    8
    8    4   11    4    4
   30   30    4    8    6
   20    7    4    6    2
    9    1    2    5    3
    5   18    7    2    3
   27   12    9   10    4
    1   28    3    1    3
   29   26    5    3    3
    5   26    3    6    5
    9   20    5    7    1
   28   29   10    1    2
   19    8    2    3    5
    9   29    9    8    1
   13   13    6   11    6
   21    2    9    1    7
   25   20    8    1    5
   18    1    3   12    3
   14   21    9    3    2
   24   18    1   12    3
   24   27   11   11    3
   13   19    6    1    7
    4    3    2   11    4
    1    8    7   10    5
    4    7    7    6    4
   27   18    3    2    6
   21   17    4    3    6
   15    2   12   11    5
    2    3    8   11    1
   22   12   11   10    1
   24   30    7    4    1
    9    9    6    5    7
   27   25    6    6    8
   14    9   12    5    3
    4   13   10   11    5
    6   21    4    5    7
    6   13    6    1    4
    5   20    4    2    4
   23   11    9    7    5
    2   18   10    1    6
   10   29    1    8    5
    6   26   12    3    4
   15   22   11    1    3
    6    6   11    9    8
   20   20    3    9    8
   19    7    4    6    5
   28   24   10   10    4
   16   13    8   11    7
   22    8    8    3    5
    7   29    1    1    2
   25   13    7    9    7
    4   14    9   12    7
    5   27    2    5    4
   16   27    3    4    8
   16    3    1    9    3
   25   25    1   11    4
   27   23    1   12    2
   27    7   12    4    2
   15   20   12    6    4
    5   17   12   11    6
    2   13    4    6    5
   26    3    1    7    5
   10   27    7   12    3
   30   29    6    1    8
   12   12   11   12    9
   30   22    2    1    5
    3   22    1   12    3
   24   10    9    4    2
   12   11    8   11    7
    6   23    8   11    9
   28   23    4    4    7
   11    9    1   12    4
   14   15    2    5    8
    6    8    7    9    5
    2    8    5   12    5
    9    6    6    3    3
    1    4    3    4    4
    3   28   11    2    3
    2   29   10    5    3
   16   25   10    9    6
   24    8    3    3    4
   17   11    8   11    8
    6   19    2   10    3
   22    7    9    6    2
    3   30    9    4    2
   10   15    4    7    6
   17   22   11    4    6
    2   17   10    8    8
    1   14    4   11    7
   17    1    9    1    6
    5    8    8    7    8
   14   18    8    6    8
    7   21   11    9    1
    4   26    5   10    1
   18    6    3    8    1
   26   14    8    7    2
   21   26   11    5    1
   21   25    9    2    3
    4   18   12    7    8
    3    6    6   11    3
    3   24   10   10    5
    4   30    9   11    4
   10   13    1   12    2
   19   10    9    6    8
   12   14    4    1    8
    9   15   12    3    8
   21   13    7   12    6
    7    5    1    1    4
    4   20   12    6    8
   11    7    3   12    8
   27    4    9    7    4
   28    2    2    8    6
   22   19    5    6    7
   18   18    3    5    8
   24   19    9    4    8
    1   19    9    7    7
    5    2    2    6    2
    7    8    4   10    8
    6   16   12    6    4
    4   16    9    6    4
    3   10    5   11    8
    2    7    8   12    3
    7   15    6    9    6
   27   27    4   12    3
   22    4   10    6    6
   27   22    5    2    4
   24   23    4    4    1
    6   30    5   12    5
   11   25    2    9    6
    3    3    5   12    7
   11   29   11   10    4
    3    7   10    8    6
   12   15    3   10    4
   21   19    7    8    3
    6   29    4    3    2
   26   13    8   11    4
   28   25    4    9    4
    4   23    7    6    6
   26   30    6   10    3
    7   30   10    4    3
   28   16    2   11    8
   23    3    6   11    7
   13    5   12    2    4
   27   26    3    2    8
   27   11    3    1    1
   11   11    3   10    9
   16   29    9    6    7
    1   25    1    6    5
   18    8    6    4    6
   26   22    3   11    6
    9    3    3   10    7
   27   28   10    6    5
   18   12    3   10    4
   16   16    6    5    8
   19    5    3   11    6
   30    5    6    3    8
   30   13   10    2    4
    7   13   12    4    3
    7   14    8    5    3
   22   20    8    3    6
    8    8    2    5    6
   19   20   11    5    3
   15    3    3    9    5
   15   11   10    4    4
   25   14   12    5    3
   12   17    1    9    6
   16   20    2    4    7
   14    2    2    8    8
   23   10   10    3    1
   26   12   12    1    4
   20   14    8    4    8
   16   11   10    3    8
   10   18   11    3    7
   11    4    6    6    9
    9   27   12    4    8
   26   19   10    2    6
    1   10    2    1    9
   20    3    6    7    4
   28   17    5    1    3
    7   25   11    6    4
    4   28    1    9    5
   30    2   12    7    7
    6    4    8    2    7
    3   13    9    6    7
    9   13    4    3    7
    6   10    1    2    4
    8   21   10    2    3
   13   29    9    3    6
   23   25    3   12    7
   28   11    4    9    4
    4   19    2   12    6
   20   27    3    8    6
   22   22    6    8    7
   15    6    8    7    4
   15   21    9    3    5
   27    1    7    4    7
   26    9    2    9    9
   22   25    2    2    2
   21    5    7    1    3
   30   14   11    4    6
    2   12    8    2    8
    8   25    2    5    6
    9   17    1    9    5
    9    7    5    7    7
   29   27   10   12    4
   26   26   12    5    8
   20   12    3   11    7
   15   30    6    4    4
    6   11   10   12    7
    9   30   10   11    5
   26   28    7    3    6
   24   16    5   11    3
   10   11   10    6    8
   14   22   12   10    7
   13    1    1    6    8
   14   17    3    7    6
   12    7   11    2    3
    4    5    1   11    8
   19   29    5    3    4
   10   14   12    8    6
   16    2   10    4    7
   12   10    6    1    3
   24   24    7   10    9
    2   19   10    7    6
   10   25    3    7    6
   28    9   10    5    2
   23   17    1    5    4
   29   20    7    6    2
   30    1    1   11    7
   12   24   10   11    4
   11    1   12    1    8
   20   10   12    1    4
   23    5   12    2    3
   29    4    1    9    2
    8   14    9   10    8
   14   27    7    7    4
    6   14    7    6    8
   20    8    3    8    7
   17    6    4    2    6
    2   10    5    3    4
   22    5   12    9    8
    1    6   11   10    4
   17   16    2    6    3
   26   20    9    1    8
   13   17    6   12    9
   16    5    3    1    2
   18    3   10    9    5
   23   12    3   11    2
   18   23    2    9    3
   20   24    3   12    8
   24   17    6    1    5
    5   12   10    3    4
   10   30    5    9    6
    7    7   11    5    8
   17   19    2   10    7
    8   13   11    1    6
   28   18    7   11    2
   14   29   11    7    6
    5    3    6   10    9
    3   14    6   10    4
    2    2   12    2    9
    6   22    7    8    3
   26    8    2    3    2
   27   15    9    3    7
   11   30   12    1    4
   17    8    2    9    8
   19    9    9   10    4
   11    3   11    3    4
    4   12    1    2    6
   11    5   12   10    5
   11    2    2    9    9
   29   12   10    7    4
   16    9    4   11    4
   10   10    1    5    7
    4   15   12    3    2
   13   24    3    4    4
   18    7    2    8    2
   21    4    3    9    9
   22   13    1   10    7
   19   27   11    3    2
   18   13    7   12    2
   10   28   10    3    3
    7    1   12    8    7
   30   27    6    7    4
   17   10   11    2    8
   28    6    3    7    3
   15    5    1    1    6
   18   26   10    2    7
    8   30   10    6    4
    1   12   10    2    8
   23   23   11    4    4
   20   28   10    3    7
   17   17   10    8    8
   13   27    1    6    3
   28    5   10    6    4
   22   23    7    4    3
   20    2    3   12    9
   27    3    8   10    3
   20   30    7    7    4
   17   18    7    4    7
   15   16    5    5    6
   19   18   12   12    6
   28    7    8   11    2
   28   15   10   12    4
   20   13    7   10    2
    7   17   11    8    2
    9    8    6   12    6
   16   10    4    1    4
   18    9   10    3    7
   25   29    7   12    3
   12   13   10   11    5
   30   17    8   10    8
    1    5    9   11    4
   14   14    4   12    7
   12    3   10    8    3
   25   19   10    5    2
    5   10    2    8    7
   26   24    5    4    5
    1   16    2   12    8
   24    4   11    5    3
   16   18    5    3    8
   22   11    3    4    2
   16   19   12    1    8
   22    9    2    6    4
   15   15   10    2    3
   30   16   10    2    8
    1    3    2    5    9
   12   28    6    8    4
   23   20    7    5    7
   17    4    5    2    8
   28   21    7   12    4
   25   17    3    2    8
   25   26    4   11    8
    4   25    7    3    6
    8   11    2    2    4
    2   27    5   11    3
   26   10   12    1    7
   15   13    8    7    3
    7   16    4    1    8
   10    9    4    4    2
   22   28    1   11    2
   30   25    6    2    7
   29   21    4    4    4
   19   28    9    4    3
    9    5   11    8    7
   14   19    7    7    7
    3   17   12    8    4
    1   26    5   11    3
    9   21   11    7    3
   10    8   11   11    3
   18   21    6    7    7
   10   22    3    1    5
   28    8    3   10    7
   19   19    6    9    8
    2   24   12   10    4
   14   13    3    4    4
   20   21    9   12    7
   14   24   11   11    4
   18   15    2   10    8
   11   18    8    3    3
   21   27   10    3    4
    6   25   12    5    4
   12    6    5   12    9
   26   15    5   12    8
    6   27    2    8    6
   28   14    9    7    1
   15    8    9    2    4
   23    8   11    8    4
    1   29    4    7    3
   27    8    2    4    1
    5    6    8    8    3
   24   21    5   12    2
    6    7    8    8    6
   21   10    4    4    6
   14    5    4    1    4
    4    4    4    1    9
   23   16    7    7    2
   24    5    1    4    6
   24   15   10    4    5
   23   14    1    2    6
   26    2    7    3    7
    6   20   11   10    6
   19   30    6   10    8
   12   16   11    3    6
    1   21    3    7    4
   21   12    9   11    7
   25    9   12    7    7
    2   22    8    6    3
   20    1    1    4    6
   22   29   11    8    3
   15    1   11   11    6
    9   24    7   12    7
    7   26    1   11    6
    4    2   10    5    8
   23   13   11   10    3
   17   26    3    2    7
   21   22    8    2    2
   21   30    7    8    8
   20   11    3    8    2
   12   19    4    3    7
   22   24    7    7    8
   29   18    2   11    6
   15   25    5   11    7
   21   21    5   10    9
   20   18    5   10    4
    1   23    1   11    6
   15   29   10   12    8
   21   16    4    2    4
   28   28    6    9    8
   30   12    1    1    7
    3   29    3    4    6
    2    6   10   10    8
    1    2    3    7    6
   14   11    9    9    7
    9   23    8    9    7
    8   16    9    6    3
   15   17    1    6    3
    6   24    8   10    4
   17   29    3    4    8
    2   23    4    5    4
    7   24   12    1    3
   16   14    4    4    7
   18   25    8   11    8
   26   16    7    5    7
   28   30   11    2    3
   24   25    1   11    4
   13   28    1    9    1
    8   29    4    9    3
    9    2    7    6    2
    1   22    9   12    4
   25   12    6    5    3
   11   26    5    4    7
   18   22    8    8    6
   30   23    9    1    8
    9    4    5   10    3
    7   23    1    2    4
   18   30    4    3    3
   10    4    9    6    3
    3   25   10    3    7
   15   23    3   12    4
   24   29    1    3    3
   29   29    9    7    9
    3   21    3    4    8
   24   11   10    9    6
    5   29    5    5    7
   23   19    3    3    6
   17   20    7   10    8
   10    7    1    3    7
