   18   18    1    8    8
   25   25    8    2    2
   14    4    7   11    5
   15   17   12    7    3
   16    9   12   11    4
   24    6    9    3    1
   29   22    1    7    3
   19    5    3   11    5
    2   19   10    5    5
   16   11    5    6    3
   30   30    4    2    6
   22   12    5   12    4
    5   15    7   11    4
   25   24    1    6    2
    5   21   12    7    3
   30   28    1    5    2
    1   15    7    9    1
   18   11    2    6    3
   16   10    6    3    4
    1   18    7   11    1
   30    4    6   11    2
   22    4    7   12    2
   23   22    8    1    1
   14   21   11   12    8
    1    4    6    9    6
   30   26    8    2    3
   17   26    6   10    3
   10   24    4    9    1
    5   22    6   10    6
   20   22    3    5    2
   19   15    7    5    1
   15    7   11   10    3
   15    6    9    2    1
    6    1   11    1    3
   23    5   10    4    1
   19   10    5    7    3
   29    3    7    4    1
   12   16    9    2    3
   25    6    6    7    1
   21    7    8    2    2
   16    2    3    3    6
   17   30    5    2    4
    1   30   10   11    2
   22   14    9    9    1
   27    3   11    5    4
   14    6    4    4    2
   20   27    1    2    1
   13   24    2   12    5
   11   12    9   12    2
   18    5   10   12    6
   23   29    3   12    6
    3   11    6    1    3
   12    5   12    3    1
    9   15    4   11    4
    1   28    4    7    1
   14    2    9    2    6
   25    5    5    1    1
   23   25    1    6    2
    8    3   12    3    7
   20   10    4    6    2
   20   16    5   10    1
    7    1    7    1    2
    8   14    9    4    4
    7   13   10   11    2
    7    4   12   11    6
   30   14    3    5    1
   20   18   10    1    8
   24   26   11    5    2
   30   11   12   10    1
   23    7    8    1    2
   18    9    6   11    3
   12   18   11    9    2
    7    7   12    4    9
    2    9   12   12    3
    5   27    7   11    2
   25   20    6    1    1
    1    9    8    5    1
   11    1    9    6    1
   19   18    6   11    1
   29   21    1    6    2
   28   14   10    1    1
   26    1    6    9    2
   10   27    7    7    1
   22   22    2   10    3
   13    1   11    9    7
   28   13    6    1    1
    8   12   11   12    1
    8   27    7    8    2
   27    2    4    7    2
   10   26    9    1    4
    3   20    3    3    3
   24   19    3   12    4
   22   16   11    1    2
   25   19    8    9    1
   21   22    1    4    4
    8   25   10    4    1
   28   22    4    6    1
    6   12    2    5    6
   11   10    2    6    3
   19   14    6    8    6
    9    9    7    2    8
    2    4   12    6    6
    3    2    2    3    2
   26    2    9    3    1
   21   13   12    2    2
   15   27    8   11    1
   19   19    4    8    3
   18    4    7    9    1
   24    5    6    1    3
   25   11   10    3    1
   25   16    1    1    2
   21   23    1    6    1
   23   19    4    6    3
   14   26    5    7    2
   10    4    3    7    1
   30   10    2    6    2
   27   25    7   12    8
    4   20    4   12    1
    2    8    7    8    4
    7    2    1   12    1
   15   10    6    6    1
   16   27    2    2    1
    6   10    1    4    1
    9   21   12   11    1
   28   28    7   11    3
   12   10    9   11    3
   26    8   10    9    2
   15    2   11    9    2
    3   23    2    1    1
   12   15    1    6    1
   16   13    5    4    5
    1   21   10    4    2
   23   11   10    5    1
   30   27    2    5    7
    3   18   11    8    3
   14   16    3    3    2
   13    3    1    9    1
    2   30    5    9    5
    2   21    1   11    1
   26   19   11    8    6
   12    9    8    9    1
    1   19   10    4    2
   24   20    4    2    1
    4   15   11   10    1
    8   28   10   11    1
   19   30    7    5    2
    1   24    4    9    8
   30   16    3   10    1
   26   29    2    9    1
   17    1    7    7    1
   21    3    8   11    1
   19   11    9   12    6
    8   30    6   12    1
   30    3    8    8    1
    8   23    5    3    1
    4    5    9    4    3
   13   30    4    9    4
    1    8    4    6    5
    9    6   10    5    1
    6    4    3   11    3
    7   25    2    2    5
   23   18    1    2    6
   27    9   11    8    5
   29    6   10    1    4
   10   17   10    3    6
    9   30    2    8    2
    1    2   10   10    2
   10   29    9    7    5
   22   30    6   12    5
    8   24    7   11    2
   18   30    6    8    3
   14   20    4    6    6
   12   12   12    3    6
   19   28    1    4    5
   10   28    9   12    1
   20   23   11    5    4
    8   11   12    9    6
   20   29    3    5    1
    6   17    1    5    1
   17   19    4   12    7
   28   20   11   11    1
   22   10   12   11    1
   21    6    6   11    5
    1   12    1    9    5
   17   12    9    7    5
    5   28    1    9    1
    8   29    6    8    3
   25   10    2    2    2
   26   28    2    6    3
   11   11   10    9    7
    3   24   12    7    5
    5   11   10    8    1
   20   17   11    3    4
   21   30    9    4    7
   18   21    7    1    1
   24    9    5    8    1
   19    8   11    1    7
    3   22   11    1    4
   27   24    8   12    6
   26   27    9    4    1
   21   12   12   11    9
   30    5    1    3    1
    7   19    3   10    4
   15   23    7    6    1
   17   28    7    4    1
    3   14    6   10    4
   29   13    9    2    1
   17    4    4    8    5
    7   24    4    7    6
    8    8   11   10    9
   14   12    1    3    3
   21    4    6    9    9
   21   20    5    5    1
   22   19    9    8    1
    7   16    8    4    3
   16   29   11    2    2
    6   11    4   12    2
    1   25    6   12    2
   16    8    3   12    1
   18    7    7    1    3
   25    9    6   10    4
   29   30   10    8    3
   17   22    4   11    1
   17    8    5    7    5
   13   15    6   11    5
    8   13    7   11    4
    9    5    7    9    2
   29    2   11   11    2
    8    7    2    6    3
   13   23    6   11    1
   27   12   11    1    2
   22   26    7   10    1
   13   19    9    5    3
   19    9    5    2    3
   21   11    3   10    4
   10   13   11    7    5
    2    6    7   12    1
   27   23    2   10    3
    1    1   12    7    3
    5   29    8    9    1
   16    6    5    5    2
   17   25    4   12    3
   16   26   12   11    8
    6   30    5    9    4
   27   11    5    8    6
    7   14    2    7    5
    4   26    5   12    1
   17   16   11    7    6
   25   26   11   12    3
   21   15    2   10    1
   13   14    7   11    4
    3   16    2   12    1
    1   20   11   11    6
    3   26    5   11    4
   18   27    4    2    2
   20    7    1    3    4
    8   20    3    1    1
   21   10    5    1    1
   14   14    4   12    1
   11   17    7   10    6
    6    8    5    8    6
    6    7    5    5    5
   19   12    3    6    1
   20   30   12   12    1
    6   19   12    3    5
    3   19    9    1    4
    8   21   11    2    1
    7   28    7   12    1
    9   26   10    8    4
   14   25    7    1    1
   11   26    3    4    1
   15   15    5    9    9
   13   11    4    1    7
   29    9    8    7    1
    1   16    1    5    2
   21   24    6    8    2
   22   11    2    8    1
    5    2   12    3    3
   24   30    3    1    4
   14   18    9    8    7
   14   27    8    9    4
   15   26    7   10    4
   29   17    2   12    4
   18   15    2   12    6
   26   23   12    6    5
   29   29    6    3    4
   27   29    9    7    1
   16   18    1   10    3
    8   22   10    7    1
   25   29    6    5    1
   22   18    5    9    4
   21   27   12    4    4
    2    2    9    3    7
   24   18    9    3    1
   23   12    7   11    1
   11   15   10   10    1
   14    1    9    4    7
    2   22    3    9    1
   22    9   11    4    1
   16   16   12    3    5
   18   28    6   12    6
   21   21    2   11    7
    6   27   11    3    1
    2   17    9    5    4
   27   27    7    3    6
    4    4   11   10    8
   11    2    7    9    1
   15   29    1    7    1
   23   24    7    1    7
   29   28    2    2    1
    1   22    2    5    4
    4   28    7   10    1
    4   23    7    8    3
    4   13    7    1    4
    1   23    1    7    1
   26   21    2    9    1
   23    2    8    2    2
    4   25   11    8    1
   15   28   12    2    1
    3   10   12    4    3
   29   14   10    4    3
    7   10   12    7    1
   23   16    4    2    4
    4   12   11    1    5
    3   15    5   12    6
    1   10    4   11    5
   22   15    1   12    1
    7   12    1    1    3
    1    3   12    6    5
   26   26    7   10    5
   18   17    2    5    5
   24   17    9    3    3
   28   27    1   12    1
    6    5   10   10    1
   20    5   11    1    1
    6   18    5    1    3
    4    8    5   10    3
    2   25    4    4    2
   25   15   10   10    1
   15    8   10   10    1
   22   25   11    6    1
    4    3    6    7    2
   10    2   10    3    6
    6   20   11    6    6
   13   26    1   10    3
    5   10    7    3    3
   19    4   12    2    6
   15   16    7    6    5
    9    3    6    6    5
   24   29    3   12    1
   12   26   10    6    1
   16   19    1    6    2
   23   10    6    4    1
   30   12    6    4    1
   29    7    5    4    1
   11   24    3    7    1
   17   21    4    8    1
   12   24   10    9    1
   20   20   12    2    3
    6    6    6    3    6
   13   27   10    7    2
   29   11   12   10    1
    6   26   11    4    1
   30   25   11    1    2
   13    2    1   10    3
   30   23    1   10    3
   18    8    8   11    3
   24    4    9    2    3
    9    8   12    6    1
   10   18   10    3    7
   18   29    8    6    3
   19   29    1   10    2
   30   15    4    5    1
   28   23    6    7    1
    3   28    9    2    2
   22   27    7    4    1
    3   25    6    7    1
   23   17    6    5    3
    6    3    9    3    1
   17   17    6   12    6
   27   19    1    8    4
    1   29    4    5    1
   28    9    4    1    1
    6   13    3    2    1
    7   30    1    2    1
   13   13   12   10    6
   28   11    9    5    1
   25   13    9    6    1
    4    9    5    7    2
   19   20   11   12    1
   28   16    7    2    1
    9   13    9    3    4
   28    2    1    4    6
    6   28    4    9    2
   17   27    6    2    2
   25   12    9    4    1
   12   29   12    6    1
   22   24    6    1    4
    3    3    2    6    6
   20   11    1   11    4
    8   10    9   10    4
    5   13    9    6    1
    4   11    2    5    2
   26   20    1    6    1
    4   16    2   11    4
    5    8    5    4    5
   16   21    9    3    1
   20   15    9    2    3
    7   11    6    8    5
   14   23    2    5    1
   23    9    3    5    1
    9   14    1    9    1
   18   26    8    8    6
    4   27    7    6    1
   13   20    6    8    1
    6   23    7    1    6
   22    6    5    8    1
    5    7    2    5    1
    5    5    1    8    6
   17    3    8    3    1
   16   24   10    4    3
   23   23   11    9    1
   13   22    4   12    3
   12    3    9    3    1
   10   14    3    5    1
   21   25   11    1    1
   10    9    2    5    1
    2   12    2    3    3
   12   13   10   10    2
    5   26    6    5    3
   18   25    3    4    2
   18    2   10    2    1
    1   27    5    2    1
   24    2    1    6    1
   13   17   11    1    6
    5    1    4    6    7
   10   10   12    6    3
   21   28   11    4    1
   24   28    1    1    2
    7    3    8    5    1
   22    7   10   10    3
    5   14    5    3    1
    9   17    8    5    4
   17   14    5    1    4
    3    5    3    6    7
   17    5   10   10    3
   24   24    8    5    7
   19   21    3   10    7
   15   24    6    1    4
    9   11   12    5    1
   12   28   11    2    6
   17    7    3    1    6
    9   20    6    9    1
    7   27    5   10    1
   24   14    8    2    1
   29    4    5   10    1
   20   12    3    3    4
   13   18    3    1    6
   14   15    4    6    1
   28   25   12    1    1
   11   14    6    6    1
    7   26    1    4    4
    7    9    6   12    1
    5   16    2    1    6
    2   20    6    8    1
