   25   18   12    5    7
   22   26    8    6    2
   24    1    5   12    7
    7    2    1    3    3
   26    2    6    2    6
   26   28    7    6    3
   29   20    9    1    2
   25   17    1    8    2
    3    6    7   11    3
    4   11    9    6    8
   13    1   12    1    8
    1   21    7    1    7
   23   16    6    2    6
   25   28   12    7    3
    9   12    1    6    3
    9   16    3    5    3
    1    1    9    5    8
    3    3    8    4    8
    6    9    3    5    3
   27   12    8    5    7
   24   16   10   10    6
   20    4    2   10    6
    4   30    7    8    5
    8    4   12    4    6
    3   17    4    3    3
   21   16   12    8    6
   19   25   11    5    2
   21    5    5   10    2
    2   19    6    2    7
   23   14    8    5    7
   15    7   11   12    7
    8   17    6    7    3
   28   18    2   12    3
    4   12    1    3    8
    5   13    1    2    8
   13    2    1    7    4
   27   14    4   11    5
   26   25   12    9    8
    1   27    3    7    6
   20   22   11    4    6
   21   26   12    8    6
   14   24    6    5    4
   21   20    1    1    4
   25   15   12    6    5
   29   25    6   11    3
    4   18    5    8    4
   17   12    3   11    4
   17   19    4    4    6
   16    4   10    6    6
   24    8    9    6    6
   18    2    6   10    3
   16    1   12   12    3
   26   23    5    7    3
   29    5   10    1    7
   26   24   10    9    4
   22    2   12    5    6
    3   11   10    2    3
   14   20    6   12    3
   24   30    3   12    6
   27   10    5    3    6
   16   17    5    3    3
   19    3   11    4    7
    4   27    5    4    6
   16    6    8    2    7
    2    2    6    4    7
    5   27   11   11    7
   27   16    1    9    7
   17   17    6    2    7
   19   15    5   12    6
   22   27   12    9    7
   12   23   10   12    7
   25   25    6   11    4
   11    1    2    5    5
   21   17    7    5    3
    5   14    7   10    3
    9   27    6    6    3
   14    3    8   11    6
    3   23    5    1    4
    7   16    4    3    4
   28   16    6    3    6
   27    7    2    2    3
   29   30    7    8    3
    7   30    7    7    3
   27    3    8    4    3
   21    6    8    3    8
    6    6    6    3    8
    9    9    1    9    8
    8   11   11    8    8
   20   11    2    7    5
   29   22   12    4    3
   22   13   10    2    8
   13   30    1   10    6
    1   26   11    7    7
   22   25    3   10    6
    3   16    1   12    4
    6   14    8   11    3
   14   28    3    1    5
   18    1   12    8    3
   23   23   11    2    3
   22   10   10    6    6
   27   15    6    1    3
    2   15    2    5    3
    2    9    9    9    3
   12   16    3    5    6
   19   21    6    7    6
   13    7    3    5    6
   27   27    4    6    6
   10   19    9   11    3
   24   10    4    1    7
    9   24   10    1    7
   15    5   11    4    7
   21   12   10    6    7
   23   28    1    8    7
    8    8    6   12    7
    1   30    7    6    3
   29    7    5    1    3
   20   25   12   11    8
    7   25    3    6    3
   15    6    9    1    3
    3   21    9   12    3
    6    7   12    1    7
    6   11    5    4    7
    3   18   10   12    3
   18    5   11    8    3
    4    7    4   10    3
   11   21    5    4    5
   24   24   10    3    7
   19    4    7   11    7
    5   28    9    5    7
   19   19   10    4    7
   24   11    1   10    3
   18    8   11    8    3
   13   17    3   11    4
    4   17    6   10    4
   30   11    2   12    4
    1    5    4    9    4
    2   29    7    9    4
    8   14    2   11    6
   29    3   12    4    4
   19   26    7    5    4
   26   27    5   12    3
   12   24    3    7    2
    6   28   11    3    6
    5   10    4    9    7
    9   18    3    5    4
    3    1   10    4    7
   25    8    5    9    3
   14    7    4    4    7
    5    5   12    3    7
   25   13    8    1    3
   20    9   11    2    3
   16   29   11    4    4
   23   30    9    4    3
   28   29   10    5    3
   10    8    2    9    3
   27   28    7   12    7
   17   30    2    6    7
    8   26   11   10    7
    5    8   12    4    7
   26    3   10   10    3
   29    4   11    2    7
    5   30   11   10    3
    8   21    7   10    7
   23   21    8   12    6
   20   16   12   11    4
   12   20    2   12    4
   29   24    2    2    4
   29    8    5    1    4
   11   14   12   11    6
   25   12    5    5    3
   26   26    2    4    3
    8   30    3    5    4
    5   17    1    2    3
   12   26    3    6    3
   20   20   12    1    3
    1   12   11    4    4
   18    7   10    9    7
   14   12   11   11    7
   24    5    6    9    8
   28   11    2    1    7
   13   18    4    7    4
    9   15    7    2    3
   13   27    2    7    3
   29   14    1    5    3
    1    7    4    4    7
    3   20    9   12    3
   21   27    7   11    3
    2    3    1    9    3
   14   14   11    5    8
   21   18    8    1    7
   20   30    6    1    7
   12   12    4    5    8
    6   22    5    8    3
   21    7   11    8    6
    2    6    6   10    6
   18   10    7    1    3
   20   17   11    4    6
   16   25    6   10    4
   13   14   12    3    7
    7   23    1    4    3
   26    4    5    5    3
   22    7    6    7    6
    9   22   12   11    6
   20   27   12    8    6
    7   19   12    7    3
   18   11    3   11    3
   19   13   10    4    6
   18   23    9    1    6
   11   26    3    7    3
   30   25    2    2    3
   28    8    9    5    6
   28    1    4   12    7
   15   10    8   10    7
   19   30    1    1    3
   22   16   10    4    3
   23   29    7    5    3
   23   25    6    8    7
   12    8   11   10    4
    3   10    6    4    4
    6    8    2    6    4
   18   20    5   10    4
    7    3    7    7    7
   15   24    5    3    4
   21   30    6   10    8
   28   15   11   10    8
    2   25    6   10    3
    7    5    3    8    3
   24   28    6    3    6
   16   15    6   12    7
   15   11    3   11    6
   12    2   11   10    7
    6   10    2    1    3
   13    3    5   12    8
   15    3    7    1    8
    6   26   11    1    3
   27   29    1    2    2
   18   29   10   11    2
   24    3    6   11    2
   20   28   11    9    2
   27    8   11    5    2
   20    6   11    8    2
   17   28   12    2    6
    9    8    2    1    3
    7    8    1    1    3
   23   15    7    4    4
    5    3    1    3    6
    2    8    8   11    5
   29    6    4    9    3
   18   18    5    8    8
    4    9   12   12    4
   19   24    7    4    4
   29    9    3    9    4
   10   25    6   11    4
   22   14   11   12    3
    6   23    3    3    2
   10   12    4    6    2
    3   12    6    7    2
    6   12    2    7    7
   10   14   10    3    2
    9   17    7    5    2
   21   22    7   12    3
    9   26    2    2    6
   13   26    9   11    3
    1   29    3    4    2
   11   10    5    1    2
   23   13    7    5    2
   25    1    4   12    2
   29   13    2   11    6
   30    9    4   11    3
    1   14    4    7    3
   11   13   10    3    2
   17   26   10    6    7
    2   30   12    6    3
    1   22   11    9    3
   11    2    7    9    6
   29   15    5    3    3
   24   23   11    7    2
    7    7   12   11    6
   23   27    2    4    3
    9    1    4   12    2
    6   18    5    5    2
   16   19    1    8    6
   11   25    6   10    3
    1   20   11    2    6
    5   23    3    3    3
   21   21    3    5    7
   22   15    6    1    2
    8    3    6    1    7
   18   14    6    4    7
   13    4    5    5    7
    4    1    4    7    3
   14    4    6   11    3
   28    4    8    8    3
   16   14    9   12    3
   17   14   11   10    6
   25    5   11   10    3
    1    8    7   11    2
   15    1    6    1    2
    2    1    3    3    7
   24   13    5   10    6
   25   24    6    2    3
   18   24   10   10    6
   14   21    4    3    6
    3   28    7    4    3
    4   25    3    1    2
   12   28   12    6    6
   30   16    6    6    2
   30   14    1    8    6
   23   19    1    8    2
   19    1   12    2    3
   21   28    5   10    2
   19   11   10    3    2
    9   13    6   11    2
   10    7    2    2    6
    9   21   10    9    2
    2    4    7    4    2
   21   24    8    4    2
   22    5    4    1    2
   22   30    1    8    2
   11    9    9    9    2
   18   16    6   12    6
   24   27    6    6    2
   26   10   11    8    2
   30   26    9    7    6
    1   17    3    9    6
    8   16    6   11    6
   19   12    1    9    2
   29   19   12   12    2
   12   15    8    5    6
   20    7    1    6    2
   12    5    3    5    6
    4   15    9    7    6
    6   17   11    6    6
    4   24    3    2    6
   11   11   11    7    6
    8   15    6    9    2
   17   10    4    9    2
   27    6    9    3    7
    9    3    3    6    6
   23    8   11    5    2
    2   28   12   12    2
   23    4    1    6    2
    5    6    6   10    6
   13    8   11    2    6
   17    2   10    7    2
    2    5    2    3    2
    3   30    9    7    2
   22   22    3    6    6
   15   18    6   11    3
   14   19   12   11    6
   20   19    8    8    3
   15   21   10   12    2
    2   20    6    7    6
   15   20    3    2    6
   22    8   10    2    6
   13   28    4    5    6
   12   11    5    4    7
   21    2    8    7    7
    6   30    6    3    3
   13   13   10    3    7
   29   11    6   10    3
   17   23   10    6    3
   27   18    8   12    3
    4   21    7    4    3
   24   20    7    5    3
   21   29   12    4    3
   19   22    6    4    3
   10   28   10   10    3
   30   10   10    2    3
   20   10    5    1    3
   23   10   12    1    2
   14   26    8    1    4
    4    5    5   11    3
   25    6    7    5    2
   28   19   10   12    2
    2   27    2    2    4
   25   27    4    5    3
   22   28    9    3    6
   10    2    1   10    4
   12   29    8   11    3
   30   30    4    2    6
   24    2    4   12    6
   29   10    3    6    6
   13   15    3    7    6
    4    4   10    3    7
   10   21    1   10    3
   13    6   11    9    2
   15   17   11   11    2
   28   28    5   12    6
   18   30    2    6    7
    5   11    9    2    3
    5    9   12    7    3
   23    1    3    8    2
   11   17    4   11    6
   22    3    4    4    6
   16   11    7   10    7
   18   12    6   10    3
   25   14    2   12    3
   26   29    5    2    6
   12   22    6    6    6
   23   11    6   12    6
   26   20    7    5    3
   15   15   12    7    7
   27   11    2    8    2
    6    1    9   10    2
   28   30   12    1    3
   18   19   12   12    2
    6   24    7    9    3
   22    4    3    1    2
   16   16   11    2    7
   26    7    9    4    3
   26   15    5   11    2
   23   22    5    4    2
   15   30   12   12    2
    5   16    2    9    7
   19    5    1    7    3
    9   23   10   11    2
    9   25    5    5    2
   15   14    8    6    2
   12   13    7    5    2
   22   17    8   11    2
   17    7    8    7    2
    2   16    4   12    2
   11    7    6    9    2
    7    9    6    1    2
   10    1    7    6    2
    7   12    4   11    2
   11   22    2   11    2
    3   25    8    6    2
   27   30   12   11    3
   18   22    1   10    6
   30   12    6   12    5
   26   16   12    9    6
   13   16    1    3    6
   18   17    2    4    3
    7   24    8   10    6
    6    4    2    6    2
   10    4    9    8    2
   26   18    8   11    2
   20   23    3    4    6
   14    9    9    5    2
   10    9   12    1    2
   26    5    5   12    3
   29   17    9    9    2
   10   10    6    5    2
   17   27    4    8    3
    6   19    8    6    6
   25   21    9    8    2
   10   13    1    5    6
   17   24    4    2    6
   21   13    5   12    6
    3    4    3    7    6
   28    9    4    7    2
   20   13   12    3    2
   27   19    8    3    3
    5   20   10    1    2
    9   19    4    9    6
   20    8   12   12    2
   24   22    1    9    2
   29   29    2    1    6
   23    2   12    8    7
    2   14   12    9    2
   19    8    5    1    6
   28    7   10    7    2
   10   16    7   10    6
