    1   27    9   10    7
   13   21    1   11    7
   28   19    3   12    9
   15   17    8    8    2
    7    8   12    4    8
    6   28   10    6    7
   24   20   11    3    6
    8   21    1   12    9
   21    5   11    6    5
    3    3    2   12    4
   11   13   11    8    5
   29   25   11    8    9
   23   12    9    5    7
   17   11    4    2    8
    9   16    5    2    4
    5   27   11    1    4
   16   21    7    7    8
   11    5    6    4    6
   13    7    7    9    4
   28   21    7   11    3
   11   21    7   12    8
    5   12    7   11    6
   14   11    8    2    9
    2    1    5    6    7
   16   25    2   12    6
    7    1   11   11    4
   23   28    2    2    4
    9    9   11    2    8
   11   16    9    1    6
   24    1    5    2    4
   16   26   10   11    7
   16   30    6    4    7
   21   25   12    8    4
   19   14   10    5    8
   15    4    9    5    8
   19   18    5    8    7
    4   13   10    3    6
   17    7    4    2    6
   22   17    2    9    4
    5    7   10   10    4
    9   10    4    4    3
    3   12    7    6    8
   12    6    4    8    8
   29    3    4    6    4
    1   11    8   12    4
   21    4    3    7    4
    6    3    3   11    3
    2    4    6    3    8
    2    2    4    6    9
   30   28   10   10    2
   17    2    6    8    8
   20   15    1   12    3
    5   25   11    8    3
   20   20    4    1    8
   26   25    7    1    9
   16   12   10    9    6
   23    7   11   11    5
   15   22    9    9    3
    2   15    6   11    5
   21    2    3   11    8
   29   23    1   12    3
    4   28    7    6    8
   12    4    9    9    8
   26   15    1    9    6
    3    4    9    3    3
   13   24    6    4    4
   23   23    6   10    8
   20   14   10    8    8
   26   30    4    1    8
    1   10   12    6    3
    8   23   10    3    2
    5   18    3    7    3
   28   26    8    4    4
    2   27   12   10    4
   22   24    3    6    3
   29   20    3   10    7
   27    8   12    1    6
   12   12    1    7    9
   26    6    5    1    7
   12   24    2   12    7
    6   25    9   11    4
    2   20   12   11    7
    1   20   12    2    4
    1    9    1    5    6
    5    5    3   11    8
   17   25   12    8    3
   17    4    4    5    6
   25   30    8    3    3
    3   17   10    6    7
   27    7    3    5    2
    9   29   11    8    8
    1    4    5    4    8
    5    2    2    6    6
    8   20    2    3    7
   14   23    4    1    8
   10    2    3    4    7
   26   18    5    4    8
   13    9    8    5    7
   27   27    1    8    8
   16   22    6    4    6
   14   18    5   11    4
   18   15   11    5    3
    6   18   10   10    3
    7   29    1   11    6
    8    6    4    6    2
   30    7    5   12    6
   25   23    8    2    5
   21    6    7    3    8
   30   21    8    6    8
    6   24   12   12    8
   27   26    7    6    6
   26    7    8    7    6
   10   22    2   10    4
    4    4    8    7    4
   16   29   12    1    6
   24   30   12   11    6
   19   17    4   10    6
   27    9    5   10    3
   18   17    9    5    2
   30   30    5    2    8
   24   23    2    4    6
    5   23    7   10    4
    8   16    6    5    6
    5   17    1    9    4
   30    2    2   12    8
   15   21    5   12    3
   13   22    8    5    3
   28   28    9    2    3
   18   28    5    6    3
   10   20   12    2    3
   29    5    4    3    7
   26   26    6   11    8
   27   23    7   12    6
   14    8    4   11    6
   14   16   11    4    4
    9   23    7   10    4
    4   14    8    5    8
   23    3   12    6    4
   18    2   10   11    4
   11    6    1   12    8
   22    3    2    2    2
   26   10    1    4    4
    3   14    2   10    8
   18    3   12   12    7
   15    1    8    4    6
   13   10    6    8    4
   20   22   12   12    2
   19    1    1    9    8
   21   18    7    5    6
    3    5    9    9    4
   24   26   10    1    5
   15   25    3    4    8
   25   25    4   11    3
   18    7   12    2    6
   19   19    7    3    8
   15   15    3   11    4
    2   23    7   10    3
    1   13    2    4    6
   13   15    2    7    8
   19    9    2    1    7
   22    1    3    8    3
   29   29    1    5    8
   30   29    1    4    7
   10   24    9    2    2
    9   26    8    7    3
   29   15    9   12    3
   25    3    4    6    3
    3   19    9    4    7
    2   14   11   10    4
    1   18   11    7    7
   22   28    5    1    7
   17   30    2   12    8
   13   27    4   12    8
    6    6    8    2    9
   12   20    3    8    7
    7    3    8   12    4
   12    9    6    1    3
   25    4   10    7    3
   30    9    5    8    7
   19   22    1    7    3
   28   25    6    8    3
   18   25    6    8    4
    3    9    1    5    7
    7   28    1   11    3
   14   14    7    1    9
   11    3   10    5    9
   20    4    1    4    7
   25    2    2    3    4
   24   28    4    3    2
    4   19    1   10    8
   28   29    3   10    3
   15    8    9   11    7
   18   18    8    4    8
   28    9    9   12    2
    8   12    4   12    4
   11   12    9    3    3
   18   16    1    8    8
   12    7    3    8    8
   21   27    5    9    8
   17   10   10    8    7
   29   21    9    7    5
   17   20    6    8    5
   19   23    5    1    9
    1    1    8   12    8
   23   10   12    9    3
   26   14    4    8    9
   27   29    5    7    4
   13   13    6    3    6
   25   11    8    3    2
    1    6    2    9    2
    6   29    3    5    1
    6    7    1    4    4
    5   26    7   11    7
    8   25    4   12    4
   14    6    7   11    9
   15    6    3   10    7
    1   28    5    2    8
   17   27    5    4    6
    9    2   11   12    4
   28   12    6    3    8
   10   14   12    7    3
   29    8    1    7    3
    5    1    2    4    2
   15   27    3    2    8
   21   24   12   10    6
   27    4    5    1    6
   23    6    5    9    7
   29   14    9   10    4
   19   11   10    6    8
   16   20    3    8    4
   25   12    6   11    2
   15   16    6   11    7
   26    8    8    6    4
   18   29   12    8    7
   10    6   11    6    3
   13    8    3    9    7
   20   11    3    6    7
    2   26    4   10    8
    8   24   11    3    7
    4   29    4    4    4
   10   21    3    5    8
    2   11    4    8    8
   25   19    6    5    4
   24   19    8    5    4
   10   10    2    7    4
   16   24    9    5    5
   28   17    7    8    2
   14    9    4    1    3
   14   21    5    6    9
   20   28    7    9    4
   18    9    6    3    6
   13   29    2   10    4
   20   30    4    5    8
   29   26    8    8    3
    8   19    5    2    9
   22    4   11    7    7
   27   12    4    5    6
   15   10   10    6    3
    7   14    4    5    4
   27   19   10    6    8
   19   13    7    1    6
   26    1    1    9    4
    4   30    6    9    7
   30   13    4    3    5
   26   12    8   10    8
    5   24    4    3    8
    6    4   10    2    6
   12   13    9    8    4
   16   10    7    1    2
   23   15    8    6    8
   24   11    8    2    3
   29   24   12    5    2
    1   29    8   10    2
   12   14    2    5    9
   21   17    2    2    7
   24   25    4    4    2
   20   13    3    5    4
   14   25   10    9    4
   16   13    4    5    2
   12   30    8    8    8
   24   17   10    8    7
   19   26   12    1    5
   24   18    4    9    6
   11   10    5   12    7
   18   13    2    4    8
   15    7    4    7    3
    2   19    3    4    6
   26   21    4    7    9
   20   26    6    3    4
   22   14   10    9    4
   27   14   12   11    2
    1   16    2    3    4
    8    9    6    2    5
   21   19   10    7    6
   22    5   10    1    8
   24    4    9    6    2
    9   17    8   10    3
    3    1   10    6    6
   13   14   11    8    6
    9   22    1    5    2
    5   13    2    3    4
   22   21    6    5    6
    8   11   11   11    4
   23   13    7    4    4
    2   28    3    6    3
   17   12    6    1    2
    7   21    1    8    3
   11   27    9    5    2
   29   10    7    6    2
   14    5    2   10    2
   16   19    8    6    5
    8    2    1    1    8
   25    1    5    2    4
   22   27    3    3    2
   10    8    4    1    2
   25   20    1    3    8
   27   30    6   10    5
    7    4    2    2    5
    7   16    6    6    8
   25   13    6    7    4
   30   19    8    2    3
   25   27    4    9    3
   16    2   12    5    9
    7   19    8   12    9
   19   15    2    5    8
   28   27    3    6    8
   12   15   10   11    3
   11   22    1    4    5
    8    4    2    7    5
   24   24    7    8    9
    6   30    7   12    7
   13   17   10   12    3
   17   23    3    3    2
   22   12   11    9    1
   13   28   10    2    4
   27   16    1    1    6
    3    2   11   10    4
   10   19    4    3    2
   30   15   12    2    4
    7    9    3   10    4
    8   22   11    3    6
   22   23    3    1    3
   11   18   11    7    7
   17   29    5    3    8
    3   26    2    4    5
    8   18    6   10    5
   26   17   12    1    4
   24   15    2    4    3
   28   10    1    6    8
   19    5    1    6    4
   18    4   12   12    1
   15    3    7    9    3
    3   21    9   12    2
   10   25    2    3    6
    4   16    9    9    4
   13    6    3    1    3
   26   13   12    8    2
    7    7   11    3    7
   11   30   12    3    1
   19   20   12    6    5
   28   16    6    5    5
   12   21    3   11    8
   10    7    7    1    4
   16   16    1   12    6
    7    2    3   10    5
    4    9    4    1    4
    3   24    4    8    4
   20    5   11   10    2
    1   30    4    7    6
    5   10    1    5    5
   23   11   12    8    7
   29   12    1    9    4
   23   16   10    5    3
   27   18    4    5    6
   11    7    7    4    7
   18   30   12    8    6
    9   24    8    3    6
    8   17    1    1    6
    9   25    6    1    7
    6    9   11    2    2
    3   30    2    7    3
   22   22   11    9    1
    3   27   10    8    6
   29   22   11   11    2
   17   14    2    1    8
   22   25    9   11    4
   11   11   11    2    7
   20    9    5    5    2
    5   28    3   11    5
   24   14    4   12    5
   20   18    4    7    8
   19    6    6    8    7
   30   23    1    8    9
    5   16   11    6    7
   10   18    7    7    8
   30    5   10   10    4
   26   23    3   10    2
    1   17   10   10    8
   30   22    4    5    4
    4   10    5    9    2
   14   30   11    6    5
   26   11   11   11    6
   17   16   10    4    7
    6   22    9    9    8
   20   21    2    1    6
   10   30   12    1    4
    9   11   10    5    5
    3   13   12    2    6
    6    2    6    9    2
    8    8    1    4    2
   28    8    8   11    2
   10    3   12   12    6
    8    3    5    8    7
   24    7    7   12    4
    7   22    7    7    4
   25    7    3    1    6
   21   21    9   12    8
   20   23    3   11    5
   15    9   10    5    2
   22   18    4    3    4
    7   20    7    6    2
    1   21    6   10    4
    8    1    3    3    5
    1   23    4   10    3
   20   27    1    8    5
   12   18    1   12    3
    6   16   12    3    6
   23    4    3    5    4
    3   16    1    3    7
    5    9    7    7    8
   15    5    1   10    6
    2   29    2    5    1
    1   14    1    7    8
   15   14    8    2    4
   30    8    4    8    4
   12    1    2    5    8
   21    9    1    8    8
   24    2   11    4    3
    2   13    2    6    7
   15   28    3    4    3
   12   19    7    9    6
    8    5    2    2    7
    4   26    1    1    4
   15   11    2    7    6
    4   11    4    4    8
   20    6   10    8    7
   17    6    8    6    4
   17   17    2    6    8
   29   11    4    7    6
   19   29    1   11    6
   10   27   12    8    4
   26   22    3    9    7
   23   21    9   10    7
    3   28    7   11    4
   10   12    7    2    7
    2   22    5   11    1
   23   18    5    3    3
    3   20    6    9    7
    6    5   12    7    6
   12    2    2   11    8
    4    5    2    3    4
   27    6   10    3    4
   11   28    3    2    7
   24   27    6    6    4
   28   14    4    3    2
