   27    6   10    7    2
   21   12    6   12    4
    8   18    7    4    3
   22   30   11    4    1
   28   16    8    4    1
   18   27   10    5    2
   11   29    9   11    2
    6   25    3    5    2
   22   10   11   11    1
   14   20    7    4    5
    3   22    7    4    4
   21   21    7    8    7
   14   30    9    1    6
   29    5   11    6    3
   15    4    8    7    6
   15    9    6   11    5
   22    9   12    2    7
   15   24    8    9    4
    6    6   11    3    8
    2   12    2   11    6
   18   26    3    6    3
    9    8   10    2    2
    3    5    6    3    2
   26   20    9    3    5
    2   11    9   10    5
   23    4    3    2    4
   29    4    9    4    2
   29   25    4    7    5
   14    4    1   12    4
   19    4    3    8    6
   19    2    9    1    7
   10    1    3   12    1
   28   26    4   10    1
    4   20    7   11    2
    8   29    5    5    2
    6   18    2    4    2
    5   15    7   11    5
   29    3   10    6    4
   27    9    6    2    2
   28   19    7   12    2
    1   16    4    3    4
    2   21    4    6    7
   29   24    5   10    5
   28   12    6    7    7
   22   16    6    2    4
   14   13    4   10    4
   30   23   10    5    5
   16   26    6    6    3
   18   30   12   11    6
    5   30    2    7    3
   10   23   10    2    3
   10   20    6    6    5
   14    7    2    2    5
    1   19    3   12    4
   23   26    5    2    6
   22   23    2   11    5
    8   16    8    7    4
   24   23    9    7    3
   10   11    7    4    6
   13    2    4    5    3
    7   24   11    9    7
   18    9    2    2    4
   25   11    9    7    4
    5   17    5    2    6
    9   10   12    5    3
   28    8    7    3    4
   25   13    9   11    4
   21    1    8    8    7
    1   12    6    9    7
   28   23    9   11    5
    9    5    6    6    6
   26   21   10    8    7
    8   12   12    8    4
   14   21    6    3    7
    3   20   10    5    2
   27   14   10    3    2
   29   23   11    6    3
   23   16    8    8    2
   27    3   10    3    3
   21    8    7    3    7
   25   27    4   11    7
    1    6   11    6    1
    1   13   11   11    7
   21   28    1    4    2
    5   18   10    3    2
   29   29    1    9    7
    2   28   10    2    6
    8    7    1    5    5
   14    3    9   12    2
   24   12    6    7    4
   22   20   11    6    1
    4   27    9    5    8
   22   17    5    5    6
   28    4    1    7    3
   25   16    9   11    3
   17   14   10    6    6
    8   17    4    7    6
   20   21    7    1    8
    9   29   10    1    2
    1   25    4    9    7
   27    7   11   11    2
   18   14    9    6    3
    9   24    6    7    4
   26   26    8   10    6
    7   25   12    5    1
   23   14    1    5    3
    8    5    2    5    4
    6    2    6    8    6
   12   27    8   10    2
   16   16    4   11    6
   21    3    1   11    4
   20   20    8   12    7
    4    6   11    3    8
   10   21    4    7    6
   17   23    1    2    2
   11   17    7    4    7
   16   14    6    2    2
   15   13    8    6    3
   21   30    7    2    8
    1   14    8    9    6
    8    6    3    6    2
   28    1   11    3    2
   12    5    5   10    3
    7   30    5    2    1
   16   11    3    7    5
    3   23    6   12    4
    3   13    7   11    3
   20    2   10    7    6
    4   10    3    5    4
    5   22   11    1    2
   16   10    4    5    3
   16   18    7   11    2
   22    2    6   11    2
   13    5    7    1    1
   20   13    7   10    2
   11   11   11    7    6
   13   13    6    7    6
   28   10    2   11    2
   11   18    7    2    2
   30   25    6   11    2
   23    1    5   10    3
    9   19    5   12    3
   26   27   10    8    1
   19    7   12    6    2
   21   19    8   11    4
    7   18    6   11    2
    7    2    8    9    1
    9    6    9    6    1
   11   26    8    8    6
   20   12    1    7    2
   15   15   11    1    2
   19   18    5    3    2
    5   14    5    5    2
   15   14    5    5    1
   17    1    5    5    3
    3   26    5   12    3
   17   16    5   10    6
   17   13    3    3    2
   20   17    5    8    3
   26   14    5    9    2
   30   26    3    4    4
   26   10    8    1    6
   29   27    4    5    1
   22   12    2    7    6
    9   28    7   12    8
    1   22    8   12    3
    2   26    3   10    4
    1    4    2    2    2
   30   24   11   10    6
   14   25    5    6    7
    4   16   11    6    2
   12    7    9   11    6
   15   20    2    9    4
   11   21   10   10    8
   29   19    4    1    6
   27   10    3   12    4
   19    5   10    2    8
   27   19    5    5    8
   12    9    1    2    7
   15   19    9   10    6
   27   24    9    4    4
   16   19   10    8    5
    2    8   10    7    6
    9    7    1    7    3
   30   29    9    9    2
   26   25    2    3    6
    1    1    5    6    8
   25    9   10    8    6
   22   28    7   11    7
   17   10    9    3    6
    1    9    5    9    3
   24    2    4    8    2
   21   16    3    9    2
   18   29   10    3    3
   15   11    1    5    6
    2    1    6   11    5
   23   25    3    4    6
   16   12    3    4    3
   12   23    5   11    6
   12   15    9    9    7
   20   29    1    7    2
   26    5   12   11    6
    7   10    1    9    2
    8   25    6   12    6
    6   19    3   11    5
   22   22   12    4    7
   20   16   12    4    3
   20    1    8   10    3
   15    2    3    1    6
   29    2   11    2    6
   15   10    3    6    4
   27    8   10    3    5
   11    3    1    7    6
   11   14    1   11    5
   10   30    4   11    6
   22    7   12    8    6
   12    4    4   12    3
   10   12    5    7    6
   17    6    6    5    3
    3    8    5    3    7
   27   27   12    5    8
   26   13    4    7    4
   21    5    4    3    2
   13    9    8    7    7
    7   11    4    2    6
   29   16    1   10    7
   11    5    6    1    3
    3    3    4    5    8
    6   13    7    5    2
    4   26   10    3    3
   24    6    7   11    1
    4    3   12    6    9
   26   17    1    2    8
   26   12    4    4    6
    1   11    5    2    8
    9    3   12    5    9
   27    2    7    8    7
   23    7   10    2    3
   25   28    8    8    2
    6   21   11    5    9
   19   19    9   11    9
   24   10    1   11    7
   19   20    2    9    2
   30   17    6    5    7
   11   23    8    4    8
   29    6    7    7    2
    6   28    2    9    7
    2   10   10    2    5
   22   29    7    3    3
    8   24    6    1    7
    4    7    9    9    8
   17   29   11   12    2
   28    3    7    7    4
    2    2    1   11    8
   13   22    9   12    7
   25   19   10    2    2
   13   16    9    8    9
   13   21    3   11    4
   11   13    7    1    2
   27   28   11    5    7
   19   14   11    3    8
   24   24   12    1    7
   23    2    4    3    5
   10    8    6    6    6
   27   30    4    9    2
   26   22   12    9    2
    8   22   11    2    6
    9   14   12    8    7
    4    8    7    3    9
    9    9   11    8    9
   20    8    5   11    4
   12   19    5    6    8
   10   10   10    3    1
   18   28    3    4    1
   13   10    8    4    7
   25   10    7    5    5
    3   24    4    4    4
    9   30    9    3    1
   24   25    4    4    2
    7   21    4   10    7
   22   25    5   12    6
   14   14    6    1    8
   23    5    1    7    7
    3    2    7    7    6
   13   30    7   12    7
    3   10   12   12    6
   12   29    9    6    7
   24    4    5   10    2
    3   18    4    7    3
   18   20    4   11    6
   18   18   11   12    7
   26   29    9   11    7
    3   19    4    5    8
   17   19   12    7    6
   17    4   12    2    4
    8   23    7    1    7
   30   30    8    7    8
   24   16    5    6    7
    9   16   12    9    8
   29    1    9    7    2
   17   17   11    8    7
    6   14    2    6    8
   18   12    3   12    3
   29   13    1    1    2
    7   28    2    5    3
   26    7    9    3    3
   28   28    5    2    7
   22    6    7    8    5
   18    1   11    2    2
    5   25    5    9    3
   25    2    3    3    4
   21   17    5    6    4
   27   16    9    8    7
   11    6    3    3    8
    3    1    9   11    3
    4   11   11    6    8
   21    9    8    9    6
    1   26    1   12    4
    8   15    5    2    3
   23    9    2    3    5
   30    6   10    5    6
   10   29    5    5    4
    1   24    6    9    2
   21   24    1    3    3
   21   15    4    7    7
   25   15    5    2    4
   29    7    4   10    3
    2   16   12    2    3
    5    2    3    3    6
    5    5    9   10    7
   22   15    5    6    3
    2   17    6    2    8
   15   26    4    2    8
   30   20    4    6    9
    2    9    9   10    6
    5   28   11    9    8
    2   30   11    6    7
   15   18    8   12    6
   17    9    5    9    4
   14    8   11   11    7
   15    7    9    3    6
   15   28    1    5    7
    3   16    3    2    7
    6   26    4    6    6
    5   27    1    7    7
   22   14   12    2    2
   13    4    3    6    4
   26   24    5    3    4
   12   14    3    9    7
   23   21   10    2    2
   22   21    5    9    3
   23   20    4    3    5
   18   22    3   12    6
   30   15    2    3    4
   24    5    6    9    7
   23   23   11   12    7
    6   15    8   12    4
   16    6    4   10    5
   11    8    3    6    6
   13   24   12    1    3
    4   25   10    7    5
   24   28    5    7    6
   13   28   11    3    4
    5    4    3    3    7
   20    9    8    6    7
   18   17    8   11    9
    4   21    5    5    8
   16   15   10    1    7
   18   23    6    7    7
   12   13    7    3    8
   28   20    3    3    3
   28   14    1    3    8
   20   25    6    9    2
   24   11    2    6    3
    7    3    9    5    2
   21   18   11    9    6
   11    9    1    6    4
   13   23    9    8    3
   10   19    9   12    2
    5    6   10   11    4
    4    2   12    7    7
   14    2    5   11    8
   20    5    8    3    2
   25   25    1    8    8
   27   23   10    1    8
    4    4    9    5    8
   20    7    3    3    3
    5    1    9    7    7
   20    6    8    1    2
    7    6   10    4    8
   10    6    7    8    6
   23   19    5    1    8
   13   19    1   10    7
   24   17    1    5    8
   29   14   10    2    3
   11   30    9    1    8
   30    3    3    2    3
   12   12   11    6    9
   15   27    3   11    8
    6    3    3    4    7
   10   18    8   12    7
   18    2    6   12    3
   17   28   11    7    2
   17    3   11   12    4
   19   26    2    7    4
   27   21    6    2    7
    3   12    6    8    4
   26    8    1    2    4
   26    9    1    7    5
   15    3    6    4    6
   24   18    1    5    4
   22    4    2    6    6
   17    7    1   11    6
   25   18   11    5    7
   30   12    5    4    7
   13   27    4    1    4
    5   10    1    2    7
   15   17    2   11    3
   17   25    5    9    4
    1   30    5    8    1
   30   19    7    6    7
   18    4    2    9    2
    1    7    4    1    8
   11   20    9    4    7
   29   15    5    3    7
   13   18    3    7    2
   24   22   11   12    7
    1   15    3    9    4
   29   28   10    3    3
   19   11    3    2    8
    8   13    3    3    4
   25   12    4    4    7
   16   30    4    1    2
   13    7    4    4    6
   27   22    9    6    8
   23    6    2    9    7
    5    7   11    5    8
   17   27    4    3    7
    4   30   11    7    8
   11   28    2    5    7
   19   24    1    2    4
   21   29    4    2    7
   17   12    9    3    8
   23   15    3    1    4
   22   19    7    2    2
    7    7    6    8    6
   27   11   12    9    1
    7   16    9    2    7
   25    3    6    2    2
    8    8    1   11    7
    5   16    1   11    2
   19    8    8    9    9
    4    9    4    7    2
   12    6    8    7    8
    8   30    2    8    2
   14   24   10   10    1
   22   11   11   10    1
   10   14   11    5    9
   20   24    8    8    3
    8    1    5    2    5
   28   30   12   12    4
   25   21    2    6    6
   11   12    1    6    6
   27   20    3   11    4
   27    1    4    8    6
