   11   11    9   11    4
   20   19    8    2    1
   26    4    6    6    7
    1   30   11    5    4
    3   23    6    2    4
   10   11    8   11    3
   11   19    7    3    8
   12   30    5    8    4
   29   29    2   11    6
   26    5    7    5    3
   27    2    9    5    3
   19    9    2    1    5
   22   20    9    6    5
   28   11    5   11    1
   22   26    1    4    3
   29   17    9    5    7
   13   17    4   10    8
   23   21    7    9    2
   16   23    4    4    2
   15    6   10    2    1
   20   12    7   12    1
    7    2    2    3    7
   24    1   12    9    9
   29   16    3    2    7
   24   15    3   12    4
    5   14    3   10    2
    2   26   12    2    8
   23    8    9   10    1
   14   25    5   11    2
   24    8    2   10    6
   13    2    6    8    2
    9   30    2    2    4
   16   11    3    4    5
    7   16   12    1    2
    7    7   11    9    8
   12   21    2    2    9
   20   11    8    4    4
    9    1   10   10    8
    1    2   12    4    4
   30   23    4    5    3
    8   27    4    6    2
   30   11    1    8    3
    2   18    5   12    8
   20   25    6    3    8
   25    1    1    7    3
   13   20   10    4    4
    7   21    6   10    3
   30    8    9   11    3
   19   21    9    3    9
    6    6    1    5    7
   27   23    4   11    1
   28   20    2    9    8
   11    6    1   10    9
    8   28    2   10    2
   27   28   11    6    6
   20   30    4    4    9
   27    4   10    3    4
   13   28    7    6    4
   27   18    8    7    6
   15   12   12   10    3
   27   12    2    4    4
   12   19    1   12    5
    1   26   12    4    1
    2    6    3   11    2
   27   14    7    9    3
   20   27    2   11    7
    9    3    7   11    7
    7   29    3    9    1
   13    8   11   10    7
   30   28   10    3    3
    5   12   10    5    3
   30    3   12    2    3
   20   21    9    8    7
    4   14    4    2    1
   25    3    7    7    2
   30    7    9    1    5
    7   10   12    9    1
   27   29    6   11    6
   21   16    5    7    6
   30   24   11    4    2
   18   30    8    5    8
   12   29   11    1    3
   20   20    3   10    9
   15   21   10    7    2
   18   16    8    2    8
    4    4    7    8    4
    4   10    5    2    3
    3   11   10    5    8
    1   18    4    4    9
    8   10    6    2    1
    2    3   10    9    4
   26   17    5   11    7
   13   10   11   10    4
    3   20    3    1    2
   29   30    3    4    4
   19    3    4    1    5
    1   12   12    5    3
    8    2    1    1    8
   11    9   12   12    1
    8   17    1    7    7
   29    8   11   11    7
   10    1    3    1    3
    7   12    5   11    5
    7   22    2    6    5
   18   11   12    1    2
   24   14    7    6    1
   22    9    4    6    8
   16    9    6    8    6
   21   29    7    2    1
    9   28    7   12    1
   30   25   12    5    6
    3   18    3    9    7
   24   21    7    4    2
   15   10    7   11    9
   26   18    3    8    9
    6    3   11    5    1
   12    2    5    6    4
   12   13    9    1    2
    9    8    5   12    5
    6    9    9    6    2
    4    1   10    1    7
   17   28    8    5    1
   25   24    8   11    1
   27   17    1   11    7
   25    9    2   11    1
   30   26   11    9    5
   17    2    3    7    4
   17   16    9    6    4
   27   11   12   10    2
    6   13   12   10    1
   25    6    3    9    1
   15   23    3    8    1
   23    6    9    8    5
   11    8    2    9    7
   22    8    5    9    3
   29    9    9   11    1
    3    7    3    2    1
   17   17    6   10    8
   16   30    1    7    6
   28   19    8   11    1
   10   21    6    6    3
    5   19   11    9    2
   26    3    1    3    2
    9   13    6   11    2
   11   24    3    3    3
    5    5   12    7    9
    4   12    8   10    9
   15   15    4    7    8
   16   13    4   11    9
   19   19    9   12    6
   13   25    6   12    6
   22   23    8    6    2
   28   26   10   11    3
    7   11    3    2    4
   30   21    4   10    7
   25   12    4    6    1
   10    9    8    4    5
    3    4    2    1    3
   19   30    7   11    2
    4   15   10    9    2
   15    2   11    7    3
    7   18   12    5    2
   28   23   12    8    7
   18   10    9    4    6
   22   13    3    2    7
    2   28    8    8    1
   30    6    8    7    4
   27   26    4    5    3
   24   22    2    4    3
   18   28    8    2    4
   30    5   12    8    5
   29   10    6   12    7
   29   13    6    6    6
    4    8   12    1    8
   19   26   11   12    1
   13    5    2   11    8
    2    2    9    4    9
    5    1    9    8    4
   17   11    8    9    3
   20    9    8   11    1
   10   12    5   12    2
   10   30    7   11    6
    6   18    9    6    5
   25   27    6    7    9
   26    6    8   12    7
    2   22    8    9    8
    1   21    8   11    4
   24   12    8    3    6
    6   19   11   11    2
   12    3    9   12    2
    9   12    9    2    1
    2   21    9    7    8
   22   27    8    9    1
    5   10    6   12    6
   18   12   11   10    5
   27    9    8    8    4
   25   25    7    8    7
   13    1    4    4    6
   19   16   12   12    4
   14   30    3    6    3
   25   22   12    6    2
   10   14    4    9    1
   30    4    4    8    9
    7   15    6   12    7
   28   10    7    9    6
    6    8    4    1    1
    3   14   11    6    5
   24    3    7   12    1
   25    5    5    1    1
   20    8    6    6    1
   22   14    4    1    7
   30   30    7    8    8
   14   14    5    4    9
   30   13   11    6    5
   12    8    8    9    2
    5   16    2    5    6
   14   18    5    6    5
    5    7    3    8    1
   30   15    8   10    1
    2   14    6   10    9
   17   19    4    2    7
   17   22    1    3    6
    4   16    4    9    7
   27    5   11   10    1
   24   10    4    2    3
   23    2    5    5    3
   29    5    5    5    6
    6    1    3    4    1
   24    2    7    4    3
   24    5    4    8    2
   29   11    9    2    5
   28    6    3    3    7
    8    3    5    1    6
    7    1   11   10    3
   29   14   10    5    6
    8    1   12    8    7
   10    2   12    2    8
   10   19    2    7    2
   15   18    6    9    9
    6   24    7    8    1
   27   13    8   10    3
   11   21    9   12    5
    4   18    4   10    6
    3   15   11    5    2
    9   24    3   11    2
   20    2    8    8    6
    9    9    7   12    7
   13   11   12    1    8
   26   26    3   12    7
   17   20    9    8    1
    7   20    7    6    2
   24   24    7    6    7
   29    2    2    1    8
   18    5   12    2    6
   16   16    1    8    7
    6   17    7    5    1
   15    8    1   10    6
   14   19    4    5    7
   17    5    5    4    3
   18   18    7    6    9
   14   26    9    9    5
   15   22    6    5    3
    8   25    8    6    3
    1    1    2    9    7
   11   22    1    4    1
   22   21    3    3    4
    5   11    1    8    3
   29    1   10    7    3
    2    4    8    2    7
   25   28    2   10    5
   23   23   10   11    4
    4    9    8    7    8
   17   12   10   11    9
    9   14    5    8    3
   23   25    3    9    8
   29   24    7    9    6
   13    4    7    7    5
   16   27    9    3    4
   20    4    4    8    8
   14   28    5    6    3
    5    6   12    2    2
   15   26    7    5    3
    4   22    4   11    1
   20   26    5   10    6
   10   10    2   11    5
   13   26    7    7    5
    7   23    2    4    1
    6   12    3    9    7
   20    1    8    4    6
   10   26    7   12    5
   23    1    7    9    8
    5   20   11    6    7
   23   13   10    5    2
   17   24    1    7    3
    3    3    7   11    7
   11    2    9    9    6
   17    9    7    9    8
   13   19    9    7    6
    8    8    7    6    8
   28   12    4    2    9
   23    5    5    3    6
   26   12    7    9    3
   20   15    8   11    3
   25   19    3    5    7
   25   10    9   10    7
    1   28    3   12    2
   13    7    9    6    2
   20   18    6   10    2
   27   30   12    8    2
   29   20    1   10    2
    9    5    8    8    7
   18    8    2    9    3
   26   11   11    3    3
   17   30    3    3    3
   16   20    1    8    2
    6   29   12    3    1
   24   13   12    7    6
    6   10    7    8    1
   13   21   11   11    3
   21    4    9    3    1
   23   24    4    4    1
    6    4    5    6    1
    1    3    2   10    6
   16    8    5    2    5
    3   28    5   12    1
   16    6    1    5    2
   26   21    8   11    3
   10   27    2    2    2
   16   12   11    2    2
   10   20    7   12    7
   28   28   11   12    8
   27    3    4    5    5
   18    9   12    9    3
   19   15    8   12    3
    8    7    5   10    2
   29   23    5   10    4
   15   29    5    7    1
    5   28    1    8    1
   23   14    4    2    7
   17   15   11    3    3
    4   23    7    3    2
   23   12    5   11    2
   26    8    9    6    4
   23   11   10    9    3
   12   11    5   10    5
    2   19    1    1    9
   24   19   10   12    8
    6    7   12   11    1
   22   16   10    5    3
    7   17    7   11    4
   15   25    9    4    2
   26    7    4   12    3
   27    7    2   11    2
    8   21   12    6    2
   28    4   11    3    3
   22   28    7    4    1
   22    3    7   10    5
   17   21    1    1    6
   18   22    9   10    7
   29    4    5    8    8
    1   11    6    7    9
   13   14    7    3    7
    2   16   12    7    5
   16   15   11    7    8
   11   25    8    9    4
    4    5    7    1    5
   12   12    1    6    6
   13   13    2   12    7
   22   12    9    3    1
   28   15    7    5    1
   28   24   12    2    7
    8   19    2    3    8
   26   29    3   11    6
    4   24   12    8    5
   15   13    4    3    6
    3   13    6    9    7
   17    1    7    1    6
   14    8    9    1    9
   26   16    3    7    4
   19   29   12    1    4
   14   20   11   12    7
   26    9    6    7    5
    5   15    6    4    4
    6   22   10   11    2
   22    1   10    8    2
   14   16    7   12    7
   23   26   11    5    1
   19   23    8    6    1
    4   25   11    3    1
   22   19   12    9    7
    1   19    4    1    8
   17   18   10    2    9
   30   22    2    4    7
   28   29   12   10    1
    2   30    1   12    2
   15    9   12    3    3
   27   24   11    8    3
   19    4    8    6    8
   17    4    7   11    9
   21   25   11    7    1
   27    6    6    2    1
   25   26   12   11    9
    5   22   12    7    7
   14   12   11   12    1
   27   19   10   11    2
   28   21    2    6    7
   29   22    7    6    5
   10   22    1    4    7
   14   15    7    9    3
   14   11    8   10    2
    6   20    1   10    2
   14    1    6   11    2
   17   10   12   12    2
   14   21    1    3    8
   25    7    6    3    3
    3   16    5    5    5
   25   17   12    2    8
   14    7    2    7    4
   11    4    7    9    8
   17   14    1    5    6
   21    3    4    1    7
   28    7    2   12    8
   26   24   11    6    7
   15    1    6    9    8
    5    3    1    5    1
   29   25    3    6    3
   18   19   10    8    5
   23   10    5    7    7
   18   21   12   11    1
    9   21    3    8    1
   29    3   10    2    2
   27   27    1    8    7
   24   20    4    4    4
   17   23    7    6    3
    9    2    9    1    2
   18   23    9    4    8
   22   22    8    6    2
   16    1    9    4    6
   17    3    8    5    5
   23   20    1    1    4
    7    9    3    6    3
   16   24    5   11    2
    6   14    1    5    2
   15   27    8   12    2
   21   21    4    5    7
   28   16    7   12    6
   18   24    1    6    8
   21   27   10   12    7
   25   16   12   12    6
    7   24   11    3    2
   16   10   10    4    6
    6   21   12    7    1
    9   23    2    7    5
   25   18    9    8    7
    5    8    5   12    7
    4    7    4   12    9
   29   18   10    5    2
    2   25    3    6    3
   15   11    1    2    4
   21    5   10    7    3
   10    3    6    6    3
   13   18    4   10    3
   27    1    4    1    3
    2    5    2   11    5
    7   19   10    4    1
