   24    1    5    7    3
    4   29    7    1    6
   15    3    6    3    5
   22   16    6    5    3
   17    4    8    2    3
   22    4    3   11    3
   27   19   12    6    6
   24   27    2    1    6
   29    2   12   10    6
    9   28   11    4    4
   12   17    6    1    5
    1    2    5    4    5
    3    3    6    4    7
    9   29   11    3    7
   20   29   10    8    5
   30   17    4    1    7
   17   10    7    8    6
   14    8    8    1    6
   11   28    1    5    7
    5   11   10    7    7
   27    2   11    6    5
   22   15    3    4    7
    4    9    5   12    7
    8   20    5   10    7
   28   19    1    8    6
   21   26    6    7    7
   25   20    5   11    7
   21    3    9    3    7
   23   12    9    4    7
   29   19    6    5    7
   15   28   11   10    7
    4    5   12   10    4
    8   22    7    4    4
   20   13    4   12    6
   19    9    6    2    7
   24   30    8    8    3
   17   22    9    5    3
   23    2   12   11    6
    5    2    9    3    6
   29    7   11    5    6
    9   17    8    5    3
   22    3    1    1    4
   13   15    5   10    7
    5   25    9    7    7
   29   23    6    2    4
   11   22    8   12    5
   25   10   11    1    5
   24    9    5    3    6
   11    4    8    9    7
   20   12   11    4    6
   20   11    6    7    5
   26   11    2    7    5
    5   10    8   10    6
    6   21    8    2    7
   10    1    5    3    7
   21   14    8   12    8
   28   24    7   10    6
   11   11    6   12    5
   20    4   10    4    6
    6    3    7    5    7
   29   30    5    7    5
   24   18    3    3    7
   14   29    2   10    7
   20   17    5    7    7
   16   16    4    2    7
   30   21    5    5    7
    1    1    7   10    7
   14   28    3   10    7
   12    3    7    4    6
   13   25    7   11    7
    8   16    7    4    6
   18   15    1    3    7
   13   24    3    1    6
    5   16    3    1    8
    5    9    6    5    9
   22   21    6    3    8
   30   13    9   12    6
    5   20   10   12    5
   20   23    6   11    7
   12   11   11    7    8
   14   27    2   12    6
   11    2    4    6    8
   21   10    4    2    6
   23   24    1    1    7
    2    4    4    8    6
   19   19   11    8    8
   25   28    3    7    7
    7   30    2    1    8
   26   25   11   10    6
   16   18   12   12    4
    8    5    5   10    6
   16   10   10    1    7
   28   13    8    2    3
   19   14    5   12    3
    7   16    4   10    8
   26    4    1    9    6
    7   14    3    7    5
    8   28    4    2    7
   19   22    4   11    5
    6    8    8   11    4
   25    1    6    4    6
   11   19    1    3    3
    6    7   10    5    7
   25   27    2    1    5
   17   28    1    9    4
   16    4    1    8    7
   16   27   10    4    5
   11   23   12    8    6
   20   27   12    7    3
    5   22    4   10    5
   28   22    4    9    6
   18    9   11    4    3
   10    9    9    9    3
   10   12    2   12    6
    2   24    7    1    3
   13   18   12    6    6
   10    7    3    7    3
   24   15    1   11    6
   15   15    7    6    7
    5   24   10   11    4
    5   29    5    1    6
    8   13   11    7    6
   16   15    2    7    7
    2    6   11    7    4
   12    9    7    5    6
   10    6    9   10    4
   17   17    8    7    6
    6   16    8    8    4
   18   23    4    6    7
    6   20    2   11    3
   15   19    8    9    3
   17   26   12    9    7
   12    5   10    5    3
   30   20    1   10    7
   12   12    5    2    7
   10    2    1   11    7
   12   27    3    7    4
    4    8    1    6    7
   17    2    2    9    7
   16   28   10   10    4
   30   28   10   11    3
   30   22   12   10    3
   24   19   11   12    6
   21   11    8   12    4
   11    7   11    5    7
    7   27   10    2    6
   13    6   11    6    6
   26    9    8    3    6
   23    8    9    6    4
   24   29   12    6    7
   17   19    7    6    6
   13   22    4    7    4
   14   11    6    5    6
   25   11    9    6    7
   15    1    8    1    6
    4   27    1   12    4
   22   25    1    4    4
    7   18    2    6    3
   16    9    6    1    3
    1   20    6    8    3
   10   10    8    3    3
    7    1   11   12    4
    6   23    5    6    6
    1   13    6    9    7
   21    1    4    4    3
   15    6    3    4    3
    6    4    3   11    6
   26   26    5    3    6
    4    1   10    9    6
   19    1   12    1    5
   10    8    9    3    5
    6   14    6    3    3
    8   24    2    8    7
   30   30    7    8    7
   12   13   11    6    4
    5   19    1    6    3
   21   17    5    1    7
   14   13    7    2    6
   23   23   10    9    3
    1   23    4   11    6
   22    6   10    3    7
    4    4    1    8    7
   14    9    4   10    3
   20   28    6    6    7
   25   18    3   12    8
   20    7    6   11    3
   16   17    3    3    3
    2   15   11   10    7
    6   26    5   12    3
    2    2    9    2    7
    3    4    2   12    6
   18    5   10    8    3
    2   16    8    1    3
   27    6   11    8    2
   12   24    5    3    4
   27   18    7    4    7
   11    1    5   12    7
   14   16    3    9    4
   14   17    1   10    4
   17   25   12    3    6
   26   15   12   12    6
    6    6    2    9    8
   30    3    7    2    5
    3   14    5   12    5
   20   24    2    3    3
   18   10    1    3    4
    4   15    1    3    3
   24   10    1    8    6
   21   24    5    6    5
   17   13    7    4    4
    3   27    8    8    3
   14   30    2    8    6
   29   15    1    4    5
   13   29    4    5    2
   30   27   11    6    5
   27    8    2    9    5
   29    6    3    7    3
    9   11    9   10    4
   19   21    2   12    6
    1   27    3    1    4
   25   16    2   12    5
   16   20    8    1    4
   22    1   10   10    3
   21   15   10    6    4
   24   11    3   10    5
    8   18    8    3    2
   14   25    8    5    3
   20    3   11   10    5
    9    6   12   12    5
   30   10    3    7    2
   15   25    3    3    4
    2   20   12    7    2
    1   14    9    9    4
    6   11    9   10    5
   10    4    6    2    5
    2   30    9   10    6
   21    2   10   10    3
   21   25    4    3    2
    9   25    5    3    2
   12   28   11    7    2
   25   12   10    4    2
    1    3   10    5    2
   11   18    7   11    4
   29   22   10    3    2
   25    4   10    8    2
    2   28    7   12    6
    9   13    5   10    2
   18   20    2    7    5
   30   16    2    7    3
   26   12    3    4    5
    4   13    9    2    2
   28    5    2    7    6
    3   19    4    2    3
   15   23    6    6    6
   16   11    3    8    2
   13    7    5    8    6
    4   23    7    4    3
   12   18    7    6    3
    9   21    4    1    5
   21    4    3    8    3
   20   19   12    5    3
   26    2    4    2    4
   13    3    6   12    3
    7    4    7    9    2
   26   10   11   11    5
    3    9    3   10    5
    8   25    6    2    3
   17   23    2    2    3
   21   20    1   12    4
    1   26    6    8    4
   26   28    3    3    6
   21   21    5    8    6
   21   27    2    8    4
    5   27   10   12    4
   27   23    7    3    5
   26   19   12   11    5
   27   22   11    1    3
   10   14    6    6    3
   11   29    4    3    3
   11    8    2    9    3
    3    2   11    2    5
   14   14    2   11    4
   10   13    4    6    5
   14   23    9   10    5
    7   22    7    6    5
    2   19    5    1    4
    8    8    4   10    6
   19   18    8    4    3
   10   19    2    8    3
    5   17    2    2    6
   27   29    6    9    4
    3    5   10    2    6
    5    6    8    7    5
   30   18    6   10    7
   22   22   11    8    8
    1   28    5    7    3
   10   22    9    4    3
   21    5    4   11    3
   13   21    6    1    3
   26   27    6    9    4
   28    7    5    2    7
   15   17    2    6    3
   26   30    9    7    7
   18   18    1   11    6
    5   30    1    7    3
   13   11    6    3    4
   29   29    7    2    6
   18   17    5    1    4
   14   26    5    2    3
    2   13   10   12    3
   21   16    7   10    4
    9   23    6   11    3
    3   29    2   12    2
    2    7    3    1    6
    4   18    2    9    3
   22    2    6   10    7
    7   24    4    3    8
    4   24    2    3    3
   27    9    3    5    2
   25    3    8    3    2
   12   22    9   12    1
    4   14   10   12    7
   17    8    1    5    8
   23   13    8    5    3
    6    1    8    4    3
    1   29   10   11    7
   10   15    4    6    3
   30   15    7    2    6
   30    9    9    4    6
   22   26    2    9    4
   26   20    8    3    6
   26   16    2    4    7
   15   20    4   12    3
   14   18    6    3    5
   13   16    7    3    7
   25   24    5    5    3
   30   19   10    9    6
    5    5    4    9    6
   21   28   10    7    3
   21   29    1   12    2
   20   10    7    7    4
   17    7    9   12    4
    7   12    9    5    3
    6   12   11    8    3
   18    1   10   12    5
   12   14    5    3    4
   14    5    6   11    3
    3   26    4    7    4
    3   18    4    1    3
   18   22   10    3    3
   19    7    9    8    3
   11   17   11    1    4
   17   24    7   11    3
    9   22    7    2    2
    6   30    1    7    4
   19    8    8    5    3
   25    7    7    8    3
   23   22   10    3    2
   28   18    3    9    5
    5   13    5    3    4
   20   20   11    4    3
   23   21    8    5    2
   19   25    4   11    3
    7    9    1   10    7
   15   12   11   11    4
   18    6    4    9    7
   16   19   12    2    4
   17    1   12    4    3
   11    3    8    9    7
   28    6    2    9    4
    6   19    8    7    2
   28   10    9   10    4
   25   30    4    3    3
   26   24    5   10    4
    7   15    1    4    2
   27   27    7   12    2
   11   30   10    8    1
    9    9    3    5    6
   20   14    3    1    7
    8    2    4    2    3
    3   23    7    2    4
   13   13    6    4    3
   25    2    1    5    7
   18   29    2   10    3
    5   26   10    1    3
   23   28   11    5    5
   21    8   10    1    7
    3    8    7    4    3
    9   15    8   11    4
   18    2   11    7    5
   25   25    1    5    6
   21    7    7    8    5
   27   11    5    7    8
   24   16    8    2    4
    7    7   12    6    7
    1   16    3    6    7
   14    2   12    3    4
   30    1   12   12    5
    1    8    4    9    7
   23   10    4    7    5
    5    7    3    5    4
   23   25    2   10    3
    8   15    5    6    3
   17    6    7    2    3
   30   23    8    4    2
   12    8    7    3    7
    4   30    2    8    7
   10   27    6    9    3
   17    3    5   11    3
   15    5    7   12    6
   23   19    3    3    3
   12   29    9    5    2
    2   12   10    6    7
   28    3    9   10    3
    6   24   12    1    2
    2    9    8    6    3
    4   12   11    2    3
   19   12    1    6    2
    5    1    9    9    4
   23    5    2    5    2
   12   21    6    1    7
   16   12   12   10    3
   16    3    2   10    3
   29   16    9   10    3
   14   22    5   12    2
   13   19   10    1    7
   29    8    2    3    8
   17   29    1    4    4
    8    7    9    2    7
   18   21    5    7    4
   26   23   10    6    2
    3   10   11    7    2
   28   28   10    3    7
    4   19    5    2    5
   12    1   10    5    3
   27   15    1    8    7
    3    7   11    7    5
   29   28    5    7    2
   25   29    1    4    8
   26    7    2   12    4
   20   22    7    4    3
   18   26   11    3    3
    8   26    6    7    7
   24   24    8    6    8
   29   10    7    2    6
   25    6    9    4    7
   16   23   11    4    4
   11   10   10    9    3
   24   14    4    2    5
    9   20   11    6    5
    1    9    7    4    1
   11   15    2    3    7
    8   30   10    2    4
   24    3   10    9    3
   14   15    5    1    2
   27   28   11    3    5
   28    4   10    8    3
   17   27   10    8    4
    7   23    8   11    7
   12   30   10    9    7
   26   29    7    2    5
   13   26   12   10    3
   24   22    8    4    4
    9    8   11    3    3
   27   13   10    5    3
