   14   10    5    4    3
   18   29    3    2    2
   16    6    1   10    5
   10   19    1    1    4
   24    4    3    7    7
   13   16    4   12    6
   20   24   10    8    3
   18   27   11    5    2
   10   13    4   11    2
   19   23    9    2    1
   12   29    5   10    1
    2   25   11    4    3
    6   21   10    6    2
   13   24    2   10    2
   30   18    5   11    2
   19   12    4    5    2
   15    3   12   10    2
    7   20    8    7    2
   15    2    2    4    1
    6    1    4    6    2
   17   28    6    1    1
    4   19    6    3    5
   13    8    3    1    4
   14    3    4    5    4
   29   25    6    9    3
    2   19    9    6    2
   20    1   12    2    5
   16   12    5    4    3
   13   19    6    3    4
    8   20    4    8    3
   21   26    3    7    2
    1   14    4    6    3
   17   13    9   10    3
    7    1    4    3    6
    7   14   11    7    3
   10   15   10    8    4
    3   21    4    9    3
   15    6    5    2    3
   10   30   11    4    5
   16   30   12    8    4
   20    9    3    2    3
   24    6    3   10    2
   29    4    7    7    5
    8    2    4    5    4
   22   25   12    7    3
   14   18   10   11    5
   24   24    3    7    3
   29   16    5   11    3
    5   16    6   10    3
   28   26   10    3    6
   24   16    5    7    4
    8   29    8   11    6
   29   30    6    2    5
   13   21    8    4    3
   28   12    7    8    1
   23   25    1    5    4
    1   27    3    7    2
    5    7   12   12    4
   15   24   10    7    5
    6   18    3    4    4
   26    1    1    4    3
    8   15    6   12    2
   19   24   12    9    6
   13    2    8    3    4
    4   15   12    7    5
    6    2    7    9    3
   11   23    2    6    3
   14   16   12    3    4
    7   10    9   10    5
   14   19   11    7    6
    7   13   10   11    3
   28   16    8    2    2
    9   15    2   10    2
   15   25    1    6    4
   12   26    4    3    3
    8   27    5    8    6
    3   25   11   12    5
   21   20   10    7    3
   14   21    8    7    7
   27   24    6    8    5
   20   20    1    5    3
    5   13    4    4    4
    3   16    7    6    3
   11    4    5    2    6
   30   17    4    8    5
   12   10    2    3    5
    3   11    1   11    6
   12    1    3   10    6
   12   18    6    3    5
    5   22   11   10    3
    2    7    4    6    3
   13   11    7   12    3
    9   11    6    7    3
   28    8   11    8    3
    3    3    5    7    6
   24    2    2   12    3
   26    3   11    8    3
   25   27    1    6    5
   14   25    2    2    3
   13   13    1    8    5
    4    8    5    7    6
   16   19    5   11    5
   25   24    1    1    3
   15   26   11    9    3
   12   21    1    4    3
   26    5    3    6    5
   18   28    2    9    6
   28   28   10   12    7
   17    8   11    4    5
   19   18    7    4    7
    4    6    6    9    6
   23   18   12    7    5
   22   15    2    1    3
   21    9    9   11    2
    5   15    1    5    2
    9    5    7   11    6
   29    7    3    9    4
   10   21    2   12    3
   11   19    1   12    7
    2    5    4    3    4
   23   29    9   11    3
   13    4   10    1    3
   25   10   12    8    5
   28   25    6    8    4
   25   30    4   12    4
    7   25    3   10    3
   14   17    8    7    4
   28   10    4   12    3
   11    7    3    6    4
   19    1    8    9    5
    6   13    1    6    5
    1   21    8    7    6
    6   10    6   12    7
   25   19    8    7    4
    3   28   11    7    3
   14   14    1   11    7
   18   26    4    1    5
   23    9    4   11    6
    4    2    7   10    3
    8    3    3    2    4
    4   28   10    2    7
    7   30   12    4    4
   30   21    7    7    6
   17   24   11   12    6
   15   15    3   10    4
   17    1   11    4    7
   13    1    4   12    7
   17    2    9    4    4
   12   22   10    1    6
   26   10    1   12    5
    1   28    3    8    4
   15   14   11   11    4
   17   15   12    8    4
   11   26    7   11    3
   13   15    2    1    5
   22   26   12   11    4
   25   11    8    2    3
   22    7    8    7    6
   15   20    4    2    8
    7   28    2    5    7
   28   21    8    6    4
   23    2    5   11    3
   10   10    5    2    5
   11   11    1    4    5
   10    9    2    8    6
    9   19    3    2    4
    9    7    9   10    3
   16   27   11    6    3
    6    5    1    6    4
   21   22    5    6    3
   24    8    4    2    4
    6   12    3    8    9
   11   20    3    8    4
    1   30    5    5    5
   29   29    2    8    9
    4    5    4   12    6
   30   27    1    1    4
   19    6    4   10    4
   12   17   10    4    4
   23   14    2    9    3
    9    8    4   12    5
   14   11    9    5    7
   22    3   10   12    5
   26   25    5    4    4
    8   23    8   10    4
    7   24    3   12    5
   18   25    3    7    5
   11   18    2    8    4
    6   29    8    4    3
   18   20    1    2    6
   10    8    1    4    4
   12   12    8    4    8
   10   27    8    3    4
   27   23    4    7    3
   17    9   11    5    4
    5   14    6    7    3
   23    5    9    7    6
   29   22   12    1    4
   15   16    8    9    3
   23    4    6    4    3
   27   26   12    4    6
   21   21    5    6    8
   12    7    7    9    4
   22   10   12    4    5
    2   18    1    9    7
    3    6    2   10    3
    3   17    8    1    3
   23    1    5   11    4
    2   20   11   10    7
    9   24   12    2    5
    2   30    3    4    4
   22   27    8    9    4
   30   12    4    5    8
    6   23   10   12    8
    9   25    2    1    4
   14   13    4    1    5
   10   20    2    8    4
   24   12    3   12    3
   18   15    6   12    3
    5   29    3    1    6
    1    2    2    9    4
    1   24    3   10    4
   12   15   11   10    3
    1    9   12    6    4
   28   24    3    1    4
    9   12    4    8    3
    3   30    2   11    3
   23   28   10    5    3
   25   20    6    9    6
   28   19   12   10    6
   24   23    2    3    5
   10   11    2    6    6
   20    6    6   10    4
   13   20    1    1    7
   17   17    7    6    6
    6    7    8   12    4
    3    9   10    2    3
   17   18    6    1    5
    5    5    4    2    9
   21   29    2   11    5
   26    8    2    1    4
   29   17    9   11    3
   29   26    1    6    4
   21   27    9    1    3
   19    7    7    5    6
    7   23    3   12    4
    6   11   12    4    4
    5   18   12    6    7
   18   16   12    1    4
   22   16    2    9    5
   12   20   12    3    3
   13   29    8   11    6
    4   25    3    4    3
   19   29    4    3    4
    7   21    7   10    3
    3    7    3    8    5
   13   28    1    3    3
    7   17    4    3    7
   17    6   10    5    4
   15   28    9    9    1
   13    9   10    9    2
   23   12    2   10    4
    9    6    8    2    1
   26   16    5   10    6
    4   18   12    3    4
   24    3   12    7    4
    6   26    4    2    3
    5   30   11    2    2
   23   10    2   11    5
    9   29    8   10    4
   15   23    5    9    7
   13   12   11    8    3
    5   27    9    3    2
    5    8    6    7    7
   11   22    4   10    6
    8    8    2    9    5
    4   26    8   12    3
   23    3    2   10    5
   27   13    3   10    2
    5   11    6    5    8
    5   10    6   10    5
    3    4    6    4    8
   30   30    6   11    7
    4   17   11    6    6
   29   20   11    4    4
   16    4   12   10    6
    4   10    6    9    4
   27   20    5    6    7
    6   28    6    8    4
   14   28    2   11    3
    2   11    2    6    6
   14   30    8   10    8
   18   13    7    2    6
    7    7    9    8    5
   27   14    7    5    3
    6    6    2    4    9
   19    5   10    6    4
    9   22    6    2    5
   12   25    3    5    3
   16    2    2    4    4
   22    8    6   10    3
   11   21    7    9    3
    5   24    1   11    6
   23   23    9   11    3
   27    9    9    8    2
    4   12    4    5    2
   26   26    6    1    7
    2   21    8   11    5
    8   18    6    4    3
   16   23    1    2    2
   26    2   11    3    2
   15   30    9    3    2
   22    4   10    7    7
   13   30    6    3    3
   16    9    6    2    3
    4    4    4    9    4
   15   21    9    4    5
    6    8    7    4    6
   27    7   12   12    3
   15   19    3    8    2
   30   20    8   10    2
   17   11    3    7    4
    7   18    8    3    2
   20    4    2    5    2
   25   21   10    6    6
    8   11   12    4    4
   15    1    5   12    3
   28   27    6   12    7
   20   17   10    8    4
   24   26    8    5    3
   29   28    4    3    3
    5   21    3   10    2
    1   25    9    1    2
   27   29    3    4    1
   29   15    1    5    3
   29   14    7    2    2
   26   30   11   10    2
   16   16    3   11    2
    3   19    4    6    4
   29    1    4    2    3
   11   24   10    3    4
   27    3    5   12    3
   20    3    1    2    2
    9    2    9   11    4
    2    2   10   11    2
    3   18    3    5    3
    8   25   11   11    2
   26    9   10    7    2
   14    9    8   11    1
    5   25   11    4    5
   13   22    8    8    2
   17   21   11   10    3
    4   27    5    7    2
    1    8    9    3    6
   18   18    5    9    7
   24   14   12    2    4
   11   29   11    9    3
   16    1   11    3    2
    5   12    7    4    2
   13   26    4    9    1
   20   22   10    7    3
   30   11   11    4    5
   21   23    7   11    7
   22   22    1   12    7
   30   28    2    6    6
    7    4   10    6    3
   14   22    8    6    3
    1    3   12   12    5
   26   19    6    6    3
    6   30   10    4    6
    1   22    9    1    3
    8   12    9   11    6
   30    9    2   12    3
   16    8    7    9    3
   23   26    1    1    6
    5    1    7    9    5
    8    7   10   12    3
   11   12    8    6    8
   28   11   11   10    2
    5   28    9   11    6
   12    3    5    7    3
    5    3    6    4    9
    4    9    5    2    4
    5   17    1    2    3
    8   30    9   12    4
   11   27   12    8    3
    9    9    2   10    5
   13   25    6   10    4
   19   19   11    5    5
   18   10    6    3    3
   23   22    4   12    3
   27   12    1   11    3
   16   17    7   12    2
   27   17    4    3    6
    1   10    6    5    4
   17   26    4    5    3
   28    9    8    7    2
   29    2    4    4    5
   14    8    6   12    4
   14    4    7   11    5
   20   28    2    9    3
    6   14   10   12    3
   24   30    9    6    5
   22   19   11    9    4
   30   23    1    7    3
   16   10   10   12    3
   30   22    8    6    6
   14   26   12    7    4
   24   18    3   10    6
    2   10    6   11    4
   27    2   10    2    3
   12   14   11    1    6
   21   19    4    4    3
   27   19    1   11    5
   11    1    8    2    3
    3   13    4    3    7
    6   27   10    8    3
   28    2    2   11    5
   15   27    2    3    7
   18   22    8    9    4
   22    6    7    2    3
   21    4    9    7    5
   11   15   11    3    3
    1    1    7    6    8
   25   25   12    2    4
   17   22    6    2    3
   19    8   10    4    4
    2   14    3   10    8
   20   14    8    3    3
   10   29   12    7    6
   11   16   12    5    4
    9   18    8    3    3
   16   21    1    1    4
   19   17   11   11    6
    4   30    6   12    3
   19   20   12    8    4
   29   24    5    2    3
   22   24    6   11    6
    5   20    1    8    3
   10   17   11    8    2
   10   24    5    9    7
    2   12    7    1    3
   20   23    7    2    3
    6   25   11    7    2
   17   23    8    9    5
   21   18   10   11    4
   15    7    5    6    3
   23   13    5    2    5
   28   22   10    7    3
   20   26    1    3    2
   16    7    5    6    4
   16   25    4    6    5
   27   27    9   11    7
   24   21    2    4    3
   16   20    9    1    5
    4    1    4    1    7
    3   10    1    2    4
   17   25    8    7    3
   26    7    1    4    3
   22    2    2   10    2
    2    3    2   11    3
   18    1    8    9    8
   21    8    3    7    7
   30   19   10    7    3
   29    3    8    8    2
