   10   14   12   11    6
   11   29    6   11    7
    9   10    5    7    3
   16   13    7    8    8
   12   15    1    4    4
    9   21    2    3    2
   17    3   11   11    8
   17   10   11    7    8
    2   11    4    6    9
    8   22    3    5    6
   22    9    2    1    3
   25   27    9   12    2
   16   23    2   11    2
   17   25    5    7    8
   14   29    1   12    3
    1   19    3    4    2
   24   25   10    4    4
   14   18    2    7    4
   19    5   12    7    8
   17   28   11    7    1
   27   11   10    9    1
    8   19    1    3    6
   12   28    7    9    6
   18    4   12    7    3
   16   19   11    8    8
   18   28   11    5    9
   26   17    8   11    9
    4   15    4    7    7
   22    5    2   12    9
   22    4    2    2    4
    3   21    6    3    3
   23   12    2    3    2
   16   10    4    5    2
    1   27    8    9    6
   26   20    6    5    6
   17    2    8    5    6
   26   21    6    7    7
    3    3    7   10    6
   18    9    3    6    3
   20   21    9    5    5
   26    4   11    9    4
   12   21    2    8    9
    5   24    2    1    5
   15   13    8   12    2
   15   15    6    7    8
   28    7    1    6    2
   24   17    6    9    6
   21    7    1    2    4
   18   18    1   10    8
   27    6    7    9    4
   23   18    7    1    5
    7   15   12   10    2
    2    1    6    4    4
   23   25    1    9    8
   13    2    3   12    4
   19    7   10   11    4
   30    9   10    5    2
    4    4    3    9    7
   26   18   11    2    8
    3   26   11    6    6
   10   12    7    8    6
    9   14    4    6    2
   20    2    5    9    3
   12    7   11    2    5
   28    4    3    8    6
   20   27   10    9    8
   12   27    7    1    6
   27   15    3    5    5
   27    3    5    7    8
    1   10   11    1    8
    8   30   10    5    4
    2    5    9   10    2
   20   20    8   11    2
    6    5   12    5    1
   30   20    3   11    3
   19   19   12    1    7
   17   22    8   10    2
   16   17   11    1    4
   22   28    9    5    1
    4   17   12    1    4
   21   10    6    2    5
    1   20    9    2    5
   22   23    6   12    3
    9    2   11   11    4
   27    9    6   12    5
   17   14    4    6    3
   11   20   11    1    6
    2   29    1   10    8
    3   25   12    8    6
   18    8    9    8    3
    3   28   10    6    5
   14   22    8    4    5
   14   12    5    4    9
   16    4    2    2    8
   15   29    4    8    5
   14   19    8    1    3
   22   25    4    4    3
   28   25    2   12    3
   10   11   10    6    5
    4    6    2    7    4
   23   23   10    8    9
   23    6    9    6    2
   30   19    1    9    3
   24   22   12    9    4
   11   13    8    9    6
   15   17   12    6    6
   30   26    9    5    6
   26    9   11    6    8
   14   13    1    8    4
   16    3    5   11    5
   14   14    2    9    7
   21   24    7    5    2
   26   28   12    2    4
   11   11    5    2    3
   29   13    3   11    5
    7    5    5   10    3
   29    7    9    3    2
   16    6    2    7    3
    3    9   11    7    8
   16    1    1    6    8
   26   16   10    4    5
   29   29    2    8    9
    2   19    8    3    6
   26   22    4    9    9
   18    6   10   12    4
    1    3    3   12    4
    9    4    9    6    2
    2   22    4    9    9
   30    4    7    8    8
   27   27    6   11    9
   17    7    9    5    8
    1   13    5    1    6
   20   19    7    1    2
   25   14    4   12    3
    6    6   11   10    9
   27    4   12    1    8
    3    7    2    1    3
    2   16    1    2    8
   10   10    9   11    1
    4    8    3    5    6
    4   14    1   12    5
   16   21    1    5    5
    8   24    3    7    5
    6   25   10    8    2
   15    5    5    8    8
   30   23    1    9    9
   23   15   12   10    5
   13   28    7    7    1
   26   11    4    1    3
    7   27    1   12    7
   12   29    1   11    3
   20    6    1    8    1
   18   10    3    5    3
    6    2    1    3    4
   12   17    6    1    9
    6   15   11    7    4
    7   14    5   12    3
    7   22    9    7    6
   15    2   10    8    3
    6   30   12    9    4
    7   25    1   12    3
   20   28   10    8    9
   10    6    6    2    7
    4   29    7    3    4
    3    6   12   12    2
   15   11   11   12    3
    2   27    3    7    2
   24    4   10    4    4
   13   26   12    9    3
    8    8   10    6    9
   30   16   10   10    8
   26   10    6    5    7
   28   11    2    4    9
   16    8    9    5    9
   22   10    3    5    6
   15   20   12    4    7
   20    9    1    1    3
    5    3    8    9    9
    2   10    9    7    8
   16   15    1   12    9
   30   17    2    8    9
   20    4   12    7    3
   15   22    6    4    9
   22   22   11    2    4
    7    8    8   11    3
   24   19    1    9    2
   12   18   12    1    4
   28   21    5    6    5
    5   10    6    8    5
   11   18   11    3    3
   25   25   10    6    4
   21   27    7   12    6
    6    8    1   12    3
   20   17    3    3    8
    7    7    5    7    8
   28   19    7   11    4
   29    6    9    9    4
    2    7   11    2    3
    2   18    4    9    4
   18    7   12    5    3
   11    7   12    5    9
   15   28   12   11    8
   18   22    6   12    5
    1    8    1   12    5
   26   12    8   12    8
   25    5    5    5    1
   25   16    5    5    4
   30   10    8    6    5
    3    4   12   12    8
   29    9    3    6    8
   14    2    5    6    9
   16   22    4    3    7
   13   25    4    8    4
   27   24   10    5    3
    7    1    8    9    3
    8   23    7    9    3
   26   25   10    8    5
   13   10    8    2    4
   19   22   12   12    7
   22   13    3    6    5
    9   17    3    3    8
   25   12   11   12    3
    6   26    3    5    2
   25   30    3   12    7
   18   25    4   11    8
   27   18    3    9    8
   21   19   12   12    7
    7   26    1   12    3
    1   15    8   10    3
   23   26    7    9    7
   18   30    2    4    7
   15   24    1    6    3
   28    8    5    9    2
   13    9    6    9    4
   23   20    3   12    1
   24   13    6    3    6
   13    6    2    3    1
   14   26    1    3    2
   21   21    1    9    8
   23    4    3   10    2
    7    4    1    8    7
   26    1    2   11    8
   17    6    3   10    7
   10    3    1   12    8
   30   21    4   12    9
   23    7    4   12    8
   17   29    2    9    2
   30   15   11   11    8
    3   14    7    5    3
   11   24    5    4    2
   12    2   11    1    7
    9   15   10    9    8
   20   14    1   11    7
    6   24    2    6    1
    9   23   10    5    3
   11    1    6    3    5
   24   14   11    9    5
    6    9    5    9    5
   23   29    4   12    5
   19    3    6   11    7
   23    1    9    5    8
    8   20    4    3    2
   22   11    2    8    3
    5    5    2    1    8
    9    9    9    5    8
    8   17    8   12    7
    2    8   12   11    6
   11   17    4    3    7
   13   13    1    2    8
   13   18    1   12    2
   12   12    5    8    9
   24    3    1    3    2
   25   11    6    4    4
   21   17    7    6    5
    3   11    4    3    5
   17   17   11    8    8
   21   18   10    9    3
   22   20    1    6    3
   16   24    6    6    3
   16    5    1    3    2
    4    5   12    1    7
   12   20    3    5    3
   29    1    2    5    2
   23   17    6    2    3
    5   14   11    6    2
   18   15   11   11    7
   15   25    9   12    8
    5   13    5    5    3
    9    8   12    3    1
    7    6    5    3    5
    4    1    8   11    7
   13   20   11    1    5
   30   30    7    6    5
   22    1    6    8    3
   12    9    7   11    2
   26    2    2    2    4
   18   17    1    5    8
    1    1    8    5    9
   28   30    5    7    7
   16   18    2   12    2
   10    4    3    6    7
    1   30    8    3    6
   13    3    4   10    7
   12   24    8    8    2
   18    1    3    4    3
    3   29    3    6    4
   27   10    5    6    7
   23   19    4    8    7
   12   22   11    7    2
    7   20    9    4    3
   23   27    8    2    8
   10   28   10   12    3
   21    2    4   12    7
    9   25    2    7    3
   24   20    7    6    1
   23   13    4    8    7
   29   28    1    6    3
    5    1    5    5    2
   30    2    7    3    2
   19   25    6    7    3
   29   19   12    7    2
   18   19    3    9    4
   29   27    8    7    7
   19   15    8    6    8
   11   21    6    4    6
   14   16   11    4    7
    3   18   12    9    7
   25    2    4    8    2
   24   24   10   12    8
   20   18    3    6    7
   30   24    8    3    3
   27   30    6   12    3
   13   12    3    1    2
   24    7    6    8    8
   17    1    6   10    3
   27   17    6    4    4
    9   11    4    8    2
   14   21    8    4    9
   11    5    8    5    4
    6   11    3    5    2
   28    1    1    5    3
   10   19    9    7    3
   16   20    1    1    4
   25    8    4   12    5
   13    8   11    1    7
   11   19   11    2    8
   19   27    3    3    4
   29   30    4    8    6
    5   29   11   12    3
    7   16    5   11    7
   30   14   11    4    8
   24    1    8    6    3
   19   17    4   10    8
   28   14   10    7    2
    2    3    2    4    5
    4   19   11    4    7
    9   19   12    4    2
   14   23    2    8    3
    8   12   12    2    4
   10   25    4    2    8
    6   12    1   10    9
   28   24    1    3    7
   15    3    5    3    8
   26    5   10    6    4
   23    5    7    7    3
    2    2   11   12    9
   15   10    6    4    8
    3   30   12    6    3
   29   24    6   10    2
   21    8   11    6    6
    3   23    1   11    3
   22   30    1    8    2
   17    5    1    4    3
   11   12    5    9    3
   11   16    2    1    2
    8   14    7   10    7
    8    5    8    5    7
   12   16    3    5    7
   14   15    7    8    2
   25   29   12    9    7
    8    3    8    4    8
   28    6   10    1    3
   12    1    3    3    6
   14    6    4    8    3
   19   12    8    7    7
   29   22    6    2    7
   16   29    2    4    3
   23   28    3    2    2
   20    5    5    8    1
   20   10   11    4    2
   15   26    9    7    9
   26   27    6    6    3
    9   16    8    7    2
   21   13   10    7    7
   19   13    9    6    6
   27   28    3    8    9
    2   28    7    3    4
    9    7    5    8    2
   11    4   12    4    7
   25    1   10    3    5
   18   24    8   12    7
   18   29   10   12    7
   20   25    6    4    2
   29   10    6    5    8
    4    2    1    6    2
   26   26    4    1    3
   11   23    4    1    2
    5   21    5   11    3
   27    8    2    5    1
   23   10    6    1    8
   29   20    7    5    9
   28    9   11    6    1
   29   26    8    1    8
    1    9   11   12    7
    4   25   12    4    2
   28   28    5    9    9
    4   21    2    6    9
   13   17    4    7    7
    5   27   11   10    7
   23   21    2    9    6
   23    2    9   10    7
   26   24   11    2    1
    6   21    6   11    9
    5   12    4    2    3
   19    6    9   12    9
    7   30    9    7    7
   21    1   12   10    9
   28   16    5    7    2
    3   22   12    2    5
    2   24    9    6    5
    4   13    5   12    8
   11   14   11   12    7
   12    3    2    7    6
   10   24   10    8    3
    5   18    4    4    3
   24    9    2    1    2
   11    8    8    4    2
    4   12   11    3    4
   12   30   12   11    3
   29    8   12    9    1
    5   28   11   10    7
   30   11    1   10    2
   27   22    9    4    9
    7   10    9    6    3
   23   24    5    5    3
   30    5    3    5    6
   16   16    2   12    7
   30   13    8    7    5
   21   29    2    7    1
   26    8    6    8    3
    6    1    9   10    5
   22    6    4   10    7
   10    8    7    4    5
   13    7    8    6    3
   26   19   11    6    2
   22   21   11    1    2
    3   20    4    3    7
   25   21    3    3    3
    1   14    6    2    8
   27   16    6    7    2
   14   27    3    1    2
    8   15    2    7    3
   13   27   12    2    2
    9    5   10    6    4
   15   21    9    6    2
