   12   25    6    8    3
   23   23    2   11    5
   24    7    7    5    1
    8   16    1    3    2
    6    4    1    8    2
   23    6   11    7    4
   25    4    9    8    3
   12    7   12   11    7
   11   13    3    7    4
   20   28    1    7    2
   25    3    6    8    4
    2    2    7    3    6
   25   14    1   11    6
   30   21    8    8    5
   19   19    6   10    6
   26   11    6   10    4
   23   24    1    8    3
   13   27    2    6    2
    2    3    5    4    6
   19   27    6   12    4
   23    4    5    7    6
    9    7    1    3    5
   16    9   11   12    4
   18    8    7   11    4
   10   19   10    8    6
   10    5    7    2    5
   19   22    2    3    4
   16   16   12    1    4
   26   23    4   11    6
   29    9    8    3    5
   22   23   11    1    6
   14   23    4    4    5
    3   23    9    5    4
   10   18    7    9    6
    8   20   10    6    3
   26    7   11    3    6
    6   13    5   10    4
   30   11    8    1    5
   30    7    8   12    3
   25   10    5   12    4
   15   11    8    7    2
   24   30   11    6    3
   28   12    3    1    2
   15    4   10    6    6
   25   29    6   11    4
    4   26    6   10    4
   27   21    1    8    6
    6    6    4   11    9
   21    6    9    4    9
   12    8    2    8    5
    2   21    7    4    6
   16    3    9    8    5
    7    8    4    8    7
   10   10    9    8    5
    8   28    1    3    5
    6   14    7    9    4
   29    5    5    9    4
    3   15   12    7    8
   18   22    6    8    7
   30   16   12    3    5
   21    4    5    5    5
   10    2    9    1    5
    6    8   11    4    4
   30   30    3    4    3
   17   28   10    6    5
   21   25    2    2    4
    4    5   12    3    5
   23    5    1    9    5
    1    7    5    1    7
   19   25    2    6    5
   22   15    3    1    8
   14   13    2    5    6
   12    3   12    2    4
   28   24   11    3    5
    2    6    9    8    3
   19   24    5    6    4
   28   13    8    4    4
    6    7    5    6    5
   23   19    4    1    8
   29   13    9    8    6
   29    7    2   11    5
    3   20    6    9    6
   30    6    2    6    6
   18    5   10    3    7
   30   23    2    7    4
   13    8    3    3    6
   12    1    5    1    5
   18   23   12    9    7
    7   15    5   10    4
   28   14    8   10    8
   10   20   11    2    8
   23   12    4   10    6
   17    4    4   11    6
   30    1    8    5    5
   26    8    1    6    7
    7    7    2    6    4
    4   18    9    8    6
   21    7    8    8    5
    6   11    9    7    6
   17   19    5    3    4
   28   26    2   11    5
   15    8    6    3    6
   30   29   10    4    8
   19    2    5   11    6
   15   18   10   11    5
   24   16   10   11    5
    9   14    2    3    3
    1   22   10    6    6
    8    4    9    4    7
   22   28    4    3    5
   20   23    2    4    9
   30    9    3    4    5
   18   27    1   12    9
   29   10   11    2    7
    3   27    3    6    5
   12    4    1   10    8
   18    3   12    8    7
   17   20    1    2    4
   17    7    1    6    6
    6   24    6    2    5
   14   24    8    9    6
    8    3   11   11    4
    3    7    7    1    7
   10   27    7   11    5
   13   12    9    2    3
    8    5    3   11    5
   24   24    1    7    6
   25   23   10    8    4
    9   22    6    4    4
    5   13    9    6    3
    8   23    6    8    3
   28    7    5   10    4
   27   15    7    1    3
   22   13    8   12    8
    3    5    9    3    8
    7   14    4    6    5
   26   25   12    5    4
   12   21    2   10    9
   16   28    2    2    6
   24   18    6    5    5
   20    9    1    5    4
    7   20    5    8    4
   13   24    8   11    3
   15    6    3    1    4
    6   16    8    3    3
    7   18    2    7    3
   12   10    5    4    5
   14   14    9    6    4
    2   23    8    7    6
   29    6    6    1    3
   15   26    2   11    5
    2   11    8   12    4
   16   26   12    4    6
    9   26    1   11    6
   10   11   11    8    4
   22    2    8   10    4
   30    4   12    4    5
   29    4    8    4    5
   22    7   12    2    3
   10    9   12    8    7
   22   17    9   12    5
   28    6   10    5    4
   20   14    9    5    7
   21    8    3    5    4
    3   13    7    4    6
    9   25    2   10    3
    3    3    7    3    5
    7   11    9   12    9
    1   26    9    9    4
    9    6    4    2    4
   20   22    1    2    4
   24   20    7    7    4
   11   14    9    4    3
   22    6    1    4    6
   26   17    9    3    5
   13    9    1    2    3
   13   30    1    9    5
    5    5    9    4    4
    1   19   11    7    4
   24    4    6    9    6
   19   18   12   10    8
   26   27    4    1    7
   19   29    4    5    4
    5    2    7    3    4
   13    1    4    6    6
    5   12   11    8    7
    3   19    6    3    5
   28   28    7    5    7
    2   25   10    6    8
   25   30    6    5    6
   22    8    4    6    9
   25    5    7   11    4
   18   16    6    5    5
   15   21    1    3    5
    4    7    6    1    6
    9   12   11    6    4
   23   21    6   10    4
    4   28    4    1    6
   26   18    4    1    5
   27   22    6    9    4
   30    3   12    6    4
   18    9    9    1    6
    1   16    7    3    5
    6   20   11   10    4
   16   19    8    3    6
   29   20    1    8    6
   15   19    1   10    5
   20   20    4    6    4
   15   20   11    5    6
   21    3    3    6    5
   20   18    1    3    6
   19   12    5    9    4
   24   15    8   11    7
   15    1    5    4    7
   27   28   10    1    8
    1   10    4   10    5
    3   11    5    3    4
   10    6    3    3    5
   17   23    5    9    4
    5    9   12    4    4
   26   26    5    6    5
   24   27   11    8    4
    7   25    9    5    6
    4   10    4   12    7
   28    9   12    9    4
   29   21    5    5    8
    1    1    2    5    6
   27   17    1    9    5
   11    4    2    5    8
    5   20    8    8    4
    4   19    8   10    6
    5   16    1    5    5
   24    2    7    4    4
    9   23   12   10    7
   29    1    7    2    5
    1   17    9    7    7
   16   25   11   12    7
   25   15    1   12    5
   23   13    3    8    3
    3   29   12    8    3
    1    3   12    8    8
   22   14    6   12    5
   19   14    8    3    4
   20   26    8    5    6
   19   11   10    9    4
    7   13    6    3    8
    5    1   10    8    8
   10   16    6    3    6
    9   17    9   11    5
   10   23   10    8    6
   27    2   10   12    4
   24   11    2   12    6
    8    1    3    1    5
    3    6    7    7    6
   24   29    6   10    5
   22   21    1    7    7
    7    2   11    7    6
   15   15   10    1    4
   16   23   11    1    7
    7   23    5    8    4
   19   20    1    5    5
   28    5   11    5    3
    2   28    2    7    3
   23    1    7    5    3
   18   21    2    8    6
   17    2    5    1    5
   16   17    4    1    5
   11   21    5    3    4
   17    6    3    6    7
    4   16   11    2    8
   19   21   10   10    4
   17   18    5    8    6
   19   30    4    2    7
   11   22    8    4    6
   16   12   12    7    5
   20   11   10   12    4
   17   30   10    6    6
   17   21   12    9    5
   20    1    2    9    4
   27    7    6   11    5
   29   29    6    1    7
    8   11    2    1    4
   21   21    4    2    4
   24   22    8   12    7
   13    2    6    3    6
   22   29    1    6    5
    3   22    7    2    6
   24    1   10    2    7
   11   25    4    5    5
   23   27    3    8    7
   15   30    1    1    4
   11   11    2    7    5
    9    3    4    2    5
   20    2   11    1    6
   21   26    7    7    6
   16   14   10    2    7
   22    5    7    2    7
    9   19    9    7    6
   17    8    8    5    5
   29   15    9    6    4
   18   30    1    9    4
   21   20    7    1    5
   14   26    2    6    7
   15    5   10    2    4
    8    2    2    3    5
   19   28    7    7    4
   17   24    4    5    6
   12    2    8    9    5
   27    8    2    5    6
   29    8    3   10    6
   27   14   11    6    6
   25   18    6    4    7
   11   17   11    1    5
   13   19    2   12    7
    1    6   12    8    6
   14   30    3    8    5
   20   12    8    5    6
   25   25   12    8    6
   20   27    8    6    4
    5    6    1    9    4
   14   12    4   10    4
   25   13    9   11    4
   26   10    9   12    4
   12   15    4   10    5
   29   14    7    2    4
   15   23    7   12    4
   27   16    6    1    4
    1   11    2    8    4
   25   24    4    1    3
    5   24    1   11    5
   11   28   11    7    4
    5   26    2    1    4
   14   21    8   12    7
   29   17   10    5    6
   28    3    8    2    3
    2   16   10   10    4
    6   25    5    2    5
   20    4    6    9    5
   13   10    6    7    7
   19   26    5   12    5
    6   12    4   12    9
    3   24    4    3    5
   29   16    2   10    7
   11   12   11    5    6
    1   28    3    5    4
   13    4   10   11    5
   10   17    4    5    5
   17   17   10    9    7
   25   22    7    6    4
    4    4    4    5    5
   25   28    7    2    6
   20   16    4    1    4
    5   14    4    4    6
   10   22    6    2    7
   12   30    4    2    6
   30    2    7    9    6
    5    7   11    7    5
    4    9    3   10    4
   20   13    1    9    6
    5   27    7    3    4
   23   11   10   11    3
   19    8   10    7    4
   10    7    4   11    5
   15   14    1    4    4
    2   14   11    2    7
    9   24   10    3    6
   10   28    3    5    5
    3   17    4    9    5
   11    9    2    7    6
   27   27    8    6    7
   24    8    5    2    6
    2    4    3    8    5
   12   29   10    2    4
    6   18    7    6    5
   11   16    8    8    5
    9   15    2    8    6
    8    9    1    6    5
   26   29   11    5    4
   25    8   12    8    6
   21   16    5   10    5
    1   18    6    9    5
    2   26    5   11    6
    3   10    5    5    7
   17   12   10   12    3
    3   26    9    7    3
   29   27    8   10    5
   29   18   10    7    4
   15   28   10   11    7
   12   12    5    3    7
   28   23   11    8    6
   17    5    7    3    5
   14   10    7    6    6
   16   13    6   10    6
   19    7    4    3    5
    9    9   11    9    4
   18   12    7    2    6
   16   22   11   10    5
   15   17   12   11    6
    9    1    6    8    7
   27    4   10   11    5
   14    8    3   11    6
   26   22    3    2    7
   13   15    4    2    5
   26   30    9    9    5
   20   25    2    1    6
   25    1    6    3    5
   15   10   12    6    7
    1   27    7    2    4
    4   22    4   12    4
    2    1    4    2    4
    3    4    8    2    4
   22   22    7    5    4
   21    9    4    1    4
   16   15    6    3    4
   27   30   10    5    4
    6   27   12    1    4
   30    8    9   12    5
   30   28    5   10    8
   10    8    2   12    6
   29   28    6    8    4
    2    9    6    2    5
    8    8    4    9    7
   14    3    4    1    8
   21   13    2   10    5
   27   12   10   12    4
   27   11    5    9    5
   23   29   10    6    4
   21    1    2   12    3
   22   30   10    7    2
    2   18    2    4    3
   11   29   10   12    3
   21   28    3   11    4
   26   13   10    8    4
   14    1    6    2    2
   14   18    8   12    4
   25   27    3    2    5
   28   18   11   10    6
    4   14    7    5    3
   21   24    2    8    3
   17   14    9    8    6
   24   12   11   12    3
   17   13   12    6    7
   30   20    8   12    5
   15    2   11   11    3
   11    5   10    7    4
   10   21    8    9    3
   26   24    5   12    6
   13   13    1    7    6
    6   26    8    3    3
   10   24    7   10    5
   12   26   12    4    6
   11   18    5    8    5
   27    9    4    6    4
    5   21   11   12    5
   10   30    6    4    6
   17   25   12   12    4
    5   19    6    2    5
    5   30   10    5    4
    1    4    5    4    3
    7   16    3   10    6
   12   22    6    7    5
    2   29    6    8    4
   19    6   10   12    3
   18   18    4    7    6
   18   13   11   12    3
