   20   25    6   12    4
    2    3    5   10    2
   26   15    9    3    3
    7   15    8   12    3
    3   14    9   12    3
   12    1    2    9    5
   28   29   10    1    4
   27   17    2    1    4
   30   18    7    8    5
    5   21    1    3    2
    9   28    2    1    2
   30    9   11    1    2
   29   23    3   11    1
    2   24    8    7    1
   11   12    6   12    5
    5   30    4    3    2
    3   22    2    8    7
    9    1    9    2    6
    4   17    2    4    6
    6   10    3    3    7
   19    7    4   12    7
   27    1   10    5    7
   21    7    8   10    5
   10    8    2    8    6
    2   11    4    5    7
   29   25    3   10    5
   21   13    3    4    6
   11   23    1    2    3
   21   28    7   12    4
   27   21    8    8    4
   10   27    3    2    4
   28   14   11   10    2
    1   15    5    3    1
   20   26   10   11    4
   30   28    4   11    3
    9   22   12    4    3
   24    5   10    8    5
    9   21    9   12    4
    8   28    2   12    4
   22   18   10    1    4
   27    5    8    6    6
   21   16    3    5    5
   23    4    7    8    5
    2   21    2    4    4
    8   18    5    7    4
   25   25   11    9    7
   26   30    8   12    8
   30   15    7    7    4
   29   27    4    9    4
   20    3    9    2    3
   14   16    4    2    6
    2    2    7    2    4
   18   18    7    1    6
    2   16   12   10    6
   24   15    8    3    2
   30   30    6    1    6
    2   22    5   10    2
   28   25   12    5    2
    1   14    6    2    5
    9   24    4   10    6
   28   17    4   10    3
   10   12    3    3    4
   14   15   10    9    3
    6    7   11    7    4
   11   26    7    7    2
    4   20    1    8    1
   10   26    5    4    4
   17   13    1    2    4
   25    4    7    5    4
   29   29    4    5    6
   11   22    1    7    7
   21   20    5    2    4
   29   24   10    3    5
    1   24   12    3    6
    1    7    8    7    4
   18   25   10    8    4
    8   29    4   10    6
    8   16    9    7    3
   28   11    2    9    3
   23    5    4    2    4
   27   14   11    5    6
   17    2    4    7    4
   10    5    9    4    5
    8    6    7    4    3
   22   22   11   10    7
    5    9    4    5    8
    5    6    1    7    7
   26   14   10    7    6
    5    5    8    9    6
   22   23    9    8    7
    4    6    6    8    5
   21    8    1    1    8
   19    5    9    9    7
   23   17    7    1    3
   27   28    8   11    4
   15    3    5    1    4
    8   24    3    1    7
   10   17    6    4    6
   27   24   10    4    4
   18    7    6    2    3
    1    4    9    6    5
   20    5    2    5    3
   20   30    3    2    6
   30   19    4    2    6
    6   24    6    7    4
   26    9    4    5    4
    2   27    3    1    5
    8    8   12    6    9
    3    1    9    1    8
   14   24    1    9    7
   12    8   11    7    5
   24   17    5   12    3
    1   19    3   12    3
    3    7    3   12    7
    2   19   10    8    4
   24   19    5    2    6
   29   20    3    6    4
   14    9    9    1    3
   12    7    9   10    3
   26   23    4    5    3
    1    8    8   11    5
   28    3    1   10    3
    1    1    8    9    8
   30    8    7   11    7
   16   13   10    2    7
   14   18   10    2    6
    7   20    1   12    2
   14   30   12    6    5
   29   18    3    5    7
   19   20    9    4    5
   20   10    1    1    4
    6   23    4   10    5
    3   10   11    1    6
    4   10    7    7    4
    4    8    2   10    5
    4   14    9    3    6
   26   24   11    3    4
    4   12    5   11    5
   19   25    6    7    4
   22   10   10    1    6
   16   25    9    3    7
   19   22    9   10    5
    9   15    8   10    2
    6   30    8    3    2
   21   19    7    6    4
    3   11    3    4    5
   30   29    2    2    6
   23   27    8    6    6
    8   25    7   12    4
    3    8   11    4    8
   24   12    3   10    5
   26   19    4    7    5
    2    5    1   11    3
    8   15    9   10    3
   14   23   12    1    6
   29   10    8    4    4
    7   25   11   10    2
   19   10    8    3    5
   27    3    2    2    4
   13   20   11   10    5
    4    3   12   11    4
    4    4    4    1    6
   19   27   12   11    4
    3   29    9    7    2
   23   30    1    1    5
   30   24    1   12    5
   21   26   10   11    5
   23   19    7    2    4
   24   22    4    5    6
    9    9   11    2    5
   13    3   11    5    4
   22   26    2   10    2
   12    6    8   11    8
   20   17    8   12    4
    6   22    6    5    2
   12   30    7    6    6
    9   17    5    7    2
    3    6    7    8    2
   11    6   11    3    3
    5   22    6   12    5
   27   30    7   12    2
   28   10    8   10    2
   18   13   11    8    2
    7    4   11   10    2
   15   22    2    5    6
   23   25   10    6    3
   10   18   10    8    4
   21   21   11    2    6
   29    7   12   12    4
   25   24    1   10    5
   29    2   11    9    5
    5   11    8    2    4
   11   18    7    5    3
    8   20    3    6    3
   20   20    4    8    6
   18   12    6    2    4
    1   21    3    9    3
   16   29   11    8    2
    2    9    4    5    2
   19    8    7    9    5
   14   14    6    7    7
   30   16    4    1    5
   18   23    8   11    4
   29   12   11    4    3
    2   10   11    6    3
   10   10    7   11    6
    9   25    3   10    4
    5   17    2    2    4
    4   21    3    2    5
    8   23   10    6    3
    2   25    6    7    6
   11   11    3   12    6
   23   28    3    5    6
    9   11    7    1    3
   15   19   10   11    3
   15   13    8    6    3
   17   25    7    3    3
   12    3    9   12    2
   11   13    2    4    2
    2    4    8   12    5
   12   19    8    7    6
   20   11    1    5    5
   15   16    4    8    5
   15   25    5    4    3
   26    8    1    1    3
    2   18    2    1    6
    1   26    3    5    4
    6    6    4    9    8
   28   24    7    5    6
   16   19    1    1    6
   19   17    3    7    4
   17   14    4    6    4
   13   14   11    9    5
   16   22    2   12    5
    9    8   10    1    3
   18    5    3    4    6
    7   28    4   10    3
   11   17    2    6    4
    2    6    3    5    3
   28   15    5    1    3
    4   11   12    6    3
   25   11    3   10    4
   27   27    4    2    5
    1   20    9    1    6
    7   13   10    9    3
   12   21    5   12    5
   16    1    3    5    4
    3   23    6    2    2
    7   30    5    5    3
   14    8    5    6    3
    5    4    6    8    5
   28   28    4    6    6
   12    9   12    1    5
    5    8    9    4    6
    9   23   11   10    5
   23   21    7   12    3
   26   28    8    5    6
   16    4   12    9    4
    6   20    5    2    2
   26    4    6    3    6
   22    4   12   10    5
   12    2    3    2    5
    1   10   10    5    6
    3   30    5    6    4
    4   29    9   11    4
    9    7    5   11    3
   17   26   12    3    3
   22   29    6    8    2
   26   18    3    3    2
    9   20    1    8    2
   11   30    2    5    6
   21   25    8    6    4
   19    3    6    8    6
   29    9    7    9    3
   11   10    5    5    3
   12   26    9    3    5
    6   16   11   12    4
   24    7   11    9    6
   20   14    8    5    6
    5   26    1   10    3
   11    8    7   11    5
   19   13    9    8    6
   17   22    8    1    4
   18    3    7    8    2
   10   13    6    4    4
   19   19    6    4    5
   29    5   12    1    4
    8   13    8   10    4
    3   24    8    8    6
   16    9   12   12    3
    7   26   10    4    5
   23   13   12   10    3
   15    2    6    6    3
   28   22    4   12    6
    2   30    7    2    4
    3   17    5    6    4
   24    4   12    9    6
   21   10    5   10    3
   12   12   11    4    6
   22   25   11   12    2
   15    6   12    7    2
   15   21    7    4    2
    5   28   11    9    6
   11   29    1    9    2
   12   13    1    1    2
   24   11    6   12    6
   24   24   11    3    6
   23   24    5    3    3
   18   24    9    9    4
   13   13    1    2    4
   12   14    9    1    6
   27   22   10   10    3
    5   25   11    5    3
   17    6   10    6    4
    7   27    7    5    4
   28   12    4    5    4
   26    6   12   12    4
   17   30    1   10    4
   10   25    7    8    3
    9    6    2    2    2
    6   21    6   10    5
   20   12    5    8    4
    5   14   10   11    4
   18   16   10    9    5
    9    4   10    7    2
   13   25    1    1    6
   30   25    8   12    5
   21   22   11    6    3
   26   13    8   11    2
   18   17   12    7    6
   28   16    4    6    5
   26    2    1    9    6
   18   21   10   10    5
    2   23    9    7    6
   22   30    5   11    4
   14   29   11    3    6
   29    6    5    9    2
   19   14   11    5    5
   23   15    8   12    6
   18    1   10   11    5
   21   30    9    6    3
   29   21    6    8    3
   26   25    7    6    4
    9    3    3    4    5
    9   18   10    4    4
    6   13   10   12    5
    8   17   12    3    3
   20   22    3    7    2
   17   12    3    9    2
   23   23    6    2    5
    7   17   11    8    3
    6   27    4    5    3
   26   29    4    3    4
   24   10    8   11    3
    6   28    6    9    2
   27   16    2   12    2
    7    8   11    3    5
    3   25    2    6    3
   12   15    2    8    4
   15    4   10    5    3
   11   16    2   11    7
   15   15    5    7    5
   18   15    4   11    6
   10    7    1    7    7
   26   26    4    6    6
   19    9   12    2    4
   11   27    5    5    3
    7    7    7    1    7
   23   20   10    2    6
   15   10    9    8    4
   15    5   11    3    8
    1   28    2    8    3
   27    8    3    4    3
   23   12    2    4    3
   19    4    5   12    5
   27   18    1    6    5
   13   29   10    8    3
   21   14   11    2    3
   30   13    9   12    4
   26   27    6   11    3
   10   16   11    2    4
   24   21    2    8    3
    7   11    8    7    5
   14   22   10    7    3
   10    9    2    6    3
   20   27    5    4    2
   19   29    7   12    3
    2   28    4    9    2
   16   26    7    5    4
   28    4    9   10    3
   24   16    2    8    5
   16   16    6    1    8
   13   22   11    7    5
   12   22    7    7    4
   27   15    2    2    6
   25    6   10    9    5
   26    3    3   12    4
    5    1    1    6    6
   28   20    2    2    3
    7    2    8   12    2
    1   23    3    2    2
   25    1    3   10    6
    7   14    2    6    5
   10   14   11    2    5
   12   25    9    2    4
    5    7    6    4    6
    6   18    7    1    4
    3    3    6    1    4
   13    4    8   12    6
   10   30    3    4    5
   20    2    2    9    5
   20   16   12   11    4
    1   29    2    8    3
   13    2    8   12    3
   11   21   11    1    4
    6    1    3   10    4
   16   17   11    8    5
   15   11    1   12    6
   29   15    9    3    3
   13    1    4    6    4
   13   24    4   12    2
    8   22    6   11    6
   23   16    3    6    5
   27    9    4    8    5
    7   22    1    8    5
   28   19   12    1    6
   20   18    1    7    7
    7   16    5    5    6
   20   24   12    6    3
   17   21    6   10    2
   13   27   12    2    2
   14   25   10    4    5
   19   11    1    3    4
   15   20    2    5    3
   13    5   12    6    5
    5   12    1   12    4
    2    1    6    7    5
    1   30    1    3    3
   27   25    7   12    6
   11   14   12    8    6
   18   19    6    6    4
    9   13    7    4    4
   12   27    8    9    6
    3   16   11   11    5
   21    3    1    6    4
    5   16    3    1    4
    7   23   11    9    5
   29   17    1    1    3
   12   16    5   12    4
   28   13   12   12    3
   22    1   12    3    3
   15   17    9    4    3
   17   17   12    7    3
   11    1    7    2    6
    4   27    3   12    4
   18   28    9    7    3
   18    4   11    3    5
    6   19    3    2    6
    3    5    7    8    8
   23   10    3   11    6
   17    1    1    5    7
    6   14   10    5    6
   14    2    6    5    7
    4   30   11    5    5
    2    8   11    9    5
