   28   30    6    4    4
   17    1    6    5    5
    8    7    5   11    4
   10   27    7    1    3
    3    7    8    4    6
   22    9    6   10    5
   12    3   10    3    6
   26    5   12   10    4
    3   25    2    5    3
   12   11    2    5    4
   22   23    5    7    4
   22   15    9    5    3
    6   10    6   11    3
   29    1    2   10    4
   15   24    9    1    3
   22   22    3    2    6
   13    9   10   10    5
   13    8    8    8    6
   15   19    9    6    7
    7   25   12    6    4
   29   24    5   12    5
   16   10    7    6    6
    1    4    5    8    7
    3    6    8   10    2
   11   23    8    4    3
   23    6   11    5    5
    8   25   10    3    4
   28    1    8    4    5
   18   21    8    3    6
   10   11   11    4    5
    9    9    4    1    8
   20   29    7   10    4
   18    8    4    2    4
   23    9    7    9    2
    6   19    8   12    4
    6    6   11   12    8
   15   17    7    7    6
   11    9    7    7    6
    9   28    8    4    1
   13   27    9    2    4
   29    3    9    3    4
   16   20    7    4    3
    9   16    6    3    6
   12   12    1    3    4
   27   23    3    9    8
    1   10    3    4    5
   19    7    9    3    4
    5   28   11   12    6
    6   28   11    5    5
   22   13   10    3    4
   11   20    4    9    5
    5   30    1    3    3
   21   25    8   12    6
    5    2    3    7    7
   20    6    7    9    4
   15   12    5    3    2
   29   14    4   10    7
   23    7    5    1    3
    2    8    5   12    4
    7   15    3   11    3
    2   11    2   10    3
    1    6    2    4    2
   23   14    8    4    4
   16   26    8    8    6
   26   28    1    5    4
    3   14    6    2    4
   24   30   10    2    6
   15   23   11    9    8
   19   24    2    7    3
   16   21    3    6    4
    8    3    2    8    2
    4    5    8    7    5
   25   12   11    1    3
   23    5   12   12    3
    5   13    1    7    3
   26   26    9   12    6
   19   21    5   11    7
   28   13   10   10    4
   20   20    3   10    7
   17    3    6   10    7
   21    6   10   12    8
   12   28    2    5    4
   20   26    4    7    4
    3   22    3    7    3
    4   22    1    7    2
   18   11    9   12    3
    9   24    4    2    4
   11   29   12    8    1
    2    2    8    2    9
   12   18    7    8    5
    9   29    7    4    4
   20    7    2    9    5
    1   22    3    3    3
   21    2    4    1    3
   20    2   11   10    5
   12   27   12    9    3
   23   21   10    5    5
    4   23   10    9    2
    3   23    5    5    6
   29   23    6    1    5
   28   22    5   12    4
   13   11   10   12    7
   18   26   10    9    6
   10   30    5    9    7
    6   14    6    4    4
    3   20    5    5    4
   21    1    9    3    4
   21   17    7    5    5
   11   26    6   10    3
   20   18    2    1    6
    6   26   10    5    3
   20   17   11   12    5
    9   17    4    8    4
   10   10   10    2    6
   13   30    9   11    4
   29   10    6    6    2
    8   24    2    2    6
    8   21    6    6    4
   29   27    4    3    3
   27    1    8   12    2
    2   13    2    9    6
   15    4   12    3    5
   22   19    3    3    4
    1   30    4    6    5
    7    5   12    1    4
   14    4    3    9    5
   14   22   12    1    2
    6    9    3    1    3
    5    1    5    4    4
   23   12    7    6    2
    1   16    3    2    6
    1   19    2    6    4
   27    3    6    1    3
   11   27    4   12    3
    4    6    6   12    4
   23   30    7    6    3
   21   28   12   12    3
    6   18    7    5    2
    3   21    2    8    5
   19    8    1    1    4
    4   26   11    9    4
   10   23    1    2    3
    2   25    2   12    6
    4    4    2    3    5
   27   25   10    8    4
   28   28    9    7    7
   16   16    6    5    7
    3   19    1   10    7
   17   17    3    7    8
   23   28    6    6    4
   19    2    2    1    5
   23   23    4    3    6
   16   18    1    2    6
   26    8    5    3    4
    6   29    9    4    3
   16   30    3    6    3
   19   17    9    9    3
    4   12    3    4    3
    3   15    8   10    2
    5    6    6    2    3
   21   11   10    2    8
   21   13   12    5    4
   17   12    1    5    6
   25   28    2    8    5
    6   15    8    7    3
   19   20    9    4    5
   10   15    1   12    4
   11    3    6    4    7
    3    4   11    8    6
   20   25    3    4    6
   17    7    2    1    3
    5   18    3    7    3
   18   14   10    9    6
    4   10   10   10    3
   18   30    3    3    3
   11    6    6    8    3
   20    5   12    8    2
   28   10    7    3    4
    1   12   10    4    4
   24   23    3    7    3
   15   14    4    9    4
    5   22   11   12    5
   27   19    6   12    4
   24    5   11   11    3
    7   14    6   11    3
   16   23    2    3    3
   21   26   11   11    3
   26   25    3    5    6
   27    8    4    1    4
   17   23    7    7    4
    9    2    5   12    5
    3    2    3    8    5
   12   24    3    7    4
   20   23    9    6    3
    1   11    1    2    6
   17    4    1    4    6
   29   19   12    9    2
   13    7    8    4    6
   29   26    2    7    6
   17    8   10    6    4
   21   24    4   12    7
   29   17   12    6    3
    9   30    5    5    3
    9   15    2   10    3
   14   24    9    1    4
   25   13    2   11    2
   30   21    2    4    5
    5   27   12    3    4
   18   24   10    5    4
   28   29    1    2    4
    7    4   10    3    3
   15    8   11    5    5
   27    4    3    1    4
   30   20    2    5    3
   19   11    3   11    5
   19   18    6    3    6
   16   28    7    2    5
   24   11   11   11    4
   29   15   11    3    5
   28    2   11    2    4
   17   14    8    2    6
    1   15    4    7    4
   14    9   12    7    4
   24   27    5    4    5
   11    7    7    3    5
    4   13   12   11    5
    9   21    4   10    4
   13   24    8    1    2
   28   19    8   12    3
   16   14   11    8    7
   22   30   10    7    5
   29   29    1    8    4
   13   18   11    7    4
   10   19    1    2    5
   26    2    2    8    5
   23   25    6    6    5
   24    6    1    8    3
   28    3    5    1    3
    2   22    3    7    3
   27   16    6    7    2
    6   30    8   10    4
   27   20    4    7    3
   22    7    3    5    6
   16    6   12    7    5
    2   24   12    6    5
   20   15    9    9    4
   29   18   12    9    3
   17   27    2    9    6
    3    3    8   10    3
   20    1   10    1    4
   12   13    2    5    2
   16   12   12    4    3
   23   26    1    9    4
   24    7   11    2    4
   17   13   11    2    7
    7   28    8    7    5
   16    5   10    6    6
   20    4    5    4    2
    1    8   11    1    4
    2   12    1    6    6
   26   12   12   12    4
    9    4   10    4    4
    4   16    9    8    5
   30   19    6    3    5
   25    9    8    1    6
    8   16    9   11    7
   19   12    5   10    7
   10    5   10    3    7
   18   23   12   10    4
   28    8    8   11    3
   30   17    2   10    7
   18   18    8    4    8
   25   15    4    7    4
   11   11    7    5    7
    1    1    6    1    6
    3   10    2   11    4
   24    1    4    4    7
   27   26   12    8    3
    5   21    6    3    3
   20   24    9    5    2
   14   25    1    7    4
    3   18    6    6    4
   16    2    5    9    4
   14    5    9    3    4
   14   11   12    5    3
   29    7    2   10    5
   15   21    7    4    6
   14   12   11    7    6
    8   30    6    4    2
   15   30    9    4    3
    4   24    6    5    3
   25   29    6   12    4
   15    2    8   12    3
   19   19   12    9    6
    8   11    2    4    5
   26    1    8    8    4
   24   24    9    4    8
   13   10   10    8    3
   25   17    1    3    6
    4   18   10    9    4
   24   16   11    4    2
    4   19   11   11    7
   29   30   10    8    5
   19   23   11   12    6
   13   13   12   11    4
   29   22   12    9    2
   14   21    3    5    8
    5   25    1    2    6
   25   16    8    9    4
   24   17    2    6    3
   15   11    4    4    3
    9   19   10    9    3
    4   25    5    1    3
   15   18   10    3    5
   13   15   12   12    4
   17   26   12    2    5
   14    2    4   12    7
   16   29   10    8    3
   14   26    3    4    5
    7    7   10    8    2
   14   14    6    8    5
   13   20    3   12    3
   17   18    4   10    6
   30    3    6   10    4
   13    6    2    8    4
    2   17    5    2    7
   22   11    8   10    4
   16   17    3    8    4
   10   24    8   11    2
    7    9   10   10    2
    1   23    4    9    3
   23    8    5    1    3
    5   12   12   12    4
   20   22    3    2    5
   13    1   12    7    3
    9   27    9   11    2
   19   14    2   11    5
   30   25   11    4    5
   14   27   11   10    3
   12   29    3   10    3
   25   19   12    4    4
   17   10   12   11    3
   30    2   10   12    3
    5    5    8    4    7
   29    5    9    9    3
    4   29    1   12    2
   12   21    4    2    6
   21   20    2   12    4
    6   12   11    7    5
   22   18   10    7    3
    5    9    5    9    4
    4   11    6    4    5
   30   14    7   10    5
   18   10    3    6    4
    2   23    5    3    3
    5   19    8    6    4
   17    6    4   12    3
   27   18    1    1    5
   30    7    4    4    2
   10   25    2   10    3
   25   25   10   11    3
    2   18    5   10    3
   17   11   12    4    4
   28   27    7    6    3
   20   14    9   10    3
    4    2    9    7    4
   21   22    4    4    3
   17   22   10   10    3
    8    6    5    3    4
   22   25   10    2    3
    5   17    5   10    3
   26   22    1    7    2
    2    6    9    8    3
   26   19    3    7    4
   28    4    5    1    3
   18    7   12    2    3
   14   10    5   12    3
   22    8    2    1    4
    1   25    9   12    5
   27   21   12    9    4
   22   10    2    8    3
    9    3    5   11    3
    7   21    9   10    4
    3   26    8    6    3
    3    1    9   12    7
   25   11    1    5    2
   30   11    7   10    2
   20   12    4    1    6
    9   10    2    5    6
   15   28    1   10    5
    1    7   11    8    4
    9   26   10    4    3
    1    9    2   12    6
   28   18    4    8    4
   21   21    7    2    4
   24   26    3    2    4
   24    3    6   11    4
   13   29    3    9    3
   29    2    3    6    2
    3   16   12    2    3
   13   16    8    1    5
    9    8    2    6    5
   27   27   10    9    5
   26   10    2    2    3
   29   21   12   10    2
   12   30    7   11    4
    7    6    4   11    3
    2    7    6    5    4
   28   20    8    7    2
   22   16    5    9    5
    8    5    8    3    6
   28   11    1    9    2
   16   11   12    9    3
   15   26   10    1    3
   21    4   10    8    4
   28   24    9    9    3
   23   13    7   11    3
   16    7   12    6    3
    2   10    3    9    4
   15   15    1    5    3
   28   14    1   11    4
   26    7   12    5    4
    8    4    1    4    5
    6   22    2    7    3
   27    7    9    2    3
   10    7   12    1    4
    2   27    6    3    3
   10    8    4    2    4
    6   27    9    2    2
    8   12    6    5    5
    9   12    8    5    4
   13   26   12   11    3
   17   28   12   12    4
    8   29    5    9    5
   19   16    2    1    4
   22   27    4    4    3
   20   10    2    4    3
   15   27    6   10    5
   10   12    8    7    3
   22   12    7   11    2
   30   30    6   12    5
    7   12   12    2    6
    1   18    8    9    6
    9   18    7    3    7
    8    8    9   12    4
   15   16    7    2    4
   13   14    6    8    5
   24   22   10   10    4
    1   14    1    9    3
   26   30    7    5    4
    4   30    2    7    4
    9   20    8    4    4
    8   14   10    8    4
   25    6    3   10    4
    5   11   10    5    3
    5   15   10    9    3
   13   19    3   11    3
    8   20    7    7    2
    1    2   10   12    7
   10   21    5   12    6
    3   13    8    9    5
    3    5    3    4    7
   18   25    1    7    7
   24   25   10    3    5
   30   27    5    9    5
