   18   21    8    9    3
   11   11   11    8    7
    9   16    9   11    4
   12   16    4   10    3
   21   30    7    4    7
    2    7   11    7    3
   30   30    7   11    6
   15    2    8    4    2
   27   12    1    3    2
   25   14    3    3    7
   22    7   10   11    5
    7   20   11    2    1
   24   24   10    2    5
   29   11   11   12    3
   12   10    5    8    1
   26   28    7    2    1
   18   23    1   12    2
   30   29    9    4    2
   10   11   10    6    4
   24   22    1    6    5
    8    1   11    9    3
    4   10    5   11    1
    9    9   10    4    3
   20   23    9   10    1
   16   28    5    3    2
   26   29   11    4    5
   14    6   11    4    6
   12   29   12   12    1
   28   27    6    8    2
   19   24    2    1    1
   14    4    8    9    4
    8    5   11   11    2
   22   26   12   11    2
   19   18   11    7    3
    3   25    9    8    1
   21   19    5    7    4
   15   10    7    4    3
   17   17   11    1    3
    8   30    5    4    3
   11   28    6    8    1
    8   25    2    7    2
    9    6    5    4    1
   26    3    5   12    1
   29   29    3   12    2
   19    7    1    3    1
   16   19    5    9    1
   16    7   10    6    1
   11   15    8    1    2
   15    1   12    6    2
   20    1    5   12    1
   14    5    6    2    1
   22   17   10    2    1
   24    2    8    8    1
    9   12    8    2    1
   23   23    9    1    6
   11    6    3    8    6
   16    6   11    4    5
   21   14    9    2    4
    9   14   11    5    2
   12   20    9    4    3
   28   17    4   10    4
   11    8    3   11    3
    7    3    3    7    2
   23   14    4    7    3
   21   21    1    9    7
   24   25    4   12    2
   26   21   10   12    1
   20   22   11    7    1
    8   10    5    4    1
    7    7    1    6    9
   26   16    4    5    2
    5   29    7    9    1
   21    8    2   12    1
   23    2    9    1    2
   17    9   12    4    1
   23   21    2   11    1
   12    3    5   10    2
   16   10   12    4    1
   10    5    9   11    2
   23   15    2    4    6
   22    3    8   12    3
   28    1    5    4    2
   18    1    4    2    2
    5    3   10    6    6
   27    1   10    7    3
    8   16   11    2    3
   11   24   11    1    2
   25   25    9    3    2
   27   21    5    1    3
    6   28    5    7    2
   16   17    1    3    2
   25   13    4    6    2
   16   22    8    3    2
   24   28    4    5    2
    7   12    5    4    5
   10   17   11   11    5
   10   27    7   11    4
   23   19    5    5    3
   29   20    2    1    5
    4   18   11    8    5
    8    8    3    7    6
   25   21   11   12    6
   29    4    8    3    3
    2   18    7    7    3
    7   17    2   12    1
    6    4    9    7    1
   11   18    5   11    2
   10   14    1    1    2
    7   10    6    1    5
   10    6    7    5    2
   11   26    1    5    1
   29    6    8    3    1
   28   23    7    4    2
   15   24    6    1    1
   23   16    4    3    7
    5   17   11    5    2
   20   26    4    3    5
    4   30   11    2    7
   26   30    1    1    4
    3    3    4   12    7
   24   21   12   10    7
   18   18    4   12    5
   22   14    3   10    4
   11   20    2    1    3
   25   20    3   10    1
   11   21    6   11    2
    7    9    1    4    4
   27   25    6    3    5
    8   24   11   12    3
    2   21    7    8    7
    6    6    8   11    9
   16    5    3   10    1
    4   12   11    2    1
    1   16    9   10    5
   17   23    1    3    1
   27    6    7    7    1
    9   26    7    9    2
    2   22    5    3    1
    7    6    2    9    3
    3   21    5   11    1
   12   21    3   10    1
    5   27    8   12    1
   16   24    5    3    1
   15   15    5   10    4
    1    5   10    4    2
    4   24    8   10    3
    7    8   10    4    2
   19   17    3    7    2
   23   11    2    4    1
   17    3    8    2    1
   12   23   10    9    1
    1    6    6   11    1
    5   20    8    6    3
   10   10    2    4    4
   27   24    5    8    4
    9   13    9    9    1
   13   17    8    4    4
   23   13    2    9    5
    6    8    8    4    6
   10   29    7   11    7
   22   30    5    9    3
    3   30   12    7    1
    9   27   12   11    7
    9   10    9    7    4
    2   13   12   12    3
    7   27    8    2    2
    7    5   10   11    1
   15    6    8   10    2
    5   22    4   10    5
    1   21    5    2    4
   22   18    1    4    3
   18    9    3    8    2
    4    2    2    2    1
    2    9   11   11    2
   11    9   12    6    1
   19   22   10    6    1
    4    5   11    8    1
    2   17   12    9    1
   16   30    8    2    1
   27    8    3    3    2
   26   26    8   12    5
   26   24    8   10    5
   28   19    1    2    4
   20   24    1    1    3
    1   17    1    8    7
   20   15    3    8    3
    8   19    4    9    5
   25   15   12    7    4
    9   22   10    8    2
   29   23    2   11    2
   11   12    6    1    8
    1    3    6    3    9
    2   28    7    7    6
   15   18    1   10    5
   23    4    7   12    3
    4   20   10    4    6
   15   28   10    2    5
   16   11    8    8    3
   30   24    5    9    5
    9    3    9    9    2
    3   24    1   11    2
   15   17    4   11    3
   12   28    6    6    7
   25   30    7    5    6
    1    2    3   10    4
   23   24    2    9    3
   27   14   10    7    2
   24   13   10    6    1
    4    7    5   10    1
   22   28    2    5    3
   11   17    6    9    3
    3    8    2    9    1
   26   17   11    3    8
    8   23    6    7    1
   21   29    8    7    1
    5    2   11   12    2
   21   10    9    3    3
   16   27    1   10    6
    1   25   10   11    4
   14   15    6    8    9
   21   13    8    5    3
   22   23   12    5    4
   23   30    2    8    2
   20   17    8    8    1
   12    5    2    9    4
    5   13   11    2    6
   15   21   12    1    5
   13   10   12   11    3
    1   19   11    8    3
   21   17    7    3    3
    1   23    1    1    2
   30    1   12    8    2
    1   13    6    6    1
   26   12   12   12    1
   29    8   10    1    1
   29    1    1    8    1
   12   13    4   11    1
    5   26    7    5    1
   12    1   10    6    1
   22   21    6   10    2
   19    5   11   10    3
   24   17    4    9    2
    1    1    1    2    2
   27    4    1    5    3
   30   17    6    2    5
   28    4    1    9    4
    1    7   11    1    4
    5   11    7    2    3
    5   24    7    1    4
   30    9    3    9    2
   29   19    5    9    1
   10   20    7   11    1
   18    3   12    4    3
    6    3    2    7    1
    6   26   12    6    1
   18    7    1    9    3
    3   23   12    6    5
   24   29    7    5    3
   27   27   12   10    4
    8    9    5    3    3
    4    4    8    2    8
   14    2   10    5    8
   15   29   12    7    3
   20   19    8    5    2
   20   20    9    8    3
    6   13   12    4    1
    8   22    9   11    3
   29   27    6    2    4
   13   14   11    6    2
   14   20    6    9    1
   22   22   11    1    1
   26   23    1    6    6
   19   27   10    9    6
    3   15    9    1    6
   14    8    8   10    5
   23    9    7    8    4
   28    9    2    8    2
   13   13    1    3    4
   29   14   10    1    3
   14   14    4    3    3
   13   19    4    1    6
   15   26    8    7    1
   11    2   11    5    6
   13   16    1    5    7
   14   11    7   12    6
   27   20    5    1    1
   26    4    7   10    1
   18   29    7    4    4
   24    1    6   12    6
   15    5    6    5    4
   12   12    5    8    9
   24    7    9    6    5
    4   22    7    9    4
   27   18   10    5    5
   17   12    2    3    4
   22   10    2    4    4
   29    9   10   10    3
   10   26    6    3    2
   23    7    2    8    1
    1    4   11    1    5
    2    8   11   11    5
   25    4    4    1    1
    2    2    8   11    1
    6   30    1    1    7
   25    6    9   11    5
    5   25    2    5    4
   17   25    4    5    4
   26    1   10    5    3
   16   16    5   10    6
   28   30    4    6    7
   21    9    1    5    1
   12   18   10   10    2
   19    2    8    3    5
   16   15    6   11    1
   25   12    3    4    2
   18   14    4   12    1
    6   21    4    7    7
    7   30    2   12    6
   30   12   12    8    4
   30    5   10    5    4
   13    7    8   11    3
    2   20    7    4    6
    6   17    2   10    3
    5   18   10    5    3
    9   25    6    8    7
    4   13    4    1    8
   12   22    2    9    9
   18   25    2    7    7
   24   10    9    9    6
   13   29    4    7    6
    1   11   11   11    5
   11   22    9    3    6
    5    9    6   10    5
    9   20    2    3    4
    8   20    4   12    4
   23   27    5   12    4
   11   30    3   10    4
    2    3    5    7    4
    6   24    6    4    4
   15   13    8    4    6
   24   18    7    1    5
   11    4    3    3    4
    5   23    3   12    3
    4   16    2    3    2
    7   14    1   12    4
    7   25    1    4    3
   16   18   11   12    2
   30   20    3    5    9
   13   30    6    5    5
    8    4    5    1    6
   13   11   11    5    7
   29   22    5    5    5
   13   28   11    7    2
   12   14    4    1    7
   10   30   11   10    6
    1   14    5    5    4
   28    8    8    5    3
   21    4    5    4    4
   23   25    7    1    3
   21   28    1    6    4
   20   28    7    5    4
   25   11    9    9    1
   10   23    1    5    1
   19    6    4    5    2
   14    3    1   11    3
    9   15    3    7    4
   19    4    4    3    6
   17   29    3    4    1
   20   21    4   11    6
    5    6    2    1    7
   10    2    6    1    1
   21   16   12    6    2
   21    7    6    6    2
   13    8    6   11    3
   28   28    7    5    2
    3   11   10    8    3
   25    2   11    4    2
   15   27    6   10    6
   22   15   11    6    3
   27   26   10    9    3
   19   30    1    5    4
   25   16    1    6    3
   10    1    4    2    2
   17    8    3    9    3
   26   25    3    3    4
   22   25   10    3    4
    9    4    8    2    6
   27   13    9    2    4
   16   29   12    1    2
    4    3   12    4    3
    6   20   12    3    4
   16   14    5    7    6
   26    8    9   10    2
   27   22    4    8    1
   27    2    7   10    3
   28    5    2    4    4
   13   26    3    5    6
   13   18   11    7    7
   16    2    8    8    9
    7   11    9   11    2
   19   15    4    2    3
   30    2    8    9    4
   18   17    4    5    6
   14   30    4    6    2
   16   20    5    3    3
    8   18   12    4    4
   30   27    2    9    6
   22    6    2    5    7
   26   19    4    8    2
   29   25   12    3    3
    2   26    2    7    8
   18   20   10    8    4
    2   12    1    8    6
    5    5    3   11    2
   22    1   10    5    3
   26   18    5    5    4
   29    2    3    2    7
   15    8    2    2    8
    3   29    7    5    4
    7   28    7   12    1
   28    3   11    1    3
   26    7    1    1    4
    6   23   11    1    6
   10   19    4   10    1
   19    9    4    3    3
    3   10   12    3    4
   15    4    1   10    7
   17   14    5   11    8
   20   13    2    4    1
   18   30    7    7    3
    3   20    9    2    6
    7   29   12    6    8
   27    3    8    1    7
   15    7    8   10    4
   10   25   12    8    5
   14   26    1   10    3
   19    3   11    6    8
   14   24    3    3    2
   17    4    2    4    4
   19   25    9    6    5
    9   24    2    4    3
   12   15    4    8    4
   13    3    3    5    5
    8   12    6    3    2
   12   19    5   10    4
   11   27    6    2    8
    6    2    7    3    9
    6   12   10    2    2
   24   12   12    1    4
   27   17   11    9    8
   13   22    3   10    9
   28   29    3    3    2
    9    1   11    7    3
   16    3    7    1    4
   14   19   10    1    8
   19   11   12   11    9
   28   25   11    4    3
   30   15   12    8    2
    6   18    6   10    4
   18   10    2    2    5
   28   14   12    9    4
   18   28    1    7    3
   10   28    3    8    2
    5   21    7    5    4
   19   19    8    3    5
