    2   22   11    5    6
   23    7    3   10    7
    2    2    4    5    9
    7    9    5   12    4
   23   26    3    3    3
    9   21    8   10    5
   14   21    7    5    9
   30   13    4    6    7
   28   20   10   12    6
   13   13    4   12    8
   16   10    4   11    5
   23   10   11    5    2
   21   21   12    8    7
   17   24    3    8    7
   20   10   10    3    6
   25   21    9   12    5
   29   23   10   10    4
    5   13    2    5    8
   16    5    7    4    5
   21    3    5    1    4
   11   25    7    2    1
    5   11    1   10    2
   21   22    4   10    3
   17   16   10    1    4
   12    7    4   10    3
    7   19   10    3    3
    3    3    3    1    6
   20   21   11    2    4
   22   16   12    6    3
   27    6   12    9    3
    6    6    1    5    9
   13   10   12   10    2
   16    3    5    7    3
   26    9    1   11    7
   25   28    4    8    4
    7   18   10    7    4
   24   27    9    9    3
   13   22    8    7    3
   29   12   11    6    7
    2    4    1   10    8
   15    8    1    9    6
   28   13    2    7    4
   30    3    5   10    2
   14    8    5   10    4
   23   19    4    1    2
   28   27   12   11    6
   28   28   12    2    6
    1   16    4    6    5
    8   13   11    7    6
   22   19    5    3    5
   20   19    8    7    1
   25   22   10    5    2
   24   15    9   11    2
    1   17    2   12    3
   23   18    4    4    1
   25   25    4   11    2
    1   19    3    4    3
    4   18    1    4    6
   30   30    2   10    8
    4    1    9    4    7
   24   10    6    8    4
   29   30    6    3    4
   29   24    9    1    5
    4   14    3   10    5
   21   13    2   10    4
   20   25    3    3    5
    5   15    8    6    5
   30   18    4    9    3
   11   14    6    3    7
    6   15    3   12    5
   12   30    6   10    5
   17   21    8    1    3
   24    6   10    9    3
    2   25    4    7    4
    5   19   10    5    3
   24   24   11    7    5
    8   10   10    6    2
   27   22    1   10    2
   19    6   12   12    3
   13   14    5   11    2
   25   24    1    3    1
    3    7    9    7    5
   25   23   10    2    1
   29   26    3    6    5
   26    3    4    3    1
    7   11    6    9    1
   12   26   11    5    3
    7    7    5   10    4
   28   18    4    8    3
   20   17    7   10    3
   21   23   12    9    2
    9    9    4   10    5
    8    6    9    3    7
   23    9    2    6    3
   24   23    7   10    3
   12   15   11    8    3
   27   30    5    3    1
    8   19    1    1    5
   20    8   11    6    1
   12   23    7    5    2
   14   15   10    1    1
   23   13    8    8    4
   23   23    6   11    1
    6    2   12    6    8
   12   10    8    9    1
   19   21    2    5    8
    3   19    2    6    4
   16   24    5    2    4
   21    7    9    2    3
   23   30   11    9    1
    8   30    1    8    2
    5    2   12   12    3
   10   18    3    6    3
    5   25    3    4    2
   15    4   11   10    1
   17   13   11    2    6
   30   25    1    7    7
   12   12    2    8    9
    5   20    8    7    3
   11    4    4   12    9
    9   16    4    6    2
   10   27    7    7    2
   20   22   10    1    2
   11   22    5   11    1
   17   17    8    4    8
   14    9    5    5    2
   16   13    7    4    5
    9    8   10    8    3
    7   29    5   11    3
   21   28    3    2    5
   27    1    5    3    5
   20    6    6   10    6
   11    9    7    7    6
   15   29    9    6    3
    1    7    8   10    1
   17   10    2    5    9
   21   11   10    3    7
    9   10    6    3    5
    2    1    9    8    5
   25   16    6   10    2
   20    1   11   10    8
   29    8    4    3    6
   10   30    3    1    4
   22   10   12    8    4
   25   12    9    9    2
   17    7   11    2    1
   11   29    7    2    5
   17    4    4   12    8
   11   11    9    5    8
   22   28    3    5    7
   12    2   11   12    3
   19   27   11    2    6
    5   23    3    2    1
    5   24    3    6    5
    7   25    7    3    7
    4   29    4    9    5
    9   15   11   12    5
   27   13    9    5    3
    6    5   11    8    6
   17   23    5    7    1
   11   16   10    3    4
   17   12    8    4    8
   24   18    9    1    6
    1   26    3    4    6
   12    8   10    1    8
   15   18    2    5    7
    4   30    2    2    9
    7    4    2   12    3
   26   26   12    7    4
   20   18    1    2    3
   14   28    2    5    3
   15   11   10    5    3
   22    4    6   10    6
   12   16    1    9    6
   16    4    2    6    7
    7   27    5    3    1
   24   12    2    2    6
   20   30    8    8    6
   13    6    9    1    4
   22    8    8   11    6
    5    1   11   11    1
   28   30    8    5    1
   25    6    2    1    4
   27   17    9    8    4
    5    5   12    3    7
   30    7    2    8    4
    3    4    7    7    1
   10    4    2    9    4
    9    2    7   12    5
   28   12    4    4    5
   17   26    9    3    4
    8   11   10   10    6
   29    5    6    9    3
   29   14    2    2    3
   30   19    4   11    2
   23   28    9    3    3
   18   16    1   10    7
   19   14    1    8    5
   16   16   10    5    4
   16   15    8    8    1
   10    2    8    9    4
   27    8    5    5    8
   13   20    3    4    5
    4    5    1   10    5
   18   11   10    1    3
   22   14    1    2    1
   23   11    8   11    2
   20    9    7    9    1
   27    2   11    6    3
    6   14   11    4    3
   20   20    4    1    8
   24   26   11   12    1
   14   27    7    9    1
   30   14    6    2    3
    6   16    3    5    2
    8    2    4    8    1
    6   18    5    2    1
   30   16   12    6    1
    1   13    4   12    3
   19   28   11   10    1
    9   18    1    1    7
   18   19    2    4    1
   13   15   10    4    1
   12   13    7   10    1
   25    9    7    5    2
    1    6    7   12    5
   14   24   11   12    7
   29   29    8    1    1
   19   11    2    4    7
    5   26    6    4    3
   20   15   10    2    3
   13   24   10    8    3
    4   20    6   11    5
   22    1    9   11    5
    4   24    6    3    5
    9   30   12    6    1
    8   21    6    7    3
   26    2    1    7    1
   11   28    1    9    1
   26   25    5    2    2
   20    2   11    8    5
   29   28   10    6    1
    7   15   12   11    2
   19   24    1   11    3
   14   25    9    9    7
   18   25    1    9    8
   24    8    7    3    7
    2   21   12    9    3
   24   11    3    4    3
   29   22    4    8    1
   24   21   11    6    7
   27   27    5    1    3
    2   11    7    7    7
   10   14    3    1    7
    3   18    4    6    7
    8    1    9    4    8
   18   14    9    5    6
    9    6    7   12    4
   15   23    4   12    5
   13    4   12    9    3
   22    7    4    8    7
   26   10    2   12    3
   11    6    5    3    5
   14   17    7    9    8
   15   17   12    1    8
   27   20    4   11    6
   23    6    7    2    1
    8   16    1    5    4
   17   30    4   12    1
    3   28    3   10    1
   26   11    3    3    1
    7   14    5    7    3
    4   21    9   12    9
   30   11    6    4    5
    8   28   11    9    1
    5   14    5   12    1
   17   29    9   12    1
   26   28    3   10    8
   14   14    3    2    9
   17   22    7   10    3
   30   22    5    7    3
    3   15    3    7    9
   16   21   11   12    8
   14   20   12    1    6
   28    5    9    1    3
    9   24    7    2    7
    9   29   10    4    4
   16   19   12    6    7
    3   17    5    8    6
    4   23    8    9    6
   23    2   10   11    3
    2   14    4    2    9
    1   29   11    7    1
   15   25    1   11    6
   12   20    3    3    6
   23   22    4   10    3
   23    1    5   10    3
   25   13   12    6    3
   18   29    5    3    9
   15   15    2   10    6
   17   19    4   10    9
   25    8   10   10    9
   23    3    5    7    4
    4    4    6    8    9
   21   10    1    4    4
    7    8    3    8    8
   30   15    5   10    3
    7    6    5    3    6
   10    7    4   10    3
   15   28    5    3    8
   21   27    4    9    7
   26   15   12    8    4
    3   11    9    1    4
   15   21    6    6    7
   18   27    3    4    3
   20    7    1    2    3
   15    1    9    8    8
    8    3    3   10    8
    2   24   11    2    3
   16   29    5    5    3
   28   17    3    6    7
    2   28    1    9    2
   23   14    5    7    3
   28   10   11   12    3
   16   26    4    6    3
   29   19   11    3    2
    7   13    1    5    2
   16   23   10    1    2
    6   17   11   10    2
    5    9    6    1    2
   10    3    2    7    3
   18   18    5   11    2
   13   18   10    1    4
    1    1   10    4    7
    2   19    8    8    2
   25    4    1   11    7
    5   27    6   10    4
   11   20    6    6    6
   18    2   12   12    4
    3    2    4   12    4
   26    6    8    4    4
    1   18   12    4    4
   20    3    6    6    4
   29   10    3    8    4
    2   15    3   11    3
   12   21    6   11    8
    1   10    7   10    3
   28    4    7    5    4
   28    9   12   12    8
    1   25    7    7    4
   25    3   10    5    4
    2   13   10   12    3
    5    8    4    3    8
   29   25    4    9    9
    5   10   11    4    3
   25   27    6    7    8
    1   28   12   12    3
   28   16   10   12    2
   24    1    9    4    3
   27    9    3    8    4
   12   19    7    9    4
    6   21    2    7    8
   15   22   10    1    4
   21    1    9    4    4
   29   21    9    9    3
   19    4    2   11    8
    7    2    5   10    7
   17    2   12    2    9
   27   29   11    3    7
   27   11   10   11    7
    5   18    1    8    4
   30    5    8    9    7
    1   11    2    5    5
   18   17   12    6    3
    6   22    3    3    3
    4    6    5    1    7
   24   28    1    5    7
   29   13    2    3    3
   10   19    2   12    3
   27   23   12    4    7
   14    3    2    8    7
    1   12    8    2    5
   25   19   10    3    5
    9   13    5   12    5
   12    6   12    2    8
   29    2    3    2    4
   24   22    8    1    9
   27   15    5    9    4
   22    3    7    7    3
   17    8    8    2    3
   11   13   11    6    2
   22   12    1    5    1
    6   29    1    2    1
   13    3    6    4    8
   19   13   10   10    7
    6    3   11    3    3
   18   21   12    5    3
   14    1   10    4    8
   26   14    6    1    3
   14   16   10    3    7
   20   29    8    8    7
   26   19    6    2    2
   26   13    6   10    3
   20   23    7   10    3
   12   14   12    4    3
    8   18    3   12    3
   16    7   10   11    4
    7   24    6    3    3
   22   26    7   10    4
    2   30   11    5    3
   20   16    4   11    8
    4    9   11    2    3
   12    4    8    4    8
    3    9    7    4    3
    7   26    5    6    3
   27   26    5    3    4
   29    3    3    1    4
   10   10   12   11    3
   23    8    7    8    3
   26    4    9    9    8
    3    5   11    9    7
   19   19   10   11    7
   17    9    4    5    7
   15   10   10    8    6
   28    6    2   10    7
    4   27   10    8    7
   30    1    9    7    4
    5   21    2   12    2
   18   22    6    4    7
   30   24    7    5    1
    5   22    2    8    3
    8    8    6   12    3
   17   25    2    5    8
   21   30   11    3    1
   28    7    9   11    4
    8   26    7   11    5
   20   26    7    9    3
   25   10   11    3    3
   11   17    4    1    5
    2   16    3    8    5
    9   12    5    3    3
   27    3    4    3    2
   19   15   11    6    1
   21   26    8    5    1
   17    5    7    1    1
   22   22    1    8    3
   24    3    2    9    4
   22    9    1   10    1
   27   16    1    3    5
   30    6   11    1    5
    1    3    5   10    7
    4    8    6    3    7
    9    1   11    1    4
    6   10   12    8    1
   24   20    1    1    1
    3   12    7    8    3
   11   12    6    2    1
   12   27   10    5    7
   11   10    6   10    1
    5    7    8    3    4
   26   30    1    1    4
   19    9    8    1    5
   26   18    8    3    5
   18   12   10    4    3
    5   12    9    5    2
