   23    1    3   12    4
    3   26    8    1    3
   15   17    2    5    3
   15   12    6    6    3
    5    9    9    3    4
   27   10    8   11    5
   23   26    4    4    3
   30   17    5    6    4
    2   23   10    3    4
   29   14   12    7    2
   13    8    6    2    5
    5   13   12    9    4
    3    5   11    1    4
    4    6    2    5    5
    1   27    8   10    4
   13   19   11    8    4
   26   26    4    5    3
    8   20    2    7    3
   19   11    2    6    5
   18   14    1   11    3
   15   24   12    6    4
   19   27    6    2    3
    9   26    5    2    2
    2   28   11    7    2
   20   27    4    8    5
   25   16    1    7    4
   17   13   10    7    6
   14    7    5    9    4
    4   15    9    2    3
   25   21    8    3    3
   14   26    9    7    5
    1   16   12    1    4
   21   21   12    4    3
    2    9    5    6    3
   23   29   10    3    3
   10    1    5   12    4
   29   26    8    6    5
   20    5    9   12    4
   22   19    7    7    3
    6   12    3    3    6
   26   20    3    7    4
   22    3    9   12    4
   17    9   12    1    5
   13   11   11    1    4
   11   24    5    9    3
   11   26    9    9    4
   29   13    1    4    5
   16   18   10    9    7
   23   16    6   12    4
    4   30    1    4    3
    2   15    7    4    3
   28   15    3    4    2
   28   12    5   12    2
   23   13    9   11    2
   11   18    8    9    2
   19    6    6   12    2
   21   26    3   11    3
   13    4   11   10    4
    9   30    4    4    4
    8    8    1   10    3
   14   14    7   10    5
   24    9    1    6    4
    6    9    8   11    4
   23   21   11    8    3
   22   15    4    9    5
    5    4    3    9    4
   15   10    2    1    5
    7   11    7    6    4
    4   21    8    4    6
   29   29    2   10    6
    2    8    5   11    5
    6   13    8    6    3
    3    3   12    1    4
   20   20    1   12    6
    9   20   12    5    3
   23    5    3   12    3
   26   28    4    1    4
    2    5   11   10    3
   27    5    1   10    3
   13   21   12   10    4
   30    2   10    7    4
   17   27    4    5    4
   14   22    7    4    5
   27   22    9   12    5
   17    2    6    2    7
    8   16    1    6    6
   17   26    9   10    6
    8   26   12    1    4
    5   18    1    7    4
   27   11    6   10    4
   10   12   11    4    3
   19   15    4    8    4
   17   10    1    7    4
   27   26    3    5    3
   16   16    5    2    7
   19    1    5   12    5
   16    3   10   10    4
   18   26   10    2    5
   10   19   12    5    4
   19    8    9   12    6
   21   17    6   11    6
   21   24    3    8    3
   27   29    9    5    4
   12   23    1    6    3
    8   21   11   10    2
   28    7    5    2    5
   29    2    1    4    4
   30   22    2    4    4
   19   19    6   10    6
   22   26    2    5    4
   30   28    4    9    3
   19   28    1    1    3
    3    1    4    3    5
   25    1    5    3    3
    8   22    5    7    2
   27   16    6    7    3
   29   24    2    6    2
   19    9    5    4    2
   24   13    6   12    5
   11    3    3    9    3
    5    7    1    7    3
    5    5    2    8    6
   10    2    4    4    5
   25   24    6    9    4
   15   21   12    2    4
    5   19    3    9    4
    9   29   10   12    3
   28    9   10   12    4
   19    7    6   10    3
   22   16    9    7    3
   20    6   12   12    2
   30    7    3    9    3
   14    4   11    2    3
   21   12    9    6    3
   23   23    7    4    4
   11    1    4    7    4
   10   13    2    7    4
   18   12    7   11    4
   25   12    2   12    2
    9   21    1    7    2
   25   18   10   11    2
   18   21    1    9    3
   18   29   12    6    4
   24    7   11    9    3
   28   10    9    2    3
   29   17   11    9    4
   19   24    4    6    6
    9   23   11    9    7
    7   10    5    1    3
    9    9   12    8    7
   15   14    3    3    3
   18    9    2    3    4
   12    5    2    5    4
    1    4    5    7    5
   11   22    1    7    2
   24   26   11    9    3
   29   12    2   11    3
   11    4    4    3    4
    1    8    6    3    5
   20   19   10    3    4
   20    4    1    8    4
   21    3    6    6    4
   30   20   11    2    4
   18    8    4   12    5
   21   16   10    1    4
   26   10    3   11    4
   25    4    7   11    5
   20    7    3    4    5
   16    5    9    2    4
    9   11    4    2    4
   12   19    4    6    4
    6   15    9    7    4
   10   29    1    1    3
   20   12    4    7    6
   14    5    1    8    3
   11   16    7   10    3
   10   20   12    2    3
   23    7    4    3    3
   20    3    6    2    2
   27   14   10   11    4
    4    3    4    8    6
    8   14   10    1    4
   15   29    5    9    5
   27    6    7    5    3
   30    1   11    6    3
    7   22   12    7    3
   12   16    2    2    5
   13   30    3    9    4
   30   19    5    2    3
    5   11   10    9    5
   22    2   10   11    4
   17    8    6    2    4
   20   11    4    6    7
    8   29    5    3    4
   27   28    8    2    3
    6   25    6    6    2
   13   26    7   11    3
   24   24    7    3    3
   19   21    7   12    5
    8   23   11    7    4
   17   17    2    5    6
   18   22    7    2    4
   12   14    3    6    4
    6    6    1    2    7
    3   17    7    8    4
   10    8    5   10    5
   27   24    8    5    4
    1   15    2   12    4
    6    8   12   11    3
    3   24   12   11    4
   17   24    1    6    4
   22   25    6    7    3
   20   14    6    2    6
   11   29    2   12    3
    2    3    8   11    3
   12    2    8    2    3
    5   10    4    8    3
   27   30    2    3    3
   17   23    3    5    7
   25    7    8    9    5
    4    4    8   11    6
   15   27    6   10    6
    6    5    2    8    3
   11   14    4    5    6
   22   28    2   12    4
   14   10    9    9    3
    4   17    6   12    4
    1   22    5    7    2
   25   30    7   12    5
   14   24    8    4    4
   14   17    2    9    5
   14   16   12    5    5
    6   30    8    2    3
   15    9    5    6    2
    7    9   12   10    2
    7    4    6    4    3
   19    2    7    4    3
   25    9    6    7    5
   30   16   10   11    6
    3   29   10    1    4
   30    3    7    8    3
    3   15    6    5    3
   20   24    9    1    2
   13    9   12   12    3
   25   29   11   12    3
   12   26   12   10    3
   21    2    9    6    5
   25   28    3    7    4
   12   17   10    1    4
   10    4   10   12    3
    2    4    1    1    4
   25   26    2    4    3
   27    3    2    6    3
    8   11    7    9    4
    7   29    8    3    2
   12    1    5    4    3
   21   22    6    4    4
   22    6   12    5    2
    3   18    2    2    3
    3    8    9    6    2
   20   23    8   11    1
    2    2    2    5    2
   12    4    3    7    2
   24   30    4    9    3
    6   17    5    7    2
   26   15    6    8    4
   20   29    7   11    3
   23    6   10   11    3
    1    9    2   12    3
   14    9    3   12    3
   10   23    3    6    3
    6   29   11    6    3
   30   30    7    4    4
   25    5    3    7    4
   22   10   10   11    3
   14    3    9    2    3
   25   25   10    2    3
   21    5    3    5    3
   26   16    7    5    4
   29   28    7    6    3
   23    4   12    7    3
   28   28    8    6    4
   18   28   12    4    3
    6   16    5    4    3
   20    1    3    4    5
    9    3    2    3    5
   13   27   12    6    4
   19   26    1    4    3
    6    7    3    8    3
    8    4    9   10    6
    4   27    5    1    4
    8    7    2    4    4
   30   10    6    9    3
   23   28    9    2    4
    9   22    1    8    3
    8   15    7    5    2
   23   19    6    9    2
    3    6    3    8    2
   20   18    5    5    3
   13   13    5   10    6
    3    7   11    1    4
    2   25    7    7    6
   18   24    7   11    4
   27    8    6    8    5
   13   28    6    4    4
   26   30    8    7    7
   21   28    2    2    6
    8    9    1   10    4
   15    5    9    4    5
   30   21    9    3    4
   29    1    4    6    4
   27    2    9    4    3
    5    8   11    3    4
   13   18    6    3    3
   28   14   10    7    3
   19   18   12    2    3
   22   22    9   10    3
   16   19    8    6    4
   28   16    5    3    3
    7    2    6    2    3
   23   18    9    3    4
   15   25    1    4    3
   25   14    4    1    2
    7    1    6    4    2
   27   23   11    4    4
   20   16   10    2    5
    7   16   12    7    6
   15   23   12    4    5
   25   13    1   10    5
   14   13    2   12    4
   23    3   12    7    3
   17   22    5   12    3
   11   11    3   12    4
   23   14   10    1    3
   22   29    4   10    3
    5   28    8    2    3
   17    7    8    9    2
   17   20    3   10    6
   30    8    6    8    3
   16    2   12    3    4
   22   24   12    6    4
   19   25   10    8    3
    6    2   10   10    3
   30   29   10    8    3
   18    2    8    4    3
   14    6   10    7    3
    4   22    2    6    2
   10   21    2    3    3
   27   21    9    7    3
   17   16    6    4    4
   10    6    5   11    3
    5    1    9    3    3
   17    5    4    2    3
   19    4    7    7    4
   24   16    7    2    3
   23   30    8    3    2
   10    9   10    7    3
   24    8   12   10    4
    1   14    2   10    4
   21   29    3    7    3
    6    1    7    5    2
    9   12   11   10    3
   13   16   12    7    5
    1   17    4   11    6
   18    4   12    3    4
   12    3    5    1    3
    1    1    6    1    5
   26    1   10   12    3
    6   21    6   12    2
    2   24    6    5    3
   28   24    3   11    5
   12   13    2    1    4
    2   11   12    4    5
   24    4    5   10    4
   19    3    9    5    5
   17   11    7    6    6
   17   28    3    2    3
   10   11    4    3    3
    1   13    7    7    3
   13    7    5    4    3
    2   20    6    5    4
   15   15   11    4    3
   30   15    6    2    3
   19   29   10   11    4
    1   18    2   11    3
   12   12    8    5    6
    5   26    2    8    5
   23   24    4   11    5
    4    9   10    3    4
   13    2    8    1    3
   27   27    7    4    3
   21    1    8    1    5
   27   25    9   11    5
   24   12   10    4    3
    6   28    4   11    4
    5   29   11    9    2
   30   18    5   10    3
   29    4   12   12    2
   26    6    1    1    2
   16   15   12    9    2
   20   15    9    8    3
    5   22    2    4    3
   24   10   10   10    2
    6   18   12    8    3
   14   19   10    2    2
    3   25    2    4    2
   13   20    7    6    3
    3   10    7    9    2
   15    7   12   11    2
   18   18   11    2    4
   28    3   10   11    3
   20   21   11   10    4
   14    2   10    4    3
    5   24    7    2    4
   15   11    8   12    3
   13    3   10    3    4
   12    7    9   12    5
    4   28   12   11    2
    7   18    8    3    3
    7    7    9    5    3
   30   14    6    1    4
   17   18    1    4    5
    2    1    8    7    4
   18   27    1    7    6
   22   13   11    4    4
   22   20    2    4    3
    6   24    7    7    3
   24    1    3   12    4
   29   16   11    6    4
   12    8   12    3    5
   25   23    5   11    3
    7   21    8   11    3
   20   25   10    2    2
   28   11    8    3    3
   22   23    7   10    6
   20   28   12   12    5
   16    9   12    1    4
   12   11   11   12    5
    2   26   12    5    4
   26    7   11    9    4
   28    8    8    8    4
    4   26    5    4    3
   12   22    8    6    3
    7   27    2   12    2
   18   15   10    2    5
   14   21    4    5    6
    1   28    6   11    3
   10   18    6    9    5
   10   25    5    2    4
   21   11    7    1    4
   11   30    5    6    2
   16    4    2    5    6
   10   10    8   12    4
   10   16    8    7    3
   11   25   11    8    2
   17   19    6    8    5
   11    6   11    5    5
   25    8    3    6    4
   27    9    4    8    4
   11   23    5   11    2
   30    5    3   12    3
   13   15    6    9    2
   17   25    5    7    5
   12   30    1   10    6
   27   12    1    4    3
