   23   11    4    4    2
   28   28   10    3    6
   20    4    2    2    5
   22    4    2    3    4
   27    8    1   10    4
   30   30    3   10    2
   30   29   10    2    1
   29    2    6    9    1
   25   21    3    7    4
   12   21   11    3    8
   28   13    7    4    4
    3   27    6    9    3
   20   25    9    2    4
   21   23    1    8    3
   14   24    9    5    1
   28   11    1    1    1
    6    6    5    1    6
   24   15    7    1    3
    3    2    1    7    5
   27   13    4   10    4
   12   25    8   10    3
   16    8    5    1    7
   23   20    9    8    2
    3   22    1    3    3
    8   19   10    7    7
   19   30    3   11    4
   15    3   10   10    2
   15    7   10   11    2
    9   19    2    3    2
   26    3    8    2    2
   29    9    7    7    2
   11    5   10    3    3
    9   23    9    4    3
   14    8   11    6    6
    5   13    1    1    3
   19   24    7    1    4
   12   29   10    5    2
   29   15    4   11    5
   23   14    3    4    2
   28    3   10   11    1
   26    5   12    1    1
   18    5    8    6    4
   30   11    9   12    5
    4   13    4   10    7
   27   12    9   12    4
   30    6    7    2    2
   10   17    8    7    3
   24   25    6    7    4
   17   14   12    2    4
   27   11    6    2    5
   13    1   11   10    6
   27   17    8    4    4
    3   29   10    7    3
   16    5    9    6    8
   27   26    3    2    7
    9   28    2    4    3
   21   19    5    3    5
   24   12    3   10    4
   17   16   11   10    9
   19   10    9    5    3
   21   10    2    5    2
   17    1   12   10    4
   15    2   11    7    3
   10   26    9    4    3
    2   14   10    7    8
    8   23    4    2    2
   28    4    4    9    1
   18   19   11    3    1
   16   12   11    9    1
   24   16    9    5    3
   23    6    9   11    6
   15    4    5   10    3
   13   20    2    8    3
   12   30    7   12    3
   13    2    2   12    6
   24   23   10    5    6
   22   29   10    8    2
    5    2    7    1    2
    1   21   10    5    7
   10   25    1    3    7
   18   21    5    9    2
   25   23    4    7    7
   14    4    2   10    5
   10    9    1    7    6
   16   25    8   12    5
   17   19    3    7    4
   17   25    6    8    5
   19    2    6   10    6
   24   11    8    6    2
   12   13    9   10    2
   25    9    3   10    2
    9   18    2    3    2
   17   20    5   10    8
    9   22    1    4    6
   20    7    1    4    3
   12    4   11    7    2
    1    9    8    6    5
    3    1   11   11    4
   22    6    1    3    2
   28   16    7    4    1
   15    8    9    5    6
   16   30    9    1    3
    2   22    3    6    3
   26   20   12   10    6
    2   26    1    6    6
   22   20    6   11    4
   18   29    9   12    2
   25    7    7    2    2
   28   10    5   12    4
   28   26   11    7    2
   20   11   10    1    1
    9    5    4    5    1
   28   18    2    9    7
   30    3   12   12    3
    9   17    5   11    3
   21    6    3    2    3
   12    2    4   12    3
   17   15    4    3    4
   11   12    1    8    7
   18   14    4   10    7
    6   27   11    9    4
   21    4    2    1    3
    6    4    8   12    3
   11   17    2    5    6
    9   21    5    1    2
   23    4    4    2    7
   28   19    1    9    4
   10    3    2    8    2
   22   18    1    7    5
   29   20    4    1    7
   11    8    7    6    8
   11   25    5   10    2
   16    1    6   10    5
   26   22    5   10    2
   25    2    8    2    2
   19   29    8    8    2
   27    7    3    1    1
   20   27    3    5    6
   30    4    3    5    2
    5   27    2    4    2
   24   24    2    9    8
   20   16   12    4    3
    1    5   10    8    4
   16   18   12    9    2
   15   15    7    3    1
    8    2    1   10    7
   29   29    2    3    9
   19   25    7    8    3
    7   12    9   10    6
   29   26    2    1    8
   26   14   10   11    8
    7    4    6   10    4
   22   10    9   11    4
    3    6    8    4    3
   22   17    8    3    2
   22   23    2    4    2
   27   18   11   10    7
   10   10   11    1    6
    5    6    2   11    3
   24    3   10   11    3
   12    8   12    9    7
   20   21    4    9    7
    1    1   10    6    8
   22   11    4    6    6
   13   21    8    2    3
   20   30    1    1    6
   18   10   12    7    5
   26   16   10    7    3
    5   12    6   10    2
   11    7    4    4    6
   29   28   10    4    1
   15   18   12    6    8
    9   12    6   12    2
    9    8    1   12    3
   16    6   11    5    3
   30   10   12    2    3
   27   23   10    3    3
   23   29    3    3    3
    3   20    2    2    3
   17   28    6    2    3
   22   25    8    2    3
   15    5    8    4    3
   13    6    5    7    3
   12    6   12    4    8
   11   29    2    7    2
   22   28    3    5    7
   30    1   12   11    3
    6    8   12    6    3
   27   28    9    4    8
    9   13    2    4    2
   15   13    5    8    2
   16   11   11   11    4
   13   13    9   10    8
   24   22    5    1    6
    8    3    2    3    8
   14   25    5    6    5
   24   30    8    3    3
    1   15    9    6    6
   21    2   11    6    7
    7    5    3   10    3
    1    8    7    8    4
   17   21   11    5    4
    7   19    3    2    3
   19   22   11   10    3
   24   13    3    7    3
    3   21    1    1    3
   12   18    9    9    3
    1    2   11    1    5
   13   10    9    8    3
    4   19    8   11    3
   10    8   11    5    3
   21   27    2    1    3
   28   23    3    8    6
   18   23   10    1    7
    1   29   11    6    3
   24   28    3    7    3
   21    8    3    3    3
    3   11    2    6    3
    4    2    1    4    4
   14   15   12   12    5
   17   13   11    8    6
    3    3    1    2    8
   22   12    4    1    3
    5   28    7    7    2
   25    5   12    5    2
    1    4   12    3    5
   20   14    5    2    7
   12   12    9    8    9
    2   17    2    9    5
    5   21    2    8    4
   17    8    7   10    2
   11   26    3    9    2
    5   10    7    5    2
   11   19    7    2    6
   16   23    3    1    2
   21   24    3   12    2
   19   26    6    3    2
   21   26    7   12    2
   14   21   11   10    2
   17    6    2    4    2
    2   27    9    2    7
   16    9   11   11    7
   25    3    5    1    7
   24    2   11    1    4
   13   11   11    4    7
    1   10    2    3    3
   29   17    4    8    3
   15    9    4    1    3
   19   19    5    3    7
   29    8    6    6    2
    6    9   12   10    2
   24    5    9    8    2
    7    8   12    7    2
   15   20    3   11    6
    1   14    9   11    7
    5    5   10    2    8
    1   26    6    1    5
    2   10    4    7    6
   27   27    1    7    7
   30   28    1    4    4
    1   20    9    1    5
   11   14    1    7    5
   25   29    3    3    4
   11   11    9    7    7
   17    5    2    9    3
   10   29    7   12    6
    1   24    6    8    5
    9   30    7    4    5
   15   21   10   11    5
    5   23   11    5    5
   17    4    4    9    5
    5   19    8   10    6
    4    3    3    9    7
    7   30    3    3    3
   17   23    1    4    3
   24   20    1    9    3
   11    9    2   12    3
   22   30   11    6    3
   27   22   10    8    3
   25    6    7    1    5
    8    5    8    7    6
   15   23    6   10    6
   27   24   12    5    3
   30   27    4    4    3
   16    3    8    4    7
   15   27    7    3    4
    3   12    4    6    4
   30   25   12    1    8
    8   22    8    8    2
   18   11    7    1    2
   14   13   12    2    2
   21   22    1    6    4
   24    8   10   12    2
    2   30    2    2    7
   26   13    1   10    3
   29   13    9    4    5
    1   12    5    8    1
   13   18   10    9    3
    2   18    1    5    3
   20   20   11    3    8
   19   12   11    4    2
   15    6    4   11    2
    7    3    6    7    2
   27   19    5    7    2
   12   23    7    3    5
   28    1    9    4    3
    7    7    6    8    3
    3   17    2   12    2
   17    7   11    5    3
    9    2    4    3    5
    2    2    9   12    8
   22   14    6   12    3
   23   19    8    5    3
   20    9    2    8    6
   26   30   12    3    6
    4   26    7    5    2
    3   18    6    7    6
   18   25   10   10    5
   26   17    7    9    7
    2    6    3    4    3
    7    9   11    5    2
   11    1    1    7    6
   13   16   10    7    7
    4   27   12   12    2
   24    4    7    2    2
    1   22   12   11    2
    3   14    3    1    2
    4    9   10   11    2
   13   22   12   10    2
   28   15    3   11    8
    9   26    5    4    2
   21    7    3    6    2
   12   14    7    8    6
   13   25    8    6    2
   11   21    8    2    7
   10   12    3    1    5
    1   18    7   12    2
   22   22    9    6    7
   23   13    4   11    3
    7   10    7    6    2
    5   29    8   12    3
    3   23   12    2    3
   16   14    9   10    3
   22   16   10    2    3
   29    6    2   12    3
   30    5    6   10    3
   21   21    3    7    8
   30   18    9    7    7
   14   14   12    8    8
    7   14    6    6    4
    2   20    8    4    7
   21   29   12    7    2
    7   29    7    8    2
   20    5    6   11    2
    4    4    9    1    6
   28   21    5   11    3
   17   12    8    9    8
   18    6   10   12    3
    8   25   11    2    2
   28   14    4    8    2
   10    4    4    1    2
   11    6   11   10    2
   20   10   10    9    2
   15   16   10   11    2
   28   12    8   10    6
   26    8    6    9    3
   16    7    2    2    4
   27   29    5    8    1
    9    9    5    3    8
   20   28    8    8    1
   18   26   11    3    3
   18   18    9   12    2
   30   13   10    2    2
   29    4    1    7    3
   23   10    4   12    2
   25   25    6   11    1
    7   23    3   12    4
    9   24    3    4    3
   14   27    2   12    2
   11    4    1    4    6
    7   28    9    5    2
   10   15    9    9    1
    7   13    7    7    1
   12   26    6    4    6
    1   25    6    5    3
    6   20   12    9    2
    1    7   12    8    1
   19   14    3    7    6
    7    6   10    4    2
   24   17   11   12    1
   19   20    6    7    2
    1    6    7    7    1
   28    6    7    3    1
   26    6    3    5    1
    3   19    9    3    2
    6   19   11   12    3
   10   16   12    4    1
    5    3    3    3    7
    5   14    5    2    2
   25    4    3    5    1
   13    3   11    6    8
   23   26    5    5    8
   18    7    2    7    2
   10   27   10    2    1
    9   14    8    6    1
    6   10    9    1    1
    1   19    2    5    2
    2   16    3   11    1
   23   23   12    6    1
   27    9    7    4    1
   26   26    6   10    7
   22    7    6    8    2
   19   13   11   11    7
    8   30   12    2    2
   24   26    7    1    7
   16   27    2    7    3
   18   20    9    7    6
    2    7   11   11    1
   12   20    9    4    7
    4    8    1    5    7
   16   16    2    1    8
    6   24    9   10    3
   19   15    9   10    1
    1   27    1    4    1
    8   20    1    2    1
    8    8    9    7    7
   30   17   11   10    7
    5   22    2    4    4
   18    8   12    9    3
   14   10    7    7    7
   29   14    2   10    5
   28    2    9    1    3
   18    4    1    6    7
   19   16   10    1    7
   17   18    5    7    7
   15   30    5   12    3
    4   16   11    2    1
   30   23    6   12    3
   14   30   10    2    5
   21   30    7    5    7
    3    9    9   11    6
   23    1    7    3    4
   28   25    9    8    3
   26   25    9    5    8
   18   24    4    9    4
   24   10    9   11    2
   12   15    9    5    3
    2   23   12    7    2
   28    8    3    9    6
   22   15    2    1    6
   17   17    8    3    7
    8   13    8    4    6
   15   11    8    1    4
   14    6    1    3    7
   29   16    9   11    5
   29   24    2    6    4
   26    7    5    5    7
    4    5   12   11    7
   10   11    2    9    4
   25   15   10    2    2
    2   11    6    3    2
   26   15    4    4    1
   24    7    9    9    4
   21   16    6    2    6
   27   25    9    1    1
