   11   12    4    8    5
    3   30    4    3    6
   20   22    4    2    7
   12   18   12   11    3
   17   15   10    7    7
   12   12    2   11    9
   29   30    3    5    7
   19    6    4   12    4
   14   12   10    7    2
    7   27   11   11    1
   26    6    3    5    3
   20   30    9   11    6
    6    3   10    8    4
    9   22   11    4    7
    6   20    5    3    4
    4   18   12    3    8
   22    6   12    3    1
    8   16    6    1    5
   14   17    6    4    4
   10   18    9   11    8
   26   19    3    6    3
    2    9   12    9    7
   22   26   12    2    6
    4   28    6    6    5
   18   22   12   11    1
   29    7   12    3    7
   21    3   12    8    4
   30    4    2    8    9
   27    9    9   11    1
   10    5   12    4    7
   11    7    9    4    6
   17   30   11    9    6
   24   22   10    9    6
    5   14    4    3    4
   15   26    7    9    7
    1   27    3   12    6
   29    4    6    7    8
   18   13    8    9    9
   13    3    8    1    7
    8   27    7   10    6
   30   25    9    9    9
   26   16    6    1    7
   22   27    5    8    3
    3   14    3   10    6
    3   16    7    7    8
   15   15    8    1    8
   16   10    8   11    1
   10   17   11    6    1
    8   20   12    5    3
   25    2    7    1    9
    4    1    1    8    7
    2   15    2    4    2
    1    1    6    4    9
    9    4    9    3    5
   10    3    7    4    3
    5   28   11    5    7
   26    7    2    8    1
    1   13    8    3    8
   13    6    2    5    2
   15   11    6   11    1
   22   15    3    9    2
   15   23    1    2    7
   28   13    6    5    4
    6   12    2    8    9
   28    7   11    1    6
   24    5    9    1    9
   21    7   12    8    8
   20   10    4    5    9
    8   17    6    6    1
    2    3    1    6    4
    5    5    5   10    7
    2   17    2   12    7
    1   18   10    7    6
    5   30    2   10    4
    4    4   10    7    7
   13   13    2    4    8
    9   10   12    5    6
   28   28    6   11    7
   18   28    4    1    4
   24   29    8    9    3
   10    1    7    1    7
   10   24    5   10    8
   29   29    6    4    9
   29   14   12   11    4
   12   24    2    1    4
    2   10   12   12    8
   27   18    9   11    1
   15   14   10    6    1
    2    2   12   11    8
   28   10    5    7    3
   25   24   12    6    7
   27    2   12    6    1
   21   10    7    4    8
   16   24    1   10    8
   21    6    6   11    1
    3   20    2   11    4
   27   30    1   12    4
   23   23    1    4    8
   27    5    2    1    6
   13   12    6   10    3
   23   18    1   11    5
   17    5    2    4    1
   10    6   11   11    1
   15    1    8   12    7
   16    9    2   10    8
    8   13    2    7    7
    7    7    6   10    7
   30   13    3    9    7
   28   24    5    5    4
   21   21    4    2    9
    9    9   11    4    9
   19   29    3    9    4
    3    3   12    5    6
    4   17    2    4    7
   21   18    4    9    4
    8   25    3    3    4
    2    1    8    3    8
   10   10    5    2    8
   13   22    9    7    6
   10   29    6    5    1
   27   20    1    4    1
   19   15    1    8    7
   27   15    7    3    8
   19   28   10    9    8
   28   23   11    7    4
   16   20    8   11    7
   18   14   12    2    7
   14   21    7    9    7
   20   25   10    3    8
   22   11    3    6    8
   12   23   11    7    3
   27   27    5    7    8
   29   12    2    1    2
   16   25    5    1    8
   22    2    6    3    6
    8   18   12    5    6
    7   30    5    3    4
   26   13   10    7    6
   27    6    7    9    3
   23    9    4    4    6
    8   30    3    6    7
   25   14    2    8    7
    1   28    5    1    4
   17   28    4   10    7
   17   19    9   12    7
   25   15   11   11    3
    7   22    8    4    1
   12   27    5   12    7
   14   13    6    8    6
   30    9    3   10    5
   20   26   11    5    9
    3   18    4   11    8
    2   30    4    3    9
   14    9    6    3    6
   30   24    8    6    7
    2    6    3    7    2
   11   14    4    2    6
   15   29    5   11    1
   20   12   10   11    6
    8   23    4    5    6
    7   19    9    1    4
   29    6    2    9    4
   11   26    4    4    6
    7    2    9    8    4
   15    9    1    3    4
   22    5    9    9    7
   18    7    6   12    7
   18    5   11   12    8
   19   22   11    9    2
    7   15    2   12    7
   26   28    5    1    1
   30   19    5   12    5
   17    6    7    2    5
   16   23    4    5    9
   26   21    2   11    7
   12   15    4   12    7
   25   25   12    4    8
   13   19    6    3    5
   21   24   10    7    4
   24   15    1    5    2
   25   18    6    8    7
    4    5    9   12    6
   10   19    8    7    3
    5   21   10    6    3
    3   17    5    2    3
   24    9    9   11    7
   29   23    4    6    6
   20   15    6   11    5
    9   25    4    5    7
   18    2    2    7    7
   14    4   10    2    8
   19    5    7    6    8
    9    6    2    2    2
    1   11    1    5    9
   25   29    2    7    7
   30   14   11    5    7
   12    1   10   11    3
   13   16    8    2    6
   22   30    4    3    9
   26   17   12    2    9
    3   29    6    5    3
    4    7   11    3    5
    1   26   12    8    5
   25   13    3    8    6
   23    6   11    9    7
   11   25   12    4    5
    3   11    9    9    9
    5    1    1    8    3
    4   19   11    7    7
    3   26    5    8    1
   14    6    1   11    6
   27   13    7    1    3
   27   17    7    7    3
   29    8   11    3    7
   29   20    2   11    8
    3   27    3   12    4
   18   24    4    1    2
    2   24    7    4    8
   23   21    7    3    6
    8    5   12    8    8
   13    4    6    5    6
   24   26    8    5    7
   17    1    4    2    9
   30    6    3    5    4
   26    8    7    8    7
    6   18   11    7    3
   14   20   10    5    6
    9   26    3   11    7
   24   11   12   11    7
   28   16    5   11    7
   18   11    5   11    6
   17   16    8    9    3
   15    3    9   10    8
   24   24   11   12    4
   20    1    3    5    7
    1   16    4    2    4
   22   14   10    8    7
   26   27   11    7    4
   21   22   11    2    3
   17    9    1    8    1
    3    7   12    8    7
   19   27    7    3    6
   11   20    4    8    1
   12    9    4    7    1
   23   25    7    6    2
   22    1    7   10    7
    5   16    9    2    3
   27   24   10   11    7
   17   25    9   12    7
   16   29    7   12    5
    5   29    6   12    3
   23    5    4    3    2
   23   17    1    5    2
   23   26    8    9    2
    2    8    4    6    2
   25   26   12    2    8
   29   17    7    6    4
   17   17    6    5    7
   16    4   10    2    9
   18   19    7    3    4
   18    9    9    1    4
   19   24    6    5    8
    9    8    4   10    4
   19   19    7    2    7
    1   29    5    2    7
   23   14    4   12    7
    9    3   12   12    5
   10   14    9   10    6
   23   10    1    6    6
   22    8    8   10    7
   12   25    6    1    5
   29    2   10   10    7
   14   16    2    8    7
   26    4    5    1    4
   11   21    2   11    8
    2   28    8    4    1
    7   13    5   10    2
    5    6   10    8    3
   30   30    3    7    7
   15   28    6   10    9
   22    4   12    5    8
    5   15    3   12    8
    3   22    4    5    6
    4    6    3    6    2
   25    5    1    6    1
    6   11   10    4    6
    8   24   12    2    7
   12    7    5    5    7
   15   18    6    3    7
   29   21   10    8    3
   23   30   12    4    7
   15   21    8    5    4
   29    9    2    3    6
   24    6    9    8    2
    2   19    7   12    2
   27   16    7   10    3
   28    8    3   11    6
   13    5    3    4    9
   20   20    6    9    9
   25   19    7   11    9
    9   28    9    8    1
   21    2    8    4    9
   23    3    9    1    1
   12   22    5    5    3
   25   27    9   11    1
   10    8    6   10    6
   23   11    4    9    7
    2   23   11   12    7
   16   21    9   12    8
   23    7    8    1    3
   10   13    2    5    8
    9   21    7    7    4
   14   27    8   10    2
    8    6    6   12    5
   21   13    9    1    3
    8   14    9    9    9
    2   20    3    5    6
   22   17    1    8    6
   13   11    3    6    7
    4    2   10    8    8
   10    4    6    7    7
   12   16    5   10    2
    7   14   11    7    6
   13   15    6   12    7
   23    4    5    6    6
    8    7    2    3    6
    7   20    8    5    3
   26   12   11    1    6
   22   16    5    3    7
    2   26    9    6    8
   16   30   10   11    9
   25   21    2    9    4
   17   21    6    7    7
   11   11    6    4    7
   19   11    2   10    5
    4   20   12   12    4
    1   25    3    7    9
   22   29    5    6    6
   29   27    6    7    3
   24   17    1    9    5
   15    8    7    9    8
   11    5    9    2    9
   10    7    4    4    6
    2   16    3    1    6
   28   20   10   10    3
   18   16   10    2    3
   11    8   11   12    7
   14   14    2   10    9
   17   18   12    2    6
   24    4    4   10    7
   20   18    2    5    3
    8    8    4    6    7
   23   24    9    6    1
    5   26    4    4    3
   26   26    8    2    7
   21    1    9    8    3
   30   11    9    4    7
   15    4   12    5    6
   28   29    6    8    3
   16   16    1   12    8
    6    1    4    6    4
   12   19    8    2    7
   19   16    2    9    8
    2   11   12    3    4
   20   19   11    8    5
   24   14    7    2    6
   21   27    9    3    3
   22   10    4   11    6
   26   14    5    3    7
   28   21    7   11    3
   28    3   11    2    8
   20   23    1    3    3
    9    7    4    4    4
   19    1    8    8    8
   12    8    7    8    4
   22   25    3   10    9
   24    3   11   11    9
   17   13    7    7    9
   28   14   10    5    6
   24   13    6    4    4
    9   11   12    2    7
    8    1    5    4    4
   30   21    4   12    7
    3    1    5   12    4
   26   29    5   12    7
   12   10    7   12    4
   10   25   10   11    7
    3   19   12   12    6
   29   13    2    9    7
   22   23    8    4    8
   18   26    5    8    5
   16   15    1    3    4
    2    5    9    6    4
    1   24    8    9    7
   11   27   10    8    4
   10   27   10    8    4
    9    5    7   11    4
   22   28    2    2    6
   19    9   10    8    6
   15    6    6    2    2
   26   10    7    2    8
    1    9   12    7    8
    7    6    7    2    6
   17   20    5    3    9
   12   21   11    8    9
   17   11    3    2    6
   21   20    2    8    2
    6   28    5   10    5
    7   16    7   11    2
   20    5    9    9    1
   30    1   11    2    7
    4   25    5    7    5
   29   18   12    8    6
    8    4    1    5    8
   21    8    5   10    7
   20    9    5    2    6
    1   23    2    8    3
    7   24   12    5    8
   10   15    2    1    8
    7    5    1    7    8
   27   23   11    6    7
   28   27    5    2    7
   25    6    2    7    6
   19   23    2    7    5
   25   28    9    1    5
   30   12   11    1    4
   21   19    2    2    7
   13   20    8    9    2
   10   11   11    8    2
   11   28    5    9    7
   29   11    2   11    7
   17    7    3    6    3
   14   19    5    1    7
   12    5    1    2    3
   16    6    1    3    3
   19    8    4    2    7
   11   16    3    3    3
    4   27    8    4    3
   22   22    2   10    9
   12   17    8    3    6
   18   30    9    7    4
   26   30    5    8    7
    4   11    1    4    8
    9   13    4   12    6
    2   13    3    8    4
    7    1    9    1    2
   12    3    7    9    4
    4    3    7    5    5
    4   12    7    9    2
   25    7    4    7    7
    3    5    1    8    8
   21    4    5    9    9
   24   20    3    4    5
    3    8   12    9    6
   30   15    1    5    3
    2   14    6    4    7
    6    6    4   11    9
   23   13    4    9    6
   18   18    3    8    8
   14    1   10    1    6
   25    3    4   11    6
   28   30   11    2    3
   28   12    4    7    6
   30   10    4   10    4
    2   12    9    2    6
