   23   17    9   11    1
   28   19    5    9    2
    1    1   10    4    3
   21   15   11    1    3
   29   30    2    8    3
   25   19    9    7    3
    4   14    6    8    4
    6   14    9   12    3
    7    3    3    6    2
   16   19   11    6    3
   14   18    8   10    3
   23   12    7    7    3
    6   17    4    3    4
   12   11   10    3    4
    2   11    1    6    6
    9    7   11   10    3
    6   12    1   10    3
   22   17    8   10    1
   14   14   11    1    7
   28   28    5    6    3
    4   19    7   12    4
    5   28   12    8    1
   15    2    7   11    2
   19    6   11    2    1
   10   16   12    9    3
   25    8    4    4    1
    2    4    1    7    2
    5    2    7   10    3
    2    9    6    3    2
   25   29    8    8    4
    1   28    2   12    2
    9   23   12    4    2
   12   14   10    1    3
   20   24    2    7    2
   30   17    9   10    7
   30   20   10    9    3
    4   12   11    4    3
   11   15   11    1    1
    1   14    3   12    1
    4    8    2   12    2
   15   26    7    9    2
   25    9   10   12    1
   27   10    3    3    2
   11   22    3   12    2
   27    3    5    5    3
   24   13    3    4    3
    1    9    2   12    3
   24   24    3    9    5
    3   28   11    7    2
    1   25   11    9    2
   12   21    5    2    7
   20   11    5    8    1
   22   22    8   11    5
   27    1    2   10    2
    2    6    6    2    2
   23   23    6   11    2
   18    9    8    5    2
   18   27   11   11    2
   14   23    3    4    5
    8   16   12   12    3
   25   25    4    6    4
   18   16    3   11    3
    9    8    9    9    2
   15   14    1    2    2
   22   26    8    5    4
   17   20    2   10    4
   17   29    6    4    3
   24    7   11    4    7
   26   12    4    4    4
   12   24    4   12    4
   18   19    5    2    3
   10    8    7   12    2
   21   30   10    4    4
    1    5    1    5    3
    3   14    2    5    1
    2    1    8    7    3
   29   18    4    4    4
    8   14    4   11    3
    3   19    8    3    1
   20   18    1   10    3
   29   29    1    5    3
   21   23   10    7    2
   21   27   12    5    5
   20    3    2    9    1
   13   22   10    1    2
   24   21    3   10    3
   30   30   11    1    3
   16    3    3    6    2
   25   18   10    6    2
   12   16    7   12    4
   19    5    7    1    3
   23    4    4    3    3
   15   29    2    2    2
    3   13    5    8    2
    8   28   11   10    1
   11    6    8   12    3
   23    8   11   11    2
   22    9    6   10    2
   15   15    3   12    2
   22   25    9    1    1
   21    7    2   10    4
   17    8    1    4    2
    9    4    5    8    2
   17   15   12   12    3
   12    7    3    9    4
   24   11   10    6    2
   23    3    4    9    3
   19   19   12    1    3
    6   30    4    2    4
    3   22    7    4    3
    7    7    2    5    5
    5   23    3    8    5
   12   28   10    7    3
   23   19    4    8    5
   19    9    1    3    3
   27   12    5   10    5
   20    5    5    7    2
   15   27    9    1    3
   10   10    8   10    1
   10   14    6    8    7
   10   17    9    1    4
   21   19   12    2    4
    6    9    1    6    4
   20    7    8    6    4
   18    5    5    2    3
    4   13    1    4    3
    4    4    7    4    4
    4    6    8   10    1
   18   26   10    8    3
   11   25    3    8    1
   30   11   10    1    3
   26   30    3    6    4
   17   16    6    8    3
    9    9    2    4    3
   15   30    6    6    3
   27   22   12    8    2
   10   15   11    9    4
   26   17   11    4    4
   16   16    7    8    3
   15    6    2    8    1
   13   11    5   11    1
   20   12    4    6    4
    7   16    7    1    4
   13    5    1    1    4
   13   25   11    6    3
    7    4    6    9    3
    1   22    1    6    3
   28   23    2    4    3
   16    6    3   10    3
   22   14    4   12    3
   28   17   12    7    1
   18   13    1    3    3
   10   20    1    1    1
   21    1    4   11    2
   22   21    2    4    3
   21   26   11   12    3
   28    6    4   12    3
   10   12    1    1    2
   30   10    3    1    2
   19   11    4   10    2
   12    1    8   11    3
   28   14    6   10    3
   16   11    5   12    4
   30    1    5    5    3
   21   10    5   12    4
   15   23    2    5    4
   30   14    4    6    2
   24   29    2    4    2
    6    8    1    9    3
   13   13    3    6    7
   23    1   12    2    3
    6    3    9    5    1
    5   16   12   12    4
   21   13    2    2    1
   22   20    5    5    1
   19   20   12    3    2
   21   14    9    5    7
    9   16    7    4    3
   18   23    8   10    1
   11    5    8   10    2
   22   16   10    1    1
   20    6    1   11    1
    2    2    7    2    5
    8    2    8    2    2
   12   22    1    1    1
   14   26    5   11    2
   11   14    8    9    2
    6   21    1    7    3
   13   28   11    6    1
   29   20    7    1    2
   21   21    7    1    4
   25   30    1    5    1
    3   10    5    5    1
    3    5    5    1    1
    4    1   12    4    5
    4   27   11    5    3
   14   16    1   10    4
   13    1    9    2    3
   14   24    1    2    2
   23   27    8   11    5
    2   21   12   11    1
   28    4    9   10    1
   10   23    6   12    2
   28   24   10    1    2
   16   20    5    3    2
    5    8    3    7    2
   16   30    2    1    2
   29   27    4    5    1
   15   25   12    4    2
   26    5   11    3    1
   26   23    1    9    1
   11   21   10    9    2
    9    5    7    8    5
   21   16   11    9    2
    5    6    1    3    2
   28   22    4   11    2
   22   23    3    7    2
   22    4   11   12    2
   12   19   10    8    2
   11   26   10    9    2
   14   13   12    5    2
    3    3    7    3    2
   29   13    6   10    2
   10    7   11    9    1
    2   25    7    7    3
   16    2    8    8    2
   11   28    3    7    1
   27    2    8   10    3
   15   24   10    6    3
   14   29    1   11    2
   18   21    8   11    3
   26    1    8   11    3
    4   16    9    9    2
    7   22   12    2    1
   10   26    2    4    3
   24   22    3   11    4
   29   12    8    7    1
    2   29    2    1    2
   27   14    1    7    3
   17   11    7   11    5
   20    8   10    6    3
    3   12    7    6    3
   23    6    8    3    6
    4   18   11   11    4
   30    8   11    9    3
   29    3    3    1    2
   28   16    8   12    2
   30    3    4    4    2
   19    8    5    5    2
   15    7    7    3    2
    9   14   11   10    3
   23   13    3    2    3
    1   17    9    6    3
   30   23   11    7    6
   19   15    5    6    4
   30   28    1    4    2
   21    3   12    2    3
    5    5    5    8    3
   17   14    2    2    4
    2   23    5    2    2
   13   27    2    6    2
   19   26    4    5    2
   14    5    6    5    2
   22   30   12   11    3
   18    1    2    8    2
   18   18    1    2    2
   24    4    3    5    3
   29   26    7   11    2
   20   23   12    1    2
   18   30    3    9    2
    1   11    3   11    3
   13   12   11   11    5
    7   14    6    1    3
   11   23    5   11    1
   25    7    6    9    2
   30    5    8    4    2
   27   16    9    4    2
   12    5   11   12    2
   25   23    4    2    4
   13   17    1    1    2
   18    6    2    8    1
   12   15   12   12    3
   19   30   11    4    6
    9   17   12    1    2
   11   10    5    9    2
   28   18   11    2    2
    7    8    8    7    1
   27   25    5    1    2
    9   28    3    5    4
    2   24    4   11    2
   11    4    3    6    3
   15   28    1    9    2
   24    3    8   10    2
   20   14    7    2    6
   15    1    5    1    2
    7    2    1    1    2
   12   30    3   11    3
    4   29    5    8    2
   27    7    7    3    4
   12    2    6    3    6
    3    8    8    3    4
    3    9    3    3    3
   13   26    2    6    3
   26    6   11    5    1
   10    6   10    4    1
    8   13    2   11    2
   22   15    4   11    4
   26    2    8    7    2
   10    1   11    1    2
    1   24    2   12    2
   15   18    2    5    2
   19   17    3   11    4
    9   29    8   11    3
   13    2    4    8    3
   27   17    8    3    3
    5    7    6    5    4
   12   12    3    5    3
   27   19    1   12    4
   18   12   12   12    4
    4   17    2   12    3
   25   28   12   10    3
   20   25   11    1    4
   17   21    6   12    3
   27    5   11    1    2
   24   25    1    9    1
    7   28    1    2    5
   17   24    5    8    3
   25   12    4   12    2
   28   10    9    2    1
   18   22    6   12    2
   20   21    3   12    3
   20   26    2    1    1
    6    1   11    9    2
   24    9    8    8    1
   25   26    3   11    3
   25    3    1    5    1
    4   26   10    7    2
   19   10    8    8    2
    3   26    3    7    3
    1   16   10   12    4
   20    9    8    2    2
    3    2    7    8    2
   24   10    2    5    2
   11   18    3    3    3
   27    8    1   12    3
   11    8    2    9    5
   20    2    8   11    3
   24   23   11   11    1
   13   10    8    8    2
    5   15    7    7    6
   29   21    2    2    2
   27   11    4    9    1
    6   13    9    6    1
   10   29   12    7    3
   20   27   12    1    2
   15    9    6    1    3
   16   13    7    9    7
    6   22   12   10    3
   25   21    2    7    2
   12   17    8   11    2
   29   11    8    4    2
   27   28    7    8    4
   26   28    2    4    1
    7    6    4    1    4
    1   19    2    3    3
    8   29    2    3    3
    4   20    5    5    3
   25   17    4   10    2
   21    4    1    3    6
    1   29    6    6    2
   13   15    3    5    2
   12    9   12    1    2
   26   26   12    5    5
   20   13   11    3    4
    5   10    4    6    3
    2   17    7   10    2
   19   29   12   11    2
   29   23    7    9    2
   20   20    8    4    3
   27   30   10    6    2
   11   11   10    9    5
   10   25   10    9    5
   18   17    4   10    5
   24   18   11   10    5
    9   11    6    9    4
    3   15    9    4    2
   26   24    6    3    2
   19   14   11    9    6
   24   27    4    8    2
   29   16    3   12    3
   22    8    7    3    5
    4    5    7   11    5
   17    7    6   12    3
   24    5    5    4    5
   13    9    2    9    3
    1   20    6    6    3
    3   18    5    6    2
   30   13    8    7    5
    2   10    1    9    2
   18    2    5   12    2
    4    3    1    4    6
   30   24    8    1    3
   30    2    8    1    3
   22   10    1   10    2
   22   19    5    2    3
   26    7   10    2    2
    7   29   11    7    3
    7   18    8    2    3
   19    7    2    7    3
    9   26    9    4    3
   10   18    4    9    2
   30    7   11    3    2
    8   18    3    1    5
    4   15    4    1    5
   24   16    6   12    5
   22   29    7    4    2
   20   28    7    6    2
    4   30    3   10    5
   24    8   11    1    2
   25    5    9    9    2
   25   14   11    1    4
   17    5    4    9    2
   22    5    5    7    4
   17   17    9    3    2
    8    8    9    5    5
    2   14    9   12    5
   15    8    7   12    5
   12    8   12   12    1
   24    6    8    5    1
   21    5    2    6    1
   10    9    8   11    3
   27   26   10   11    2
   21    9   12    9    1
    9   27   12    4    3
    6    6   10    8    3
    8   26    1   12    2
   19    2    3    8    3
   20   15    2   11    2
   27   27    1    7    3
    2   22   11   12    2
   19   24    7   12    4
    4   10    1    2    4
   29    5   12    9    2
    3    1   12    4    3
    7    1    9    6    2
    7   11    6   10    2
   21   28    9    7    4
   17    3    6    1    2
   25   16    8    5    2
   11    3    5    1    8
    8    1    1    8    7
   16   23    3    6    2
   23    7    1    6    2
   29   28   10    6    2
    6   25    3   12    2
   13   19   12    1    3
   21    8    1    4    2
    7   13   12    8    6
    6   29   11   12    2
    6   27    1   10    2
    2   28    2    3    3
   30    9    5   11    2
   15   16    6    9    3
   25    4    3    2    2
   16   26    6   10    3
