   24   22    2    2    9
    9   21    3   10    4
    8   25    3   11    6
    3    2    8   12    7
    2   22   11    8    4
   24    1    5    3    4
   10   28   10    9    2
   18   19   12   10    4
    1    6   11    4    4
   24   15    1    8    7
   18    7    8    8    4
   28   13    3    2    3
   23    9    5    6    5
   25   23    2   11    2
   13   18   12    6    2
   23   29   11    8    2
   29   10   10    1    7
   12   11   10   12    8
   17   11    8    4    7
    7   14    4   11    4
    4   19    4    8    5
    5   17    8    9    6
   17   22    7    3    3
   29   11    1   12    3
   23   23   12    8    8
   20    2    8    7    4
   28   23    8    3    6
   16   25   11    2    5
   30   24    3   10    3
    1    9    3    4    5
   11   26    5    5    4
    4    3    8    7    7
   15    3   11    9    6
   29   30   12   10    3
   17   17    9    6    8
   24   16   12   11    7
   20   25    2    3    5
   13   14    6   11    5
   29   16    1    5    4
   22   26    2    8    7
   27   23    2   10    5
   30    9    5   12    3
    7   10    3    3    4
   17   18    9    7    7
   28   16    8   12    6
   10   30    5   10    5
    9   15    2    9    6
   26    7    3    6    7
    3   23   10   11    3
   27   21   12    9    3
    4    4   11   12    8
   13   13   10    4    8
   11    8    7    6    7
   19   15   10    2    5
   14   29    2    6    4
   20   11    6   10    6
   21   29    7   12    4
   25    3    9    1    3
   14   30    2    2    8
   24   20    6   10    6
   12   30    9    5    9
    7   12   11    5    3
   29   28   12   10    6
   18   11    7    8    3
   25   11   10    5    4
    6    9    2    4    1
    3   10    8   10    5
   11   27    7    9    4
   17   20    1    2    6
   18    3    8   12    5
   22   29    9   10    2
   23   11   10   11    2
    9   10    7    1    8
   19   10    2    4    5
    1   11    5   11    6
   23   19    6    7    6
    6   21    9   12    9
    9    9    7    4    5
   23    7    6    3    5
   16    1    3    2    4
    7   17    7    2    4
   13   26    2   10    4
   12    4   12    7    2
   20   10   12    9    2
   17   29    8    1    5
   23   13   12    9    6
   13   21    7   11    7
   10   12   12    8    4
   18   27    1    9    5
    5    5    3    7    8
    7   19    2    3    7
   12    9    4    9    2
   20   27    5    8    4
   27   30    2    1    6
   27   14    9    3    6
    8   21    2    9    3
    9    3    8   11    5
   28   24    7    3    4
    2   28    3    5    6
   26   24    4    3    1
    4   15    1    5    3
    5   18    7   11    3
   22    4    7    5    4
   22   27   11    6    2
   13   10    4    7    8
    5   20    5    4    6
   20   23    3    3    2
   13   12   11    1    2
    3   12   10    7    5
   20    8   10    8    6
   22   19    7    4    8
   26   30   11    6    7
   11   16    1    6    4
   20   20    8    2    7
   17   15   12   12    7
   30    8    3    9    5
   17    4    3    2    8
    5    6    1    9    4
   13    3    2    7    5
   23    2   12    9    6
   26    4   10    8    6
   28   22    9   10    6
   22    6    1    3    4
    6   10   10    9    1
    1    3    3    4    7
    6    3    5   12    5
   16   12    4    4    4
    5   30   11    6    6
    8    8    4   12    6
   11    5    3   10    4
   21   18    6    7    3
   12    1   11    6    5
   12   12    7    8    9
   18   24    9    4    5
   27   16    7    9    6
    9    7    5    2    4
   13   27    5    7    6
   11   30    3   12    3
   16   18   11    6    8
   25    1   11    6    8
   14   10    5    5    3
   23   26    4    9    7
    9    5    5   12    6
   26   14    3    8    6
    2   15    8   11    4
   21   14    2   11    6
    3    5    5   11    9
   22   13    5    5    7
    1   18   12    4    7
    4    6    1    6    2
    7   27   10    4    2
    3    8    3    2    4
    1    1    5   11    6
    3    7   11    1    7
   19   24    7    7    5
   17   14   10    1    8
   28   12    2    4    9
    8   26    8    6    6
   19   16    3    8    6
   16   16   12    2    5
   10   25   10    3    4
    1    2    6   10    3
   18   29    1    9    4
    2   13   11   12    3
   29    9    3   10    6
    3   27    2   10    4
   18   30   12    4    4
   23   30    8    9    4
   11   21    7    2    7
    7   21    7    8    3
   15   16    8    3    2
    1    5    3    5    4
   21   21    9   10    9
   26   21    3   10    3
   17    3    3   11    4
   27   24    9   11    6
   15   13    7    4    4
   29   15   12   11    6
    8    1   12    5    6
   20   26    3    8    6
   27   15   11    1    3
   17   26    1   10    4
   15    5   10    6    6
   24    9    6   12    3
    2   30    8    4    9
   21   15   10   10    2
   26    5    3    7    6
   24    5    5    9    7
    6   29   10    6    3
   22   23    2    3    4
   29   12   10    5    2
   11   19    9    8    4
   17    1    8    2    3
   25   26   12   12    8
   26   27    1   11    2
    6   11    3    3    7
    9   22    3    4    7
    6    7    9    9    4
   18   23    3    9    5
   14   23    4   11    4
   23    1    8    9    4
    4   27    9    5    6
    7    8    8    5    5
   19    6   12    8    3
   29    4    9    3    4
   26   26    8    3    6
   30   25    3   11    3
    4    2   10   12    5
   14   25   11   11    5
   10   21   11    1    5
   17   10    1    6    4
   12   19   12    7    4
   20    1   12    2    3
    7   30    5   12    3
   17   16    7    8    7
   29   24    8    5    4
   19    3   11    5    5
   28   30    5    4    3
    8   12   12    5    4
   12    6   11   12    9
   28   18    4   12    4
   24    3    7   12    4
   24   14    2    7    4
   19   29   12    9    3
    4   21    5   11    6
   14    8    6    1    6
   28   17   10   10    5
   22   18    6    3    3
    7    4    2    4    5
   20    7    6    1    3
   13   20    2    8    4
   19   14    8    2    4
    7   16    8    3    2
    4   10    8    1    7
   24   10    9    1    7
   10    8    5    1    4
    7   22    4   12    6
   14    6    5    3    9
   26    2   11    6    6
    2    5    3    9    4
    4   11    2    6    9
   19    1    3    2    5
   10    5   11    7    6
   23   10    4    8    5
   17   27    8    7    4
   11   22   11    4    5
   13   16    5    9    7
   16    5    9    2    5
    6    8    2    6    2
   12   24   12    6    3
   10   10    4    8    8
   22    8    7   12    4
    4   28    2    3    4
   27    5    2    6    6
    2   19    9    3    4
   12   23   10    5    3
   14    1    6    5    4
   10    1   11    3    8
    2   11    5    4    5
   13   17    4    5    4
   17    2   10    9    6
   11   11   10   12    5
    3    3    1    9    4
   21   19    3   11    4
   12   25    8    6    1
    7    1    2    9    3
    1   22    1    2    4
    1   28    6    7    1
   17    6    5   12    2
    7   29    1    1    3
   30   13   10    5    5
   15   18    3    1    6
   28   27   11    4    5
   13   25    3    6    4
    9    8    9   10    6
   29   27    8    4    4
   28    3    4    5    2
    5   28   10   12    4
   19   28    3    3    7
    4    8   11    8    7
    4   25    4   12    5
    9   14    2    7    3
    7    5   10    2    5
   28    8    5    9    6
    7   15    8    9    2
   15   14    7    3    5
    9   13    3   12    2
   28   25   12    7    3
   24   24    8    1    6
   26   29    2    2    7
    2    2    3    2    9
   21    2    3   11    9
    7   24    6    2    7
   29   29   12   10    7
   16    6    9    7    5
    8   17    5    8    5
   15   30    6   12    3
   11    7   10    9    3
   19   19    1   11    5
   17    9    8    6    3
    9    4    8    9    7
   18    8    2    1    3
    1   29    9    9    5
   26   19    4    2    4
    8   19    9    1    7
    5   19    7    7    7
   24    4    4   10    7
   25   18    4   10    6
    5   21   10    6    7
   24    6    6    9    6
    1   26    6    9    4
   15   22    7    8    3
   15   10    1   10    5
   22   21   11    8    3
   23   17    5   12    4
    2    7   11   12    4
    6   30   12    1    9
   12   17    3   11    9
   14   14   11    5    9
   28    6   12    9    4
   28    7   12   11    1
   29    8    2    1    3
   14   16    2    9    4
   26   10    9    2    4
   29    5    8   12    6
   15   23    1    4    5
   13    4    4    4    5
    3   22    4    6    4
   24   17    1   12    3
    9   11    7    4    4
    4   16    8   12    5
   13    8    1    7    4
   23   16   10    4    5
   23    8    5   11    6
   18   26    4    9    8
   15    6    7    5    3
   18   10   11    9    5
   12   27   11    5    6
   21   25    7    5    5
   10   11    3    4    7
   14   11    8   10    7
   30   19    8    6    4
   16    2    6    9    4
   16   22    9   10    6
   19   13    4    8    7
    2   24    5    7    5
    6   25    2   11    3
   15   15    4    7    6
   27   19   10   12    4
   20   19    7    8    4
   12    2    7    9    7
   22    5    7   12    5
    3   20    7    9    3
   18    9   11   10    3
    5   14   10    1    4
    8    5   10    9    4
    9    2    2   12    5
   25   27   11    1    6
   12   14    6   10    6
   18   12    7    4    4
   11   13   12    3    5
   12   20    9    6    9
   28    9    1   12    3
   26    6    1    2    4
   16   10    1   11    7
    5   23    8   10    3
    5   25    9    6    3
   13    7    8    4    7
   25   22    4    1    2
   20   21    6   10    9
   25   17    2   12    2
   21   24    1   11    3
   27   10    8    3    7
   30   17    9    1    6
   25   29    5    4    7
   30   20    9    3    7
   29   20    3   11    5
   16   20    4    9    4
    8   24    2    6    5
   23    6    6    3    2
   20   18    5    6    7
   25   25    1    6    6
   27    2    9    9    4
    2   25    8    5    4
   25   24    5   10    6
   11   24    3    7    1
    8    2    7    4    3
   20   22    5    2    3
    4   30   12    8    5
   17   21    6    9    5
   30   22    5   12    2
   29    2    2   11    3
   18   14    4    2    6
   11    3    2   12    3
   28   21    5    6    4
    3   29   12    3    4
   19   25    2   12    6
    3   16   10    5    3
   27    1    4    4    3
   25    9    2   11    2
   15   12    3   10    1
    5   12    7    9    3
    9   26    1    1    4
    4   14    5    6    8
    8   15    2    6    6
   10   22   10   12    4
   18    6   12    3    3
    7    7   10    1    7
    1   15    3    8    2
   26   16    4    8    6
   12   26   12    8    3
   28   14    4    6    4
    6    2    1   12    4
    1   13    2    2    6
   23    4   12   12    2
    6    6    5   12    9
   18   18   10    6    7
   13   29   11    7    4
   13   24    7   10    4
   21   23    1   11    9
    6   13    2   10    2
    6   27    1    7    3
   28   28    2   10    4
   27   27    3    2    4
   21    1   12    5    5
   20   15    2    4    6
   16    8    9   10    6
   15   28    9   12    7
   20   14   10    2    8
    3   14    2    6    3
    2   10   10   10    3
   16   30    6    9    4
   22   22   10    3    6
   15   11   12    4    5
   30   21    4    3    8
   11   28    8   11    3
    1    4    8    9    5
   13    5   12    7    4
    4    5    3   10    3
   21   16    9    5    6
   24   23    2    7    5
   28   20    2    1    5
   14   22    2    8    3
   17   19    4   12    4
    4   18    7    4    6
   27    9   10    4    5
    9   20    8   10    5
   15   25   11    4    6
   16    9    9   12    4
    2   18    3    7    5
    6   20    8    6    8
   30   30    3    2    6
   22   12    4    8    6
   19    9    8    5    4
   21    3    9    3    3
    2   14    6    8    9
    3   26   10    3    6
   27    8    9    1    3
   12   21    1    6    9
    4   20    3   12    7
   30    1    2    9    6
   28   26    3   10    4
   30    3    4   10    4
   25    7   11    2    3
   15   26    5    9    5
