    5   29    2    3    1
   20   20    7    2    3
    3   17   11    1    4
   13   22    9    1    2
    1   10    6    7    6
   24    4   11    1    5
   30    5   12    8    3
    6   29   11    2    7
   14    7   12    4    3
   17   13    1    2    7
   21   11    8    8    8
   29   22    5    9    6
    3    6    6    2    3
    2   22    1    8    3
   15    8    3    8    2
    3   26    7    9    1
   23   22    2    4    3
    6   22    9   12    4
   21   15   10    6    7
    6    5    7    9    4
   14   18    8    6    3
    4   16   10   11    7
   11    1    2   12    5
   10   14    7   12    6
   26    6    8   10    4
   20   12    3    4    2
    5   25   12   12    3
   11   24    5   10    3
   25   19    9   12    2
   11   23   12    5    2
   14   29    2    1    7
   25   30   12    9    8
    4    6   12    4    6
   23    5    3   11    3
    9    2    3   12    2
   19   26    6   10    5
    4   11    5    1    8
   21   24    5    1    8
   23   14    1    7    3
    4   14   11   10    8
   18   15    2    8    7
   21   13    1    3    7
    1   12    3    3    7
   20   11   10   10    4
   21   29    5   11    4
   17   22   10   12    3
   21    4    1    6    8
   25   29    8    2    7
   22    8    7    4    7
   10   17    6   10    7
   25   24    2    5    3
    9    3    9    5    4
    6   14   10    2    2
    3   12    9    2    3
   30   20   12    2    8
   16    7   10   10    7
   22   22   12    9    6
   20    7    4   11    8
   20    5    5   11    8
   29   28    3    1    9
   22    9    4   12    9
   16   10   10    5    7
   16   23    7   10    3
   25    1    3    5    7
    9   13    4   12    8
   11   26    4   11    7
   13   26    6    4    4
   19   10    7    1    8
   26   20    5   12    4
   29   27    2    2    5
   12    4    2    6    3
    4    1    8   10    9
   10   12   11   12    2
   28   30    9    2    6
    4    3    4    4    8
   23   24    2    1    4
   23   12   12   10    7
    4   26    3   12    6
   10   10   12   11    4
   27   19    3    1    7
   18   18    6    4    8
    8   19    6    2    8
   10   29    3    6    4
   19    3    7   10    9
   26   12    3   12    3
   17    2   12   10    2
   15   20    1    6    3
    5    5    7    6    9
   25   12    9    2    5
    8   23   12   12    6
   26   22    1   11    3
   28   11   12   10    2
    7    9    7    2    6
   19    2    6    5    3
   17   28    9   11    5
    2    3    9    6    4
   21   19    2    4    5
   23   30    6    8    6
   18    7   11    3    4
   28   28    7   12    8
    8    5   11    7    8
   12   21    8    7    8
   27   20    4   11    7
    7   21    3    3    7
   17   16    4    8    5
    4   28   11    1    4
    6   16   12   12    6
   17    5    3    2    4
   19    9    5    1    4
    9   14   10    8    6
   18   17    6    9    7
   15   25    2    2    4
   14   17    2   11    7
   30    2   10   12    7
   22   18    8   12    5
    8   24    4   11    8
   29   19    3    5    3
   10    9    5    2    4
   15    6    6    7    5
    5   26   12    1    4
    8   26    6   10    3
   12    7    3    6    5
   13   28    9   12    3
    5   28    9    5    6
   19   24   12    4    8
    1    2    7    5    3
   20   14    3    5    4
    3   29   11    6    3
    2    2    9    6    8
   21   21    6   12    7
   13   25    8    3    4
   10    5    4    4    3
   16    5   10    5    8
    6   21   12    3    7
    1   19    9    3    6
   20    8    4    3    3
   23   23    5    9    7
    7   17    1   10    3
   17    6   10    9    4
    6    1    3    6    6
   18   20    3   11    4
    1    1    8    9    8
   22   20    1    4    3
   29    7    1    3    3
   15   16    4    1    3
    2   20    8    9    3
   26   23   11    6    7
   19    7    3    9    8
    9    9    9   12    3
    2   16    4    3    4
    5   19   12   10    7
   27   13    8    9    4
    2   25    4   11    3
    4    2    1   11    6
    8   10    8    9    7
   16   27   10    1    3
   24    9    9    9    4
   15    2    5   12    5
   24   29    9    2    4
   22    5   11    8    8
    1   15    1    1    8
   27   27    1    4    9
   27   10    2   12    4
    5   11   12    7    7
   18   27   11    8    5
    3   22   10   11    7
   23    1    9    8    4
   13   13    1   12    4
   24    1    4   11    5
   30    4    8   11    6
   24   16    3    6    5
   26   15   10    3    8
    1   28    3    3    4
   19   23    3   12    5
   21   10   11    7    3
    2   21   10   11    7
    3    3    4    3    8
    7   15    7    7    4
   30   10    7    9    3
   11   19    1    2    4
    3   28    5    5    5
   27   26    3   11    7
   12    8    3   11    8
   19   18    2    4    8
   18   29   12   12    9
    1   21   11    5    7
    1   30   11    1    4
   24   15    3    8    4
   22   10    3    2    7
   21   27    2    5    3
   14   16    5    1    2
    7   26    4    8    2
   22   24    5    1    8
    7   11   10    3    7
   22   16    1    8    4
   17   17   11    1    8
   13   20    9    5    7
   11   12    6   10    5
   24    5   10    1    7
   18    8    5   10    3
   25   28    4    5    3
   30   11   11    8    4
   18    4    9    2    7
   21   14    7   11    8
   27    9   12    1    2
    1    9    4    3    7
    6   24    7    1    3
   13    6   12    3    2
   16   13    5    3    4
   14   12    4    8    3
    5   15    3    7    7
    4   15    5    9    3
   24   28    3    1    3
   18   13    1    1    4
    4    8    2    9    8
   21   22    8   12    3
    6    9   12   12    4
   10    4    1    1    4
   15   29    3   10    8
   26   26    4    3    9
   14   27    6   12    3
    3   30    7    9    3
   14   28    1   12    4
    5   27    4    5    3
   24    3   11    8    8
   21    9    9    5    3
   19   20    6   12    4
   19   22    1    5    6
   28   20   12   11    3
   28   10    3    9    8
    4   20   11    5    7
   19    4   12   12    8
    6   23    9    6    5
    1    5    8    9    6
    2   18   10    2    8
    8    3    5    6    7
    4    4    9    3    8
    6    7   11    8    5
   14    2    8    6    7
   27   15    2    5    8
    7    7    9    2    7
   16   20    1    8    6
   12   28    6    3    8
    3    1    6   10    5
   30   19   12    2    7
   24   20    1   10    8
    1   17    4   11    3
   20   10    3    5    8
   23    4   12    1    3
   12   12   12    8    8
   28   27    6   12    6
   10    6    9   12    3
    1   13    6    4    5
   24   14   11    6    6
   22   25    4    6    4
   13   14   11    3    4
   27   24   10    2    3
    7    8    3    8    5
    5    7    7    1    6
   15   13    7    5    7
   30   26   12   11    8
    6   25    4   10    6
   27   25    5   12    6
    9   28    9    2    6
   18    5    7    6    5
    2    8    6    4    5
    8   14    1    6    7
   10   24    1    1    7
   17   15   12    6    6
   23   18    3   10    6
    7    1   12   10    5
   11    9    8   12    5
   19   12   11   12    4
   11    8    8    3    7
   28   26    3    1    3
   10   11    3    2    7
   16   26   11   12    5
    7   30    2    9    5
   25   16    5    2    6
    6    6    2    7    6
   29   23    5    8    6
    1   22   11    6    7
   30   24    4    6    3
   16    3    4    9    4
   15   12   12   11    6
    8   29    3    8    4
    1   27   12    3    3
    7   23    8    4    3
   30   16    1    8    2
    4   22    1    9    2
   18   30    2    5    7
    9   25   11    6    7
   21   28    2    6    8
    2   23    9    1    6
   12   22   11    6    3
   14   14    2    6    8
   18   12    6    3    4
   29   17    9   11    3
   16   18    5   10    7
   11   13   12    3    3
   15   28    9    2    4
    5   13    2    5    8
   13   10    7    8    7
    8   21   10    8    7
   20    6    8    5    3
   30   22    6    4    7
    6    2    3    6    2
   23    9    8    4    2
   30   14    6    9    4
   12   17    9    8    6
   16   29    7    5    3
    9   17   12   10    6
   11   14    5    7    3
   25   11    5    7    7
    3   20   12    7    3
    4   17    2    7    6
   23   10    7    2    4
   11   18    7    5    4
   19   13    6    8    3
   30   21    6    1    6
    3   14    2   10    3
   16   16    1    3    3
    8    6    1   12    6
   26   21    2    9    6
   12   30    2    6    7
   16   28   11    9    4
   16   19    4    3    4
    8    8    7    4    3
    2   28    4    3    4
    4   27   11    4    6
   17   27    3    2    7
   25    3    8    5    6
   13   23   11   11    4
   29   12    1   12    4
   21    5    3    1    6
   10   18    5    9    3
   23   15   10    4    8
    8   30    9   11    7
   25   21    9    6    6
    1   26    8   10    7
   20    9   12    9    3
   21   17    7    9    6
   22   14    3    1    3
   27    3    2    8    7
    9   15    9    9    3
    2   29    1    1    6
   14    5    4    6    4
    5    2    5    4    3
    6   30    7    2    4
   23   21    8    4    6
   25   25    4   10    7
   24   12   12    4    6
    4   29    2    1    3
   15   30   11    5    3
    8   28    1    1    3
   12   13    7    6    3
   28   19    3    2    7
   28   18    5    7    8
   11    2   10    7    6
   18   21    9    2    4
   16   12    5    5    4
   28    6    9    8    7
   15   15    6    8    7
   20   29    8    7    6
   15   10   12    8    7
   17   20    5    5    8
    9   12    1    5    6
   27    7    1    1    4
    9   29    6    5    3
    8   16    6   12    3
    2   26   12    1    4
   11   11    7    1    3
    6   18    4   11    4
   11   15    2    4    6
   11    3    5    1    2
    9   26    3   12    3
    1   20    5   12    3
   15   14   10    3    7
    3    5    1    2    8
   11   29   12    8    3
   30   27    8    1    7
   18   26    7    1    8
    7    4    1    9    2
    2   10   11    8    3
   28    7   11    5    3
    4   13    4    7    4
    3   23    8   11    4
    1   14    2    9    7
    3   18    6   11    6
   18    9    7    6    2
   21   16    6   10    3
   30   30    8    9    4
    4   25    7    9    4
    2   24    4    2    4
   21   20    8    9    6
   25    8    1    9    6
   17   30   12    5    4
   27    8    8    5    7
   18    1   11    2    4
   14   25    4    3    6
   30    9    5    3    3
   12   27    7    4    7
   22   11    2    2    3
   14   19    6   11    3
    5    4    2    8    3
   27    2    8    3    4
   10    7   11    4    3
   11    6   11    3    3
   29   29   12    9    4
    2   12    4    4    3
   29   30   10    2    5
    6   27    8    3    7
   14   26    8    1    4
   26   17   11    9    3
   17   11    2    2    4
   26   25    2    6    6
   25   17   11    6    7
   16    9    5    3    4
   13    2    2    6    3
   19   17    1   11    6
   24   13    1    4    6
   13   29    9   10    4
    2    7    1    7    6
   13    3   10    5    7
   25    7    2    5    3
    3    7   12    2    4
   24   26    7    9    4
    6   12    9   11    7
   12    5   12    9    8
   18   24    6    1    4
   24   24    4   12    4
    4    9    6    1    3
    9    8    2    5    7
   10   25    5   10    4
   19    6    9   12    4
   20   23   12    4    3
   19   19   12   11    8
    7   24    1    2    8
   26   10    3    9    3
   28   23    6    3    3
   22    7   11    2    4
    3   10    2    8    4
   22   28   10    4    7
   16    1    3    8    4
   22   15    2    4    3
    3   15    2    1    4
   16   11    1    7    3
   26   29    2   10    4
   29    1    5    4    5
   27   22    9    4    7
   13    8    2    5    3
   18   25   10    9    3
   13   30   10    2    4
   17    8    8    1    7
   25   20    3    9    5
    9    5    4    9    6
   21    3    7   12    5
   17   23    8    5    6
    1    8    1   12    7
   25   23   12    9    8
   11   27    4    5    7
   23   27   10   12    6
   13    7    8    3    7
   15   19    1    4    8
   17   24    1    3    7
