    5    3   12    5    3
   30   24   10   10    4
   29   17    9    5    2
    3   19    3   12    7
   23    4    7    6    4
    7    9    5    5    6
   21   20   10    2    2
   10    4    3   12    4
   13   26    1    8    5
    9   18    1    9    6
   11   15    8   11    3
    1   23    2    8    5
   16    9   10    8    6
    4    2    5    5    7
   18   28    6    4    1
   17   22   10    9    3
   25   27    3    9    5
    3    9    1    1    7
   30   16    4    2    4
   28   29   10   10    8
   22   27    9    8    7
   23    3    1   10    3
   20    2    3    6    5
   23    7    7    1    2
   12   26    3    5    5
   12    8    7   12    7
   29   30    3    5    5
    1   15   11    6    7
   12   12   12    3    6
   17   25    5    5    4
    6   30    9    4    7
   14   13    8    1    7
   11   25    1   10    4
    1   22    6   12    7
   10   10   11    7    8
    2   15    2    1    3
    3   11   11    9    8
   23   29    6    4    6
   27   21    4    8    4
   19   29    8   12    1
    7   10    3    2    3
   26    9    4    4    3
   30   13   10    8    4
    7   24    6    3    5
   26   30    8   10    6
    9   20    9    1    3
   28    4    1    1    1
   30    3    1    6    2
   29    1    2    8    6
   14   26    5    9    8
   29    7    4    2    3
   15    3    7    5    4
   13   18    1    1    4
   22   13   11    8    1
   10    6    7    3    5
   29   21    3    6    4
    1   20    6   11    4
    1   30    9    9    5
   27   15    2    4    8
   11   19   11   10    4
   21   21   10    3    7
   15   16   12    8    3
   15    6    8    9    5
   15    9   11    4    4
   16    8   10    9    7
    5   14    8    6    3
   18   21   10    4    4
    6   28    5   10    5
   27   12    9   11    3
   29   16    8    5    3
    9   25    5    9    4
    7   15    7   12    3
   25   16    4    2    4
    6   23    2    5    5
    7   20   10    6    3
   30    9    2    6    4
   27   27    9   11    8
    1   25    5   10    3
    4   14    7    2    4
    8   11   12    5    5
   18    6    5    3    3
    3   24    8    8    4
   16   24    4    7    3
   20   20    9    7    3
   17   14   11    2    6
   18   14    8    8    6
   24   24   11    3    7
   16    4    6    2    3
   19   13    4    9    4
   26   10    6    1    4
   19   30   11    2    6
    7    1    1    1    4
   21   24    7    4    5
   18   18   10   11    4
    4   18   12   10    6
   30   18    2    7    3
   19    9    5    3    7
    8    8    2    5    7
   15   17    4    4    4
   24   12   11    4    2
    7    2   12   12    2
   11   11    1    3    8
    2   12    3    2    3
   13    3    2   10    7
   24   10    9    4    3
   30   27   10    8    3
   18   22   10    4    7
   19   17    8    3    7
   26   26    7    9    6
   21    2    4    7    3
    8   25    8    6    3
   30    7   12    8    2
    2   16    6    5    8
   14   22    4    1    2
    7   21    7    1    2
   26   19    4    8    5
   13   11    7    2    4
    5   30    3   11    3
   19    2    2    4    3
   22   23   12   12    2
   28    1    5    7    2
   13   10    1    8    3
    7    5   10    4    2
   28   10    8   12    1
   25   23   11    8    3
   13   20    9    2    2
    6    7    8    2    1
   25    2    9   10    7
   28   16    4    4    2
   23   23   12   11    3
    8   26    4    2    4
   27    6    3   12    5
    1   21    8    1    8
   22   26    1    7    3
   27   24    4   10    2
    7   22    7    9    1
   22    6   11    9    1
    9   28    6   11    2
    8    5    5    1    3
    7   16    5    8    3
   14    6    5   11    8
   27   26    1   12    8
    2   18    2    5    7
   21   28    7    3    3
   22   22    9   10    1
   15    8    9    4    2
   14    7   12    7    2
   23   27   11    7    1
    5   24    9   11    7
   27   18    2    6    7
   18   16    6    4    3
    3   28   12    5    3
   10   19    3    8    7
    2   29   10    2    5
    4   21    1    9    2
    2    9    9   12    7
   16    3    3    4    4
   15   13    8    2    5
   28   26    5   10    3
   27   29    4    7    3
    8   17    2    7    6
    4   12    9    4    8
   25   30    4    6    5
    1    5    3    7    4
   11    7    3   11    2
    5    5    8   11    9
   25   28    3    7    2
   22   15    5   11    3
   17    7    2    7    4
    1    2    5    2    4
    1   17    6    1    5
   30   30   11    9    8
    5   18   12    4    6
    8    2   11    8    4
    3    3   11    2    9
   28   30   11    9    3
    2    2    1    9    9
    9    9    1    7    7
   25   25    1    6    8
   24   28    5   10    4
    7   18   12    2    6
    6   26   11    2    3
   18   26    7   10    7
    9   12    2    6    4
   28   15    8    3    3
   20   25    1   11    5
   10   30   11    9    3
   11   20    7    7    3
   21   22   12    6    2
   28   28    3   12    9
   18   20    7    2    8
    6   29   10    4    2
   26    4    6    7    4
   17    4    5   11    5
   25   12    8    8    3
   19   24   10    2    5
    9    4    4    1    3
    7   28    3    1    4
    2    3    6    5    3
   22    2   11    1    1
   23   28    8    4    7
    8    4    5   11    6
   10   23    3    6    2
   25    4    8    6    5
   28   13    8    9    1
    5   27    8   11    1
   12   18    4    9    1
   19   25    2    4    4
    5   11    8    6    5
   20   23   11   11    3
    8   24    6    7    6
   10   21    6    4    5
   14   19   12    1    3
   21   15   10    2    3
   19    6   11    8    2
   27   11    2    1    3
   10   25    6   10    4
   17   21    1    6    7
   12   19    1    7    6
    6    2    4   10    6
   27    3    3    6    5
   17   12   12    1    3
   25   18    9    9    7
   17   27   11    4    3
    4   30    3   11    3
   27    7    4    6    2
    3   14    4    2    3
   29    5    1    5    3
    4   27    5   11    2
   13   27   10    9    2
    5   25   12    5    3
   12   30    6    3    3
   16   13    1    2    6
   16   10    5   12    3
   25   15   12    5    7
   30   11   11   10    3
    9    8   12    3    3
    4   20    6   10    4
   28   17    4    9    1
    5   17    4   12    7
   19   16    6   12    3
    3   25    5    2    2
   29   14    1    3    2
   14   14    1    8    7
   18   15    4    8    3
   14   15   12   10    3
   10   22    6    3    2
   13    8    7    4    4
    2   11    5    8    7
    9   22    2   12    3
   14   25    3    1    6
   22   25    5   10    3
   13   29    5    7    2
   27   16    7   12    4
   27   20   10    2    8
   14   20    3   11    7
   12   28   12   10    4
   29    4    2    9    3
    6    3   11    6    2
   29   22    2    5    2
   20   22    6    6    4
    9   24    4   12    3
    1   13    3    3    5
   22   28   10   12    2
    7   26    9    5    4
   14    8   12    5    3
   24   13    3    2    2
   29    8    8    3    3
   29   15    1    4    2
   13    9    5   11    7
    1    6   11    6    1
   21    9    6    4    3
   12    7    7    6    1
   16   16    6    9    8
   12   20    8   12    2
   30   17    9    3    3
    8    3    3    9    4
   15   15    8    1    5
    1   12    7    5    2
    8    1    3    9    7
    3   20    8    8    1
   28   11    8    9    1
    6    5    3    7    2
   13    6   12    8    2
   14   21    1    2    5
   17   13    6   12    6
    5   12    1   12    2
    1    1    9   10    8
   16   11    7    3    8
   11   23    8    1    5
   22   12    7    7    3
   15   12   12   10    3
   28   20    2    3    2
   14   12    4    9    3
   29    9    1    5    1
   25   21    8   12    2
    1   14    6    8    5
   10   17    5    7    2
    8    6    5    4    2
    8   28   11   11    1
   29   24   11   11    2
    5   26    7   10    2
    3   29    3   12    3
   20   19   11    3    2
    1   16    2    1    4
    6   20    4    7    2
   21   19    6    4    4
    5   23    7    4    3
   15   26   12    4    1
   15    4    5    1    3
    8   21    5   10    3
   23   21    3   10    2
    6    4    8    6    2
   23   15   12    5    4
   11    4    1   10    6
   29   11    6   10    2
    4    7    7    7    7
   26   25    2    2    5
   17   26    4   12    3
   24    6    9    9    2
   28    2    1    7    1
   25   13   10   12    3
   20   30    9    5    5
   17    6    3   12    3
   27   28    6    2    6
   19   27   10    7    2
    3   10    7    2    4
   10   11   12    3    2
   17   17   12   10    6
   27   14    4    5    1
    4    4    5    7    3
   17   16    6    8    4
    3   17    3    2    3
   26    3   12    8    2
   25   24   12    7    1
   17   23   12    8    3
   27   10   11   11    3
   14   30   10    9    6
    9   14    9    7    2
    6   16   12    7    3
   18   10    6    8    7
   12   10    3    7    2
   14   28    7    7    2
   24   20    6   12    3
   29   29    8    7    4
   24   15    2    4    4
   12   11    5    4    7
   18    3   12    7    3
    8   10   10    8    3
    1    3    2   11    5
   20   15    1   10    3
   23    9   12    1    2
   29   18    6    6    7
   27    9    5    7    3
   24   11    1    7    5
   24   17    5    5    1
    6    6   10    9    9
    5   19    4    6    8
    5   21    4    2    1
   14   11    9    3    3
   20   17    7   12    3
   16   26   12   12    4
   29   20    8    6    3
   14    2    3   11    5
   23   12    1   10    6
   26   11    5    1    3
   17   11    9    5    6
    6   12    3    3    6
    2    5    4    7    4
   26   29   11   12    7
   22    5   12    7    6
   29   25    4    8    5
   10   20    7    4    7
   29   12    8    6    2
   10    1    9    6    5
   19   19    4   11    8
    4   24    6    4    5
   19    4    5   12    7
    5    4    8    6    3
    1    4    4   11    7
    3   22    4    8    2
   19    8    7    1    6
   23   30    6    3    8
    8   27    5   11    3
    2   13    3   10    6
   17    9    1   10    2
   12   21   12    5    9
   22   19    9    1    4
   21   16    8    7    4
   19   23    9   11    1
    8   23    4    3    1
   13   12    6    3    1
   23   14   11   12    1
   28    5    7   11    1
   24   18    5   10    2
   17    2    6    6    7
   23   13    8    8    1
   19   15    8    9    6
    1   19    8    7    3
   14   24    5    4    4
   23   16    1   10    2
    3   21    8    6    2
    7    7   11    1    4
    2   30    9    9    2
    4   13    4    6    2
    9    1    9   12    4
   20   26    6    8    2
   10    2    7    7    3
    3    7    3    5    2
   10   15   11    2    7
    5   15    9    3    1
    7   13    3    2    1
    1   26    3   11    2
   14   10    1    7    7
   11    1    7    7    7
    2   27    8    1    3
    6   11   12   12    2
   18   17   11    1    2
    2   26    1    9    6
   24   26    4   10    2
   16   20   11    6    2
   30   22   12   11    1
   20    8   12    3    3
   26   23    8    7    2
   13   13    3    7    6
   15   30    8    9    4
    7    8    4    5    3
   28   19    9    2    2
   18    8    4    1    6
   22   11    2   10    3
    8   30    7    9    6
   25    6    7    3    2
    6    9    3    3    3
   23   18    1    8    2
   16   14    3   12    2
    8   22   12    3    7
   24   22   11    8    6
   18    1   12    3    6
   16   22    9    9    3
   26   21   10   11    5
   22    4    5    1    7
   24    1    7    4    7
   10    9   10   10    8
    7   19    5    9    3
   12    3    1    8    2
   24    2    6    6    2
   25    7   10    3    1
   21    6    1    5    2
    2   23    5    1    3
   12   16    8    4    1
   24   23   10    3    6
    5   10   10    1    6
   21   13    2   11    5
    5   13    7    4    3
    9    5    8    9    3
   29   10    3    5    5
   21   30    4    3    4
   18   11    8   11    2
   20    5    6    4    2
   21   11    3    7    8
    1   27    3    3    3
   19   18    3    4    6
    5   16   12   10    6
    9   11    8    4    5
    4    3   12    8    2
