   29   12    9   10    6
   19    9    7   12    4
   30   25    6    1    7
    6   18   11   11    1
   15   15    9    8    3
    8   14    6    1    4
   27   21   11    9    8
    3    5    1    4    8
   21   24   11    9    4
   20   28   11    3    2
   24   25    5    4    1
   19   25    4    2    6
   14   23    5    5    3
   11   30    1    3    4
    2    4   11    2    4
    8   21    4    2    3
   26   25    2    7    6
   24    5    4    9    7
   16    4    1   12    4
   13   14    7    3    4
   16   19   10    7    7
   25    8    1    2    4
   22   16    2   11    6
   15   18    3   10    6
   25    3    3    3    4
    8   28    7    3    4
   23    3   10    7    2
   27   25   10    2    8
   17    1   10   11    6
   28   15    4    2    6
    4   30    1    4    4
    2   21    7   12    6
   24   13    4    4    4
   28   19    1   12    7
    3   12   11    4    4
   26   29    7    5    7
   20   16    5   11    4
   17    4   10    5    4
   25   25   12    2    4
   10   23    8    6    6
    8   23    4    1    6
   25    7    5    6    3
    9    6    2    6    1
   30    3    9    7    6
   24   24    7    1    8
   14   18    6   12    6
   22   12    5    7    6
   19   18   12    9    5
    1   20    2    5    2
   17   24    1   11    7
    8   30    5    8    4
    2   23    7    1    2
   10    4    9   11    2
   16    9    1    4    2
   18   26    7    6    9
   20    2    7    5    7
   25   21    6    8    4
   21   14    9    4    6
    2   11    4    5    6
    5    7    9    8    8
   26   16   12   11    5
   20   25   11    1    4
   16   11    9    1    7
   28   26   11    1    6
   18   22    1    9    2
   29   29   10    9    8
   20   14    2    3    8
   24   30    7    2    1
   15   17    1    8    3
   17   17    5    9    6
   24   11    7    8    1
    8    4    8   10    8
   11   25   10    7    6
   19   10    4    9    7
    9   28    6    8    6
   29    3    9   12    1
    7   27    1   10    6
    1    3    2   10    7
   13   10    1   10    6
   27   16    5   11    4
   14   30   10   11    2
    8   24    4   11    6
   24    4   11    8    6
   20   21    1   10    4
   20   27   12    8    1
    8   18    6    4    8
   10    1   11    1    6
    9   10    8   10    6
   11    5    1    8    7
   17   20   10   11    8
   11   13   10    8    7
    9    4    8   10    3
   19    4   10   12    6
    5   21   12   12    6
   13    8    5   12    8
   17    9    1   10    3
   28    1    1    4    1
    3    6   10    8    1
   15    9    6    7    6
    5   22   11    9    7
    3    8    7    5    6
    2   19    5    6    4
   12   25    5    4    1
   21    4   12    3    7
   23   13   10    7    4
   21   21    9    2    9
    2    2   10    3    7
   23   26    1    9    7
    3   20    6    8    6
   24   29    9   12    6
   24   14    5    3    1
    9   27    2    7    4
    6    6    1    2    9
   19   19    8    6    9
   29   11    1    5    6
    4   28   11   11    2
   12   23    4    5    4
   14   10    7    1    4
    6   24    4    9    4
   23   16    7   10    6
   17   19    1   12    8
    2    3    2   12    2
   15   30    4   12    3
   19    6    2    9    4
   30   19    8    4    6
   30   16   12    9    6
    5    2    6    4    4
   27    6    2    1    7
   26   24    3    8    6
   16   24    6    5    1
    3   26    2    8    4
   23   17    1   12    4
    5   29    2    8    4
   26   30    9    5    8
   23    5    2    9    6
   11    8    2   11    4
    4   12    8   11    4
   28   16    5    1    6
    9   21    3   12    4
   27   10    4    9    1
   19   14    9    4    9
   27   26   12   12    4
    4    3   10    9    3
    9    7   12    9    2
   27   24    3    7    1
    9   25    9    1    1
   23    7   10    3    4
    4   26    1    9    4
    2    7   11    2    4
    8   27    5    9    3
   22   27   10    6    6
   14    5   11   10    6
   18   18    8    6    9
   24   22   12   12    7
    2   16    8   12    6
   15   16    8    5    6
   29   22    4   12    6
    9   29    3    7    4
    6    2    3   12    1
   23    4    9   10    1
   27   11    8    1    7
   13   30    9    6    8
   18   24    2    7    6
    5   30    9    3    6
   18    7    3    1    6
    2    1   11    6    7
   27   12   10    1    8
   26   26    5   12    6
   16    8    7    1    7
   16   13    2    8    2
   16   14    4    1    2
   12    9    6    3    3
   12    5    3    6    4
   17   12    4    1    4
   11   22    7    9    7
    9   23    5    1    4
    5    4   10   12    7
   30   28    7    5    6
   25   18   10    2    6
   13   28    4    1    1
   19    1    4    9    3
   26   17    2    3    7
   29   19    2    8    5
   29   10   12   11    6
   10   30   11    9    4
   21   19    7   12    6
    7   11   11    4    4
   14   25    7    2    6
   16   17    5    3    6
   20   26    8    8    6
    6   15    9    1    4
    1   21    5   11    2
   29    1   11    9    7
   18   16    1    4    6
   30    7   12   10    1
    1    5    2    3    8
   19   12    1    9    7
   11   20   11    7    7
   14   28   12    4    4
    3   28   12    6    3
   26    6   10    1    1
   23   21    3    3    6
   24   23    7    3    6
   16   25    5    2    6
    4   14    1    6    2
   20   18   12    2    7
   23   11    7    2    6
   25   10    8    3    3
   13   19   11   10    7
   22   25    6    6    2
    1    7    6    1    3
    6   14   11    1    7
   29   13    6    5    6
    1   22    2    4    5
    3    9   10    4    4
    2   27    8   11    1
    8   26    4    2    6
   18   23   10   12    6
   14   11   10   11    6
    6   21    5    1    7
   28   24    5    9    7
   21   26    8   12    4
   30   18    5   11    3
   26    2    4    7    3
   29   28    2    7    2
    9   20    7    1    2
    7   26    7    3    5
    6   29    9    9    1
   17    2    9    1    6
    4   18   11    4    6
   14   15    8    6    4
   30   21   12    4    2
   28   17   11    5    6
    6   10    7    4    2
   11    1   10    8    6
    7   17    9    4    4
    3    3    6    8    8
   27    1   10   12    6
   28    7    8    9    6
   27    5   12    5    5
    6   12    5    9    8
   12    8    6   11    4
   16   21    8   10    3
    2   12    7    9    2
   11   12    9    8    4
   27    3    3    9    3
   11   18    2    3    6
    1   13    6    6    6
   15   22    1   11    6
   18   12    2    1    4
   23    1   11    2    1
    2   10   12    4    7
    2   24   11    4    4
    3   24    6    6    4
   13   18    8   11    7
    9    8   12    9    6
   18   29   10   12    6
   12   30    2    8    5
   28   28   12    3    9
   13    4    9   10    8
    1   24   11    2    6
   14   14    4    1    6
   29    4    1    6    2
   22   23    7    4    1
    7   21    9    2    3
    5   26    8    8    6
   17   29   12    1    2
   17   13    3    4    2
   29    2    2    3    4
   17    8    7   10    3
   26   14    7    6    3
   14   27   12   12    6
    4   25    2    6    4
   12   28    3    2    9
   29   15    6   10    7
    9   26    8    8    5
   30    6    1   10    6
   11   21    2    6    7
    7    7   11    3    6
    6    1    4    9    2
   11   28    3    7    5
   14    2    2    8    6
   18   17    3    1    6
    9    9    8   12    6
   29    7   10    5    6
    2   13    2    7    6
    7    8    7    5    6
   11   19    4    1    7
    7    4   11    3    2
   20    4   12   12    6
    9   18    8    9    6
    9   24    6    9    4
    9    1    6    6    4
    9   14    9    1    2
   12   26   11    7    3
   24   12    4   12    5
    5   13    4    3    8
   10   22   11    3    6
   20   23    4    3    6
    5   15    8    8    5
   29   21    5    7    1
   27   18    5    2    7
    3   17    4   12    6
   19   15    8    5    6
   18    2    1    7    5
   30    1    9    5    4
   27   28    1    7    7
   10   21    6    9    7
   29   14    9    5    3
   25   28   11   10    2
   23   29    5   11    6
   24   19    5    2    1
    5   19    5    7    6
   23   25   10    9    1
    8   10    1   11    4
    8    8   10   12    6
   30   27    4    2    4
    8    1    8    9    3
   30   30   12    7    7
   17    6    1    5    8
   13   13    1    8    8
   15    4    8    4    6
   23   15    5   10    7
    3   19    8    8    4
   21    3    4    9    5
   10   24    8    4    7
    3   11    4   10    8
   10   16   10    3    4
   10   26    9    7    4
   20   20    4    5    3
   15    7    2    2    2
    7   22    7    5    7
   29   30    3    2    4
   18    3    2    1    6
   12   14    6   11    6
   21   17    8    1    8
    1   14    9   10    7
   10   11   10    3    2
   15   24    7    5    1
    2   30    9    5    7
    7   20   12    1    4
    1    1    7    5    8
    5    9   11    6    6
   30   20    4    4    7
   17   14    2   12    7
    6   25    3   11    3
    2    9    9    6    6
   26   19    2    3    2
   12   13    7   10    2
   25   15    5    7    1
   10    5    4    3    6
   11    4    8    1    6
    5    5    2    3    7
   21   15    5    2    1
    1   26    9    1    3
   15   20    2   11    2
   11    6    6    5    5
    4    4    1    7    7
   11   17    7    5    4
   28   23    5    1    8
    1   18    7    1    2
   21   12   12   11    7
    4    6    1   10    2
   17   22    3   12    4
    8    6   12    1    4
   28    2    7    2    4
   26   22   11    3    6
   22   19    6   12    6
   27   27    8   12    8
    2   22    3   11    2
    8   19    7    2    6
   20    8    7    4    3
   21   22   10   10    6
   30   23    8   11    3
   29   20    3    1    7
   25   17    9    4    5
   21   18    4   12    3
   29   16   12   11    3
   11    9    9   11    6
   13   21    1   11    2
    3   15    2   11    8
   26   11    8    5    6
   29   27    1   10    2
   13    7    6    5    1
   16    1    5    6    6
   10   28    1    5    6
    9   13    6    7    7
   25    5    7    9    4
    2   25    5   12    4
   12   20    1    6    7
   15   10    7    6    7
    6   28    9    9    8
   10   12    4    4    2
    5   20    9   12    1
    6   16    6    2    2
    1   15   11   10    3
   28   22    8    4    7
   11   15    2    5    6
   27   23    9    3    6
    1   12    6    5    5
   12   12   11    8    7
    7   12    1    4    7
   15   13   11    8    7
   13   20    7    6    6
   22   22   12    9    5
   22   14    9    5    9
    8   15    7   12    4
   13    3   11    9    6
   13    6    1   11    2
   20   22    2    2    2
   13   22    6    4    4
   23   23   12   10    7
   10   17    8   10    7
   11   11    6    7    7
    7    6   11    1    6
   20    6    4   10    2
   14    3    1   12    2
   13   25    9    7    6
   10   18    3   12    3
   22   30    7    2    3
   13   27    4   12    5
   22    3    6    9    6
   21   28    6    7    6
   27    4    9    4    6
    5   16    8    8    7
   16    3    7    6    7
   30   17    4   11    6
    3   10    2   12    5
   26   13   10    3    3
   10    7    6    3    6
    3    7   12    3    5
   22    6    3    2    1
   15    2    7   10    6
   10   20    8   12    7
   22    9   11    4    1
   19   20   11   11    6
    7   16   12    1    7
   15   26    2    7    4
   27   17    7    5    6
    2    8    9    2    3
   12   16    3    6    6
   28    5    3   10    7
    1   25    3    6    5
   22    8    6    9    4
   27   15    6    7    6
    5   17    8    4    3
    8   29    9    4    5
   30    9    9   12    2
   24    7    6   11    4
    4   22    8    2    4
   25   29    1    1    1
    8    5   10   11    5
   16   16    7   11    6
   19    7    8    3    4
   10   10    1    7    4
   24   20    5    7    1
    1    4    7    8    6
    6    5    5   12    6
   14    7    5    7    7
   19   27    8    9    4
    5   18    7    7    6
    6   23    2    4    6
   15   12   12    9    6
   19   23   12   11    5
   18   28    4    7    7
