    6    7    5   11    3
   30    3    7   10    2
    7    4    6   10    5
   14    4    1   11    6
   29    5    9   11    4
   11   26   11    5    3
   25   25    8    7    3
    6   16   11   10    5
   13   22    9    1    4
   23    1    1    7    3
   21   26    3   10    6
    5   23    3    8    4
   13   19    8    4    7
    9   16    6    1    7
   28   17   12    6    6
   22   24   10    8    4
   24   13    9    9    3
    6    5    9    6    3
   14    7   11   12    4
   13    3    4    8    2
    3   22    4    3    5
    1    3   10    1    8
   15   29   11    8    8
   10    3    8    4    7
   26   13    4   10    5
    3    4    8    8    2
   27   11    3    8    1
   13   16    3   12    5
   19   16    5   11    7
    6   28    1    3    3
   20   15   11    6    5
   21   10    2   11    4
   18    8    4   10    3
    5    9    3    1    7
    3   16    7    8    4
   13   13   12    9    8
   15   10    9    4    8
    8    8   10    9    8
    8    7    3    8    9
   14   24   10   11    4
    5   18    7    3    7
   13   10   11    6    8
    8   26   10    9    3
   25   11   10    3    2
   22   30    1   10    2
    9    7    1    4    4
   30   19    7    1    3
    4   29    8    7    2
    3   21    7    9    3
    8    6    5    2    4
   25   29    3   11    3
   26    6    3    3    3
   11   11    4    8    6
   27   27    9    7    7
    4    8   11    6    3
   20   30    3   11    3
   26    4    4    4    2
    9   24    8    2    3
    9   26    6   10    2
    9   29   12    8    2
    4   24    1   12    4
    6    2    3    4    4
   11   29    4    3    1
   14   17    1    5    2
    4   21    1    4    3
   14   18    3   10    4
    2    5    1    9    2
   24   15    6    6    4
   20   29   11    7    2
    9   10    7   11    7
    1   12    4   11    8
   21    8   11    5    8
   12    7    5    9    4
   26   27    3   11    8
   18   11    2    5    3
   21    7    4    1    2
    3   24    5   11    5
   20   20   10   11    9
   17   22   11    5    8
   27    4    7   11    4
    5   25    8    8    2
   27   17   11    8    3
   23   18    8    4    6
   17   18    1   10    4
    7   20    3    2    2
   12    8    5    4    3
   16   20    6    3    3
   15   15   11    4    8
   29   10    1    2    2
   20   26    7    9    7
    4   30   12    3    2
    5   13    6    6    3
   21   22   10    5    2
   23    2   12   12    3
    1    4    1    5    2
   10   20    6   11    2
   22   22    7    5    2
    8   24    1    7    3
    7   23    2    6    4
    6   10   10    7    7
   18   13    7    8    3
   11   12    8    6    7
    9   23    9    9    6
   29   29    4   12    7
   22   28    5    9    8
   30    8   11    7    3
   23   28    5    3    3
    4   19    7    4    6
    1   10    7    8    5
   18   10    1    1    3
   17    7    9    9    3
   10    8   11    3    2
   29    6    3    4    1
    2   13    7    5    1
    4   25    4   10    1
   28    2    8    6    1
    3   14    4   12    4
    5    5    7    4    9
   11    5    1    9    3
   16   28    4    2    4
   15   11   12    3    2
    9   25   12    2    1
    6   13   10    3    3
   23   27    7    9    4
    6   27    9    2    1
   16   11    2    3    2
   15   25    1   10    3
   24   10    5    2    1
   24   29   12    7    3
    8   20    3    8    3
   19    2    8    1    3
    8   22    3    8    3
   18   21    8    1    2
    1    5    2   12    2
   27    3    6   10    2
   25   18    5   10    3
   15   28    5    1    4
   24   24    6    3    6
   30   11    3   10    4
    4    6    3   11    5
    4    5    5   10    7
   28    9    5    1    3
   27   10    1    8    3
    8    3    2   11    3
   30    9    7    3    7
   18   15    1    6    3
   17   19    5    5    8
   24   18   11    7    6
   14   15    6    6    8
    3   17   10    5    7
    5   12   11    5    8
    5   26    8    9    3
   19    3    5    1    9
   21    5   11   11    3
   22   29    3    5    3
    6   20    7   10    2
   27    5    5   12    2
   18   20    7    1    8
   18   26   11    8    7
   23   14    7    6    3
   28    1    8    5    4
   29    3    9    4    2
   24   25    8   11    2
   25   14    8    9    1
   28   12   12   12    1
   24   16    3   10    4
   11   17    5    5    1
   19   12    8   10    4
   22   11    1    1    1
    7   16   10    1    2
   20   27    2    6    8
   14   11    3   10    8
   23   29    1    5    8
   25   23    9    7    8
   20   13   12    7    3
    2   22    3   11    3
   11   19    1   10    7
   26   26    9    1    3
   21   27    3    3    4
    3   26    3    5    1
   11   10    6    4    4
    8   15    5   11    7
    6   19    1    4    5
    2   21    1    2    4
   23   17    8    6    7
   21   28   10    4    2
    7   26    3   10    1
   20    5    2    5    3
   27   28   12    9    1
   19   26    9    5    3
    2   16    1   12    6
   22   16    4    9    1
   30    1    5   12    3
   30   18    4    3    3
   24    7    6    7    4
   11   24    4    7    2
   16   15    7    4    1
   23   23    8    7    3
   18   16    1    1    8
   14    2    9    3    7
   20   12    5    9    2
   18    7    3    6    3
    6   30    1    4    3
   26   25    7    4    1
    1   13    8    3    7
   27    1   11    6    6
   25   22    2    6    3
   19   28    9   12    3
    3   12    5   11    1
   16   16   12    8    7
   23   19    3    9    2
   27   13    6    2    1
    1   20    7    8    1
   17   24    8    7    1
    6   24   11    1    2
   16   25    7    1    2
   18   28    6    5    3
   29   21    2   10    1
    1   17    5    1    3
   17    6    9   10    1
   20   25    9   12    3
   11    6    1   10    3
   23    3    6   10    3
   10   30    5    8    6
   14   13   12    4    3
   12   30   10    1    1
    7    3    6   10    2
    7    7   11   12    3
    7   25    6    6    3
   15   13    4    3    4
   24   26    4   12    2
    9    3   10   10    1
   23   12    5    9    3
   27    9    7    3    4
    2   27    4    8    2
   11    2    9   12    4
    9    9    7    5    2
   17   17    6    9    4
    2    3    7    6    2
    2    2    5    7    1
   12   16    4   11    3
   10   28    2    4    3
   30   30    8    2    6
    7   11    8   11    7
   21   12   11    3    4
   28   26   11   10    3
   18   29   12    5    1
    8    9    2   10    1
   15    2    7   12    7
   21   21    7    1    8
    5   22    2    3    9
    8   13   11    2    9
   26   30    8    6    3
   18    6   10    7    3
   24   19    9   11    2
   19   10    4    4    1
   26   17    9   11    1
   29   16    8   12    2
   14   14    2   12    1
   20   23   12    1    2
    5   17    9    2    4
    6   12   10    1    7
   18   19    5   12    3
   24   21    2    2    2
    8   14    1    6    6
   15   27   11    6    1
   18    3    9    6    2
   15   19    1    3    1
    4   18   12    2    4
   26   29   12    9    2
   20    3    9    7    2
    1    2    1    3    1
   17    8    4    6    2
   30   15    5   10    1
    6   14    3    6    7
    4   11    1   11    2
    6    6   10   11    9
    2   12   10    4    2
   28   30   11    8    3
   22   20    2    4    1
   11   20   10    9    1
   30   24    4    6    2
   13   28    2    4    4
   14    1    2    9    8
   14   12    2    4    2
   23   30    7    5    6
   14   28    1    5    2
   13    9    3   10    1
   26   15   12    7    4
    9   11    8    7    2
   28    8    4   12    3
   10    2   10    5    7
    7   30    3    7    7
   24   28    3    9    3
    4   13    1   11    8
   10   17    2   12    2
    1   16    3   11    1
   11   21    5    5    1
   21   14    6   11    3
   25   10    7    8    7
   27   22    7   10    2
    1    1    1    7    3
   22   10    1    7    2
   27   19   10    1    8
    6    3    6    7    2
   10   23   11    4    9
   18   18    8    7    2
   23   15    3    9    1
   13   12   12    4    2
    8   25   12    4    7
    2    7   10    1    1
   16    5   10    7    2
    8    5    5    2    3
   12    4    7    4    1
    9   17    7    9    2
    1   11    5   11    3
   29   27    7    8    2
   26   14   11   10    7
    1   29    9    1    2
   25    1   11    4    1
   17   29    3    4    3
   14   29    4    2    3
   14   10   10    1    2
   23    4    3    2    2
   20   21   11    3    2
   13   17   10    3    6
   27   12    1    7    2
   13   29    4    8    1
   19   19    1    6    1
   30   17   12   12    1
   17   21    8    1    2
   25   19    5   11    3
    8   11    1    3    2
   28   20    7    6    2
   21   19   11   11    2
   16   10    9    5    2
   30   21    8    1    5
    2    4    8    5    4
   22   12    5   10    2
   27    7    9   12    1
    4   17    6   12    4
   20    9    8    4    1
    8   16    5    6    1
   16   30    1   12    3
    2   20    3    2    3
   28   28    9    4    5
   14   30    8   10    6
   28    3   12    8    3
   29   28    9   12    2
    3   11    1    7    7
   15    5    7    9    2
   23    8    5    3    1
   25    3    2    3    1
   13   23    9    6    2
    4   10    7   10    1
   19    5    7   10    4
   26    2    4    3    1
   25    6    9    1    3
   18   27    5    8    2
   12    9    4   10    3
    1   19    4    5    2
    2   29    7   10    1
   18    2   11   12    3
    9   21    9    3    3
    9   22    8   10    1
   23   21    5    8    2
    7   22    3   12    1
    2   17    1   10    5
   18   12    1   12    1
   18    9   10    6    2
   13   21    3    1    1
   13   25    3    9    1
   12   10    8   12    1
    6   21    2    2    8
   15   12    7   12    3
   25   28    9    8    2
   17   16    9    5    1
   16   14    8   11    3
    1   18   10   12    1
    5    7   12    5    4
   19    8    4    2    6
   17   25    1   11    3
   12   25    1    6    1
   23    6    9    9    2
    1    8    5    9    4
   15   17    7    9    1
    9   19    6   11    1
    8    2   10   11    2
   14   20    8   12    2
    7   29   11    2    1
   22   26    3    6    4
    3    3   12    9    9
    1   24    2    9    1
    7   15    6    7    7
   15   22    5    6    3
    4   20    1    6    2
    5    3    1    7    1
    1   22    4   11    3
    7    1    3   11    2
   13   30    9    6    7
    6   22    1   10    3
   11   28   12    1    1
   29   12    1    4    1
   12   26    8    4    6
    9    4   12   11    3
   13   11    1    5    2
   12   17    9    1    7
   16   27    1    8    2
   25   27    1   10    1
   22   23    4    1    2
   14    9    4   11    2
   20   19    9    9    2
   14    5    3    6    3
   23   24    7   12    4
    6    9    6    7    1
   29   30    4   11    4
    4    4    1   10    5
    1    9    9    9    5
    7   13   11    7    1
    2   24   10    6    1
   22   18    2    9    1
   12   12   12    3    3
   22   19   12    3    7
   25    2    6   11    2
   23   26    1    2    3
    5   10    1    5    3
   16   26    9    6    2
    6    1    9    9    1
   25   21   10    8    1
   10   10    1    7    1
   21   15    4    9    3
   24   12   12   11    3
   17   20    9    9    2
   19    7    9    6    2
   11   23    9    4    1
   20   24    2    1    1
   24   27   10    6    2
    4   22    3    7    2
    5   30    9   12    2
    7   10    2    9    1
   28    7   11    4    4
   19   29    5    4    2
   15    9   10    6    4
   15    1    6    2    2
   28    4    1   12    4
    6   15   12    8    2
   24    5    3   10    7
   15    3    9   11    2
   16   23   11    8    2
   25   30   11    1    1
    8   29    5    3    3
   16    4    7    7    3
   26   10   12    7    2
   30    2    5    1    8
   22   14    9    7    6
   27   14   12   10    2
   30   27    6    4    1
   28    5    5    9    6
    4   15    9    3    3
   21   16   10    3    1
    9    2   11    6    3
   19   14    1   10    4
   27    8    6    5    2
   21    1   12    8    3
    1   26    5    4    1
