   12   25    8    3    2
   20   27    6    6    2
   20   16    5    3    1
   13    4    5    7    4
   18    1    9   12    1
   28   28    3    4    5
   16    5    7   12    4
   11    7    9    5    4
   20    6    9    9    7
   29    1    8    2    1
    1   26    3   10    5
   16   12   11    2    6
   21   21   12    6    6
   13   12    7   11    6
   13   27    6    3    1
   15    9    4    3    6
   29   23    2    1    7
   21   26    6   12    7
   25   17    3    1    4
   18    3   11    4    4
   22   14    7   10    1
    3    5   11   11    4
    2    7   10    2    4
    6   22    4    6    3
   24   12    2    5    2
    1   14   11    2    3
   17   20   11    8    1
   14   12   10    9    4
   17   24    8    5    1
   11   30    8    6    4
   26   16   10    2    1
   10   19    5    2    1
    3   20    6    3    2
   10   15    6    2    1
    2   30    9    9    1
   29   18    4    1    2
   11    9    1    5    2
   21   25    1   12    5
   11    1    8   11    3
    8   25   12   11    3
    2   21    3    2    2
   12   22    2   12    6
   22   24    5   12    3
    8   11    2   12    7
   16   10   11    4    7
    5   20    7   11    1
    1   17    9    9    1
   28   17    9    3    6
    7    8    1   10    6
   26   23    3    9    6
    8    9    5    3    5
   12   20    1    7    3
    2   28    7    9    1
   26    3    1    4    1
   15   14   10    8    6
    8   13    4    7    4
   14   18   12    9    3
    6   10    9    5    6
   19   28    8    2    5
   30   21    9    1    6
   21   12   11    2    8
   13   26    7    5    4
    2   12    3    3    7
   14   11    9   11    6
   13   29    5   10    7
    8   30    9    4    1
   12   27    7    6    2
   18    6    5    6    2
    7   18   10   12    5
   30   26   10    8    5
   30   30    9    3    3
   20    4    3    5    8
    4    2    1   11    4
   14   13    4    2    7
   10   21    7    6    4
   19   27    7   12    4
    1   19   10    1    4
   30   18   11    8    4
   17   21    7   12    3
    8   10    4    7    1
   14    3    9    6    3
    8   26    5    6    3
    7   21    4    6    3
    9    5    3    6    3
   15    4    5    8    2
   11   21    5   12    2
   23   19    3    8    6
   29    5    6    9    5
   27    3    3    7    3
   17   11    2    9    2
   26   26    3   11    6
   15   29    1   12    2
   18   16   11    7    2
   25   20    6    8    3
   10   25    5   10    3
   24    7    5    6    3
   18   17    1    1    3
   16    6   11    1    2
   19   12    5   11    4
    2   29   10    2    1
   25    5   11    2    4
   17   10    5   10    4
    6    8    7    6    4
   30    9    8   12    1
   30   14    4    1    7
   30   22   11    4    1
    1   24   12    4    4
   24    8    2    5    4
   19   21    5    9    4
   20   28   10    9    4
   18   12   10   11    2
    1    9   11    7    2
    8   21   12    6    2
    7    9   10    1    3
   14   14   10    7    6
   28   12    8   11    4
   10   11    9    5    1
    1   10    7    7    2
   13    9    1    9    2
   22   25    2   11    4
   12   12    8    7    9
   21   14    9    4    4
   19    8    8    1    4
   30    5    2    6    4
   13   15    4    5    1
    2    1    9    6    1
   30   10    9    4    1
   26   15    5    4    2
    9   19    7    2    2
   15   11    3    9    2
    1   25    4    9    2
    9    3   12   11    2
    1   12    7    5    2
   30    1   11    7    2
   25   26    5    2    2
   29   19    5   11    2
    9   10    4    5    2
   18    2    5    7    2
    5   15   12    8    3
   30    3    9    9    3
   11   24   11    9    3
   22   11    3   12    6
   27    8    5   12    6
    7    7    8   11    5
    4   28    9   10    1
    4   19   12    9    3
   27   25    4   12    2
    9   27    7   10    1
   12   30    4    9    6
   29   30    7   12    4
   27   15    2    4    6
   23    4   10   12    1
   19   20    4    1    1
   12    7    4    2    7
   27   27   12    9    6
    9   16    4    5    1
   27   29   12   11    1
    5    2    2    3    1
   21   24    2    6    1
    2    8    5   11    1
   15   16    3   11    1
   30   25    7    8    2
    4   22   12   10    1
   21   18   11    4    1
    5   28    1    5    6
    6    9    6    7    1
   12    8    3    6    5
    6   23    6    4    1
    8   29    7    9    1
    4   11    3    8    1
   29   16    7    4    1
   19    5    8    9    1
   23   20    4    6    6
   29    7   12    1    1
   23   27    3    4    6
   20   26    4    5    5
   13    1    9    2    4
   20    1   12    8    5
   29   28   11    9    1
   12   29    2   11    1
    3   19    6   10    2
   18   25   11    7    2
   29   21   10    9    1
    5    6    2    9    1
    4   24    7    2    4
   22   26    5   11    4
   17   23    2    6    1
    7   28   11    5    6
   10    3    2    5    5
   17    7    8    8    1
   16   16    4    9    1
   22   15    9   11    1
   14   20   10    3    4
    2   25    8    2    1
    4   16   11   12    3
   21    9    9    4    1
   23   13   10   10    1
   17    6    2    5    2
   16    7    3    4    1
   25   19    1    2    1
   26   29    7    2    1
   22    2   12    5    1
    3    3   12    1    1
   26   18   12    3    1
   12    5   12   12    1
    1   27    7    5    1
   24   15   11    3    1
    4    4    5   10    5
   21   20    7    2    1
   24   30    6   10    4
    7    1    5   12    1
   10    5    9    6    1
   24    9    1    7    1
   16   27    7    1    1
    5    8    8    6    1
   20   11   11    2    1
   10   22    5    2    1
   27   28    6   10    1
   15   18    4   12    1
    7    6    7    8    1
   23   23    9   11    1
   20   10    6    1    1
    4    5    7    1    1
   11   16    8   11    1
    6   13    6    2    1
   17   13    7    2    1
   17    3    6    9    1
   10   27    4    8    1
   25   28   11   10    1
   24    6    6    7    3
   19   19    4   10    2
    1   22    4    7    3
   29   25    5    7    1
   23   21    1    2    1
    4   29   11   10    1
    1    1    1   12    1
   17    4    6    7    1
   27   24    5    1    1
   30    7    2    6    1
   18    8   10    6    1
   15   17    7    1    1
   15   12    3   10    1
    4   25   12    8    1
    5   11    5    3    1
   29   22   11    5    1
    3    6    4    8    1
   22   19   11    4    1
   17    9    2    5    1
   12   17    5    7    1
   15    8   11    6    1
    4    6    4   10    2
   29   24    5    9    1
    4   21    1    8    3
    2   20    9   10    6
    8   23    3    5    1
    3   16    1    3    1
    2   26    6    2    3
   13   13    4    3    6
   28   15   10   10    7
   11   29   11    3    1
   20    8    2    3    1
    3   22    2    2    1
   27    6    8    3    6
   28    9    7    4    1
    2   24    8    5    1
   23   24    2    6    1
    2   10    6    8    1
    4    1    9    6    4
    6   11    5    8    6
   26    4   11    2    1
    3   15    3    8    1
    7   14   12    9    1
   26   10   11   11    4
   21    1   10    8    1
   30   20   10    2    1
   28   11    8    1    1
    5   17    2   12    1
   26   14    2    2    1
    8    1    1    7    1
   17   30    7    5    1
   13   11    4    4    1
    5   18   11   11    1
   19   13   10    4    1
    9   29    1   10    1
   29   29   11    3    5
   13   24   10    3    4
   22    8   10    6    1
    2   27    5    9    1
    2   19    4   10    1
    3   23    6    2    1
   13   20   11   11    1
   18   11    2   11    1
   29   20    4    1    1
   30   13    5   10    1
    6   21   11    7    3
   19   11    8   11    1
   17   27   10    7    1
   28   13    6    1    1
    8   14    9    1    5
   13   18   10    4    4
    6   26   10   10    1
   19   24   11    5    1
    8   17    7    1    1
    4    3    1   10    6
   17   19   11    5    1
    2   17    2    5    1
   22   21    2    5    1
   10   10    8    7    1
   19   18    9    5    1
   28   26   11   11    1
   23   11    9    8    1
   13   21    5   10    1
   14   19    3    6    2
    1    6    5    5    1
   25    7   12    9    1
    9    9    5    2    1
   25    9    3   10    1
   15   15    1    6    3
   16   21    4   12    1
   15   19    5   12    1
   24   28   12   12    4
   18    9    5   10    4
   29   10    2    2    4
   24    5    7    8    4
   25   25    3   11    4
   17   29   12   11    1
    3   29   12    5    1
   17   17    2   12    5
   10   18   12    3    1
   20    7    7    4    1
   16   17    3    7    1
   28    3    3    9    1
    2   16   11   10    1
   23   30   10   12    1
   11   26   10    4    1
   28    1    4    8    1
    9   23   12    2    1
   22   22    7    8    1
    6   30   12   11    1
   10    4    6    5    1
   10    7    5    1    1
   12    6    4    3    8
   28   21   12    9    2
   23   10    2    7    2
   13    3    8    6    1
   14   23    1    5    1
   16   23    2    6    1
   19    6    6    2    1
    2   13   12    2    1
   24   14   10    5    1
    3   12    2    1    1
   24   16    6    2    1
   24    3    9   10    1
    4    7   11    7    1
   24   10    2   10    1
   25   14    3    2    1
    3   11   12    4    1
   17   26    7    3    1
   18   24    8    2    1
    9   22   10    5    1
    4   27   10   11    1
    7   19    7   11    1
    6    2    2   10    5
   22   23    4    9    1
   27   26    3    4    1
   20   20    9    4    8
   22    5    9    6    1
    7    3    4    3    1
   22   17    7   12    1
   30   15    3   12    1
    4    9   10    2    1
   27   11    8    7    6
   22   13    6   12    1
    1    3   10    9    1
    5    1    1    5    1
   29   14    3    8    1
    8    4    1    9    6
   16   19    3    9    1
   27   30    5   11    1
   25   13   12    3    1
   25    6   12    4    1
   15    1    9    5    6
   19   26    7    3    1
    2   15   11    7    6
   23   12    3    4    1
   14   10    8   11    1
   22   20   10   12    5
   25    3   11    3    1
    8    8    4    1    1
   16   25    2    3    1
    5    5   12    2    1
    5   26    7    9    1
    2   14    2    8    5
   24   24   12    9    6
   15   23    8   11    1
    3    8    1    5    1
   20   24   10    6    1
   14   17    9   12    1
    6   15   11   10    1
    7   26   10   11    1
    6   14   12    6    1
   23   25    4    6    1
   27   18    1    8    1
    7    5    8   11    1
   11   11    9   12    1
   19   30    9    4    1
   21   15    2    3    1
   23    5   10   11    1
    5   21    1    9    1
    5   13    5   11    1
   14    5    1    6    1
   20   15   12    9    1
    6    6   11    7    4
   16    1    4    4    1
   21   27    5   12    1
    2    2   11    1    1
   18   20    7    6    4
    4   14    4    6    4
   14   28    9    6    1
    2   11    3    4    1
   13   10    5    7    1
   14   16    4    1    1
   30   28    4    8    1
   16   28    7    9    1
   24   25    1    6    1
    2    9    2    8    1
    9   20    3    1    1
   22   27    6    6    1
   23    7    2    4    1
    9   12   11    6    1
   12   10   12   10    1
    7   27    8    7    1
   12    4    4    8    1
   15   25   12    9    1
   18   18    9    8    1
   13   16    2    9    1
   28   22    4    2    1
    9   26    1    3    6
   23    1    8    2    1
   18   22    9    8    1
   28   23    1   12    1
   28    6    2    3    6
   25   11    8    7    5
    7   13    6    8    1
   23   18   11    5    1
    2   23   12   11    2
    7   22    5    9    3
   18    4    9   11    3
   14   27   11    5    6
   16   22    8    5    1
   26   12    3    5    1
    3   21    7    9    1
   10   28    3    9    1
   30   16    1    8    1
   12   11    8   11    2
    4   30    1   12    3
   14    9    1    4    1
   29    6    8    1    1
   28   18   11    6    1
    8   16   10    9    9
    2    3    9   11    1
    8   28    7    3    1
    7   15    1    3    1
    5   27    6   12    1
   24   26   10    1    1
