   23   20    7    5    6
   11   29    9    3    5
   21    9   11   12    5
   27   27    2    7    8
    8   13    2    9    6
    4   13    4   12    8
   13    6   10    1    5
   24   28   12   10    4
    6    1    4    6    6
    5    4   12    5    5
   22    6    2    7    1
   23   12    1   10    5
    1    8    2    8    7
    9    2   10    8    2
   29    6    6    1    4
   16   30   12   10    3
   17   16   12   10    2
   24   23    4    7    2
   21   20   10    3    5
    2   27    5    9    2
   12   25    2    3    5
    5   10   10    2    8
   30    4    9    6    6
    6   10    7   11    4
   11   17    3    8    4
    7    6    7   12    2
   12    5    4   10    2
   26   10    6    8    5
   11   20    5    6    4
   28   25    3    5    1
   13   26    6   11    4
   14   10    1    3    2
   30   13    4    9    4
    9    6    9    3    2
   29    1    6    4    6
    7   10    4    6    1
    8    3    4    9    6
    4   25    7    8    6
   21   19    5    6    7
    3    7    2    1    4
    9    7    2    6    5
   28    6    5    7    6
   16   16   10    6    9
    1   15    2    5    5
   10   30    2    3    4
   21   29    6    6    4
    4   14   11    3    7
   19   14    7    5    8
   12   20   10    1    7
   27   16   11    3    7
   11    7    5    1    5
   20   18   11   12    4
    5   19    1   11    4
   22   26   12    5    3
   19    4    1    5    4
    2   30    7    6    4
   13    1    3    5    8
    5    6   12    4    3
   19   17   12   12    3
   16    7    6    6    2
    2    8    7    8    8
   30   14    4    4    9
    9   17   10    1    6
   29    5    6    4    7
   19   26    1   12    8
    6    2    5   10    7
   29   16    2    3    2
    3   29   12    9    2
    3    5    8    2    4
   21   12    4    1    5
   13   14   10    4    6
    2   21    6    5    9
   10   11    9    2    1
   21   26    9    9    6
   30    7    7    5    8
   15   21    6    2    4
   24   16    2    5    4
   12   27   11   11    3
   12   26    9    2    6
   30   22    9   10    8
   16    6   12    1    7
   13   29   12    8    1
    9   14    3   12    2
   26   29    1    1    1
   19   13   11   12    2
   25    2    5    7    2
   25    1    5    3    1
   18   13   10    2    6
   25    9    4    4    7
   26    3    6    6    7
   14    7   10    7    6
    6   19    3    7    7
    3    6    7    4    7
   17   22    8    4    4
   24   30    1   11    9
   10   20   11    7    8
   26   30    8    8    8
   22    8    5    8    7
   30    5    5   11    7
   18   29   12    8    8
   25   27   10    3    6
   20    3    5   11    5
   20   29    1   10    3
    8   20    3    2    2
    2   24    7    3    6
    5   27    9    6    2
   11   30    8   12    1
   28    4    3    4    9
   18   21   10   11    8
   21   16    7    2    2
    4    4    1    6    7
   28   12    7    1    6
    6   23    3    1    7
   10   19    3    3    6
    4   17    5   10    8
   27   13    9   11    7
   25   21    7    1    4
   30   23    4   12    5
    3   24    9   12    5
    2   11   10    4    4
   27    7    1    9    2
    6   11   10    1    1
   19   20    4    8    6
    2    4    7    7    7
   13    5    1    2    4
    5    9    3    7    5
   18    4   11    7    6
   20   25    2   10    6
   24   24    1    6    8
   15    3    5    6    7
   23   27    6   11    6
    1   22    8    9    5
   11   24    5    6    6
    2    5    9    5    4
   23   15   11   12    2
   25   10   11    1    4
   29   15    7    4    2
   29   29   12   11    4
    6   17    6    2    4
   29   14    8   10    2
   28   30   12    1    2
    9   15    8   11    2
    5   16   11    8    7
   14    1    9   11    5
    4    6    9   12    9
    2   22    1    6    8
    6   21   10    4    8
   26    8    1   10    7
    7    7    2    8    9
    6   30    7    2    9
   14   18    9    8    7
   17   20    5   12    9
    4   23    2    5    7
   18   23   11   12    1
   17    7    7   12    1
   15    8    9    7    3
    5    8   10   10    9
   13   11    8    7    9
   19   25   11    6    9
   11   11    1    5    9
    2    1    1   10    9
    8   29    6   11    9
   24   27   11    2    6
    9    1   12    8    8
   19    9    5    6    5
   10   23   10    9    3
    1   19   12   11    7
   23    1    6   11    3
   24   14    5    1    7
   26    7   11    9    5
   14   25    4    8    6
    5   25    1    5    2
    8   10   12    9    2
   28   18    3    9    8
   16   26    3   10    9
   22   12    1    1    4
    3   18    9    1    5
   12   30    2   11    4
   25   15    6    7    6
    8   27    3    2    1
    6   18    4    6    2
   10   10   11   12    1
   11   26   12    4    6
   30   29    9   12    4
   28    5    1    2    5
   12   29    3    1    2
    2   23    8    4    1
    6   25   12   11    4
   29   17    2    3    4
    1    7    1    1    4
    4   22    9    9    7
    1   10   10    6    7
   15   19    3    1    6
    8   17    9    4    7
    5   15    5    5    5
   16   25    3    6    6
   20    5    4    6    3
   12    1    2    7    2
   26   20    5    6    3
   18   17    7   10    7
   19    8    8   11    6
    2   15   12    5    5
   18    9   10    2    7
   23   28    8   12    7
   15   28    7    6    7
   13   22    8    4    6
   21   28    7   11    5
   25   22    7    7    2
    4   10   10    5    2
   20    7   11    6    3
    7   18    9    5    2
   19    3    4    5    7
   23    3    8    4    5
    2   17    6    3    6
   30   21    6    2    5
    9   24    5    4    6
    4   11    5    2    7
   22   19    1   10    3
    5   26   11   10    2
   26   24    8    8    2
   16    2    3   11    4
   29   22    7   10    5
    9   27    4   10    3
   24    6    3    8    2
    7   25    4    2    1
   24    4    7    7    2
   15   15    3    8    6
   21   10    5   12    4
   28    3   10    4    5
    8    8    3    1    7
    1   28    3    5    5
   12   24    7    4    6
   13   13    1   10    6
    2   14    1    1    8
   23   25    6   11    7
    9   13   12    1    2
   27   29    8    3    1
    4   20   10   12    5
    8   30    3    7    6
    3   17    1    6    6
   23   14   12    4    6
   11   16    8    1    5
    4   16    4    2    6
   13   12    3   12    6
   13   28    1    2    4
   12    9    2    2    3
    7    8    5    6    7
    3   21   10   11    4
   11   22    4   10    6
   22   28   12    5    7
   30   19    2    6    6
    1   26    5   12    3
   24    5    4   10    8
   24   19    1   10    6
    6   27    8   10    7
   24    8   10    6    9
   15   11    8    9    4
   15   16    1    3    6
   19    2   10    9    7
   24   21    7    5    3
   14    5    2    2    3
    5   17    1   11    2
   22   20    4   11    6
    4   27    5   10    6
   11   23    3    3    4
    9   16    9    3    7
   10   24    3   10    6
   22   14    9    4    5
   28   11    8    3    4
   23   21    3    9    5
   19   16   10    8    6
    8    6   12   10    5
   18   22    6    4    6
   24   29    9    2    4
    9   10    3    5    6
   19   23   11    6    6
   11   18    8   10    4
   23   22    9    7    7
   12   16   11    5    7
    4    3    1    8    7
   11    8    8    6    8
   29    9    5    7    6
    9    9    5    9    7
    3    9    8    2    7
    7   28    7    6    8
   25   18   10    1    9
    3   13    1    7    9
    1   27    4    1    9
   26   15    9    1    8
    5   11    4    2    6
   20   30    4    8    4
   11    1    1    1    9
    1   30   11    9    8
   21    4    4    2    7
   30   27    9    5    7
   29   23    2    3    9
    2   10    2    2    9
    5    5    8   11    9
    3   12   10   12    8
   18   24   10    7    8
   13   25    7    8    8
    3   14    7    8    7
   18    2   10    9    6
   15   27   11    2    4
   18   18    5    2    7
    7   23    3   12    7
   28    2    7    1    6
   15   17    4   11    5
    9   30    3    3    4
   23   17    9    9    3
   28   28    4   12    6
   15   14    9    6    4
   28   27    3    7    3
   23   16   10    3    1
   19    7   12    5    7
   14   11   12   10    8
   17   17   11    9    8
   14   20    2    2    7
    9   23    8    2    4
   22   22    9    1    3
   22   10    5    5    5
   10   27    3    5    2
   17   28    3    1    4
   18    5    3    5    3
   14   28    7    4    2
   30   15    8    3    4
    3   10   10    6    3
   30   30   11    8    8
   25   11    2   10    4
   12   12    6    8    6
   26   25   11    6    7
   27   17    8   12    6
   23   26   11    9    7
   27   11   11   10    4
   22   15    4    5    3
    4    7    2    8    2
   17   30    3   11    2
    7   21    7   11    2
   22    7   11   10    1
    8   12   10   10    3
   18   15   12    2    4
   26   27   11    7    8
   12   17    1   11    8
    8   16    4   12    7
   17   25    7   10    8
   28   26   11    4    4
   24   20   10    2    3
   18   30    3    8    5
   12    4    9   11    6
   19   28    8    4    7
   16   28    1    9    3
    3   30    9    9    6
   28    9    9    9    2
   22    5    6   10    6
   21    8    2    9    8
    3   11   11   12    9
   18   19   12    2    4
   13   16    5    9    8
   21   21   12    4    8
    3    1   10    1    7
   26    6   12    1    3
    2    7    7   11    1
    1    5    6    1    1
   16   18    2   11    1
   24   15    2    5    2
   28   20    9    3    2
   10   13   10    6    7
    4    8    8    8    8
   29    4    5    1    3
   14    8    2   10    4
    1   16    5   11    3
   16   22    4    3    2
   18    8    8   11    7
   10   15   12    5    4
   20   13    2    4    3
   14   27    9    4    2
   24   17   11   12    1
   28   29    5    3    6
    9    8    5    1    5
   26    2    7    8    6
   28    8   12   12    3
    3    3    5    4    6
   20    1    2    8    6
   18   12   11    7    3
   28   10    1    4    2
    2   29    1    9    6
   17   21   12    5    2
   14   14    6   12    6
   26   17    4    2    7
    1    1    4   10    7
    1   17   11    8    7
    7    5   12    1    7
   23   13   10    6    2
   20    6   11    5    2
    1   18    7    2    3
   12   10    6    2    4
    9    4    7    7    4
   25   25    9    6    4
   22   21    5   11    3
   29    7    3    6    2
   13    7    3    3    3
   14   21   11    9    8
    7   12    2   10    8
   13   21    4    4    2
   26   14    8    7    3
   18   10    2   11    6
   25   24    1   10    7
   14   17   10    2    7
   27   21    2    1    2
    9   20   12   10    4
   20   15    7   10    5
   12   19    5    9    8
   24    7    4    4    7
    5   21    9    6    7
   29   10    6    2    7
    6   12    9    8    9
   30   25    7    8    8
   14   12   12    8    9
   19   19    6   12    9
   22   24    6    5    8
   13    2    7    1    8
    6    6   10    6    8
   27   22   11    8    7
   11    9    9   12    7
   27   19    5    6    8
   20   20    2    4    8
   24   13    9    8    8
   11   12    8    8    9
   19   11    3    8    9
   27    3    6    9    7
   24    1    5    7    7
    3   22    9    7    6
   10   16    2    5    6
   20   27    9   10    5
   19   29    6    3    3
    6   15    7    8    8
    1   21    9    8    8
   20   16    3   10    7
   18   26   11    2    6
   12   15    1    4    2
   23   23    3    9    8
    3   16    8   10    6
   13   15    3    8    7
    9   22    9   10    7
   27   18    5   10    2
    7   15    7    7    3
    8   23    5    3    4
   17   10    3   11    4
   15    4    4   11    4
    2   12    7    2    5
    5   23    3    9    5
    9   26    3    3    5
    4   26    4    5    4
   25    3   10    6    5
    2    2    9    8    6
   21   11    2    8    7
   14    6    6   12    7
   25   29    7   10    6
    1    4    2    2    5
   26   26    4    7    3
    2    3   11   11    2
    8   25    5    3    6
   17   13   11    4    7
   14   16    9    2    6
    2   20    2    4    6
