    7   30    7   10    4
   12   20    4   11    2
   25    1    8   11    4
    7   18   10   11    2
   13   14    6    6    4
   16   30    6    9    5
    3   12    5    7    4
   10    6    3    5    6
   22   27    4    3    5
   20   23    4    8    5
   14   14   12    1    7
   22    1    8    4    6
    4    1   12    4    7
   19   29    9    9    3
    6   12   11    2    7
   15   20    1   11    5
   23   25    1   12    4
    6   13    1   10    4
   21   30    6    5    7
   28    3    2    6    6
   10   18    9    9    4
   17   13    2    3    5
    6   17    7    7    4
   16   11    6    6    6
    1   20   10   11    6
    7    1    6   12    6
   17   17    7    2    5
   30    1    8    8    5
   11   25    7   12    6
    9   21   12    2    4
   27   29    8   10    3
   30   27    6    3    2
    3   15    3    6    5
    4   19    7    7    6
    1    5    4    8    7
   30   19    3    4    6
   13   28    1    7    3
   16   25    9    8    4
    5   12    3   10    4
    8    9    3    6    2
   12    8    5   11    1
   20    7    5    4    1
   25    4    5    5    2
   17   20   11   12    3
   10   16    2    7    4
   21   21    2    7    6
   13   13    3    5    8
   16   17    8    2    6
   19    2    4    1    6
   29    3    8   11    5
   17   18   11   12    6
    6    4    8   10    6
   22   28    8    2    6
    7    8   11    6    6
    3   18    4   12    5
   27    8   10   11    4
   11   14   11    4    5
    1   12   11   10    4
   29   20    3    7    3
   22    8   12    8    7
   17    1   12   12    4
   24    9   11    6    3
   21   14   10    5    9
    9   28    9   11    4
   16   12    3    8    2
    8   23    5    2    3
   12   27   11   10    1
   11    9   10    2    3
   29   29    5    9    5
    5    4    9   10    4
    9   30    8   10    5
   17    4    3    8    7
    1   14    5    9    6
    9    5    7    7    8
   24    4    6   10    7
   20   10    9   11    7
   12   23    9    8    8
   26   21    2    1    7
   10   11    1    7    7
   10   15    7    4    5
   11   23   12   11    3
   20   11    2   10    3
   21   10    3    3    3
    2   26    9   11    7
    9    3    4    7    5
    8   17   10    2    5
    5   26    6    6    6
    5   14    9    1    4
    2    1   10    2    3
   13    8    8   10    6
    4   21    1    7    5
   10    9    5    1    6
    5   22    7    8    6
    2   18   11   10    5
   23   26    2   11    5
    5   25    2    5    6
   18   18    9   10    7
   22   15   10   11    7
   27   19   10   12    7
    1   29    5    6    5
    5   29    5    8    3
   16   21    5    6    5
   30   15    9    8    4
   18   23    3    1    5
   29   24   11    3    5
   12    7    6    6    3
    9   19    2    9    4
    3   13   10    6    6
   23    1    2    7    5
   18   16    1    2    8
    9   27    4    5    7
   13    9   10   12    6
    4   26    9    7    4
   20   21    6    5    9
   15   18   10   11    7
   15    6   10   12    1
   17    2    7    1    7
   25   13   11   10    6
   21   12   11    3    7
   24   23    2    5    7
   17   10    6    5    6
   20    9    5   10    3
   14    9    9   10    4
   17   26    6   10    7
   22   14    8    1    6
    2   25    9    3    7
   15   15    8    5    5
   16   20    6    2    6
    9    2   12    3    5
    7   26    9    1    5
   15   13    7    8    7
   19   24    5    8    6
   10   10   12    2    1
   25   25    9    2    9
    3   20    3    9    6
   29   12    2   11    5
   27   26    1    9    4
   20   20    6   12    8
   26   28    3    4    3
   19   21   11    8    4
   13   19   11    9    7
    2    2    1    6    8
   28   11    7    2    1
    1   27    2   12    1
    5   15    6    7    7
    6    9   10    2    1
   19    3    8    8    4
   25   20   12   12    7
   27    2    8    6    4
    7   22    5    5    8
   15    2    4   11    5
   27   15    4    9    6
   21   24    3    5    4
   28   28    5   11    9
   28    1    8    3    5
   16   16   10    4    6
   10   25    6   10    6
   10   24   11   11    5
   17   11    1    7    7
   28    5    3    3    8
    2    4    2    7    6
   23    4    3    4    4
   23    5    9    8    4
   19   10   11   11    5
    3    6   10    8    2
   30   20    4   10    8
   22   13    2    1    5
   28    4    4   10    4
   19   28    6    3    8
   19    6   10    2    4
   25   26    8    1    9
   12   17    3    4    7
   13    1    7    6    6
   14   15    5    9    4
    7   14    7    8    5
   22   11    5    2    4
   16   14    9    8    7
   23    3    9    2    4
   30   28    2    2    6
    2   11   12    8    5
   16    7    9    9    7
   16   28   12    9    3
   30   26   10    5    5
   10   23   11    7    6
   11   30    7    8    5
   20   22    1    4    4
   17   28    5    4    3
    8   21    3    9    6
   20   19    8   10    3
   20   18   10    2    8
    4   18    3   11    7
   20    8    1   10    6
    2   14   11    3    6
   28    7    9    5    2
   23   16    4    8    7
    3   24    2    3    5
   17    3    4    8    4
    7   29   12    7    1
   24    6    1    9    1
    4    3   11   10    5
    4   15    4    3    5
   12    9    2    6    1
   30    4   10   10    9
    9    9    9    6    9
   26    3   12    8    5
   26   24    9    4    4
    5    8    5   11    3
   24   24    5    4    9
   30   13    8    2    6
   10    8    8    9    5
    7   21   12   12    4
   18    9   11    9    3
    6    2    1    1    6
   30   12   11   12    2
    7   10    7    2    4
   14    8    2    2    5
    3    1    7    7    7
   27   20   12    4    3
    7    9   12    7    5
   25   19    8   10    5
   22   24    2   10    8
   22   22    6    7    9
   28   12    7   12    1
   24    7    6    4    5
   18   27   11    9    2
   15   21   11    6    5
    5    5    4    8    9
   14   30    7   12    7
   13   24   11   10    6
    2   16    8    1    4
   10   28    6    4    5
   21   23    8    3    3
    4   10   12    4    3
    1    1   10    9    9
    8    6   12    6    4
   26   14   11    3    6
   10   22    8    9    2
    7   25   11   11    7
   17   24    4    1    6
   13   27   12    9    4
   28   14   11    8    4
   28   15    1    9    5
   29   30    9    9    4
   24   27    3   10    7
   29   15   12    2    6
   22   17    8    9    4
   28   18    8    5    7
   25    3    6   10    4
   20   26    6    5    6
   12   13    8   12    4
   10   27   12   10    7
    9    1   12    2    7
   10   12    3    6    8
   27   11    6    6    8
   30    6    8    8    6
    7    3    6    6    8
   18   14    4    9    8
   30   18    5    1    7
   29   25   10    8    6
    3    8    4    6    7
   22   29    5    2    5
   13   21    2   11    4
   30   30   11    8    8
    8    8   12    5    9
   28   25    1    7    6
   13    7    8    5    6
   10   29   12    9    6
   17    7   11    4    7
   13    4    6    3    7
   27   23   10    4    6
    5   20   11    2    5
   14   23    9    5    5
    8   15   10    3    4
   16   22   11    6    4
   22   30    3    2    5
   28   29    4   10    3
   19    7    9   12    7
   12   12    7   10    8
   11   13    9    3    9
   18   24   11    6    6
   18    1    8    6    7
   21   22    7   12    4
   10    5    4   10    5
   13   16   11    6    7
    3   10    8    5    4
    5    7    6    3    5
   23    7    6    6    7
   13   20    2   11    5
   19    1    6    3    7
    5   13    9    6    6
    1    6    3    7    4
    6   14    7    9    5
   27    3    7   12    3
    8   11    9    3    7
   16   15   12   10    4
   19   12    4    4    4
   16   24    5    5    3
   18    6    9    2    2
   26   29   11    8    8
   14   19    4    2    7
   23   19   10   11    1
    6   23   11   11    8
   10   14    6    1    6
   23   13    6    4    4
   29   18    5    3    2
   15    7    3    9    2
   25   15    7    9    8
   24   11    5    9    4
   30   24   11    1    6
    8   30    1    4    8
   12   22    1    3    2
    2    8    7    5    7
   25    8   10   11    7
   18    5    4    1    6
    6   29   12   12    4
   21   25   10   12    4
   29   23    8    7    8
   25   30    5    2    4
   16    9    5    4    5
   20   24    5    5    3
   16    4   11    6    8
   25   12   10    5    5
   11    3    3    6    5
   26   22    9    5    4
   22    6   12    7    4
   29    9    5    1    4
   29   16   12    1    3
   26   10    1    5    7
   11    7   11   11    4
   18   26   11   10    6
   19   11    8    4    7
   16    3    2    7    7
   29   14    5    2    3
    4   12    7    1    2
   12   14    6    6    6
   16   19    2    5    6
   28   20   10    7    4
   21    1    3   10    5
   11    4    2    6    9
    2   28    8    4    4
   15   17   10   10    6
   27   27    6    2    8
    3    5   11    4    9
    8   18    8    7    7
   29   21    5    6    3
   13   18    9    6    8
   15   26    7    9    6
   25   14    7    8    8
    6    6    3    6    5
    2   12    9   10    5
    4   27    5    4    6
   15   12   12   12    2
   13   10    5    5    6
    7    6    7    6    5
   21    6    4    3    9
    3    2   11    6    5
   19    8    9    6    6
   25    6    3   10    5
    4    9    8    3    7
   27   28    7    2    4
   28   24    6    7    3
    9   25    1    3    7
    6   11   10   12    4
    5   27    9   11    2
   14   24    5    7    1
    3    3    6   10    9
    1   16    1    6    6
   24    8   12   10    6
   27   14   12    5    5
   29   11    8   10    4
    3   14    3    8    7
   26    6   11    7    4
   17   23    3   11    4
    4   20   12   10    6
   21   27   10   10    6
   23   23    8    2    6
   27   25    1    7    6
    7   27    6   11    5
    8   29    8    3    5
    2   30    6   11    4
   17   14    1    9    5
   18   12    4   11    7
    2   22   10    5    5
   15   11    7   11    3
   12   24    9    2    2
   26   11   10   10    4
   17   25    8    6    3
   22    9    8    4    2
   17   29   11    2    6
   23    2    2    4    4
   13   29    7    5    3
    8   28    5    1    6
    7    7    5    8    7
    1   11    9    8    6
    1   24    4   11    8
    2   13    4    4    5
    6   28    3    1    5
    2   21    8    7    8
   10    1    9   11    7
   23   30    7    8    8
   23   22   12   11    6
   19    5    7    7    7
   19   18   11    6    6
    4    7    5    2    7
    6   16    1   11    5
    4   22    5    2    6
   26   13    8    9    5
    9   17    9   12    6
   26    8    3    4    6
   30    5    4    6    4
   15   23   12   11    4
    1   26   10   12    7
   18   21    5    1    6
   19   19   11    3    5
   26   19   10    7    5
   16   26   12    9    5
   15    1    3    1    4
   16    5   11    8    6
   17   19    3    5    7
    8    4    2    7    7
   15   24   11    3    7
    2   10    6    2    6
    2    5   10    2    5
   17   30    6    2    7
    2    7   11    3    5
   17   21    4    1    6
   19   22   10   12    5
   18   25   11    3    5
   29    2    9    6    3
   26    9   10   12    7
    9   23    9    5    6
   26   26    8    5    8
   25   22    8    3    7
   21    3    2    1    6
   18   11   11   10    4
   17   27    8    8    4
   24    2   11   12    5
    5   17    3   11    6
   11   21    7    8    7
   12   26    9   11    4
   30   10    9    2    4
    3   22    3    7    3
   11   11   10   11    7
   24   25    4    8    4
   27    6    8    3    5
    4   29    2    8    4
    5   24   12    4    7
   28   23    2    8    6
   20    6    6    5    5
   11    5    5    3    6
   11   12   12    7    6
   20    2    6    6    8
    6    5    9    4    4
   14   20   11    4    7
   15    9    4    4    5
    3   30   10    6    4
    4   14   12    7    5
   22   18    9    9    4
    8    1    8    3    7
   21    5    1    2    7
   27   16   10    7    4
    4    4    9    3    8
    8   16   11    4    5
   19   15    2    9    9
   28   21    9    1    5
