   22    8   11    6    1
   23   28    1    2    2
   18   26    1    3    3
   12   24    8    7    1
   10   25    9    5    1
   16   16    6   12    6
   20   14    1    3    3
   23   30    5    9    3
   20    8    5    9    1
   24   15    6    3    1
   24   22   11   11    5
   28   28    3    6    6
    4    3    9    5    4
   27   15    4    6    7
    6   29    3    9    1
   23   25    6    7    2
   28    2    8   10    1
   13    5   12    6    6
    5   28    9    3    5
    5   18   12    3    3
   27   25    1    7    1
   21    6   10    5    6
   29    8    3    9    1
    5   26    5   11    1
    9    5   12    9    1
   21   13   10    5    1
   28   11    1   10    5
   14    9    1    5    1
   26    9    6    9    1
    8   21    1    3    7
   12   14   11    8    7
   26   20   10   12    4
    1    1    3    7    4
    3    2   12   10    2
   20   20    2    4    6
    2   23    8    1    3
    6   27    4    6    3
   26    4    9    8    2
   21   25   10    1    2
   21   28   12   11    1
   19   14    3    2    1
   28   16    5    4    1
   20   17    3    8    3
   10    6    5    3    2
    7   29   10    2    3
   27   27    8    5    6
   28    7    8    2    1
   19   18    4    1    6
   30   24    1    7    2
   12    9    5   12    1
    5   11    7    7    6
   21   27    9    1    1
    5    7   11    9    3
   13   14    7   11    5
   11   24    5    2    3
   23   15    7   10    6
   29   14    7    3    1
   13   29    4   12    2
   12   22    8    5    2
   15    2   11   10    3
    4   30    8    7    1
   21    1   11    1    5
    6    5    3    4    2
   30    8   10   12    2
   21   21    4   12    6
   13    6    6    9    4
   16   15    1    9    4
   17   12    9    1    3
    2   14    6    1    7
    4   14    6    6    1
   30   26    4    1    1
    3   16    4   11    7
   27    7    2    2    2
    2   16    9   10    4
   16    7    9   10    2
   10   15   12    9    1
    2    6    2    2    1
    1   11    9   10    6
   26    2    6    6    4
   18   21    6    4    3
   19    6    4    1    3
   16   11    3    3    2
    1   28   12   12    1
   13   19   10    3    3
   27   28   10    4    3
   26   19    5    8    4
   26   27    4    1    2
    4   21    8    4    5
    5    5   11    3    5
   28   24   10    6    4
    7   15    1    2    2
   16   17    4    9    6
   27   22   12    8    4
   26   25   11    9    5
   23    7    9    9    4
   24   27    6    7    3
    3   17   11    2    3
   10    7   11    5    3
    2    4    7    5    6
   29   24   10    3    5
   24   20    3    6    5
   21   11   11    4    6
   29   26    7   11    2
    9    6    8    5    2
    8   27   12    8    2
    5   21   11    8    1
    3    6   12    6    4
   24   13    1    8    3
    8   16    5    2    5
   27   30   10   10    4
    5   16    1    1    1
   19   20    1   11    4
   10   26   11    9    5
   14   22   10   10    3
    3    3    1    3    9
   25    7   11   12    6
   26    7    8    2    3
   18    4    9    7    2
   17    6    3    8    1
   17   28    3    4    4
   18   18    2    5    4
   27   10   12    4    5
    4   23    2    8    4
   28   20    3    1    4
   22    5    4    8    1
   26    8    8   11    1
   14   25    7    5    3
    6   12    5    5    5
    9    3    9    5    6
   27   12    9   11    4
   19   29    7   10    3
   19    3   10    3    7
   23   16    6    8    5
   11   23    1    3    1
    3   10    1    9    1
    6   30    2    8    3
   14   23   11   11    4
   25   22    4    2    4
    9    2    4    2    3
   24    7   12    3    3
   27    4    4    7    3
    7   22   11   12    1
   13   25    9   12    1
   13   22   10    6    3
   24   17   10   10    3
    9    9   12    4    5
   30   13   11   11    2
    1   13   10    2    4
    3   27    4    7    4
   16   24    6    4    3
   30   15   12    3    2
    6    8    9    9    2
   24   14    6    5    2
    1   25    6    5    2
   16   18   12   12    4
   27   20   12    2    4
   24   26    1    5    3
    9   15   12    5    6
   10   23    1   11    4
   30    2   12    4    2
    8   10   11    1    4
   30   19    1    5    4
   13   28   11    2    4
   29   23    2    6    6
   12    1    2   12    4
    2   18    3    7    2
   18   30    2    1    6
   21   24    2   12    4
   17   21   12    8    3
    2    5    1    9    2
    4    9   11    9    2
    9   17    1    2    2
    1   17    2    6    2
   13   18    9    3    4
    3   15   12   11    4
   15   25    1    1    4
   30   16    5    8    2
   16   13    9   12    7
   30    7    9   11    6
    6   11    2    9    2
    2   25    1    9    5
   16   22   11    6    3
   14   14    2   11    4
   27    2    9    8    4
   26   17   10    9    3
   13   12   10    4    2
    2    1    2   12    2
   28   12   10    4    1
    2    7    3    4    4
   17    7    6    9    1
   13    4   11    3    6
   12   12    7    5    7
   10   13    1   12    6
    3    8    5    9    5
   23   12   12    5    5
    9   19    8    9    4
   12   30    8    5    6
    7   21   12    7    5
   11   17   10    1    5
    9   11   10    5    3
   15   21   10    3    3
   10   28   12    3    4
   15   13    4    3    4
   11    8    5   12    6
   21   20    2    8    6
   13   11   11    2    4
    9   23    5   12    4
   19    8    4    4    4
   25   12    4    2    4
   16   21   11    8    5
   20    9   12    8    3
   11   18    8    9    3
   28   15    6   12    5
   13   20    5    4    4
   18   29    7    7    2
   19   16    7   11    3
   15   15   11    8    6
   12   26   12    1    3
   17   25    1    8    3
   20    7    3    2    2
   25   30    3    9    6
   19   22    1    4    5
   23   18    1    8    4
   20    2    5    4    6
   28   25   11    2    6
    6    4   11   11    4
   14   21    2    4    4
   10   12    6    4    4
   26   13   12   10    3
   12   18    3    4    4
    2   22    8    2    3
    4   16    1    4    5
   14    5    5   10    4
   24   23   10    5    4
   18    6    5   12    1
    7   11    9    3    2
   29    1   10    6    2
    2   10   11    2    2
   13    8    3   10    2
   13    7    6    5    3
   11    3    1    5    6
   12    2    4   11    4
   26   16    3    7    3
   16   14    9    8    3
   13   17    9    1    2
   28    6    7    7    1
    9    1   10    6    3
   28    9    6    5    2
   18    1    9   12    2
   23    1    4   11    4
   13    3    1    5    4
   12   21    8   11    9
   14   10    9    1    6
   30   29    5   10    4
   30   14    7    8    5
   17   30    2    1    3
   22   23    8   11    5
   19   27   11    4    3
    7    7    5   12    7
    4   29    5    4    5
   19   21    6    9    4
   24    4   12    3    4
    1   20    3    5    6
   19   11    6    7    5
   27   29    6   10    3
    1   15    8    5    3
   14    8    9   12    3
   24    8    7    7    1
   17   14    7    3    5
   24    3    5    2    2
   26   23    5    5    3
   22   15    2    1    4
    1   22    5    6    2
   11   26   12    8    2
   26   21    1    1    3
   19    2    1    4    3
    4   28    8    3    4
   19   10    1   12    3
    7    4    6    4    2
    8   18    2    4    3
   13   23    2    6    3
   27   18    3    1    6
   17    8    1    6    5
    6   25    1    9    4
   10   30    5    6    3
   22   10    3    7    2
   15   14    9    1    2
   30    5    9    6    2
    1    5   10    1    3
   20   30   11   11    3
    3   22    6    1    3
   15   20    4   12    4
   17   17    1    4    4
   13    9    8   11    4
   29   15    5    4    3
   11    2    6    3    6
   18   15    9   12    7
   10   29    1    2    4
   11   10   12    6    3
    5    4    7    7    5
    7    1    1    2    2
    8    5   11    6    3
   17   19   12    1    4
   10   16   12    2    4
   18   17   12   10    4
   19   15   10    9    5
    1    3    5   10    5
    6   26    1    2    2
   11   22    8    5    3
   29   29   10    2    3
   28   30    9    4    5
   12    7    2    6    4
   12    4   10    5    6
    9   10    1    7    4
    9    8    3    2    3
    6   24    2   12    2
   27   11   12    9    2
   13   13    7    4    6
    4   22   11    6    4
   20   12    2   10    5
   14    6   12   11    6
   18   25    3   11    4
    7   18    8   10    3
   17   29    4    5    3
   14    7    7    6    3
   29    9    6    8    2
    2   13    7   12    2
    1   24    7    6    2
   19    5   10    1    3
   25   11   11    3    4
   18   20    9    5    6
    1    6    9    2    3
   21    3   10    3    3
   12   16    5    2    3
   27   23    4    8    5
    4    1   11   11    4
   22   17    4    8    3
    2   24    4    5    2
   28   19    3    6    4
   28   29    7   11    3
   15    4    7    1    2
    2    2   11    8    3
   19   24   11    2    3
   23   23   12    5    4
   14   26    6    2    5
   24   10   11    9    3
    8   23    7    7    2
    5   23    8    9    3
   14   11    5   10    5
    8   12   10   11    4
    8    2    8    1    4
   20    6    1   10    3
   12   19    5   11    2
    4    4    3    7    3
   15    5    5    8    2
   13   27    2   10    1
    5   27   12    9    2
   21   29   10   10    4
   17   23    1    9    3
    3   14    3    9    3
   21    9   10    6    2
   19    1    8   10    4
   25    4    7    1    4
   29    2    1    9    3
    6    7   12    7    3
   24    5    9    3    6
    3   12   11    3    4
    5   20    6   11    3
   20   10    8   12    3
   30   11    5    2    4
    8    7    3    5    6
    1   10    3    9    3
   28   14    3    9    5
    3   30    8    2    3
    8    8    5    8    6
   23   20    7    9    6
   11   12    4    1    5
   22   20    1    1    4
    6   22    6    3    3
   29   20    6    8    3
   10   10    7   11    5
   18   24    2   12    4
   25   19    5    7    2
   20   25    4   11    2
   30    1   11    3    3
   22   22    4    6    6
   21   22    5    3    4
   14   18    1    5    5
   24   24   10    2    6
   11    4    1    1    6
   15   17    7   11    6
   19    7    1    2    3
    5    3    6   12    9
    5   29    9    3    4
    7    9   10    2    4
   30   22   12    1    3
    6    6   11    2    8
   24   25   10    6    3
   26    3    5    3    1
   24    9   10    4    2
   25   16   10    4    2
   16   27    1    3    3
   14   27    3    6    4
   25   25    9    8    7
   10   17    8    9    4
   29    3    1    2    2
   19   19   10    4    4
   25    3    5    5    3
    4   20   12    1    2
   18   22    6   12    3
    1    8   11    6    3
   25    5    6   11    4
   25    9    9    8    4
   18    9    3    9    3
   29   16    1    4    2
   15    8   10   12    2
   30   30   10    1    3
   26   26    3    2    2
    5   17   10   11    3
    8   28   11   12    3
    6   15   11    7    4
    5   12    2    4    4
   21   30    9    7    6
   18    3   11    6    4
    9   22    7   11    3
    4   10    9    4    3
    9   27   12    5    3
   29   11    3   11    4
   14    1    7   11    4
   27   17    8    5    6
   23    6   11    9    5
   29   25    7   12    3
    1   27    4    1    4
   26    1    8    3    3
   23   19    4    6    3
   23   21    3    8    2
   11   11    1    7    6
   22   28    4   10    5
    4   17    8   11    5
   12   15   11   10    4
   11   15    1    9    3
   26   22    7    5    2
    1   16    3    8    3
    4    8   10   11    4
    2   17    5    1    3
    8   25    1    1    4
   11   20    1    7    4
   18   28   11    2    3
    4   19   10    3    3
   16   20    3    3    5
   30    9    1    1    2
   28   26    8   12    4
   28    3    5    2    2
   10    5    6    8    3
    9   16    2    4    3
   18   10   12    3    2
   16    6    5    7    3
   21    2    2    8    4
    7    3    9   11    4
   20    3    6    2    3
   22   29    5    2    3
   21   10    6    4    3
   29   12    2    9    3
   23    3    4   11    3
   26   15   10   11    4
