   15   12   12    7    4
   21   20    5    2    3
   17    4   11    7    5
    9   18   10    7    1
   25   15    1    4    7
    8    7    6   11    4
    4   30    5   10    6
   16   22    7    5    5
    8   23   10   12    4
   13   18    2    4    6
   16    5    9   10    7
   24   26   11    4    2
    3   15    3   11    8
    4    5    8    8    6
   23   21    6    3    3
   11   20    3    8    4
   26   14    5    2    5
    3    3    9    1    6
   20   15    3    3    7
   28    3   10    1    4
   24    2    9    8    5
   10   18   12    1    9
    6   24    3    8    2
   21   11    8   11    5
   28   15    5    8    9
   16   11    5    4    8
   18   28    2    7    5
    5   13   11    4    5
   10    2    5   10    5
   14    2   11    6    9
   15   14    7    2    7
    1    8    7    6    2
   29    7    9    7    3
    6   30    1    9    7
   14   10   10    6    8
    3   20    6   11    7
   12   25    5   12    6
   23   19    2    7    3
   29   21    5    2    2
    7   22   11   11    2
    5   30    8    9    6
   14   24   10    4    5
   15   19    8    8    3
   14   21    8    1    7
    2   18    1   10    6
   26   13    3    3    4
    9    8   12    1    3
   11   18   12    1    2
   21   30    6    6    1
   17   13    4    7    4
   25   26    2    3    1
    2    5    6    1    1
   12    7    6    7    2
   10    9    8    9    4
   25   25    7    9    7
   10   26    3   10    6
   22   18   10   11    5
   26   21    3   10    3
   27   15    1    7    2
   10   28   11    4    2
   19    3    7    1    7
    7   14    7    8    6
   27   24   10    2    5
    1   29    2    3    6
   12   20    8    2    7
   15    4   12    1    7
    6   18    1    5    6
   19   28    2    5    3
   10    4    1    1    7
   15   21   10   10    4
   25   23    8    3    3
    2   12   12   11    7
   18   16    5    6    7
   27   20    6    1    6
   23   12    4    3    4
   12   18   12    7    2
    4    4   11   10    9
    9    2    7    1    6
   24   29    6   11    7
   24   24    3    6    4
    1   30    9    3    5
   11   24    6   10    4
    6   22    6    4    3
   18    3    4    9    7
   27   26    6   12    3
    4   21   11    6    9
    5    9    5    9    6
   30   22    7   10    7
   17    6    6    8    4
    2    7    2    8    4
   28    4    6    2    3
   16   24    2   10    6
    6   16   12    1    5
    3   26    9    3    4
    8   26    3    1    3
    2   25    3   12    7
   27    6    4   10    4
   28    6    3   10    3
    8    2    1   12    7
   24   23    9    8    7
   27   22    9    5    5
   17   17   11    2    6
   16   28    2    8    4
    1   25    9    6    7
    7   20    9    1    3
    1   20   10   12    4
    8    3   10    7    7
   19   29    8    5    2
   17   21    2    5    3
    1   26   12   11    2
    1    1    2    3    4
    8   13    6    5    5
    9   27    5    9    7
    4   12    7   10    4
    4    8    5    6    7
   18   15    4    6    7
   26    4   12    2    7
   24   17    3    8    4
    2   11    5    5    4
   23   22    1    1    1
   24   19    4    7    2
    4   23    9    9    4
   23   16   12    4    7
   10    3   11    2    5
   19   12    1    1    4
    7   15   12    5    3
   12   16    6   12    7
   10   20    4    3    3
   20    2   11    6    7
   18   29    8    4    3
   17   22   12    4    3
    3   21    9    6    4
   19   18    5    2    7
   17   29   12    6    5
   29    5   10    9    4
   15    9   11    5    7
   12   27    4    1    3
    8    8    3    1    6
    9    3    7    1    6
   29    6    2    1    7
   28    9    8    9    3
   15   17    2    3    3
   26   11    3    7    5
    3   27    5    6    6
   18    8   10    2    4
    8   17   12    9    7
   16   16    9    3    7
   26   17    8    5    6
   21   18   10    7    4
   27   18   10    6    6
   12   21    4    4    6
   13    1    5    3    7
   15    2   10    3    4
    7   13    1   11    4
    3   29    5    8    3
   29   29    8   10    7
   18    1   12   11    3
   13   10    4    5    4
   14    8    3    1    5
    6   11   12    8    4
   16   21    9    7    5
   20   29   11    4    5
   17   10    9    7    4
    6   25    6    1    3
   18    7    9   12    3
   27   29    7    9    3
   28   28    5    1    3
    5   23    1   10    3
   14   18    2    9    7
   29    8    4    2    4
   30   14    6   12    3
   21   21    5    4    7
   14   14    5   10    5
    3   13   11    9    7
   30   30    1   11    4
   29   25    3    5    7
    4   27   12    7    3
    3    2   12   11    5
   22   22    1    7    4
    2    6   12   10    3
    9   30    2    6    3
   30   28   12    7    3
   30    2    1    8    7
   20   20   10    7    4
   21    9    8    1    3
    4   18   11    5    4
   15    8   11    5    3
   21    7    1    7    3
   15    5    5    2    5
    7   25    6    3    3
   20   22    9    1    3
   30   13    7   12    4
   20    6    3    3    2
   29    2    7    4    2
   11    3    5    6    5
   16   13    1    8    4
    2   27    3    5    4
   25   11    8   10    3
   18   18    7   12    4
    4    3    7   10    3
    8    6   11   12    3
    1    5    1    8    4
   10    5    4    3    3
    3    1   11    9    4
   25   22    8    9    4
   19   26    3    9    5
    5    3    2   11    7
   24   18    5    4    3
    2    4    5    1    4
   25   14    2    2    3
   20    8    3    6    4
    9    9    8    3    7
    5   14   11    3    4
   16    7    6   12    5
    1    6    2   12    3
    7   26    1    3    3
    2   16    5    8    5
   10   21    7    6    3
   26   26    3    6    7
   13   29    3   12    5
   29   11    1    9    4
   17   25    7   12    4
    7   10    6    4    3
   20   25    9   11    3
   17   14   12    3    3
    1   24   12    7    3
   26   16    5    6    3
    9   22    1    7    3
   15    1    2    8    3
    3   25    4    2    4
    5   17   10   10    3
   13   25    1    9    3
   19   25    7    7    4
   22   24    4   10    3
    4    7   11    4    4
   11   22    2    9    4
    5   22    8    6    3
    3   12    9    6    3
   26   12    2    2    4
   24    5    3    8    3
   17   12    1    6    3
   15   15   10    7    3
    7   28    5    1    3
   22   28    2    7    4
   11    7    9   11    3
    5    6   12    6    4
    9   13   12    9    5
   25   24    2    5    3
    9    1   12    6    4
   27   21    7    7    4
   21    6    6    7    5
   17   11    1    2    5
   19   11    3    4    6
   13   13    2   10    7
   11   11    9    1    7
   22    3    6    1    4
   19   27   12    6    5
    9   17   11    3    7
   14    6    4    8    5
    3   16   10    9    7
    8   10    4   11    5
   16    4    6    9    7
    2   28   11   11    5
   25    5    9    5    4
    1   16    4    6    4
   23   10    9   11    5
   29   16    4   10    4
   15   11    7    4    4
    6    4    3    6    4
   26   28    5   11    5
   23   23    3   10    5
    8    5   10    5    5
   22   12    3    7    5
   22    2    2   12    4
   19    2    6    8    5
   13   15   12    7    4
    2   26    2    6    7
   19    7   12    7    6
   20   14   12    4    7
   26   23    8   12    6
   28   14   12    8    6
   28   29    2    6    5
   18   30    1    9    5
   24    7   11    6    7
   16   14    7   11    5
   25   16    8    4    5
   26    5    7    7    5
   23   15   10    8    6
   26   20    4    5    5
    4    9   11    1    7
   24   30    9    5    7
   22   26    9    3    7
   23   29    4    9    5
   12    8   10   11    5
    5   28   10    5    5
   10   30    2    1    7
    3   30    1   12    7
   29   12    7    6    5
    2   23    2   12    6
    7   17    8   12    6
   15   29    4    2    7
   30    8    6    7    7
   18   26   11    5    5
   18   23    2    4    7
   14   19   10   12    7
   16    8   12    4    7
    3   17    2    3    5
   23    6    1    9    4
    1   12    7    9    4
   19   21    1    6    4
   16   15    1    3    5
    9   11   12   11    5
   25   27   12    4    5
    5   11    6   11    6
   23    9    3    4    7
   14   13   10   10    7
   21   22   10   12    5
    4   13    2   10    7
    2    2    7    4    7
   10   25    7   10    7
    2    1    4    6    7
    4   24    9    5    2
   24    3    6    5    4
   10   24    7    6    4
   26   15    2    8    5
   19   19    5   11    4
   19   30    7    3    5
   15   10    3    3    3
   27    1    3    6    3
   13   27    4   12    6
   30   11    9    4    6
    4   25    2    6    4
    5    5    1   11    3
   11   12    5   12    3
   17    1    4   12    3
   21    2    7    8    4
    7    6    9   11    2
   24   13    5    9    2
    6    6    1   12    6
   10   16    9    4    4
    8   21    5    1    6
   29   14    5   10    3
   23   28    5    2    3
   20   16   10   11    4
    5   12    5    9    3
   17   30   12    7    3
   27   14    8    2    3
   20   23    5   11    3
   20   28    6    6    3
   27   16    6    9    4
   14    3    1    2    5
    6   12   11    1    3
    6   15   11   10    3
    5   18    7    1    4
   25    8    3   11    4
   13   20   11    9    4
   22   13    4   12    5
   18   25    9    9    4
   20    5    7    8    3
   12   30    6    8    3
   10   12    9    7    4
    1   21    3    2    3
   30   27   11    6    5
   27   28    7    4    3
    8   11    8    1    3
   17   19   11   12    5
    1   19    6    9    5
   28   11   11   10    3
    9   14    2    4    3
   27    5    2   12    7
   29    4   12    8    3
   20   19    6    5    5
   10   11    9    8    3
   26    6    4   11    3
   28   12    9    6    5
   14   12    7    4    4
   16   19    1    9    4
   29   10    1   10    4
   22   19    4    5    5
    3    6   12    1    3
    8   27    6    8    3
   19    8   10    3    5
   23    1   10   12    4
   10   10    4    3    3
   17   27    6    3    3
    7   27    5    5    5
   23   14   12    9    5
   26   30    7    1    5
   15   30   12   11    3
   28    8    6    4    3
   25   21   11    8    4
   17   18    6    3    4
   26    9    5    3    4
   12   12    3    5    3
   29    9    8    8    5
   21   24    7    9    3
   15   24    3   10    3
    4   19    6    9    3
   22    8    9    5    3
    7   30    9   11    5
   27   27    8    7    3
    7    3    8    8    3
    1   22    5    6    4
   14   11    5    8    7
    4   14    3    5    5
   20    4    8    9    3
    6   13    7    7    3
   22   15    7    1    4
   20   24    5    5    3
   22    4    6    4    3
    7    5    7    8    3
   14    1   12    4    4
    5   21    5   10    4
    4    1    3    8    5
   11   13   12    9    5
   23    7    2   10    3
   26   29    9   11    3
    9    7    3    7    3
   13   23    2    1    4
   29   22    9   12    3
   28   25   11   12    3
   13   28   12    9    3
    6    9    8    9    3
   16   17    6    8    3
   16    9    2    7    3
   25    9    9    7    3
   20    9    1    2    3
   30   23   10   12    4
   18   20   11    6    3
   13   12    5   12    3
   22   10    9    4    3
   11   23   10   11    3
   13   19    4   12    5
    6   10    4    6    3
   24   12    1    1    2
   19   10    3    6    3
    7    1    1    2    2
   13    2    6    8    4
    7    7   11    1    2
   19    9    8    2    5
    1   10    2    5    6
   28    1   11   11    3
    9   24    5   10    4
   13   21    7   12    6
   28   21   10    3    3
   28   17   11   12    3
    6   19    4    3    4
   11   27    9    9    3
   30   20    3    5    6
   27   10    1    3    4
   30   25    2    6    4
   11    4    9    8    6
   11    1    6    6    6
   12    9    2    1    4
   23   17    5   12    6
   14   22    1   10    4
   20   17    4   10    7
    2   17    6    4    7
    5   19    7    9    4
   23    3    9    2    4
   30   29    4    7    3
   16   30   10    6    6
   27   23    6    9    8
   24   28   11   12    6
    8   24    7    1    5
