   20   19    4    7    2
   26   21   12   10    6
   15   13   11   10    8
    8   12   10   11    5
    8   11    9    5    4
    6   21   10   10    2
   29   23    9    3    1
   10    6   11    9    6
    4   20   11    7    4
   24    3   10    7    6
   26   15    5    4    7
    1   13   11    8    3
    8    8   10    8    9
   13    6   11    3    3
   22    2    9    1    2
   18   18   12    5    8
   12   12    2    6    9
   13   13    5    3    7
    4    9    3   11    1
   10   29    2    3    2
   15   15   10    9    6
   14   16    9    2    8
   11   13    9    6    5
   13   16    4    8    3
   16    1    7    1    6
   24   28    5    5    7
   16   16    9   12    8
   14   14    8    2    9
   29   20    3   11    3
   27   23    9    7    1
   11   27    8   10    5
    8    2   11   11    4
    8    1    9   10    7
   30   12    6   10    6
   21    1    5    9    3
    4    6   12    6    1
   29    9    2    3    9
    9   10   10    6    2
   12   20    5    1    2
   21    8   11    2    3
    7   30    1    1    2
    4   27    5    1    1
    4   19    2    1    4
   13   14    2   10    3
   20   20    4    9    7
   15    4    2    5    1
    1    1    8    6    9
   13   12    8    5    1
   27   14   12    8    2
   24   14    7    7    1
   19   18    8   12    1
   22   11   10   10    6
   27   13    5   12    9
   24   13   10   10    7
    6   26   10    6    1
    3   25    4   11    9
   23   15   11   12    2
   26    3   10    2    2
   26   25   10    4    1
   27    1    3    2    2
   15   12    5    7    2
   11   17    1    4    3
   10   16    7   11    8
   30   21    1   10    6
   29   29    2    4    9
   19    9    2    4    8
   19   17    1    5    5
   23   13    1    2    4
    1   26    3    8    3
   19   19    1    5    2
   27    9    7    8    7
   27   29   12   12    4
   14    4    2    6    6
   30   14    1    1    7
    7    3   11    7    4
    3    5    8   12    6
   25    1    7    2    3
   18   11   10    3    2
   17   30    8   11    1
   25   25    6    1    3
   15    9    2   11    7
   22    4    9    5    3
    2   17    7    4    3
   24    1    4    6    2
   24   26    5   11    1
   18   13    1    2    8
    4    1    8    8    7
   21    5   11   12    3
    5   24    5    6    7
    2   11    5    4    7
   12   18   12    8    3
   24    2    4    4    4
    4   17    3    6    2
   19   29    8    4    2
   28    4    1    2    6
    4   26   12    8    5
   14    9    5   10    1
   22    7    5    1    6
    5    5    3    4    7
   16    6    2   10    4
   19   21    7    6    3
    6   19    9    4    2
   24   15    5    4    1
   15    3    4    8    3
    5    6    2    9    1
    1   23    8    3    2
   24   10   12   10    4
   14    1    6    2    5
   15    6    7    5    2
   14   20    5    9    4
   28    8    8    8    3
   21   23    9   10    1
   19    2    7    6    2
   15   21   11    3    1
   17   14    6    4    4
    9   25    2   11    5
   17   18    1    9    1
    5   18    5    3    3
    7   12    9    7    2
   20   11    3    3    3
   15   17    2    2    3
    9    7    9    4    8
   30    2   12    6    4
   26   16    6    9    1
   27   22    8   10    4
    9    3   12    9    6
   15   27    2    2    7
   15   18   10    5    7
    2   27   12   12    5
   30   25    8    5    3
    2   15   10    1    2
   18    2    7    4    2
   21   10   12    2    3
   21   11   10    2    9
   16    8   12   10    5
   16   27    9    2    3
   11    4   10   12    2
    4   30    2    8    6
   28   27    8   10    9
   24   21    5    9    1
   25    5    5    7    1
   18    3    4    1    5
    9    5    9    8    6
    7   20    9    8    1
   14   15   11    9    4
   17    5    5   12    3
   12   22   10    3    1
    8   22    3    8    2
   23   17    4    5    5
    8   26   10    9    4
   19    3    9    7    3
    9    8    9    2    5
   19    1    9    8    5
   28   20    8    4    3
   20    2    5    5    2
    3    3    5   11    6
    7   14   12   10    3
    2   21   12    4    3
   18   24    7    6    2
   14   29    5   12    1
   11   16   10    4    6
   23   20    3   10    2
   17   22    1    2    5
   30   27    3    6    2
    2    9    4   11    2
   22   16    5    1    8
    4   29    7    7    6
   10    3    1   11    7
   24    9    7    5    7
   13    5    4    3    8
   28    7    1    9    5
   28   11    6   12    6
   29   15    2    8    6
   19   14   11    7    6
    6   22   10    7    4
   20    5   11   12    3
   25   23    6   12    4
    2    4    1    9    9
    9   22    8    9    2
   17    6    8    5    6
   30   16    2   12    9
   10   28    7    4    1
    3   11    9    5    5
   18   26    2    3    4
    6   27    4    8    5
    2    3    3    1    8
   14   25   12    5    2
   17   21   10    6    6
    9   23    5    6    5
    2   26    1    1    4
    1    3    8    9    3
    8   25   10    4    2
    4   16    7    8    5
    1   30    6    7    5
   10    4    5   11    3
   29   12    3    5    1
   26    5    3    9    3
   12    3    2    2    1
    7   21    3    4    4
   11   11   10    6    7
    1   12    3    6    6
    1   11    5    7    8
   11    6    8   10    7
   21   21    4    8    9
   23   18    6   10    9
   24   29    3    7    4
   30   22    7    5    4
   13    2   12   10    3
   14    3    3    2    2
   18    6    1   11    1
   30   29    4   12    2
   13   21    8    1    1
   29    2    8    3    2
   19   13    6    7    2
   25   28    3    1    3
    1   10    8    3    3
    4   18   10    4    4
   30   28   11    5    9
   14   26   12    8    6
   21   14    3    4    6
   30   10   12    6    3
   15   20   12    7    3
    6    2    4    2    4
    9   30   12    2    2
   23   23    8    4    5
   19   27    2    9    6
   20   22    4   11    1
    9    6    3    9    2
   16    3    8   11    3
   12   23    1    1    2
    4   21   11    7    8
   12   10    1    2    1
   12   24    2    9    3
   24   20    9    3    3
   14    8    5    5    5
   21   28    9    2    7
   28   28    9    1    5
   15    7    2    9    3
   24   23    3    7    4
   28    1    2   12    3
    7   18    6    6    7
   25   16    9   11    6
    8   27    6    1    2
   25   27    5    3    2
   12   16    9    8    4
    5    1    9   11    2
    2   25    3    8    1
   12   14    2    7    8
   23   28    4    1    5
   20   17    8    7    3
    6   14    9    8    7
   30   15    7    2    5
    1   22   11   11    3
   20   13   12    7    4
   11   12    8   12    9
    5    8    3   10    3
   19   26    3   11    3
    8    7    4    4    6
   29    1    3   11    4
   16   18   12    7    3
   18   27    8    4    6
    2    5    6    1    3
   15   10    1    1    4
    5    4   11    1    3
   22   24    9    7    1
   30    6    7    8    2
   20   21    5    8    1
   16    7    2    8    4
   27   26   12    4    3
   27   27   11    8    6
    1    7    1    7    5
    9    1    6   10    1
   13    3    7   12    2
   15   19    2    1    4
    5   30    5    8    4
   17   28    8    7    3
   30   19    4    4    4
    5   22   11   12    7
    9   28   11    9    4
   11   29    5    4    3
   22   14   11    6    2
    3   22   12    1    6
    9   18    1    1    6
   13   25    9   12    4
   10   19    6    1    2
    5   27    2    6    3
   18   10    3    8    2
   10    8    9    9    1
   19   22    1    3    4
   19   25    5    2    3
    4    4   10    9    9
   26   22    1    9    2
   23   11    7    6    3
   20   26    3   12    6
   27   20    6    5    2
   22   25   10   12    2
    6   24   12    3    1
   12   21    9   11    8
   23   26    1    9    8
   15    1    1    3    3
    8   13    9    9    5
   18    8    8    1    4
    3    8   10    9    4
   17   13   10   10    5
   13    9    4   11    3
    3   27    9    4    2
   15    5    9    5    1
    8   17   10    9    6
    7   23    4    2    4
   12   25    3    5    2
    4    7    1    3    4
    4   23    8    1    3
   23   30    8   12    3
    8   29    6    4    6
   10   17    1    8    2
   30   24   12    4    3
   27   24    3    7    2
    9   12    5    7    3
   12    5    1    9    1
   29   17    7    9    1
   21   25    5    6    2
   20    6    2    3    3
   27    7    1    7    5
   29   18    1    4    2
    2   16    5    5    7
   15   25    5   12    6
   26   26    9    4    7
    3   28    7    5    2
   26   30    1    7    3
   27   10   11    9    2
   24    7   11    1    7
    3   30    4   10    6
   22   15    2   12    4
    9    9    2    4    8
   28    2   12    8    5
    4    8    7    6    5
    6    1   11    7    3
   23   19   11    2    1
    9   11    6    4    2
   20   30    6    8    7
    8   20    9   10    6
   20   16   11    1    6
   12    6    7    2    7
   14   10   11   12    6
   14   18    1   12    6
   30   30    6    7    3
    7   25    3    2    2
   11   26    5    5    4
   18   20    1    4    6
   25    6    6    2    1
   11   30    6   12    2
    4   12   10    2    8
   15   11    6    6    3
   10   20    5    8    4
    2   12   10   10    7
   26    9    8    8    7
   29   22    3   11    1
   15   16    4    7    2
   16   17   11    3    2
   10    2   12    1    3
   29    3    1   11    3
   11    7   12    6    6
   16    9   10    7    6
    2    1    6   11    3
   22   28    3    3    7
   11    5   12    2    4
   26    7    9    1    5
   16   28   10    1    3
   20    9   12   10    3
   19   16    4    7    2
    5   16   12    9    4
   24    4    4   12    3
    4   25    4    6    2
   17    3   10    7    6
    7   13   12    6    5
   29   25   10    1    5
   13   29   12   10    3
    6    8    9    8    6
    9   17   12    4    3
   24   19    5    3    6
    8   19    3    5    7
   29    6    6    6    3
   25   20    1   12    4
   29   26    8    5    3
   10   10    4    7    3
    8   15    6    1    5
   17   12    2    8    3
   17    7    4    6    1
   28    6   10   12    1
   20    3    9    4    2
   27   12    6   10    2
    7   29   12    2    2
   21   22   11    6    3
   16   24    6    4    2
    2   14    1    3    6
    7    5    3    8    5
    5   23    1    6    3
   26   12    2   12    2
   12   19    1   11    2
   10   26    8    4    1
    2    7    9    4    2
   24   17   10   10    6
    3   23   12    6    4
   11   24    8   12    4
   26   13   12   10    5
   30   18    5   11    2
   25   11    2    3    3
   23   14   12    3    3
    3    4    2    8    3
   23   16    2    7    1
    2    2    6    5    8
    8   24    3    6    6
   11   19   10    1    4
   29    5   12    6    4
   22   23   12   11    4
   14   11    1    3    4
   17   17   10    5    8
   18   21    7    1    3
    6    6   12    2    9
   17   25   12    8    5
   27   17    4   11    5
    5   10    6    1    6
   25   10    3   10    3
    6    7    8    3    3
   28   18    8    1    4
   21    3    3    9    2
   29   21   11    1    3
   22   13    8    3    4
   28   13    3    7    3
   20    1    9   11    2
   28    5    9    2    3
   28   14    1    1    5
   10   22   12    5    6
   18    1    5    8    6
    7   19    6   11    3
   21   16    6    9    2
   15   28    1    4    3
   23    8    9    6    3
   29   28    9   11    6
   27   21    5   11    6
   26   28   11   11    5
   10   23    8    1    3
   14    5    6   10    3
   18   22    1    8    1
   29   16    7    5    2
   24   25    3    5    3
   24   24    6    7    2
   10   11    4    3    1
   28   19    4    2    3
    7    7    7    2    4
   19    5    1    3    3
   25   18   10   10    2
   26   17    7   11    5
    6    3    9    6    3
   13    4    1   10    4
    7   10    5   12    3
   22   22   12    5    4
   23    2    5    9    2
    8   30   10    2    6
    6   23    7    6    1
   10   13    3   10    3
   17    1    5    2    2
   13   30    6    3    2
   28   12   11    7    3
   21    9    5    3    3
