   15   20   11    2    3
   17   27    1    8    4
   23   18    1    5    3
    3   29    5    1    4
   19   12   12    3    7
    5   27   12    6    4
    9   20    7    1    8
   10   17    4    9    7
    1   26    6    2    6
    2   13    7    3    2
    3   16    5    6    7
   11    1    9   10    8
    7   21    4    4    3
   23    6   10   11    8
   17    3    4    9    7
    7    2    4   10    3
   10   27    2   11    4
   15    4    2   12    8
    1   13    3    2    8
   14   29    1    5    8
    5   23    9   12    4
    2   25    2    3    7
    2   23    3    7    5
    4   29    1    3    6
   28    2   11    4    7
   13   19    5    4    8
    8   17    2    2    3
   28   11   11   11    7
   12    7    1   12    4
    9   19    2    6    8
   11    3    1    6    8
   27   18    6   12    4
    9    5    3    4    8
   11    8   12    3    4
   26   30    7    2    7
    1   20    4    6    4
   20    2    8   12    3
    2   26    8    8    3
    1   22    1   11    3
    2   17    4   11    3
   29   12   12    7    4
   15    5    5    9    8
   25    5    2    1    7
   30   18    9    9    7
   30   22    2    8    4
   28    7   10    4    6
   25    1    4    4    7
   30    8   11    6    8
   16   28    4    1    2
   29    7   10    5    7
   25   21   10    3    7
   11   20    4   11    8
    2   22    4    1    6
   20   10    1    7    8
   19   30    2    1    4
   23   13    6    7    8
   19   21   12    4    3
    8   24   11    9    7
   11   27    3    2    8
   18    8    8    3    6
   13   28    4    1    2
    6    5   11    2    3
   17   22    9    4    3
   19   25   12   11    4
   22   11    2    7    7
   24   28    1    2    8
   25   20    5    6    8
   14   11    1   11    7
   26   22    8    3    4
    2   27   11   10    8
   29   30    1   10    6
   23   27    7    8    3
   22   15   11    1    7
   26   11    3   12    7
    7    6    4    4    6
    5   16    8    3    8
   21   16    9    3    6
   23   24    6   12    8
   21   21   10   12    8
   21   24    5    4    8
    3    6   12   12    4
   22   19    7    3    3
   27   12    7    2    6
   14   23    9    4    7
   10   22   12   11    8
    1   30    3    1    6
   15   17   12   11    4
   25    6    3   12    3
    9    8    4    2    7
   25   22   12    6    6
   22   22    5    4    7
   27    8    2    5    6
    2   16    9    1    6
   29   15    7    3    3
   14    5   11    8    4
   29   29    4    9    7
    1    3    4   11    7
   17   29    7    5    7
   13   18    9    5    7
   13   12   11    2    6
    1   14    6    9    6
   20   28   12   12    4
   16    7   12   11    6
   21    5    9    8    4
    9    1   10   12    7
    2   12   11   12    7
   18    9    5    9    4
   23   16    6    5    8
    2    2    4   12    7
   19    3    9   12    8
    9    6   11    5    4
   10   11    4    8    3
    1   23    5    1    3
   14   10    5    5    3
    5    5    6    2    8
   23    9    5    3    7
   12    6    9    7    8
   11   16    1    4    6
   12   18    9   11    4
   22    9    6    7    1
   16   30    4    6    8
    4   12   11    4    6
   12    3    9    3    7
   24   16    8    7    8
    4   16    9    8    2
   24    3   11    9    7
   26    3   11    9    3
    4    6    9    7    7
   27   29   12    7    5
   12   11    8    9    2
   19   26    7    5    1
   13   30    7    1    7
   22   28    6   12    7
   10   12    4    6    3
    9   29   12    3    7
    8   10    4    5    3
   13   26    3    6    7
   20   13    4    6    6
    7   11    6    5    3
   30   14    5    5    3
   14    7    9   12    3
   20   20    6    8    4
    6    8   10    7    3
    1    8   10    4    2
    3    8    6   12    8
   17    7   10    8    6
   15   11   12    8    4
   21    6    4    6    2
    6   22    4    8    2
   29   22    6    3    7
   17   21    8    9    8
   18   24    1    1    7
   30    7    9    9    3
    2   29   11    8    6
    1   16   12    5    4
   17    1   11   10    2
   29   11    8   10    3
   21   20   11    6    6
    5   12    4   11    3
   10   15   10   10    2
   24    4    8    9    7
    4   28    5    3    7
   30   24    7   10    2
   27    6    6    7    8
   21   15   11    2    8
   15   23    9    5    8
    2    8    7   11    8
    2   14    1    2    8
   26    4   11    2    8
    9   24   12    4    6
   22   13    5    7    6
    3   21    5    8    2
   15   27    2    6    7
   19   10    1    7    8
    9   14    5   12    7
   21   10    4    6    7
   25   15    8   11    4
    9   10    9    6    2
   15    7   10    2    7
   30   10   10    6    7
   14   14    4   10    7
   28   23    1    8    8
   26    5    7    8    7
    3   25    3    5    3
   22   16    3    3    4
    7   13    2    4    7
   29   24    4   11    4
   30    3    8   10    4
   20    7    3    2    3
   28   30    9    3    2
   17   20    3   12    6
    7   22    3   12    7
   21   30    3    6    7
   13   16    6    3    8
   19   27   10   11    4
   19    1    1    5    6
   19   19    8   12    7
   29   16    6    7    6
   15   19    3   12    3
   12   21    2    2    8
   15   26    1    3    6
    8    8    2   11    7
   14   16    3   10    3
    8   19    8    9    3
   20    3    4    5    6
   10   16    5    6    4
   30   11    4    6    3
    3    4   10    5    7
   26   14    3    4    3
   17   25    3    2    3
   26   20    4   11    3
   14   27   11    8    3
   15   15    1    6    3
   29   19    5    4    2
   24   24    5   10    4
   14    3    9    8    6
   18   19   10    3    7
    4    4    8    6    5
   25   27   11   11    4
    8   14   12    8    3
    8   12   11    7    3
    5   13    6    9    6
    5    7    2    4    7
   30    5    9    8    3
   17   13    3    6    4
   29    1   11    2    6
   10    3    8    2    3
   13   24    4    3    2
   25   29    2    7    7
   21    2    5   11    4
   12   28    3    7    7
    6   18    9    5    5
   21    8    7   11    3
   24    7    5    8    6
   10    7    3    5    6
   30    2    4    3    3
   10    5    1   12    6
   18   20    3    6    3
   25   26    6    9    6
   17   19    9    9    3
    1   24    1    5    2
   13   27   12    1    6
    5   18    3   11    5
   15   12    2    9    6
   17   28    3    3    4
    4    2   10    3    7
    6    6    6    8    7
   21    9    7   12    6
    9    9    2    3    6
   19   20    3    4    4
   17    6    1    1    3
    4   25   11    8    6
    2   10    1    3    5
    8    7    2    2    4
    8    5   10   11    6
   27   30   10    3    5
    3    5    5    1    6
   11   25    7    7    5
   19   14    4    3    6
   21    4   11    5    3
    1    4    7    2    3
   17   30    5    2    2
   23   20   10    8    2
   29    6    9    5    2
   11    4    8    4    6
    9    7    8    9    3
   25    7    1    3    2
   11    6   10   11    2
    3    7    8    6    6
   18   18    8    5    7
   13   29    6    7    7
    9    2    3    1    5
   16   16   10    6    7
   13   15    2    6    6
   24   11    9    7    5
   28   27    7   11    6
   15    9    1    1    3
    4   18    3   12    2
   16   19    2    9    4
    3    9   11    5    3
   11   13    5    6    6
   29    5    5    7    4
   10   25    5   11    5
    9   26    2    8    2
   29   21   12   10    5
   26   24    4   12    4
   17   11   12   10    3
    3   23    8   11    2
   24    6    6    4    2
   26   21    3    3    5
   16    8   11   12    3
    4   30   12    4    2
   23    4    2   12    3
   11   21    2    2    2
   13   21    5    4    3
   23   12   10    2    3
    5    2    9    7    5
    6    1    2    4    2
   20    8    2    4    2
   22   24    1   11    6
    2   11    4   11    3
   22   21   11    1    2
    2    6   11    9    2
    3    2    6   11    5
   11    5   12    5    2
   26   29   11    9    6
   13    3    5   12    5
   16   15    9    3    3
   14   15    6    2    2
   21   23    5   11    3
   20   24    7   10    2
   25   12    6    4    3
   26    7   11    5    2
   18   21    9    6    5
   20   14   11   10    4
    3   28    1    1    3
    8   25    3    2    2
   23    8    3    9    2
   14    6    5    4    6
    1   10    3    4    6
   28   21    3    1    5
   26    8    3    8    3
   17   12    9   12    6
   17   23   11    9    2
    1   28    1    5    3
   14    4   12    3    3
   15    8    3    8    2
   26   27   10    8    3
   28   25   11    5    6
   10   10   11    7    6
   18   22    1    2    5
    1   15   10    6    4
    2   24    5    7    3
   19   24    7   10    5
   25   14    5   10    5
   27    4   12    3    4
   27    3    3   11    2
   23   29    4    8    7
    5   28    6    2    7
   29   20    5   11    5
   15    2    4   11    3
   14   21    6    6    3
   25    9    4    5    2
    1    5    8    2    6
   18    1   12    4    5
    2    1    2    6    6
   19    5    8    8    5
   16   18    1   12    4
    6   15    9    2    6
   10   23   12   11    4
   10   26    1    4    4
   14   18   10    2    6
   27    7    5    5    6
   12   16    7    1    2
    4    7   11    3    3
   15   28    5    9    5
   23   11    9    3    6
   10   29    5    7    5
    6   16    8    7    4
   21    1   12    2    2
   13   25    6    2    3
   24   17   10   10    2
    5    4    3    6    5
    4   13    8    5    6
    6   26    7   11    4
   14   17    5   12    4
   12   20   11    6    5
   17    5    4    2    3
   24    5    9   12    2
   23   30    8    8    6
   28   14    1    6    6
   25   18    8    5    4
   18    3    1    7    3
   28   18   12   10    5
   20    5    3   10    3
    7    7    5    1    6
    1    7   10    5    3
   12   24    9   10    2
   17   26   12    5    5
   20    4   10    1    3
   22    5    8    8    2
   27   27   10    8    6
   29    8    3    3    3
   24   15    2    5    5
    9   28    7    4    4
   12    9   11    8    3
   28    6   11    7    6
   11   19    5    5    2
    9    4    3    1    3
    6   19   10    6    5
   27   24    5    1    3
    9   13   10    1    6
    1    1    8    7    2
   22    3    9   12    2
   28   28    7    2    6
   25   24    2    3    4
   15    3    5    9    6
   30   15    5    3    7
   11    9   11   12    4
   14   12    9   12    6
   22   23    9   12    5
   17   17    2    8    3
   12   22    6    3    2
   15   18    5    9    5
   13    8   10    2    7
    6   30   12    9    4
   10   28    1   12    4
   27    1    5    8    5
   20   22    3    8    4
   22   14    1    4    5
   23   19    4    4    4
   28   19    9   10    3
   19    2    9    4    2
   14   13   11    1    2
   28   26    9    1    4
   22    4   12    5    2
   30   30    5    8    5
   25   16    6    5    3
    4   10    3   10    5
    7   18    5    4    2
    3    3    5   10    2
   23   23    5    6    5
   18   26    2   10    5
   18   17   12   12    2
   26   12    2    8    3
   26   23   11    1    5
    9   16    2   12    2
    7   19   10   12    3
   12    1    3    9    4
   27   20    9   11    5
   18   29    7   10    2
    8    4    2    5    7
   22    8    4    5    4
    9   30    7   12    5
   14   24    1    9    2
   30   12    8   12    5
   20   30   12   12    3
   25   30    8    4    2
   20   16    1    2    5
   17    4   12    6    7
   18   10    4    7    3
   11   11    8    5    2
   10   13    4   10    4
   27   21   12   11    6
    6   20    3    4    4
   16   27    7    6    3
    9   27    9    2    6
   25   25   10   12    5
   28   29    6    9    3
   18    2    9    8    5
   26   26   12    2    6
   12   12    8    1    8
   26   16    2   11    3
    7   23   10    3    8
   25   23    3   11    3
   18   11    6    8    6
   17   16    2    8    3
   10    6    2    2    2
   13   13    3   10    6
   22   27    8    8    3
   17    9   10    3    5
   24   10    6    7    8
    4   19    1    2    8
    6   13   11    3    2
    8   28    2   12    3
