   24    7    5   10    1
   23   20    3    2    1
    2    7   10    5    1
   20   28    8   10    1
   25    3    9    1    2
   19    9    8    2    4
    4   26    4   10    3
   23   29    1    4    5
    3   22    9    8    1
   24   16    3    4    1
   12   22    7    1    1
   22   14    6    2    1
   24    3    5    2    1
   23   18    2    8    3
    8    1   12    7    3
    8   10   11    3    2
    9   21    2    7    1
   27   26    8    9    4
    8   29    2    8    2
   25    4    9    7    1
   25    2    8    7    3
    7   28    8   12    1
   12   19   10    3    7
    7   26    2    6    1
   26   17    4   10    3
   26    9   11    7    5
    3    9   12    2    2
   21    5    2    7    2
   12   12    2    4    8
    6    3    3   11    2
    2   16    2   10    4
   15   24   10    8    4
   17   30    1    3    1
   27   11   10   11    1
   30   10    7    9    1
   27    3   11    3    6
   18    3   12   10    5
    4    2    2   11    8
   28    2    3    9    8
   29   29    1    3    8
   14   14   11   12    8
   21    7    1    7    2
   14    1    3   12    1
   16   13   11   10    1
   19   29    3    9    1
   19    3    9   10    2
   17   24    6    6    1
   15   20    7    2    4
   23   26   12    6    2
   25    9    4    3    6
    1   11   11    4    7
   27    9    7    3    5
   28   16   12    1    8
    5   29    8    2    2
    6   27    9    7    3
   27   21    2    7    1
    3   13    4   10    2
   13   27   12   11    2
   17    8    7    1    4
   21   23    6    7    4
   15    4    8   10    1
   27    1   10   10    4
    1   25    8   12    5
    4    4   10   12    6
   14    2    3    3    6
    7   11    9    5    2
   18   25    8    7    6
   29   22    2    5    1
   14   29    7    9    1
   20   13    3    9    6
    1    6   10    6    1
   27   30    2   11    1
   29    7    5    7    1
   23   11    7    4    1
   10   27    5    1    3
   30    5    6    8    1
    4   27   12    5    2
   12    6    8    6    3
   12   20    3   11    5
   13   19   10    9    2
   17   16    1    4    6
   17   17    1    2    1
    4   13    4    7    6
    7    6   12    8    1
   24   18    5   10    3
    8   15    6    6    2
   30    1    3    1    1
    3    1    3    8    6
   20   20    4    2    6
   26   26    4    8    8
   16   14    6    9    1
   14   30    8   11    1
   27   15    1    4    8
   24    5    6    3    8
   27    2    1    8    1
    9   10    8    4    1
    2   11   12   12    1
   15    9   11    7    3
   11   24    3    7    1
   22    8    2    7    1
   11   22    1    3    1
    1   22    4    5    1
    8    7    1    1    1
   24   25    9    6    1
    7   20   10   10    1
    4   23    3    3    1
   19   24   10   10    2
   18   18    5   11    3
    9   28    7    7    1
    1   12    2   12    1
   10   21    9   11    1
   25   22    6   10    1
    2   18    3    1    4
   27   27    3   11    6
   15   15    1    4    6
   11   20    3    2    1
   11    4   11    3    6
   15   10    4    8    2
   29    6    4    3    1
   15   21   10    3    1
   25   26   10    8    5
   23    5   12    1    1
    8   14    2    8    1
   23    7    2    4    1
   18   22    8    9    2
   29   15   10    5    2
    6   15    1    7    4
   21   11   12    2    7
   20   27    4    6    7
   28   21    5   10    5
    7   30   11    9    2
    5   14    2    6    1
    8   24   12    6    1
   10   13   10   12    1
    1   20    4    2    1
    5    5    8    4    9
   12   14   12    7    9
   22    4    4    1    7
   16    5    7    7    2
   26   11   10    4    6
   26   28    8    6    5
    1    9    7    3    1
   22    2    7    8    1
   29   21    6    8    1
   14   11   10    3    1
   23   10    9    7    1
   16    9    4   10    3
   24   12    8    6    1
    4    1    9    4    3
   25    7    2    7    1
    4   16   10   12    1
   23    6   11    7    2
   25   21    1   11    1
   16    8    2    3    1
    3   16    4   11    1
   28   30    5    9    1
   15   30    5    9    1
   26   19    3    6    5
   12   28    5    9    1
    6   26    1   12    1
   29   16    8    9    1
    9   11    8    2    2
   26   13   10   12    1
    3    7    6   11    1
   17   21    6    6    1
   19   30    7   12    1
   15   19    7    9    3
    1   21   12    1    2
   19    4   10    8    7
   15    5    3    8    5
    5   20    9   12    1
    4   17    7    2    1
   27   16    1    5    1
   28   11    2    5    5
    8   13    5   10    1
   10    3   12    2    1
   15   28    7   11    1
   17   11    6   10    5
    2   20   10    6    7
    2    1   10    1    6
   24   28    7    8    6
   13   18    7    3    1
   10    6    1   10    1
    7   22    8    5    3
   10   25    7   12    2
   24    4    3    5    6
    6    8    8    8    1
    8   18    2    7    5
   17   25   10   10    7
   12    8    6    9    8
   11   12    8    4    9
    1   15    1   10    1
   27   22    7    2    3
   18   12    7    7    1
   25    5    1    9    1
    3    5    3    6    5
    1   16   10   10    7
   22   23    3    8    1
   16   18   11   11    1
    4    7    5    3    3
   21   22    6    9    1
    6   25    3    8    1
   13   11    1    8    1
   18   15    8    6    8
   14    9   12    5    1
   24   26   11    1    1
   25   23    5    2    2
   18   29    9    3    1
    3   28    3    4    1
   28   25   10    9    1
   19   11   11   10    6
   17    5   10    2    6
   23    3    6    5    1
   19   27    8    2    3
   27   17    2   10    3
   25   25    2    8    1
   22   22    9   12    1
   10   20    6    7    7
   11    5    2    5    1
   24   29    8    6    5
   21   26    6    6    3
   28   13    5    7    1
   14   23    5    4    3
   11    6    4    9    6
    2   13    9    4    1
   17   22    6    4    3
   25   20    7   10    7
   30   11   11    3    1
    5    1    1   10    1
   25   12   10    7    1
   23   23    8    5    3
   30   24    2    8    3
   10   11    4   11    1
    3   21    6   11    1
    4   12    1    8    1
   27    8    7    5    1
   20    4    8    5    1
    9   20    1    5    1
    4    9   10    9    1
   15   23   12    4    3
   13   24    8    3    4
   21   21   10    8    8
    3   17    7    6    2
   21   14    1    9    7
   10   18   11    7    6
   30   30    4    5    8
    9    2    7   10    8
   14   28   11   12    5
   18   14    8    4    7
   14   19    2    2    7
   12   29    3   11    1
   17   13    6    7    1
   14    3    1    7    1
   19   19    7   10    7
    3    8   11   12    7
    9   17    2    9    1
   30    2    8    5    1
   12    5    7   11    1
   28    6    2   12    1
   19   16   12    6    1
   16   30   11   11    1
   25   16    3    2    4
    2   19    1   10    1
   12    2    5   11    1
   22   30    8    5    1
    9    7   10    7    1
    2   21   11    9    3
    9   18   11    8    3
   19    8   11    5    3
    5   18    5    5    1
   24   24    9    6    7
    9   12    6    1    1
   10   10    7    9    1
    2   15    2    9    3
    1   19    5   10    6
    1    7    7    6    1
   16    6    8    2    1
    3   20    1    1    1
   18    4   10   12    6
    5    2   11    5    1
   29   28    3   10    3
   24    9    1    4    1
    4   28    8   10    1
    2    3    1    1    6
   13   23    6    1    4
    8   25    5    7    6
   30   12    1    1    6
    8    4   11    4    3
    5   22    8    9    1
   10   29    5   11    3
   20   21    6    8    7
   12    3    1    1    4
   13    7    2    6    3
    5   27   10   11    1
    5   10    9   11    1
   21    4    9    6    1
   28    1    8    5    1
   15   16    7    8    1
   11   16    4    3    1
   29    2    8    6    1
    8    9   10    5    1
    5   28   10    5    6
   18   20    4    5    1
    9   13    4    6    6
   18   21   12    1    1
   17   12    4    9    1
   26    3    8    4    1
    7   19    8    8    1
   13   15   10    5    1
    8   30    9    3    1
   18   28    2   10    1
    1   18    4    5    2
   21   16   10    7    1
    5    6    9   12    1
    2   26    4    7    1
   25   11   12    1    1
    7    5    8    4    1
   19    5    1    2    1
   10   28    9    3    1
    1   26    2   12    1
    9    9   10    2    5
   16   16    2    4    5
    8   28    8    7    1
   25   27   10    2    5
   16   22    3   11    1
    2   23   12    3    1
   25   13    6   11    1
   10    4   12    8    1
   23   24   10    7    5
   24   10    2    2    5
    3    3    4    8    1
    7   15    2   12    1
   26   18    3    7    5
   24    6   12    1    6
    1   24   11    9    1
   10    2   10    3    6
   13    5    4    8    1
   21   24    2   10    1
    4   29    9   12    1
    6   17    8    6    1
   23    8    4    3    1
   20   14   12   11    1
   15   22    8    4    1
   11   11    1   12    3
   26    8    3    2    1
   15   17    7   10    4
   29   17    5    5    1
   22   26    3    9    1
   12    7    3    6    1
   15    3   12    2    3
   13   13   11    1    1
   26   29   11    4    1
   18   17    9    5    7
   23   17   12   12    7
   27   18    6    5    7
   14   27   10   12    1
    5    4    2    1    5
   19   10   12    9    1
   20   30    8    3    7
    8    5    5    5    1
   12   10   11   10    1
    7   14    3   12    1
   14   25    7    5    1
    3   30    9    6    1
   24   27   11    9    6
   21    8   10    8    1
   13   21    5   11    1
    6    6    8   11    6
   22    6    5    3    3
    1    1   10    9    7
    1   23    4    2    1
   26   20    9    6    1
   16   20    7    2    1
   30   13   10    5    1
   21   30    7    6    1
   26    5    5    7    5
    7   10   11    1    1
   17   10    2    6    1
    6   14    7    8    1
    8   11    8    4    1
   13    1    9   12    1
   14   13    7    1    1
   17    2    5    4    1
   30   25    9   10    7
   26   10    9    1    7
   15   26    5   10    7
   28   28   11   10    9
   17   19   10   10    6
   22   28    4   11    5
   11   15    7   12    6
   19   25    7   12    7
   23   16    2    5    3
   24   14    6    7    1
   21   12    9    6    7
    4    6    2    2    7
   23   30   11   11    1
   20   29    8   11    1
   27   28   11    1    5
   19   23    3    4    1
   16   12    9    5    1
   18   19    7    5    1
   22   20   12    2    1
   20   17    8    2    5
   30   26    6    5    1
   10   16    4    4    1
   13   29    5    7    3
   20   24   11    9    1
   16    7    7    2    1
   22   10    3    4    1
   17    1    4    5    7
   25   15    9    6    5
   24    2    7    5    1
   27   12    4    5    1
    7   27    2   11    1
   11   18    5    3    4
    9   22   12    5    3
   26   16   11    9    1
   30    9   12    6    6
   29   30    5   10    1
   21   19    5    3    1
    2    8    3    8    4
    8    8   11    2    6
   13   22    2   10    6
   14   10    3   11    6
    6    2    9    2    7
    7   18    9    5    1
    5    9    5   12    1
   24   22    1    8    5
   29   11   10    1    1
   28   23    8    1    7
   19   20    7    1    5
    7    7    1    7    6
   29    1    3    3    1
    3   11   10    2    1
   12   13    6    6    6
    9   29    2   10    6
   15   14    7    1    6
   21    6    9    7    7
   14    4    1    2    7
   20    8    1    3    5
   28   19   12   11    1
   27   23    6   10    5
    6   13    7   11    7
   30    6    9    7    6
    7   17    4    3    6
   30   18    1   11    1
    9   23    6    4    5
   17   14    9    8    6
    4    3    3    9    6
    6   19    4    8    1
   26   14    8   12    4
   19   22   12   10    6
   25   29    7    7    1
   26   12   12    3    1
   29    3    2    6    1
    2    2    3   12    8
    6   20    9    2    1
   30    4    2   12    6
    1   10   11    2    8
   18    6    8   11    1
   12   23    2   12    6
   12   15    1    3    1
    6    9   10    7    1
   28   17    3   12    6
   29   27    5    3    1
