   10   28    3   12    2
    9   30   10    6    1
    5   17    8    3    4
   12   24    7    1    3
    5   30    9   12    6
   10   10    3    1    5
    4    6    8    7    5
   12    4    5   10    8
   29   29   10   11    5
   10   25   12    8    3
    2   19   11   11    5
   29   26    2   11    3
   29   30   11   12    3
   21   21    4    1    6
   12   23    5    2    1
   19   27    4   10    4
    3   21   11    4    5
   26   14    3    4    3
   21   12    2    7    7
   24    1    4    7    6
    9   17    9   11    3
   14   30    5    8    3
   30   11    9   12    5
   13   28    9    5    4
   19   26    3   10    1
   26    2    3    7    3
   15    6   10   11    1
   14   14    7    5    6
   28   24    1   10    3
   23   14   10    1    2
    8   30    3    8    5
   23   13    9    7    2
   22   25    8    1    2
   30   22    8   11    5
   12    1    9    1    8
   15   10    1    5    4
   20   27    5    5    3
    8   27    2   10    3
   17   28    1    8    3
   16   26    2   12    2
    3   15    3    7    8
   28    8    2    6    4
    4   11    4    6    7
    4    9    8    1    3
   19    9   10    7    7
   26   26    8   10    2
   28   15   10    2    7
    9   25   10   11    5
   17    8    9    2    6
   20   21    2    9    2
   12    2    2    7    2
   28   21    4    3    2
   27   10    2   10    2
    9   29    1    2    2
   18   20    5    6    1
   27    4   11    9    1
   30   26    3   10    5
   19    1    1    7    4
   24    2    4    2    4
   17   17    7    9    7
   16    7    3   11    1
   10   21    2    5    2
    5   28    1    3    2
   25   30    8    3    2
   23    2    8    2    2
    3   20    7   12    3
   13   15   10    2    1
   16    9    9    7    2
   17   26    2    9    4
    9   10    9    1    3
    5    3    8    8    6
   24   16   11    4    2
    6   26   10    3    2
   12   12    4    2    8
    8   22   11    7    2
   24   25    8    3    5
   16   13    6    9    7
   17   25    9    4    2
   20   15    9    5    1
   25   11   11   11    2
   16   17   11   12    4
    2   11    3    6    7
    4    4    3    4    8
   21   17    2   12    3
   27   28   12    3    2
    1   20   12    8    1
    5    4   11    5    2
    9    5    8    4    2
    2   27    7   12    3
   11   15    8    1    2
   11   12    3    2    2
   22   13    2    8    2
    9   12    2   12    2
   29    2   12    2    1
    6    7   10   10    1
    5   18   11    1    3
   19   22    2    9    4
   30   23    7   12    5
   23   21    7   10    2
   27   27    1    9    8
   24   20    7    3    3
   17   30   11    3    1
   16    3    2   10    5
   11    5    7   11    3
    7   30   10    7    2
   13   11   12   10    3
   14   28    3    5    1
    5   24    1    7    4
    4   13    4    9    7
   26    3    1    1    3
    2    8    4    5    2
   30   16    8   10    3
   23   18    1    3    2
   27   21    7    7    1
   27   23    3    8    8
    1    7    1    6    1
   16    2    1    7    1
   26    5    3    5    3
   29   15    6   12    6
   18   13   10   12    7
    7   23    7   12    4
   24   17    7    6    3
    1    1    4    7    7
    7   25    7   12    5
   19    8    1    3    2
   30    1    1    8    3
   16    6    2   10    1
   27   17   10    4    3
   18   18    6    9    6
   12   29    1    7    4
   23   16   10    2    3
   28    1    7    8    4
    7    9    7    7    6
   18   24    9    1    3
   19    6    9   10    5
   13   26   12    5    6
   18   25    8   10    3
   11   23    9    7    1
   28   22    9    8    3
    6    2    8    3    4
   23   28    7    9    3
   20    6    2    3    5
   29   17    7   12    1
    9   20    7    7    1
   30    3   10   10    2
   11   10   10    1    3
   20   14    8    5    5
    7   24    4    9    6
    6   17   12    6    3
   22   18    7    6    2
   22    9   12   12    2
   11   19   10    4    7
   25   19    7    6    3
    5   15    1    7    1
   13    8    1    2    1
   16   18   12    8    4
   23   19    5   12    3
   25   28    8    4    1
   13    1    4    3    2
   15    4    2    5    3
   15    1    4   10    3
   29   14    8   11    2
   22   24   11   10    3
   21   22    4    5    1
   18    6   10    1    1
    9   13    1    1    1
    2    2    8    7    5
    3    6    9    1    1
    4   23   12    9    2
   17   15    7   12    2
    2   25   11    5    1
   26   12    2    7    3
    7    5    3    5    3
    4    3   10    8    2
   23   24   12   11    4
   12    5    4    8    2
   15   23    6    3    2
    1    8   11   12    2
   16    4    9    2    1
    8    5   12    2    2
   21    2    7   11    5
   16   20   12    5    4
   30   19    1    2    3
   18   17    9    1    3
   27   25    8    1    2
   10    2   10   12    3
   11    3    5    6    7
    5    6    6    4    3
   11   11    9    6    5
   14   12    3    9    8
   22    7    8    2    8
    4   25    5   12    4
   26   23    1    3    6
   15   30    8   11    6
   27   30    2    3    1
   15   27    4    6    8
    5   13    7    3    6
   30    2    2    2    6
    8   10   10   11    3
   22   17    3    8    1
   13    6   11    9    3
   19   24    3   11    6
   16   27    6    4    5
   27   22   12    3    3
    8   12    4    5    1
    8    9    2    3    3
   12   13    9   12    5
   12   30    8   12    3
   24   10    7    9    6
   22   23    9    2    2
   20   28    3    5    3
   23   10    1    3    1
    9   27    9   11    1
    6   12    6   10    4
    1    9    5   12    1
   24    8    6    8    1
    1   23   12   11    2
   17   11    8    5    1
   20    7    8    5    2
   15   14    3    8    1
   11   24    6   10    2
    3   24    7    3    7
    1   25    2    9    3
   18   26   10    3    4
   10   22   10   12    6
   11   16    3    1    3
   14   18    7    4    1
   25   14    8    2    1
    9   26    8    3    3
   30   24   12    8    5
   28   28    7    6    8
   18   10    1    1    6
   15   24    4   11    3
   16   16    3    8    2
   19   13    5    4    4
   22    4    1   11    1
   19   16   10    3    3
    2   20    9    3    5
    7    4    9   11    3
   16   25    4   11    1
   14    3    8    6    3
   21    8    8    8    5
    9   23    5    1    4
   21   18   12    3    1
    1    2    3    7    1
   24   29   11    3    3
   24   21    6    1    6
   10   19    4    6    3
   18    2    4    7    3
   22   29    8   11    2
    3   18    3    2    3
    1   26    5   12    2
    2    3    3   12    3
   12   17    6    2    4
   15   25    2    4    6
   28   29    7    9    2
    8    6    5    4    4
    9   21    8    9    1
   23    6    2    3    1
    7    7   12    6    4
    8   23    6    7    2
   12   22   10    8    3
   21   13    1    5    3
   24   24   11    4    7
    8    7    1    3    2
   14    2    9   11    3
    2   28    8    5    1
    3   12   11    7    2
   22    5    2    8    4
    5   19    9    3    6
    3    3    2   10    2
    5   21    4    4    3
   14    5   11   10    3
    1   17   11    5    2
   16   14    7   12    2
   17   19   10    7    1
   18    8    6   10    3
    6    6    5    7    5
   20   22    1   10    3
   17    4    8    4    2
    3   29   12   11    2
    1   10    4    3    2
    3    8    3   12    7
    7   18   11    4    3
   26   28   11    4    2
   27    7   11    8    5
   11   26   12   12    2
   19   18   12    4    6
    4   10   12    5    2
   19    3   11    1    7
   22   14    7    9    2
    5    1    7   11    4
    5   10   10    2    7
    1   29    8    8    2
   11   18    6   11    4
   22   11    6    3    1
    5    5    5   12    3
    7   19   11    5    2
   25   13    3    4    2
   25    6    7    2    1
    4   26    1   10    3
    8   25    1    3    2
   16   28    9    4    4
   21   16   11    6    2
    9   15    8    4    3
    2    5    4    5    2
   25   29   11    6    2
    4   19   10   11    6
    8    4    6   10    5
    8   16   12    4    2
    4   14    7    9    3
    1   22   12    5    2
   30   30    5    2    2
    2    7    2    3    1
   22   16    6    6    2
   28   30    7   10    2
   14   24    5    3    1
   12    7   12    9    6
    1   14    1    9    3
    3   25    5    2    1
   26   21    8    2    1
   29   10    2    1    7
    5   29    5    3    3
    7   29    2   10    5
   19   20    5    4    6
   21    7    7    2    4
   19   15    6    7    6
    2   22    1    7    2
   13   24   12    8    1
    5   25    3    5    1
    1   27    2   12    2
   17    7    1   10    1
   15    2    2    4    4
   22   15    5   11    3
   20   20    6   10    6
   18   15    7    8    3
   30   21    4   11    3
   11   21    1    6    3
   15    8   10    1    1
   13   10    9    6    6
    7   15    2    9    1
   15   21    7   12    3
   27   14    1    9    2
   13   17   12    8    2
   27   12    3    3    2
    1    3    5    2    3
   24   27    4    2    1
   29    6    6    1    1
   24    9    5    8    1
   28   19    7   11    4
   28    7    3    5    3
   11   29    5   11    5
   29   18    3    5    4
    2   13   11   11    7
   22   26    2    4    6
   23   17    3    1    3
    1    4    2    3    6
    4   18    9   11    1
    4   24   12   10    2
   15   15   11    8    8
   10   20    5    7    1
   11    1    1    7    2
   22   22   12    2    4
   30   20    4    5    1
   14   11    3    5    1
   10   26    8    8    4
   12   28    5    1    2
    3   27    5   11    2
   28   18   12    3    2
   20   13    4   10    3
    8   26    9   12    1
    6   22    6    4    3
   17   20   12    6    3
   27   13    3    6    5
    2    4   11    2    6
    9    9    4    6    7
   16   15    3   10    3
   29   23    2   10    1
   24   26    6    8    3
   29   21   12   10    2
   25   12    3    8    1
   10   17    1   10    1
    9   18    1    3    1
   14    8   11   11    1
   13   13   10    9    6
   14   19    8    7    4
    7   11    4    3    3
   11    8   12    1    4
   12   15   12   12    3
   12   16    4    5    2
   29   13    4    4    3
   30    4    2    6    4
   17   14    2   12    1
    6   10    1    4    1
    4   21   11    2    4
   27    5    9    3    3
   23   25   11    8    2
   27   29   10    5    2
    4   29    4    6    3
   16   10    5   12    2
    6   11   12    3    6
   20   23    7   11    5
   10   14    9   10    4
   25   20    6    1    1
   23    5    1    9    3
   11   27   10    1    2
   26    7    3    2    2
   27   18   12    8    4
    4   20   11    4    6
    2    9    2    6    3
   25   26    2   11    2
   24    6    9    2    3
    3   23    5    1    2
    9   11    3    3    2
   18    1    1   12    5
   13    7    6    7    3
   25   25    2    5    3
   16    1    7   12    2
   20   26    9    5    3
   22    3    2   10    4
   30   10    3    3    2
   10    7   12    6    2
   13   14   12    2    3
    4   28    9   12    2
   14   21   11   10    3
   10   12    1    6    3
    8   29   11    3    1
   19   19   10    4    3
   17    3    3    9    3
    5   20    3   11    3
    9    3   10    9    2
   21    6   11    6    4
    9   14    8    6    1
   30   18    4   11    3
   12   20    3    7    1
   14    6   12   12    6
   12   18    8    8    5
   26   27   12    5    3
    9    6   12   12    1
   17    2   11   12    3
   19   21    6    4    6
    1    6    6    5    4
   20   29   10    7    2
   28    6    8    8    3
    8    8    1    4    2
   19   12    3    7    2
    6   30    2    6    1
   10    3   11    7    3
   14    7   10    5    2
    3   28    1    7    2
    3   13   10    6    2
    1   21    2    8    2
   15   26    4    7    8
    7    3    8    6    3
   30   13   12    1    3
   11   20   11    9    4
    8   20    2    6    2
   28   11    9    8    6
   16    5    5   10    4
   19   29   12   12    3
   23   23   10    7    2
   21   25    1   10    3
    6   27   10    2    3
    9   28    8    5    2
   16   29   12   10    2
