    1   16    6    2    6
    4    8    9   12    3
    4   30   10    5    3
   19   11    5    1    1
    9   12   10    7    1
    2    7    8   11    1
   29   26    8   10    4
    2    1   11    6    6
   15   15   12    7    6
    9   14    5    8    1
    1   20    8   11    4
   27   21    5    2    6
   13   18    3    7    2
   24    5    7    8    1
    4   18   10   12    1
   11    8    2   11    3
   21   16    6    9    4
   10   18    9   12    5
   21   19    5   11    4
   21   21   11    8    7
   15    6   11    1    5
   27   15   11    7    6
   17   17    2    5    7
   14   27   12   10    4
   23   21    4    4    3
   23   24   11    2    1
   24   17    8   10    2
   28   27   10    9    1
   18   20    5    3    4
    2    6    4    8    3
   12   26    4   12    1
    6   21    2   12    5
   15   14    6    4    4
   13   24    7    9    6
   25   10    7    4    4
   12   20   10    5    3
   15   11   12   11    1
    5    1    4    7    4
   10   15   10   11    3
   26   19    7   10    2
    5   26   10   11    3
   17   30    8   10    6
   20   11    8    2    6
   20   16    6    7    5
   12   18   11    2    6
   23    1    9    9    3
   30   19    7   11    4
   28   15    3    2    7
   19    3    8    2    4
   20    8    6   10    3
   24   20    2    6    1
    9   18    3    1    3
    7    8    1    8    8
   13    7   10    6    7
    9   22    9   10    4
   13    9    2    5    4
   15    1   11    7    5
   11    6    8    7    7
   16    5    1   11    4
    5   27    1    7    3
   13   10    3    2    4
   17   28   10    8    6
    8   29   10    2    4
    7   17   10    7    6
   30    1    4   10    7
    5   28   10    6    8
   14   18    7   10    5
   27   18    1    1    7
    8   22    3    1    7
   28   26    5    5    4
   23   30    6   12    3
    4   21    3    1    4
   25   30    9    3    7
   27   19    9   10    4
   20   14    5    9    5
   25   13   12    4    6
    1   14    1    6    8
    9   26   12    2    8
    9   28   10    7    8
   30   11    1    5    7
   17   22    6    3    6
   17   23    4    5    4
   21   24    2    3    4
   21   12    4   12    8
   10    8    9    9    5
   26   13    7    7    6
    6   10    5    3    4
   27    6    7   10    3
   27   22   12    4    4
   20   19    8    7    4
    3    8    6    4    6
   17    6    3    6    1
    1    7    8   10    7
    2    2    9    1    6
    5   29   12    7    3
   28   28   10    6    9
   10   16    8    2    6
   25   21    8    1    4
    1   26    1    5    3
   29    2    8   11    2
   24   10    1    4    1
    6   23    7    4    4
    7    7   12    2    9
   10   21    1    4    6
   13   14   10    7    7
    8    5    5    4    9
   20   25   11   10    6
   22    5    1    8    4
    7   24    9   11    6
   12   25   11    1    3
   24    8   10    9    2
    1    4    5   10    8
    5   20   12    9    5
    9   24    4    5    4
    1   21    5    8    6
    9    9   12    5    7
   13   20    5   11    6
   12    1    2    1    4
   26   22    6    1    2
   30   13    5    8    1
   24   24    9    1    7
    2   15   11    8    9
    3   23    4   12    6
   26   17    3    1    5
   26    8    5    8    4
   15   25    7    5    4
    3    4   10   12    7
   30   22    6   10    6
   27   29   12   10    3
   15    7    5   11    3
   17   18    3    8    9
   16   14   10    1    7
    7   18    5    2    4
   15    8    8   12    7
   11    1    8    4    9
   16   24    3   12    6
    6   25    3    3    5
   26    2    5    2    3
   24   28    9    2    6
   24    4    9    4    8
   19   29   11    7    4
   19   15    5    9    6
   21   13    2    1    5
   12    5    6    5    4
    9   17   11    6    3
   14    5    9    1    7
   19    1    3    3    6
   14    8    1   11    5
    9    6   12    3    4
   23   13    5    5    2
   25    8   12    6    5
   25    9    2    9    4
   15   21    8    7    7
   14    7    5   12    5
   25   29    8    9    2
   19    7    9   11    6
   24   29    1   12    3
   27    2    7   10    8
   11   26    3    2    9
   30   21   10    5    9
    7   10    5    3    7
   30    6    6   11    4
    2   14    9    5    7
   16   29    1    2    9
    6   29    7    1    9
   20    9    8    2    5
   30   26    6   12    6
   14   19    7   12    7
    5   10   12    1    8
    5   30    5    9    8
   14   30   11    5    9
   21   17    3    6    6
   12   14    2    3    9
    7   23    3    4    5
   18   19    5    2    3
   24   11    7    9    2
   18    6   12   11    1
   28   13    3   11    2
   10    2    4   11    7
    3   14    4    1    6
   20   20    1    5    9
    8   19   11    3    7
   28   30   11    9    4
    2    9    2    4    6
   11   11   12   11    9
   18    5   12    1    6
    7   11   10    4    4
   10    3   11    5    4
   27   12    5    3    1
   20    2    8    4    8
   18   30    9    9    9
    6   14   12    8    7
   29   20    1    9    3
   14   22    5    4    4
   23   23    4    3    7
   21   22    4    5    9
    6   13    7    3    7
    5    5    2    5    9
    3    6    2    5    5
   23   18    7    2    3
   18   28    6    7    2
   24    3    3    4    7
    4   19   11   12    9
   12   10    8   12    1
   11   14    5   12    3
   18   11    1    7    5
   23    4    2    6    4
    4   29    8    6    2
   29   29    7    3    7
    3   16    8    2    5
   13   15   12    9    3
   27   17    4    3    1
   24   27    2    5    4
    3   25    1    6    5
   15   12    9    3    1
   17   29    2    9    6
   13    5    2    8    7
   14   10    4    9    1
   16   28    6    5    7
   22   12    3   12    3
    6    6    5    4    9
   24   15    9   12    7
   22   13    3    3    4
   26   23   11    2    9
   15   26    6    2    3
   23   16    2    3    3
   11   29    9    6    1
   11    9   10    3    2
   21    7   12   12    5
    4    5    4    9    7
   28   20   11    4    3
   26   16   10    8    3
   15   20    7    5    6
   11   22    1    9    5
   14   23    6    3    9
   24   30    3    6    5
   10   20    6    6    7
    3    3   11    2    9
   26   20    6    1    9
   18   21    6    6    7
   29   21    6    2    1
   21    2    9    4    1
    7   12    8    1    3
    7   30    8   12    1
   25   18    5    5    3
   27    3    3    4    1
   21   26    4    1    1
    3   29    2    5    2
   25   23    3   10    4
   10    4    7    9    5
    2   17   11    9    7
    5    9    2    1    6
   12    2    5    9    1
   29   12   11   11    4
   20   30    7    8    9
    3   28    9    3    3
    7    5    8    3    2
   28   19    8    1    1
   25    7    2    9    6
   10   10    7    1    4
    3   11    5    9    7
   25   25    1    3    7
    1   24    9   10    3
   29   10   10    9    4
   27   25    1    6    1
   26    6   11   12    2
   23   29   11   12    1
   15   17    7    1    6
   12   12    3    6    9
   13   13   11    9    9
   29   18    9    5    7
   28   23    2    6    5
   16    6    3   10    1
   17   16    3   11    8
   15    4    7    4    5
   28   14    4    6    3
    2    5    1    7    4
   30   27   12    1    2
   26   26    7    8    1
    7    6   12   12    1
   29    1    8    9    4
    9   16    3   11    5
    3   15    1    7    4
   16   13    4    1    3
   19   13    2    3    1
   24   12   12    9    4
    2    3   10    5    3
   22   29   10    9    4
   16   15    9    3    6
   12   16    2    9    1
    6    8   11   10    1
   25    1    1    3    9
   15   29    9    9    2
    5   19    8   11    3
   13   27    3    5    2
    1    1    2    1    7
   28    1    3    3    1
   27   10    2    9    1
    7    3    2    7    9
    4    4    4    9    6
   18   18    1    6    9
   15    9    7   10    5
   21    3   11    5    4
    7   22    1    9    7
   28    8    9    9    2
   24    6    2   11    1
    8   17    1    8    3
   16   16   12    8    8
   18   26    8    2    9
   19    6   11    1    4
    4    7    9   10    6
   30   29    9    6    3
    6    1    7    7    3
   28   11    5    1    3
    7   26    6    6    8
   28   10    4   11    3
    4   26    2   12    9
    6   12    7    5    6
   18    8    8    2    8
    8    8   11    7    9
    4   27    7   10    3
   19   23    7    7    2
   24   18   10    6    2
   12   23    8    6    1
   24    2   10    8    3
    9    3    3   12    2
    9   10    5    9    8
   26   10    9    3    5
   15   22   10   12    6
    5    6    8   10    2
   26   24   12   10    3
   28    4    7   10    5
   16    7    8    1    4
   19   12    3    9    7
   21    8   11    9    4
    7   28    7    3    3
    3    1    4    4    8
   19   25    7    4    4
   26   25   10    5    9
   22    6    6    5    2
    4   25    6    9    9
   13   29    1    8    9
   11   25    9    1    3
   13   17    6   10    9
    9   23    1    3    2
   28   21   12    8    9
   22   24    1    8    9
    1   10    5    3    3
    2   28    7    7    3
    8   16    9    5    9
   13   11   12    2    8
   12   17    3    5    7
   26    3    5    7    3
   17    4   12    4    2
   25   22    3    7    7
    1   13   11    6    6
    9    1    5    6    4
    2   25    3    5    5
   21    9    3    7    8
   10   30   12    3    9
   16   11    6   10    8
   11   17    3    6    9
    9   27   10   11    3
   13    2    3    3    7
   15   30   12    2    9
   24   19    9   12    5
   20    7    7    1    1
    4    2   11   11    6
    2   16   12   11    3
    4   12   12    1    1
    4   14    3    5    2
    7   27    2   10    2
   10   23    9    8    1
    2   18    6    2    7
   27   23    6    4    8
   14   17    1    4    9
   20   17    6    7    9
   12   13    7    3    3
   19    9    9    3    4
   25   14   11    7    7
    2   30    6   10    9
    8   13   11   11    3
   29    9    5    8    5
   10   11   12    9    3
   18    3    8    1    8
   23    8    3    4    3
   16   25    9    1    2
    8   12    6    9    1
   29    7   10   11    3
   16    4    7    3    8
   12    3    6   11    4
   14   24    6    6    5
   27   27    9    5    2
   27    1    3    7    1
   23    5    1    5    1
   13    3    9    4    8
   25   24   11    5    3
   28   25    7    5    2
   23   20    6    5    4
    8   27   10   12    1
   30   16    3   11    4
    2   22   10    4    5
   30    8    3    2    4
   15   18    5   10    7
   20   22    6    6    6
   22   19    4    5    6
   28   22   12    9    6
   10   22    6   12    5
   12   11    6    8    8
   15    5   11    9    6
   14   21    3   11    7
   12   28   12    4    7
    6    4    3    1    4
    5    3    5    8    9
    3   20    8    9    3
    5   11   11   12    6
   10   19   12    4    9
    7    9   10    3    6
   23    2    2    9    7
   17    3    8    1    2
    9    4   12    9    2
   19   16   11   10    2
   14   26    5    4    9
   30    3   10    6    3
   22   18   11    8    7
   28   29    4   11    1
   30   30    7    8    8
   19   17    5    1    9
    4   11   12    8    8
    4   22   11    8    7
    9    8    7    2    7
   16   27    5   12    7
   18    1   11   12    7
    1   22   12    5    1
   14   29    6   11    8
   26   27    9    8    8
    1   17    4    4    9
   17   25    2    9    9
    5   25    7   11    1
   30    9    3    2    3
   20    4    7    5    4
    6   28    4    4    1
   30   12    1    3    1
   11   27    3    3    2
   19    2    8    9    8
   10   17    1   10    7
   23   15    6    4    5
   23   11   10    1    1
   22   23    1    6    1
   22   16    9    3    4
   14   14    4   11    8
   19   19   12    4    9
    2    8    4    2    7
   27   20   10    4    7
    4   13    4   11    7
    5   17    9    5    7
    6   20   10   10    3
   21    5    3   10    5
   11    2    8    7    4
   11   21   10   10    3
   21   20    3    1    1
    8    1    1    2    3
   18   16    6   10    7
   22   22   10    5    8
   22    3   12    6    9
