   22   27    5    9    3
   17   15    7    1    3
   25   18    3    4    6
    7   24    7   11    4
   30    1   11    6    1
   15   14    2    2    1
   25    3    3   10    3
   27    7    9   11    1
   26   14    7   11    3
    6    4    4    1    1
   27   15    1    3    6
   28    3    4    9    2
   18   16   11   11    1
   30    3   12    5    4
   29    1    3    8    4
    7    2    7    9    1
   14    5    3    7    4
   15    3    7   11    2
   21    7    3    8    1
   10   17    8    7    1
   27   19    7   10    3
   17    5    1    5    2
   23   12   12    4    4
   26   26   10    6    5
    9    3    5    9    3
   15   16    5    8    2
   22   24    1   10    3
    2    9    9    6    3
   19   25    9    8    2
   28   23    5    8    4
   27   17    6    6    4
   13   16    9    2    5
    9   26    8   12    4
    7   25    4   10    3
    4   21    4    3    6
    9    7    1   10    2
   11   19    5   11    5
    9    9    4    5    8
   17    7   10   10    3
   14   21    5   11    6
    1    4    5    6    3
   21   23    1    6    2
   18   28    4    6    3
   11    1    2    9    3
   14   19    9    2    2
   14    7    6   10    2
   16   10   10    6    2
    1   12    2    5    3
    8   25    9    1    2
    7   15    4   10    1
    9   15    2    4    4
   30   11    5    1    2
   29    9    7    3    2
   30   20    2    1    2
    2   24    2   10    2
   30   21    2   12    6
   24   18    8   11    1
    2   21    5   10    7
   18   13    6    6    5
   21   27    9    5    7
    5   27   12    6    2
   17   26    8    5    2
    6   15    5   12    1
    6   25    3    5    1
   24    8    3   11    3
   18    6    8    3    2
    2   25   12    5    1
   29   19    7    6    1
   23   29   11    3    1
    7   11   11    6    1
    3   10    8   12    2
   22   22    8    6    2
    4   22    5    9    3
    6   29   11    9    1
   14   17    7   11    4
   15   15    4    6    6
    3    6    1    9    4
   24   21    3   10    2
   30   26    8    9    5
   21    5    2    8    1
   20   10    3    6    2
   30    7   10    8    2
   15   18    9    8    7
   10   18    6    4    3
   27    9   10    4    4
   26   20    2   12    2
   10    4    3    9    3
    1   20   11   10    6
   23    6    2   10    2
   27   25    9   11    3
   15   20    6    9    3
   19   12    8   12    2
   21   12    1    1    8
   30   13    6    5    2
   14   14    3    6    6
   29    7    3    3    3
   24   19    6    6    5
   10    2    4    2    1
   20   22    1    4    2
   23   18   10    1    3
   14   29    7   11    3
   16   29    4    4    2
   12   29    6   12    1
    6   27    5   12    1
   22   15    9   12    3
    7   20   12   12    2
   13   25    1   12    2
   23   22    3    9    1
   18   27    5    2    4
   17    8    7    2    4
   10   25    5   10    3
    1   26    5    8    2
   13   13    8    6    3
   28   14    8    2    2
   20   27   11    4    2
   23    4   10   11    2
   22   25    9    3    2
   23    3   11    9    1
   14    2    5   12    4
   16   21    6   11    3
    7   18   11    5    2
   24    6    2   11    2
   26   16    8   11    2
   17   21    4   12    2
   13    9    3    5    4
   19   22   12    1    2
   10    7    5   10    2
   27   14    7   11    4
   11   21   12    3    2
   12   12   12   11    9
   15    5    4    4    3
   16   16    6    2    2
   11    5    7    2    3
   27   26    7    1    2
   19    6    5    8    3
   29   22   10    9    2
   14    6    2    9    3
   16   30    2    9    5
   18    3    2    6    3
   27    2    4   10    2
   29   27   10    2    1
   18    8   10    5    3
   23   19    7    4    4
    2    2   10    6    7
   12   22   12    3    2
   27   30    2    4    2
    7    8    7    5    5
   20   17    6    3    3
   21    1    4    2    2
   20   20    5    6    2
   16   11    2    2    2
   18   22    6    3    2
   15   13    9    7    2
    1   19    8    8    4
    4   25    1    3    3
   17    4    6    8    2
    2   23    2   12    5
    9   30    1    6    3
   20    5    7   12    1
   13   29    1    3    3
   23   24    6    7    2
    7   28   10    7    1
    5   28    9   12    1
   13    2    7    4    4
   25   25    8    4    4
   12    6   12    7    5
   11    6    3    6    5
   27   24    2    7    2
   20   18    1    3    5
   12    4    8    1    3
   22   16    4    9    1
    9   24    9   12    1
   18    5    9    5    1
   14   13    1    9    3
    4    4    2    3    4
   19    3    2    4    4
   13   19   12    5    2
   15   26    9    7    4
   30   17    5    3    3
   22    5    8   11    2
   29   20    4    4    2
   26   19    8   12    2
    8    6    5   10    3
   11   11    9    7    3
   28   29   10   12    2
    6   26   10    4    7
    7    6    2    6    3
   22   14    2    9    2
   11   27    3    5    2
   24   30    6    2    5
   19    8    6    7    6
   17    9    1   11    4
   14    9    4    9    3
   12   17   12    5    2
   28   24   10    9    1
   14   10    6   12    2
   11   28    2    6    2
   18   17    7    5    6
   29   18    2    5    5
   13   20    9    5    3
    9   20    7    8    2
   29   11    2    2    2
   16   28   11    6    2
   28   26    4    6    2
    8   16    8    9    4
    1    7    2   11    2
   29   10    2    8    5
    9    1    7    4    3
    3    8    1   12    3
   11    9   12    6    2
   18   26   12    9    4
    1   27   11   10    3
   30   15    4   11    2
   26   11   10    4    2
    5    2    9    6    2
   18   11    1    7    3
   27    8    4    7    2
   10   21    1    5    2
    8   30    2    9    2
    8    4    7    5    5
   11    4    5    3    7
   28   25    5   11    3
   29    5    1    2    2
   21   22   10    6    2
    4   27    2    4    2
   22   28   11    3    2
   14   11    7    7    5
   10    9    7    4    3
    2   11   10   12    2
    6    5    8    2    2
   24   15    3    1    2
    3   13    5    9    5
   12   24    4    9    1
   21   25    2   11    2
   29   21    6    9    1
    6   22    7    7    1
    4    5   10    6    2
   11   20   10    6    2
   15   21    6   11    2
   19   28    4    5    4
   10    6    4    9    1
    3    1   11    5    3
    9    6    7    5    2
    8    8    3    1    4
   14   20    5   11    3
    9   25   10    1    2
    8   14    1   11    6
   28    1   10    2    4
   19   21    8    1    2
    2   12   12    7    2
   23    7    3   11    1
   22   11    2   12    2
    4   20    6    6    3
   17   25    2    8    2
   28   10    7   12    2
   20   28    3   10    1
   12   14    9    3    7
    9   28    2    8    3
    3   12   11    9    2
   30   23   10    3    3
   21    9    1    1    2
   20   19    1    2    1
   29    3    5    7    1
   17   24    4    7    3
   10   12    9    8    1
    8    2    8   11    2
   13   21   11    2    2
    3    4    3    9    2
   27    3    3    9    1
   13   22    2   11    2
   18    4    9   12    3
    3   22   10   12    2
   23   20    3   11    2
   26   21    8    5    2
    4   19   10    6    6
    2   17    6    6    5
   30    5    5   12    3
   30   29    5    2    2
   15    2    2    4    2
    5    9    3   12    2
   28   30    4    4    1
   26   24    3   11    2
    5   16    2   10    4
    8    5   10    8    4
   19    2    5   10    3
    6   16    8    9    2
    8   28    3    3    2
   16   12   12   11    3
   19    5    9    8    2
   23    1    1    4    4
   12   26    4    8    1
   29   15    3   11    3
   13   12   10    8    2
    1   13    8    9    4
   25   26    6   10    6
   14   24    1    2    3
   29    8    7    9    1
    7    7    2    4    2
   30   19   12    2    3
    2    6   10    5    1
   12   25    7    3    3
   25   29    3    3    2
   26   10   11   11    6
   25   20    4    6    4
   30   18    5    1    5
    4    9   12    1    2
    2   30    3    3    1
    5    1   10   11    1
   27   28    4    8    2
   29    2    8    6    2
   22   17    8   11    1
   23   15    9    7    2
    4   24    8    9    3
   21   28   11    9    2
   23    8    2    6    1
   17    3    4   12    1
   26    2    1   10    4
   10   23    9    4    1
    7   19    1   10    3
   12   28    8    9    1
   14   18    2    1    2
   18    9    1    7    6
   26   22   11    7    3
   17   19    9    1    2
   16   17    1    9    1
    1   15   12    7    1
   17    1   11   11    3
   30   30    9   12    4
   12   18    2   10    3
   23   17   12   11    2
    3   11    5   11    2
   12    8    9    5    2
    2   22    1    7    2
   27   13    1   12    2
   16   20    7    7    1
   13   28   12    4    1
   16    4    7    5    1
   25   11   10   11    3
   13   23    7    4    2
    7   16    2    2    1
   26   13    4    9    2
   10   13    8    4    3
   17   28    6    1    2
   28   15    6    6    2
   26    7    7   10    1
   12   15   11    4    2
   18   18   10   11    4
   29   26    6    6    4
   14    1    9   11    3
    5   23    4   10    2
    5    5    9    1    2
   13    6   12    5    1
   29    4    1    5    2
   20    3    7    5    1
   11    8    3    7    2
   26    3   12    5    5
    7    5   10   11    1
   19   10    4    1    5
    3   14   11    1    2
   23   27    6   12    2
   22   30   10    1    1
    9   16    5    8    4
   23   11    8   10    2
    2    3    2    6    2
   19   19   11    6    5
    1    6    6    6    1
   14   23   11    4    3
    5   12    1    4    2
    8   10    2    1    2
    5   25    2    1    3
    7   13    3   11    1
   24    3    9    4    2
    5   26    1    4    1
    5   24    8    2    2
   11   10   11    1    2
   16   27    9    1    2
    4   30    1    7    1
   24   24    6   11    2
   23   26    3   12    3
   24   16   10    8    3
   15   19    6    5    2
   19   18    4    5    3
    3    7    6    7    2
    8   26    3    4    3
   24   20    3    9    2
    1   22    1    4    2
   25   24    1    6    2
   10   24    1    6    2
   29   29    3    5    3
    6   17   10    9    2
   25   30    5    9    2
    9   22    2    5    3
   11   17    6    6    2
   12   11    7    6    4
    6    6    5    7    1
    6   28    2    4    1
    8    1    2    7    2
   21   18    5    2    2
   13    4    7   11    3
    2   20    5    9    2
    9   23    9    3    1
   28    4    9   12    1
    1   18    1    2    3
   19    9   11   10    2
    1   10    1    1    2
   10    5    1    1    1
    4   15    9    8    1
   15    8    3   10    1
   17   29    2   10    2
    1    2    1    4    3
    5    3    7    1    4
    9   12    4    1    2
   28   28   10    7    3
   21    6    6   11    6
   11   24   12   11    2
    2   18    7    5    4
   10   27    4    9    2
    8    9   11    9    2
   23   23    2    9    4
   30   10    1    7    5
   13   17    6    8    3
   13    5    4    9    2
   26    4    8    1    2
    3   21    7    6    2
   28    2    4    3    1
   30   14   10    6    6
   16   25    3    1    2
   14   25   11   12    3
   12   27   10   12    1
    7   22   12    7    1
    8   13   12    5    3
   25   23    2   10    1
   16   19    9    9    2
   24    1    2    4    5
    4    2    3   12    2
    4   14    1    6    2
   20   21    8    3    3
    1   16   12    8    2
   17   17    3    2    3
   30    6    7    3    2
   13   11    2    1    3
   25    1   12    3    2
   15   10    7   11    4
   22   10    4   12    2
   21   21    3    8    7
    1    1    2   11    4
   11   15    9   10    2
   20    6    3   12    3
    8   21   11    6    2
   10   10    2   10    4
   16   23    9    8    1
   14   16   11   12    3
   12   30    8    3    1
   13   24    4   10    1
   27   27    4    5    2
    7    4    6    6    1
   15   25    6    2    1
    8   20    1   11    2
   20   12   11   12    1
    3    3   10    6    5
   16    2   10   11    4
   16    3    9    2    2
   22    8    7    9    1
   29   24   10    9    3
    7   12    1    3    2
