   13   27    6    1    7
   30    7   12   12    3
   25    6    2    5    1
    2    7   12    7    3
   29   16   12    5    2
   14   30    5    1    7
   25    1    7    9    8
   28    4    4    7    2
    8   28    1    2    6
    9    9    1    3    9
   27   25   12    2    3
   16   25    4    9    3
    2   26    6    2    6
   17   11    8    5    6
   20    9    5    2    2
   20   20    4    1    2
    4   18    3    4    7
   12   15    8    2    2
   15   25    8    4    2
   13   26    4    9    3
   12    4    6    3    9
   18   17   10   10    6
   22   22    8    5    2
    6   26    9    9    1
   19   19    3    9    8
   18   28    5    8    6
   20   23   10    9    7
   30   30   12    9    3
   19   15   11    2    2
    1    5   10    6    6
   19   29   11    9    1
   18    7   11    2    7
   18    1    8   12    2
    7   17    7    4    4
    5   17    4    6    3
   14    7   12   11    4
   19   16   10   11    6
   11   23   12    3    3
   13   28    1   12    3
    3   15    5    9    7
   17   10    4    5    3
   23    6    3    7    1
    1   16   12   12    5
   17   28    8    7    3
   21   19    8    6    8
    4    8    9    8    7
    5   18    5    7    2
   23   26    9    7    5
   20   26    3    1    7
   25   14    4    4    7
   28   25    9   10    3
   20   13   12    8    2
   12   16   10    4    2
   20   11   12   10    3
    6   15    6    9    2
   11   30    8    8    7
   16    3    4    6    5
   24   23    9   12    4
    8    8    9    5    8
   19   24    1    8    3
   19   22    5    1    3
   22   14    8    5    3
    7   19    8    8    5
   21   13    6    8    6
   21   26   11    9    7
    8    3    6    4    4
    4    5   12    5    4
    1    3    8   10    8
   15   20    6   11    8
   13    1    8   10    4
   15   11   12    8    4
   30   13    8    5    8
   29   12    2    7    4
   28   14    6    5    5
   18   21    2    1    3
   28   29    1    8    4
   30    2    5    8    8
   20   10   11   11    8
   24   14    3    9    3
   11    6   12   10    3
   17   17   10    9    3
    4   11    9    1    3
   25   11    7    2    3
   11    1    5    7    3
   15   24    7   11    4
   21   20    3    9    8
   15   30    7    9    4
    8   26   12    4    4
   12    7    6    2    8
   20   18    7   10    4
   27   18    1   10    4
    4   27    4   11    8
    9   23    4    7    8
   30   12    7    9    7
   24    1    5    6    3
   15   14    9   10    4
   25   19   10   10    2
   17    2   11    9    7
    2    4    1    7    3
   15   13    8    3    2
    5    6    9    1    2
   17   21    7    6    5
   30   24    1    7    3
   12   11    8    1    6
   23    7    5    4    3
   17   15    3    4    4
   30   25    2    2    1
    3    4    9    6    2
   29   11    7    7    8
    6   30    5    9    4
   10   23   11    8    2
    1   22   12   12    4
   16   21   11    4    8
   22   26    1   10    2
    5   19    3    5    3
    1    1   12    4    4
   17   26    6   12    2
   27   27    1    5    7
    1   15    2    9    4
   11   11    7   10    3
   20   29    4    5    2
   29   30   10   10    4
   25    7    5    1    4
    6    1    9    8    8
    9    6    8    3    4
    7    9   10    1    4
    2   12    1    9    4
    1   12    1    4    5
   12   17   12    3    8
   10   19    7    3    8
   18   30    1    7    8
   23   21    7   10    4
   18   10    6    1    8
   15    2   12   11    7
    8   29   11    1    4
    3   18   12   12    3
   10   28    3    1    4
    3   29   10    1    4
   16   16    7    5    8
    1   21    1    5    4
   22    4    6    3    4
   30   17    7   11    3
   10    2   12    7    3
    4   21    5    8    8
   15    4    3    2    5
   14   20    6    7    7
   19   14   11   12    4
   22   30    9    5    4
   11    8   11    5    4
    8   23    3    8    4
   25    8   11   10    4
   24    6    4   11    4
    4   20   10   12    8
    4   23    6    2    8
   29    1    7    4    8
   15   29    5    7    4
    2   22   10    1    5
   13    8    9    5    5
   26   15   10   10    6
    9    2   10   10    8
   11   18    3    4    7
   26   29    8    6    6
   27   19    1   10    5
    2    6    4   12    4
   26   19    8    1    5
   20    6    1    4    3
   10   25    5    3    7
   12   18    2    7    7
   24   18    7    7    8
   12   23   12    5    5
   20   28   10   11    4
    2   20    3    6    9
    5   13    9   10    7
   14   26   12    5    7
   16   10    5    1    3
   20   19    7    1    5
   28   28    8    4    7
    7   16    5    4    4
    6    6    7    3    7
   14   18    1   12    7
   13    3    2    8    7
   26   30    1    4    4
    4   29    3    8    7
    6   16    1    6    7
   22   29    3   12    7
    3    2   11   12    8
    9   18   10    2    3
    2    1    5   10    7
   27   16    5   11    8
   22   27    2   11    1
    7   13   11    9    1
   12    3   12    4    4
   13   13   10    1    7
    2   18    8    5    4
   27    9   12    2    7
   21    6    2    1    8
    2    2    2    5    8
   29   23    2    9    4
   23    2    1   10    6
   18   18   11   10    6
   28    5    1   10    3
   25   20    9    2    2
   13   29   10    8    2
    5   29   10    2    3
    3    3   12    5    7
   18   29   12    5    3
    5   30   11    4    3
    2   19    6    5    7
    5   27    5    3    2
   21   28   11    2    6
   28   30    3    1    4
    8   12    2   11    7
   11   14    9    2    6
   30   10    8   12    3
   24   13    1   10    3
   25   26    9    9    7
   15    7    5    4    7
   16    5    1    7    7
    9    8   10    3    3
    2    5   11    7    7
   16   30    7    9    6
    9   10    1    5    4
   12   26   11    9    7
   27    1    3   11    7
   24   24    2    5    7
    5   25    5    8    6
   29   25    5    1    6
   22    6    4    3    7
   26   28    2    7    7
    5   20    2    9    4
    5    8    6    3    7
    1   30    5    3    4
   23   16   10    6    4
   20   24   12    8    4
    4    4    6    7    7
   10   21   10    7    6
    9    1    9    6    6
   25   22   11    4    6
    1   23    2    7    4
   15   15    7   12    7
   16    8    9    5    7
    2   28    1    5    3
    9   21   12    7    4
    3    6    3    6    2
   30    4    1   10    7
    9   22    9   12    3
    9   11    7   10    4
   12   20   11    4    7
   16   11    2    1    7
   17    4   12    4    7
    8   27    9    7    4
   29   27    7    2    6
   20   22    9    9    4
    5    7    5    5    7
   12   27    2    3    7
    4   24    4    1    6
   15   23    1    5    4
   23   17   10    8    4
   20   27   12    6    7
    8    7    2   10    6
   11    7    4   11    4
    3    5    8   10    7
   14    3    6    5    6
   20   30   12    6    4
    1    4    1   12    7
   18   25   10    4    4
   23   23    5   12    7
   11   10    5    9    6
    7   10    6   10    3
    8   18   11    3    6
    9    3    1    9    7
   19   28    1    4    3
   19    3    3   12    6
   11   19    7    9    7
   10    6   12    9    3
    5   24    8    3    6
   21    2   11   11    6
   28    6    5    7    3
   30    9    1   10    4
    7    7    3    8    3
   21   29    3    4    3
   21   11    1   12    4
   17    3    7   10    6
   24   21    5    5    4
   28   24    1   10    3
   11   27    8    3    4
    7   20    1    8    2
    1    8   10   12    8
   27   17   12    9    6
   13   12   12   10    7
    6   19   12    8    2
   16   28   10    3    2
    9   26    6    4    3
    9   16    7    4    3
    8   21    6    1    3
    8   30    3   12    3
   19   23    5    9    4
    9   12    5    5    3
    4   25    1    9    6
   28    7    4    3    3
   10   13    5    8    3
   22   28   11    8    3
   12   25    9   10    6
    1   14    4    4    6
   24   10   11    4    3
   10   12    8   11    1
   26    1    4    2    1
   14   16    5   12    4
   24   25    3    1    1
    4   13   11    5    6
   19   17    2    8    6
   29    6   10    7    3
   24    3   12    3    3
    5   26    6    2    3
    6   13    8    4    2
   10   26    4    4    1
    9    5    2    8    3
   13   14   12    5    7
    1   20   10    4    3
    7    1   10    8    3
   12    5    4    4    7
   23   22    7    4    7
   16   15    8    8    7
   22    3   10    5    3
   16   20   12    4    3
   14    8    4    5    4
    6    8    5    1    2
   14   14   10    6    6
   25    3    3    4    3
    3   21    1    3    6
   28   12    4    9    6
   27   24    6    7    6
   19   12    6   12    7
   15   10   11    6    7
   26    3   10   10    2
   12   24   12    4    2
   14    6    1    6    2
   27    2    7    6    7
   30   27    5    1    8
   29   14   11    6    8
   13   18    9    5    7
   23    5   10    9    3
    7   29    1    8    3
   17   13    2   11    3
    5   11    7    5    7
   21   30    5    3    7
   16   13    5   11    7
   17   24    4   11    7
    3   20   11    2    7
   25   23    3    1    4
   21   12    3    5    4
    1   10    8    2    3
   13    2   11    5    8
   27    7   10    2    3
   24   16    7   12    3
   23   14    3    9    3
    6    7    5    4    6
   26   18    3   11    3
    2   24    2    9    3
   16    2    3    7    3
   21   14    3   10    6
   24    8    6    1    4
   28   27   10   12    6
   18   19    5    8    7
   10   22    5    9    2
    4    9    1    6    2
    2   14    4    7    7
   22    8    1    3    7
   22   18   11   12    6
   22   16    2    4    5
    4   10    2    6    4
   14    9    5    3    5
    4    6   10   12    7
   22   24    8    8    7
   14   12    5   10    7
   24   11    1   11    6
   14    4    6    6    4
   27    6    8   12    5
    7   26   10    3    5
   26   26    7   11    5
   30    3   12    3    3
   14   10    9   12    3
    7   21   11    6    3
    6   12   10   12    7
   10   29    5    7    4
   11   26    3    8    5
   29    2    5    4    8
   29    9   12    5    3
   18   15    1    4    7
   10   10    1    9    7
    1   28    1    4    7
    4   19    9   10    3
   22    5    8   12    7
    8   17    6    4    4
   11   22    2    1    7
   17   22   11   11    5
   19   30    3   11    6
    7   24    9    8    5
   21   15   11    1    6
   17   20    5    4    8
   27   26    9    5    5
   24    9    3    8    8
   12   12    7    2    3
   21   27   12    7    5
   22   13   10   12    7
    5    5    3    8    5
   10    8    8    8    9
   19    9    3    7    9
   21   22   11    6    7
    6   18    9   12    9
   16    4    3   11    8
   15    8    6    7    3
   16   26    1    3    7
   18   16    1    6    6
   14   17    9    9    7
   28   23    8    2    7
   15   22   10    4    7
   14   27    2   11    4
   27    3    4    7    4
    9   15    7   10    6
    4    7    3    6    8
    9   28    5    7    5
   29   17    6    5    8
   28   11    2    9    8
   25   21    3    2    7
    3   10    3    1    9
    2   25    1    1    7
   27   15    2    6    6
   11    2    2   12    8
   11    3    7   11    7
    8   20    2    3    4
   25   25    3    5    3
   24   26    4    1    4
    4   26   12   11    4
   28    3    1   10    3
   13   25   12   11    3
   13   19    7    6    5
   19    1   12    5    7
   29   29    7    9    9
    8   19    7   11    6
   17    6    9   11    3
   13   11    1    6    5
   18   23    2   12    4
    1   17    8    2    3
   15   28    5    7    7
    2    8    1   12    3
   21   21   12   11    5
   12   22    8    5    3
   17   25   10    8    3
   29   24    3    4    3
   16   17    3   11    4
   27   23   12    9    4
   17    9    8    5    4
   21    5   10    1    4
   27   10    6    3    7
   25    9    7    5    4
   23   13    7    9    7
    5   14    6    2    6
    5   15    2    3    8
   13    9   12    7    4
   22    7   10    1    4
    7    3   10   12    4
   30   23    3   12    7
   23    3   12    2    4
   10    5    7   11    8
