   11    8   11    3    9
    2   23    3   10    3
   13   16   12   11    9
   10   29    2    9    3
   22    2    5   11    5
   24   23    7    6    6
   22   10    2    3    2
   17    1   10    5    5
   24    6    3    4    3
   20   19    5    5    1
   13   22    4    6    2
    2   26    8    7    3
    7   26   12    5    6
   13   18   11   12    4
   16   14    6    3    2
   17   17    2   10    8
   24   15    1    4    2
   30   14    4    5    9
    9   13    5    2    5
   25   18   10   12    6
   15   23    8    3    4
    4    1    1   11    7
   12    9    3   12    5
   26    6    6    9    1
    1    3    8    4    5
    3    8    9    5    6
   17    5   11    9    6
   28   25    3    1    4
   19   25   11   12    3
    9    9    1   12    8
    3    7    5   10    2
   30   16    3    8    2
    9    5    7    8    7
    9   23    5   11    2
   10   10    7    1    4
    1   12    9    9    6
   13    2    5   12    5
   27    6    7   12    1
    5   10    5    9    5
    3   14   11   10    4
   26   10    4    1    6
    3    9    7   12    4
   24   17    2   11    6
    4   15    6    1    5
   22   12    7    9    2
   29   29   12   10    9
   20   22    6    5    8
   18   16    7    8    6
    2   14    3   11    8
   14   14   10    9    9
   29   20    8   12    1
   25    8    1    1    1
   16    7    8    8    5
   15   12    2    1    2
    5   13    5    3    8
   10   19   12    4    8
   29   24    2    3    6
    8   30    4   10    2
   16   26    9    2    7
    9   18    3    2    2
    1   29   10    2    1
   28    9    5    2    7
   23   21    4    2    3
    3   16    8   12    4
   23    7    8    2    8
    4   16    3   10    8
    7    7    5    9    8
   17   15   12   12    7
    7   29    7    5    5
   30    6    8    4    3
   15    5    8    2    9
   28   14   12    9    6
   23   23   10   12    2
   23    5    2    3    3
    8   12    7   12    7
    4   22   12    2    6
   26    5    5    2    6
   21   12    1    7    8
   27   17    9    8    5
   22   21    3    6    3
   29   28   11   10    1
   24   22    8   12    7
   30   30    9    2    8
    9   17    7    6    3
    8   18   12   12    2
   10   17    3    2    6
    1    9    4   11    4
   22    5    4   11    4
   14   24    1    2    7
   17    2    4    1    8
    6    9   12   12    2
   24   28    8   12    3
    4   30    3   12    2
   13   14   11    6    6
   30   23    3    8    7
    8    9    7    6    5
   12    5   11    2    5
   10   30    4   12    7
    3   13   12    1    7
   25   25    7    5    3
   23    3    4    8    3
   19    6   11    3    2
   30    5    2    3    8
   20    2    7    5    7
   22   27   12   11    4
   17   25    8   11    5
    5   29    7    7    2
   18   19    7    3    6
   25    2    8    4    7
    4   11   12    1    5
   26   23    5    8    6
   19   29    3    8    3
    5   18    6    4    7
    9   11    3    7    2
   30   17   11    4    7
    6    7    4    4    2
   27   18    7    5    7
   22   22    2   11    2
    2   16    6    8    7
   11   12    9    9    8
   12   23    2    8    3
   23   10   11   10    2
    7   28    2    5    8
    7   24    6    1    7
   13   26    7   10    3
    1   22    1    2    7
    8    8    8   12    7
   15   29    3   11    8
   16   23    5    1    5
    1   25    7    9    5
   24    1    5    5    3
   11   11   11    6    7
    9   10    1    4    8
   21   17   11   10    5
   19    7   12    9    7
   29   21    9    9    1
   25   29    5   11    6
   17    6    3    2    9
   20   21   12    4    2
    1   30    2    1    8
    7   27   10    7    2
    5    5    6    2    9
   10   11    4    6    6
   16   16   10   12    9
   18   24    4    9    5
    1   20   10    3    8
   22   30   11    5    5
    7   20    7    2    3
    3   25    8    7    6
   11   26    6   11    4
    1   13    8   10    8
   13   17    2   12    5
   19    2    2    9    4
   14   10    9   11    6
   15   22    4    1    3
   20   11    6    1    3
   29   11    8    8    7
   15    6    1   12    3
   15   21    5    3    1
    6   12    6   11    2
   11   23    1    6    2
   20   18    4   12    2
   30   29    6    2    7
    1   19    7    2    7
   20   27    6    6    6
   21   13   12    1    8
   19   11    4    7    5
   19    8    1    4    9
    8    5    5    7    8
   28   16   10   11    7
   15   27    6    1    9
   14   17   12    1    3
   14   25   11    5    2
   18   21   11    3    2
    4    6    1   11    2
    8   29    4   12    9
   26   17    2    8    4
   27   25   11    9    6
   13   25    9   10    3
    2    2   12    5    8
   11   27   10   11    7
   11    3   11    9    6
    2   29   12   11    3
   12   10    8    3    7
    6   28   11   12    3
    3    5   12    7    2
   21   21   10    5    8
    6    6    9    1    3
   26   25    9    9    4
   27    2    3    1    3
   30   11    3    5    3
   26    8    9   11    7
    8    4    3    5    7
   19   27    1    1    7
   27   14   12   11    5
   19   21    7    4    5
   26   30   11    9    7
   24   10    4    2    7
   27    8    5   12    7
    2    4    9    8    7
    1   15    1    1    3
    4   10    5    4    3
   10    6    9    4    3
   18   18   12   11    7
   20   14    9    8    5
   11    2    3   10    7
    3    4    3    6    7
    1   26    4    2    7
    4    7    6    3    5
   15    2    7   10    3
   18   28    1    6    5
   10    2    5    6    3
    6   11    1   11    5
    7   10    7    6    3
    3   17    9    4    3
   14   11    5    6    5
   23    8    9    1    3
    7    9    1    6    5
   24   30    4    6    7
   21    8    6   12    3
    9   15    4    7    7
   21   28    7    8    3
   25   21   10    1    3
    4   25    1   10    3
   14   29    1    2    3
    1    8    1   10    7
   16   19    1    6    7
   16   27    7    8    5
   12   28    8    6    7
   29   17    9    7    7
   10   18   10    9    7
    3    6   11    2    3
   12   26    3   12    7
   29   27    2    3    3
   26   28    2   11    7
    1   16    2    4    3
   26   21    4    7    7
   14   21    3   11    7
   19   28    9    1    5
   15    8    1    6    7
   12   25    8    1    3
   26   26   10    3    7
    7   22    6    4    7
   18    6    9    4    3
    7   18    4    3    7
   11   15    9    4    7
   12   17    2    9    3
   16    8    3    6    5
   22   28    2    5    7
   29    3    4    7    7
   29   16    4   10    5
   23    6    4    6    3
   21    1    2    2    3
   10    1    7    2    3
   20   28    9    8    3
   20   25    6    9    7
   21   10    5    9    3
   13    4    8    3    5
    6   20    7    5    2
    2   30    4    8    8
   11   25    5    7    5
   22   19    7    7    3
   13   10    3    4    3
   27   12    8    1    7
   14    1    4   10    8
   28    5   10    6    3
    5   21    3    1    7
    6    1    9    9    3
   15   15   10    5    8
   22    9    9    9    3
   17   23   10    9    2
   13   11    6    5    8
   15   25   11   10    8
   27   21    2    1    3
   10   20    9    6    8
   21    7    2    9    7
   13    8    6    3    8
   19   15    5   12    8
   25    5   11   10    4
    7    5    3   11    9
   29   12    5   12    3
   28   15   10    4    8
   14   22   12   11    2
    3   12    2    4    7
    4   28    4    4    3
   28   10    9    9    8
   18   11    7    6    3
   18    1    9    1    5
    8    6    4    2    8
   26   20   10    4    3
    3   21    6    7    5
   25   30    9    5    7
    8   20    6    4    3
   27    9    6    6    8
   30   19    3   12    7
    3   30   11    5    4
   26   29    1    3    8
   23   28   12    3    3
    9   19    1    5    3
   19   19   10   11    4
   30   27    7   10    8
   27   10    1   10    8
   25   22    6    2    8
    7   17    7   11    7
    3   22    3    2    9
    7    2    9   12    2
   25   24    2   12    3
    6   14   11    3    9
    5    4   11   12    9
   26    4    7    4    5
   19    4    1    9    8
    1    1    1    7    2
   13   13    6   12    8
   30   21    8    3    7
   29    6    8   11    4
   26   14   10   11    8
   23   13    1    1    8
   26    3   12    2    5
   18   29    7    8    8
   27   27    9    5    3
    4   12   10    2    8
   15    3    5    8    7
   25   23    8   11    8
   28   28    1    3    3
    2   21    8    9    9
   10   15    7   10    3
   16    9    7   10    4
   22   16    9   10    2
   20   30    9    6    8
   18   22    8    7    4
   12    7    2   12    8
    5   14    3    6    6
    7   11   11    8    3
    3   24    4    7    2
    5   16    7    9    8
    4    4    7    8    3
   30   12    2    6    8
   24   20   10    6    3
   24   21    5    6    2
   19   23    7    4    8
    7   14   12   11    2
   13   28    6    6    2
   13   27    6    8    3
   23   22    5    9    3
   13   30    9   11    6
   25   10    2    5    8
   18   23    5    8    3
    2   12    9    7    7
   17   28    9    8    7
   28    8   11    9    3
   24   26    3    7    4
    4   14    8   12    3
   24    5   11    1    3
   16   24   10    3    8
   18    4    6   10    8
   20    5    7    6    8
    5    6    6    7    7
   15   16   10    5    3
   15   13   11    6    9
    2   28    2   12    2
    9   30   10   11    3
    8    7    3    8    4
    7   30   10    6    1
    4    9   10    7    8
   22    6    9    6    3
    2    9    5    1    4
   26   22    3   11    9
    8    2    8   11    9
   15   14    5    8    7
    4   29    7    2    3
    9   26    4    7    2
    2    5    5    3    5
   13   19    5   10    3
   27   28    4    3    7
   21    6    7    9    3
   13   20    9    9    8
    8   10   11    9    7
   27   23    5    6    3
   25    6    2   11    8
    4   27   11   11    3
   19   12    9    1    6
   18   26   12    7    7
   11   17    5    1    8
    9   21   12   11    3
   24   13    6   11    8
   30   15   10    8    3
   29   13    9    8    8
   24   11    2   11    3
    1    5    4   10    7
   17   19    4    4    3
    6   16    3    4    8
    8   14    9   11    3
    9   20   11    4    7
    1    2   11    3    7
   11   21    3    1    5
   12   14    5   12    3
   21   16    1    2    7
   20   15    2    9    6
    4   17    8    6    3
    1   23    3    2    5
   22    8    5    9    7
   18    3   11    2    5
    5   19   11   12    2
    7   13    5    1    2
   24   19    2    3    8
   20   17    1    3    3
   10    3    5    6    7
   14    9    1   12    2
   16   17   12    7    8
   13   12    8   11    6
   21    4    8    5    3
   11    1    8    3    8
   17    8    6    8    2
   25    7   11    1    8
    5   27    9    5    2
    3    3   12   10    8
   26   19    1    4    8
   11    5   11    3    7
   23   20    2    4    2
   16   25    4    4    5
    3   19    1    4    7
   16   12   12    2    6
    3   28    9    6    7
   29   23    6   10    2
   30   28    1    7    3
   26   15    7   12    4
    2    6   12    4    5
   24    2   10   11    7
   28    1   12    5    3
   20   20    1   12    1
   27    3    1    1    6
   30   18    4    3    8
    2   18    4    1    2
   19   14    6    1    2
    9   24    6   11    2
   10   16    9    9    7
   16   11    3    6    6
   27   26    3    1    7
   12   20    1    7    3
   15    7    4    3    2
   14   23    2    4    2
   18   17    1    8    3
   12   12    9   11    8
   18   14   11    4    7
   24   24    7    2    2
   15   18    6    6    4
   24   27    6    4    5
   20    4    6    3    3
   25    9   10    6    2
    4   24    3    6    4
    4   23    1    2    4
    1    7    7    3    4
   22   11   10    1    7
   22   29    8    8    3
   16   20    9    9    7
   18   12   11    6    3
   17   22    2    2    3
    9   29   11    9    2
    3    2   10    1    7
   13    6    8    2    4
   24   12    2    3    3
    3   20    3    2    2
    1   27    6   10    3
   24    8    4    5    7
   28   11    7    9    3
