   25   30    5    9    2
   24   24    4   12    4
   11   13    7    8    6
   11   23    1    2    1
   21   13    5    6    1
    4   19    9    9    9
    9   25    9    6    4
   10    3   11   10    2
    3   23    8   12    3
    4   27   12    2    1
   29    9   11    5    3
    2   29    7    6    3
   22   23   12    4    1
   27   28   10   11    8
    6   27    5   11    1
   27   17    2   10    2
   30    2    2    1    8
   14   20   10    5    2
    9   12    1    4    1
   24   29   10    1    2
   10   25    2    3    4
   11    5    2    9    2
   12   22    9    3    1
   12   10    4    2    3
   30   29    2    4    4
   11    8    7   12    6
    6    2    2    3    1
   25   14    8    1    1
   21   12    2    5    9
   18   16    1    5    3
    7   28    5   10    5
    8   27    7    1    3
   13    1    7    7    1
   16   10   11    7    2
   15    8    6    6    4
   22    8    3    1    2
   14   13    8    8    5
   25    2   12    5    7
    5   17    9   10    1
   26   29    7   12    2
   10    8    1    9    7
   19   11    6    2    3
    7   29    3   11    2
   15   23    6   10    1
    8   14    9   12    8
   18   15    4    7    2
   26   30   12    2    8
   30   15    9    8    2
   20    4    1    9    7
   16   11    8    8    2
   12   23    1    9    5
   26    8   10   10    1
   30   16    7    1    1
   24   21   10   10    4
   14   27    8    4    2
   23    1    6   12    2
   20   16    7    6    2
   26   27    6    6    4
   12    1    9    7    3
   21   27    8   11    4
   23   14    8    5    4
   15   10    1    8    1
    8    1   12    5    9
    3   19    3    9    9
    7    6    1    6    5
   27   16    8    2    4
   28    1    1    3    3
    3   11    3    3    7
    7   11    3    9    6
   28   16    9    6    2
    8   16    5    2    7
   17    7    5   11    1
    3   21    2    9    3
    6    1    6    4    3
   18   29    1    6    3
   27   24    3    7    1
    4   12    1    8    1
    8    8   12    5    7
    8    5    8    7    8
   14   29   11    1    2
   12    5    3    9    9
   23   16    5    9    4
    6   20   11   11    8
   17   21    5    2    5
    8   29    2    9    1
    9   17    5    4    1
    5   24    8    5    7
    1   20    8    6    9
    8    6    2    8    1
   11   28    1   11    6
   17   20    2    8    9
   18   13    5   10    9
   24   22    8    9    5
    3    5    7    9    9
   28   28    7    1    9
   10    9    4    4    6
   28   25   10    2    7
   10   11    8    9    1
    6   18    6    2    5
   19   27    3   12    8
   14   21    7    5    9
   19   17    6    3    9
   24    6   12    5    6
    3    1    9   12    9
    5   15    3    8    9
   20    8    4    7    8
   10   19    3   10    7
   16    1    4    7    1
   25   23    7    4    9
   26   13    8    1    6
   27   20    3   11    8
   21   10   10    7    9
   16   14   12   10    9
   24    2    9    6    4
    7   24   10   12    6
   11   27    7   12    4
   26   17    4    7    9
    7    7    4    6    9
   26   10    1    5    8
   16   19    3   12    1
   26   25    1    3    9
   10   13    2    9    1
   22   25    9   12    4
   19    8   11    6    8
   14    4    1   11    8
   28   15   10    4    9
   26   18   10    4    7
   23   18    4   12    2
   22   18    4   10    9
   25    6    9    9    5
   14    2   12    2    9
   25    5   11    2    7
    7   22    7    4    7
   29   16    1   11    7
   20   30    9    6    7
   21    1    1   12    8
   16   16   10   12    9
    5    9    2    6    5
    2    1   10    5    1
   23    9    9    2    1
   14   18    2    4    8
   15   14    6    2    3
   26   16    4    3    2
   27   27   10    3    9
   19   20    3    3    3
   11   26    6    5    1
    3   25    9    3    1
   12   11   11    3    6
    7    2    6    5    1
   27    7    5    6    1
   10   23    4    8    1
    6    6    3    6    9
   13    6   11   11    1
   15   12    9    6    1
   10   20    6   10    8
   15    1   11    6    8
   18   20    8    4    7
   26    2    6    6    9
   15    7    9    6    5
   28   18   10    7    1
   14    6   11    3    7
   14    9    8    5    1
   11   20    2    4    9
   20   25    9    1    9
   25   16   11    5    2
   17    6    9    2    1
   10    2    6    5    8
   15   27   11    3    9
   25   27   12    5    9
    1    1    8    4    6
   10    6   12    3    2
    4    9    3    3    8
   25   11   12    1    1
    4   16   11    8    9
   22   13   11    5    1
   26   12    3    1    8
    4   28    2    6    8
    7   21    6   10    1
    5   27    6    6    4
   10   24   11    6    4
   11   11    9    8    9
   30    7    3   10    8
   13   15   11   10    1
    6   12    6    4    9
   30   10    7   12    1
   28    3    3    5    7
   23    2    2    2    7
    6   29    1    6    7
   11   24    9    2    8
   24   28    5    5    9
    9    1   12   10    7
    5    1   11    1    7
   29   17    1   12    7
    8   25   10    1    2
   18    5    7   12    2
   17   14    4    6    9
   27   10    7   12    2
   19    5   12   12    8
   23   27    9    6    9
   26    6   11    8    1
    4   10    1    2    8
   13   20    4    3    8
   28   10    8   12    1
    4   11    9    4    9
   22    5    1    7    8
   11   14    3    3    7
   21    6    6    5    8
   14   30    8    4    9
   17   22    8    6    7
    1    7   12    3    7
   29   22    7    5    1
   10   17    7   11    7
   13    2   12    6    7
    3   20    3    6    4
   26   26    6    7    9
   10   29   12    4    4
    2    3    3   10    6
   14    1   10    8    9
   15   15   10    5    9
   19   21    3    9    5
    1   22    7    5    8
   22   26   10    7    1
   18   24    3    5    5
   15   24   11   12    6
   27   18    7   12    1
    3   13    1    4    6
   16    9   10    2    1
   17   30   12    2    1
   19   12    6    4    8
    4   18    6    8    8
   27   12    9   10    7
   22   19    5    6    9
   11    1    9    4    8
    7    8   12    8    8
   17   24    5    4    5
    6   15   11    3    1
   23   19   10   11    4
   21   26    8    8    7
   23    7    8   12    6
   14   22   11    2    7
   30   30   10    7    8
    2   18   10   12    1
    4   15    9    3    6
   23   28    9    8    9
   15   29    1   12    1
    2   27    8   10    5
    9    7    1    8    4
   30    9   12    4    1
   21    2    4    2    7
    2    5   12   10    7
   15    2    1   12    7
   19   15   11    8    4
   20    5    1   10    1
   26   20    6    6    8
   24    4    9    6    7
   22    4    1    4    8
   24   23    2    6    1
   22    3   11    1    3
    8   17    8   11    7
   25   19    2   11    1
    3    6   11   11    1
   30   18    8   10    8
    1   30    7    4    6
   23   20    5    4    7
    4    4    8    6    8
   14   28   12    5    1
    7   25    8    1    1
    4   17   12    7    9
   10    7   10   12    2
    6   23    9   11    9
   25   29    3   12    4
   23    8    8   11    1
   26    9    6    7    5
    3    8    7    2    9
    8    4    1   10    9
    7    3    9    8    9
    9   24   12    5    5
   11   15    5   12    5
   22   27   11    8    1
    4    6    6    1    8
   24   16    1   11    6
    4    1   10    9    8
   29   19    5   10    1
   28    6    1   10    8
    7   26    1    8    9
   22    9    1    6    8
   15   22    2   11    5
    1   19    7   10    5
   21    8    2    5    5
    5   30    2    4    1
   21   20   12    1    8
   20   22   12    4    1
   13   25    8    4    1
   11    2   12   11    8
    3   27    8    9    1
   20   29    4    2    8
   21   18    1    2    8
    3    3   12   11    9
   15   21    8    5    8
   29   28    2    8    1
   28   22    2    6    9
    9   11    8   12    3
   22    6   11    4    1
   15   16   12   10    6
   11   18    5   10    4
   29   13   10    3    5
   20    9    7    6    1
    2   20    9    7    9
   29   11    9    2    1
   15   20    1    5    1
   10   10    9    5    4
    5   26    6    2    6
   12    8    5    1    8
   15   26   11   10    1
   13   13    4    8    7
   30    4   11    7    7
    6   30   12    1    7
   13   30    4    4    7
    9   15    6   10    1
    3   12    2    8    5
    7    4    6    9    5
    4   29    6    1    1
   26   24    3    4    6
   14   12    6    2    8
   12   17    1   10    8
   29    1    1    8    1
   14   10    8    4    4
   12    2    3   12    8
    5    5    6   10    9
    1   24   11    7    8
    9    9    1    2    9
    9   18    8    4    5
   30   19    9    2    8
    7   12    3   12    6
   19   24    7   11    6
   27   30    7    5    6
    7   16    4   12    2
    3   14   12    3    2
   16   17   10    6    2
   17   17    8    6    7
   28    5    8   11    3
    9   19    4    6    7
   30   24    7    9    6
    7   19    7   11    7
   25   25    2    6    7
   13    7    1    6    6
   13   23    1    6    5
   17   13    4   12    5
   29   21    5   12    1
   28   12    3    9    5
    2    8    5    2    4
   12   16    7    4    1
   28   13   11    4    1
    7   20    7    4    1
   25   24    5    7    5
   16    2    5    4    8
   19   14    9    4    9
   25   17    3    8    7
   23   17   11    6    1
   13    5    5    7    9
   21   16    9   12    7
   21   22    5   12    7
    9    2    9   11    9
   21   25    4    3    9
   18    3    8    7    1
    6    5   12    3    1
   17   18    8    3    1
   28   21    9    3    8
   26   23    1    4    9
    9   21    1    4    1
   13    9    3    4    2
    6   19    8    4    4
   13    8    4    9    7
   14    5    9    2    5
   22    2    6    2    1
    9    6   12    3    1
    3   30    3    4    1
   12   12    3    1    8
    1   18    7    6    7
    2   17    8    5    8
   18   18   10    9    9
    2    2    5    3    9
    2   19    5    3    7
   27    9    5    9    8
   19   13    1   12    6
   10   18   10    7    6
   26   19    9    7    4
   16    5    7    9    1
    3   29   12    3    1
   26    4    7    4    4
   23   29   11    5    1
   25   18    6    8    9
    5    7    4   10    8
   10    1    3    2    1
    2    4    5    2    9
    9    3    8    7    8
   17    3    2   10    1
   28   30    9    8    7
   21   11   10    3    8
    5   21    1    4    1
   14   24    8    4    1
   27   29    4    9    1
   12   13    5    4    1
    3    4    9   12    8
   10    5    6   12    1
   14   26    3   12    8
   22   10    5    2    8
   16    6    8    9    1
   12   18    8    2    6
    4   13    6    6    5
   11   30   11    2    7
    1   26    7    5    2
   29   29    5   11    4
    3   24    7    6    7
    2   28    4    6    6
   11   22    2    4    7
   25    1    1    8    8
   28   26    6    6    1
   20   20    9    6    9
   27   13   12    2    7
   30    8    9   10    7
   12   30    4    7    6
   14    7    3   11    6
    3   26    8   11    1
   21   21    5    8    9
   14   14    1    8    9
    7   18    7    6    2
   16    3    3    4    2
   28    9    6    3    2
   29   12   11    2    5
   27    1   11    9    4
    8   18   11    6    1
   21   23    4    5    6
   30   23   11    9    6
   28   17    5    5    1
    4   25    7    6    5
   17   11    6    7    8
   24    8    3    5    4
   13   24    6   11    1
   22   30    1    8    2
   25   15    2    5    3
   25   12   11   12    5
   21    4    8    1    3
   12   24    8    2    1
   28   19   10    3    7
   17   15    5    7    7
   13   16    7    6    7
   12   20    7    7    8
   20   28    6    1    5
   18   19    4    4    7
   21   30   11    3    7
    3   15    4    8    8
   29    5   12    1    5
   28    8    6    7    6
    1   17   11    3    6
   19   19    4    8    9
   20   24    2    8    4
   23   23    9   10    3
    9    8   12    4    3
   22   22   12   10    9
    4    5    3    6    9
   22   16    7   10    4
   23    4    4   10    7
    5   23   11    1    3
    6   11    3    9    3
