   11   27   11   12    2
   16   27    9    5    4
   20   28    5    9    5
   18   30   12    1    4
   10   16    5    5    2
   11   23    6    6    2
   27   27    6   10    7
   11   13    2    3    5
    6   24    9   11    3
   16   16    5    8    7
    6   11    2    9    5
   29   29    9    3    4
   29   24    9    5    4
   20   19   12    3    6
    5   13    8    2    7
    7   11   12    1    6
   10   27    1    2    5
    9   25    6    3    6
   29    5    8    9    4
   12   13    1   11    2
   12    7    9    1    2
   19   30   10    3    2
   19   25    8    4    7
   25   28   11   10    5
    7    7   11    5    6
    6    2    1   11    4
   29   10   12   12    7
   25   30    6   11    3
    4   11   12    7    6
   19   16    4    7    4
   20    8   11    6    3
   14   21    4   10    3
   29   16    3   11    2
   18   23    7   12    4
   29    9   12    6    5
   25    7    8    1    6
    1    6    1    1    6
   13    9    4    9    5
   24    9    9   12    3
    8   16   11    1    2
    2   12    8    9    5
    3   26    6   12    4
    5   17   12    8    4
   26    6    6    3    1
    7   18    4   11    4
   14    6   11   10    4
   14   27    7    9    3
   16   21    1   11    3
    5   18    8   11    3
   12   16    8    4    3
    3   28    6    4    4
   18   21   12    6    5
    1    7    8    3    3
   19    5    1    5    3
   19    9   11    5    5
   12   18    1   11    3
   23   26    2    4    3
    8    9   12    9    5
   29   26    7    8    4
   30    8    3    9    3
   13   17    6   12    6
   22   30    8    2    5
   29    7    2   12    4
   17    3    4    6    3
   10    4   11   10    6
   13   30    9    5    6
    5   16    7   12    5
   10   26    3    5    4
   13   10    3   12    3
   27   22   11    2    6
   16   25    4    4    3
   21   20    8    9    4
    9   30    4    2    6
   22   11    1    4    3
   14    9    1    4    5
   20    5    6    4    4
    2   15    9    9    4
   26   16    3    2    3
   18    6    1    7    4
    8   19    7   12    5
   27   28    8    7    6
   10   18    4    4    4
    8   28    9    5    3
   15   25   10    9    6
   17    4    6    4    5
   12    6    1    1    8
   27   21    7   11    5
    3   18   10   12    4
   27    1    3    7    3
   10   10    7    3    3
    9   28    9    1    4
   12   29    9    4    3
   27    2    7    7    6
   22   18    3    5    3
    4   26    7    1    5
    3   13    5   12    4
   26    9   12    5    3
    3    3    4   12    5
   30    3    3    5    4
    5    1    1    2    6
   22   26    5    3    6
   21    1    7   12    4
    4    4    9    3    5
   22    4   10    6    3
   24   22    7    7    2
    1   25    5    1    3
   30   20   11    7    3
   12   12    6    8    5
   26    7    1    6    6
    2   21   10    5    5
   14   23    6   11    6
    8   26   10    7    4
   14   20    5   12    4
   28    7   11    9    3
    8   11    9    2    6
   11    2   10    2    5
   12   25    2    2    3
    8    8    4    7    4
    9    5    9   11    5
   16   18    8   12    4
    1   15   10    4    4
   26   30    2    5    3
    2    9    4    8    2
   11   28    7    9    2
   23    1    6    1    2
   25    5   12    3    4
   14    4    7    6    3
   25   25    7    6    6
    9   17   12    9    5
    1   12   11    5    5
    8   22    8    8    3
   18    1    9   12    4
   23   30    4    3    4
   15   20    7   11    4
    5   15    2    1    7
   15    8    6    3    4
   16   13    1   12    5
    5   11    5   11    5
   27    7    5   10    4
    6    4   10    7    3
    3   25    9    7    4
   22   21    8   10    5
   18   20    7   12    5
   25   10    3   12    4
   28    5    8    5    3
    6   27    1    7    3
   17   27   12   12    6
   26    1    9   11    3
    8   27   11    4    4
    1   28   10    5    3
   26   14   12    6    3
   10   19    7    9    3
    9    9   12    4    7
   16   20   12    3    5
   23    4    2   12    3
   25   29    7    1    4
   24   17    5    6    5
    2    3    1    7    3
   26   21    6    3    3
    1    4   12    2    5
    9    7   11   10    4
   17   20    1    8    3
   29   14    2   12    4
   25    4    9   10    5
    2   16    5    5    5
   23   23    5    2    7
   28   16   12    9    4
   27   13    2   10    3
   18   11    6    1    6
   23   21    8   12    3
    2    8    1    1    7
    2    4   12    4    6
    7    4    2   10    5
    4   27   11    6    4
    8   14    5    8    6
    3   14    9   10    3
   16   23    8   11    2
   21   13    9    3    2
   24   16    5   10    5
    4   28   12    5    3
   13   14    3    9    5
    4    8    9    1    6
    2    5    3    2    3
   22    2   10    9    2
   18   18    3    4    6
    6   25    2    1    4
    4   16    1    4    6
   18   25    7    9    7
   23   19    7    2    3
   20   20    8    6    2
    8   25    4   10    4
   20   23    2    7    3
   17    2   11   10    5
    5    6    9   11    3
   27   19    9   11    4
   15   17   12    1    5
    7    8    2    3    8
    9   10    2   10    5
   29   15   12    4    3
   16   30    8    4    5
   11   25    7    1    4
   25   24    8    9    3
   29    4   10    3    2
    2   24   10    6    5
    3   20    8    9    6
    4   30    8    2    7
   10    6    1    1    3
   12    4    1    8    5
   11   21    6    1    6
    1   13   10    6    5
    6   28   10    2    7
   18   17    7    7    5
   12   24   12    2    3
   12   21   10    1    5
   14   14    9    1    6
   27    9    5    5    2
    5    3    9    5    5
   20   11    2    1    3
   14   25    7    9    5
   24   28   10    4    5
   12   30   12   10    6
    3   10    5    3    4
   24    8   10    7    7
    7    3   10    2    4
   15    3   12   12    4
   20   22    2    1    3
   22   29    7    4    6
   11   16    5    4    5
    1    1    4    1    6
    7   16    6    1    5
   20   25   12   11    4
   20   10    8    7    5
   15   28   12    3    7
    6   21    7    9    6
   27   23    8    1    7
    7   22    9    3    7
    6   16    5    4    5
   16    9    7    3    4
    8   29    2    9    3
   24    1   10    8    2
   13   22    3   10    8
   17   29    3    1    5
   19   19    7    6    7
   16   15    8    4    5
   22    1   10    1    8
   19   13   10   10    4
   10   24    7    9    5
   12    3    2    4    2
   13   26    3   11    4
    7   17    3    6    3
   23   29   10    4    5
   22    9   10   12    4
    1   30    8    3    3
   23    2    9   12    5
    1   29   12    3    3
   13   29    6   11    3
   26   11    5   10    3
   17    6    1    8    5
   14   19    7    1    3
   19    2    6    2    7
    5    5    8    5    4
   21   21   10    8    9
    2   29    3    9    3
    5   14    5    5    4
   26   18   10    3    7
   23    7    6    3    3
   19   12    9    6    9
   13    8    6    2    4
   26   25   10    5    3
   21   30   12   12    3
   12   10    8   11    4
    6   20    8   10    4
   23    8    4    3    2
   27   15    6    5    9
   24   14   12   11    5
   28   23   10    2    9
    3   19   12    7    9
   14   12   10    8    4
   28   12    8    6    5
    6    6    8   12    9
   15   21    8   10    4
   21   29    1   12    4
   27   30    2    5    3
    2   14    3    1    4
   24   26    2   11    8
    8   12    5    5    3
   30   30    4    8    4
   21    8    8   11    5
    6   29    5    3    4
   29   30    6    8    5
   26   28    9    7    7
   11    9    7    9    5
    2    2   10    6    9
   17   17    2   12    8
   17   22    8    7    3
   16   17    7    3    2
   19   21    4    1    4
   26   26    5    6    4
   12   27    5    1    4
   18   29    6   12    5
   23   10    4    8    3
   14   10   10   10    4
   25   13   10    6    3
   26   20    5    6    4
   22   14    1   10    2
   15   13    5    7    4
   21    3    5    1    3
   28    2    6    8    4
   30   17    4   12    2
    5   21    4   11    2
    1   17   10    5    4
   15    9    1    4    3
   19   26    5    1    3
    3    4    5   10    3
   19   29   11    9    4
   20    1   11    8    4
   20   24   11    1    3
   24    5   11   10    4
   22    6    2    7    3
   10    1    5    8    2
   21   25    7    6    3
   24   11    6    3    3
   25   27    5    9    3
   14   30    2    4    3
   15    6    6    4    3
    7   13   10    9    3
   12   26   11    9    3
    4   20    4    1    3
    4   18   12   11    5
   10    2   11    1    5
   20   29    7    3    3
    8    1    1    8    4
   21    7   10    3    4
    5   30    9    5    4
   23   12    3   11    3
   15   12    2    9    2
   19   15    1    9    5
    3    9    7    1    8
   22   25   11    2    7
   11   17   10    7    4
    3   29    7    5    2
   30   10    8    5    8
    3    1   12   12    7
   11   29    1    7    4
    7   24    4   10    3
   24   19    4    2    4
   29   28   12    1    3
   17    8    3    6    5
   10    7    2    2    4
   28   14    3    3    9
   12   22    1    9    8
    9   20    3    9    4
   18    8   11    2    3
    2   13    2    7    7
   14   17   10   10    4
   13   13    9    1    9
    1    2    1    4    8
    7   15    7    4    4
   15    4    3    5    3
   16   22    7    6    5
    7   20    4    7    3
   14   15    3   12    4
   17   23    6   11    4
   23    6    8    2    4
   22   22   12    3    8
    7   19    5    5    4
   18    2    1    5    3
   10    8   11    4    4
    3    6    9    6    3
   30   24   10    8    4
   23   15   12    4    3
    9   23   12    3    3
   13    6    3    4    5
    8    3    6    4    7
   14   18    2    8    7
   22    5   11    7    4
   20   27   12    4    6
   23   13    6   11    3
   24   21    4    1    4
   19   11    3    5    6
   24    4    7    1    4
   30    7    6    6    3
    8    5   11    3    3
   14    1    4    8    6
   22   19    7    2    4
   28   17    6    2    3
   17   12    4    4    4
   11   30    5    3    3
   12   20    2   11    2
   24   27    7    5    3
   30   15    5    2    4
   16   14    7    7    3
   26   27    5    1    4
    3   22    1    2    4
   13   18   11   12    3
    5   26    9    1    3
    9   21   12    9    2
   27    3    9    7    3
    3   23    2   11    3
   11   11    8    9    3
    4    5    6    7    6
   13   24    7    3    5
   26    2   10   10    4
   30   28   12    8    2
   28   18    5    7    3
   24   18   12    2    7
   25   17   12    1    6
   21   10    1    4    4
   18    9    2    2    3
   11    3   10    9    5
   13   28   10    3    4
    1   16    7    3    3
   11   14   10   12    6
   11   15    3   12    4
   15   15    8    1    7
    3   24    6   12    5
   18   27    8   12    4
    9    6    4    8    3
   30    6    5    2    7
   12    9   10    5    3
    2   25    8    9    3
    4   13    7    6    2
   28   10    7   11    3
    4    9    9    8    4
   10   22    8    8    6
   25   23    9    8    7
   11   12   12    4    7
    2    7    1    1    3
   22   28    2    6    6
    9    1    8    2    7
    7    6    2    7    7
   17   10    9   12    7
    7   14   10    1    3
    2   30    5    7    3
   15   26   12    4    2
    1   11    9    1    3
   21   17    5    2    3
    6   19   10    3    4
   10    5    2    3    4
   24   23    8    5    6
    1   19    2    4    6
   20    2    1    9    4
   20   13   12    5    3
   21   28   12   10    3
   29   27    1    6    2
   19    4    7    5    7
   22   23   12   11    3
    4   21   11    9    7
    5   12    9    3    7
   15   22    6   12    4
    6    8    7    5    3
   28   28    8    2    3
   10   11    2    1    7
   19   18    9    5    4
    5   23   12    8    6
   24   24    1    8    4
    7    5    8    7    6
   15   18   10   10    8
   28   19   12   11    3
   16    3    3   11    4
   26   17    9   12    4
   17   19    8    2    3
   27    5   10    3    6
   15   10    9    3    3
   24   15   11    9    3
