   22    8   11    6    6
   25   20    7    7    7
   16   28    1    7    3
   25   25    3   12    6
   26   26   12    2    6
   26   16   10    9    4
   29   16    6   12    8
   24   11    2   12    7
   18   23    5    4    6
    9   21    3   12    5
   16   14   12    7    2
   27   25   12    6    2
    9   17   11   11    2
   28   28    2    4    9
    6    5    1   12    3
   19   14    8    2    2
    3   26    7    7    5
   25   14    4   11    2
   27   30    5    4    7
    1    7    7    5    6
   15   17    8    3    6
   12   22    5    5    2
   23    5    2    9    3
   10   22    9   10    5
    3   29    1    6    5
   10   25    9    5    3
   12   11    9   10    6
   27   16   11    7    3
   27    6    2    9    7
   30   18   10    9    3
   26   25    5    8    5
    7    6   10    7    2
    4   24    2   10    3
    7    4   12   10    5
    1    4   12    6    6
   30   10    8    5    8
   25   16    7    7    3
    9   12    9    4    3
   17   24   11    3    6
   13   24    5    3    5
   25   12    1    8    2
    7   26   11   11    1
   29   17    7    2    5
    6    1    1   10    2
   24   24   12   10    5
   12   14    8    8    6
   26   14    1    3    3
    9   24    9   10    3
   12   10    2   10    1
    2   21    2   11    2
   10   21    8    4    2
   27   27   10    4    7
    8   15   11    2    2
    6    3    7   10    2
    2    6    4    9    6
   12   15    7    7    6
   23    4   10    1    3
   29   24   10   11    3
   23    2   10    9    3
    9   23    9    8    1
   18    2    1    6    7
    2   19    4    8    6
   12   28    4   10    6
   28   15    8    1    3
    3    1    4   11    5
   27   28   11   12    8
   10   10    8   12    4
   26    1    7    9    7
    5    5    8    5    7
    9    4    3    7    2
   27   26   10    3    4
   26   15   11    8    1
   21    8    4    6    2
   29    8   10   12    2
   18   20    6    7    5
   17   21    8    9    6
   17   30    2   10    7
    6   25    1    3    5
   30   15    3    3    1
   22   19    3    4    5
   24    7    8   12    6
    2    3    3    4    6
    5    1    1    3    5
   17   22    9   12    2
   11   10    3    6    8
    7   11    7    6    4
    8   18    6   10    5
   10   19    8    4    6
   19   15    1   12    7
    7   27    1   10    2
   11   29   11    1    2
    4   12   12    6    6
    6    8    1    3    4
   26   28   11    2    2
   13    7   11   11    1
   25   15    6    1    5
   14   21   12    9    7
   28    1    7    9    2
   27   19   12    7    7
   15   16    6    4    4
   14    2   11   10    6
    2    2   10    2    7
    6   11   12   12    5
   21    4   10    1    2
    6   18   10    3    2
    1   22    5   10    8
    8   17    3    5    3
   20   30   12   10    7
   30   30    8    7    8
   24    8   11    8    3
   22   25   10   10    2
    3   16    5   10    4
   16    4    1    7    3
    4   22    8    7    2
    7    7   10    7    4
   11   17    9    5    3
   30    8   10    4    2
   17    5    9    7    2
    9   10    2   11    4
    1    1   10    2    3
   10   28    3   12    1
    6   19   12    4    2
   19    3   10    8    1
    5   10    2   12    6
   24   21    9    9    2
    1   17   12    6    2
   16    2   12    7    3
   21   23   12    6    4
   19   11    6    2    4
   26   12    9   11    5
   18   17    6    4    5
   12   13    6   11    6
   23   25    2    1    1
    4   25   10    5    2
   17    3    7    4    2
   18   13    8    6    7
   20   15    8   10    2
   12    6    2    5    7
    6   26   10    8    5
   19   19    5    2    8
   14    1   11    7    4
   21   21    1   12    9
    9   22    4    7    2
   25   17   12   11    4
   19   21   10    1    5
   29   30   11    8    5
    2    5    8    4    2
   27    3    9    6    2
   18    5    3    7    7
   14   15    7   12    4
   29    2    4    6    5
   23   23    7   12    5
   26   21    2    6    6
   18   11    1    3    6
   16   17   11    5    6
   10   24    4    2    2
   23    3    6   11    2
   13   17    1    2    4
   29   22    2    9    3
   25   19    7    4    6
    5   28    8    6    6
   21   20    9    5    5
    4    6    2    3    7
    2   27    4    7    6
   14   18    8    1    5
    3    3    8    9    8
   29   25    2   10    5
   11   22   11    6    7
   28   14    7    1    6
   20   13    5    2    2
   27   22    8    4    2
    9    7    6    3    2
    5    9    1    2    4
   29   18   11    7    6
   30   28    1   11    2
   21   28    3    5    1
   29   13    1    8    3
   23   10    9   12    3
   13   11    3    5    6
   21    3    3   10    2
   13   23    5    4    1
    2    1    4   11    4
   30   12    4   11    8
    9    6    9    3    1
   25    2    5   12    3
   15   11   10    5    4
    6   22    2    1    5
   11   20    6   11    5
   15    5    1    4    7
   20    4    7    4    4
   23   22   11   10    4
    3   30    6   11    4
   26   19    6    4    6
    4   27    3   10    2
   17   20    6    1    3
   14   13   12    4    4
    3   14    3    1    3
    9    9    6    2    8
   21   18    7    6    6
   27    9    3    1    2
   16   16    9    3    3
   18   24    7    3    2
   20    9   11    3    2
   19   28    6   10    4
    1   29   10    2    5
    7   16    9   10    3
   29    7   10    8    6
    3    9   11    5    3
   12   23    1    6    2
    1   18    7   11    6
   18   18   11   10    5
   28    7    7    3    3
   29   12    3    1    3
   18   26    1   10    6
    8   12    1    1    8
   15   24    7    2    2
   29   20    7   12    3
    8   27    7    8    2
   29   14   12    1    2
   19    8    8    6    3
    6   21    7    7    5
    6   10   12    2    3
   22   26    8    6    1
   30    7    1    7    4
   30    5    1   11    4
    5   11    7   12    6
   30    9    5    1    3
   29    9    1   11    2
   17   14   12    2    4
   25    8   12    2    3
   30   13    7    9    3
   18   16    4   10    6
    1   12    9   10    5
    4    2    1    5    4
   17   27   11    9    4
   20    5    1    6    2
    5   24    2    1    6
    2    7    7    7    5
    7   20    3    7    3
   23   28    9    8    8
    6   30   10    1    6
   22   21   10    5    6
   11    9    1    9    4
   27    5    2    3    2
   27   12   12    1    6
   25   13    2   10    6
    4   14   10    2    6
   14   30   10    6    4
   25   21   12    1    6
   16   23    7    5    5
   20   10    4    9    2
   19   29    5    7    2
   28    3   10    7    2
    7   19    1    8    3
   11    8   11   10    4
   11   21    3    9    3
   24   28    4    6    7
   24   25    7    4    6
   20    1    4    7    4
   26    5    1    6    5
   10   13    4    8    5
   27   20    4    9    2
    6   16    6   10    3
   19   24   11    5    3
   12   19    1   11    5
   24    3    6   10    3
   23   26    8    9    6
   23   27   12    5    6
    8   16    2    9    6
   18    9    2   11    3
   18   15    8   12    7
   24    2    8    7    4
   10   27    2    2    1
    6    6    3    8    8
   25    5   12   10    2
   26   11    1    4    4
   24    1    3   12    6
   22   30    5   11    6
   29   29    8   10    6
    4   29    1    5    1
    4    3   11    5    7
    5   19    3   11    4
    8    8    5    9    7
    3    7    5    2    5
    4    4   12    5    4
   27   13    9    9    2
   22    5    3   11    6
   27   15   10   10    8
   22   14    4    7    3
    5   13    1   10    7
   13   19    8    2    6
   20    2   11    4    4
   11   23    4   12    6
    8   26    8    6    6
   23   17   10    8    1
   16   19   11    1    6
   13   13    8    5    8
   30   21    3    6    4
   21   15    8    6    6
   28    8   12   12    4
   28    4   10    7    3
   27   24    8    3    3
   26   29   12   10    5
   24   26    9    6    3
    1   10    6    6    6
    7   17    1    9    5
    9   13    7   10    3
    6   14    9    4    3
   15   15    5    3    7
   20   26    9    4    4
   22   13    6   10    3
    4   30    9    2    6
   12    7   12   11    5
    8    5    6    2    4
    6   23    1    9    7
    9    2    9   11    6
   25    3   11    8    6
   13    4   10    8    7
    1    9    3   12    4
   28   18    6    8    5
   24   22    4    3    7
   30    1    8    1    6
   10   18    7    1    4
    2   26    1    9    6
   21   16    1   11    7
    3    5   10    4    8
    2   28    1    1    6
    1   21    1    8    8
   24   20    7    1    3
    1   19   12    5    4
   12   24   12    5    3
   22   16    5    3    2
   29   27    1    3    4
   17   19    2   11    2
   22    3    1    2    3
   30   24    8    7    2
   22   15    6    1    5
   23   15    2   12    3
   12   16    2    9    3
    1   27    4    1    4
   23    1    7    4    4
    8    4    3    8    6
    4   10   10    4    4
    9   25    2    2    3
    3    8    5    8    6
   17    4    4    4    4
   29   21    3    7    4
    7   22    8    2    6
   14   20    9    7    5
   15    3    4   11    3
   18    3    6   10    2
    7    8    9    3    6
    5   14    8   12    4
    3   20    9    5    1
   19   20    1    5    4
   16   24    9    9    5
   15    4    8   11    3
   30    2    2    9    3
   24   14    4   12    4
   11   11    7    5    7
   10   16   10    9    6
   14   14   11    1    8
   15   29    9   10    4
    9   14    5    7    5
   20    6    2    3    6
   10    8    6    4    2
   14   11    8    6    6
    8   13    6   11    5
   30   19   12   11    3
   11    1    9    4    4
   25   11    6   11    2
   12   21   11    1    7
    2   11   11    1    3
   11   28    4    3    4
   16   20    5   11    6
   17   10    4    8    4
   15    6    5    7    7
   30   16    8   10    3
   12    2    3    2    4
    5    7   10   11    5
   14   27    5    3    4
   16    9    1    6    6
   23   19    3   12    3
   26    4   12    7    3
    9   26   11    2    6
    1   13    3   10    4
   21   13   11    1    3
    5    4    1    6    4
   26   13    3    8    3
   25    7    3   11    6
   13   15   11   11    4
    7   18   11    9    3
   17   17   12    2    6
   10    7   12    6    2
   28    9    2    3    2
   10   26    2    6    7
   29    6    5   11    1
   27   21   10    2    7
   28   22   11    9    9
   20   20    6   12    6
    6   17    4    5    4
    2   17    9    7    5
   11   27    4    5    7
   23    7    7   11    3
    8   14    6   12    3
   20   28    5    4    2
   30   25    2    2    6
   11   16    9    9    6
   28    6   10    2    7
   20   23    1    4    6
    6   13    4    9    3
    2   15    6    8    2
    1   25   10    3    6
   18   22    5    9    4
   13    2    5    9    2
   22   22    2    3    6
    9    8   10   12    6
   15   10    7    8    3
   14    7    7   12    3
   10    2    7    5    4
    4   18    9    1    4
   25   28    5    6    2
   16    1    6    6    3
   14   23    2    2    3
   13   16    2    4    4
   12    5   12    1    5
   23   30    3    6    3
   28   13   11    5    4
   20    8    8    6    3
    1   15   12    3    6
   29   10    1    5    4
    3   12    7    3    6
   27   18    2    1    6
   17   12    6    6    6
    8   23    7    2    6
   30   26    3    3    3
    8    2    4    3    4
   15    9    6    9    5
   11    3    6    6    2
   22   20   10    2    2
   18   25    5    3    6
   16    5    9    1    3
    6   24    2   11    2
   28   29    8    2    4
   14   10    9    5    6
    5   21    1    8    4
   28   17    9    9    3
   12   12   10    1    7
   23   29    1    7    3
   18   12   11    7    3
   19   18   11    9    2
   29    5    6    8    3
    7   21    9    3    1
   26   17    9    6    6
   19    9    6    9    4
    8    1    9    8    6
   15    7   11    2    7
   19    4    9    9    8
   23   24    3    5    4
   11    4    1    3    6
   10    3    8    9    3
   12   20   10    3    6
   22    2    8   12    6
   11   30    9   11    2
   13    3    2    9    6
