   27   13    6    8    1
   28    1    6   11    2
    3    4   10   11    3
   21   11    5    3    5
   20   25    7    9    7
   21    8    5    8    4
   12    8    6    1    4
    7   11   10   10    2
    2   10    6   10    3
   13   17   12    8    1
   30   14    9    8    2
   10   28    9    2    1
   17   18    2    9    3
   29    6    6    7    1
   15   13   10   11    1
   13   26    2    7    3
    5   30    4    5    1
   28   26    8    4    1
   15   26    8    8    1
   16   14    6   12    3
   20    4    9    1    4
   23    7    9    4    3
   18    4    8    8    4
   28   15    9   12    1
   16    5    9    4    9
   24   14    6    1    3
   25   19   11    7    4
   26   16    4    8    4
   13    9   10    2    6
   14   20    5    3    6
   30   15    2   11    3
   20   27    6    8    6
   27   27    1    9    4
   16   18    1    7    3
   25   11   10    2    3
   26   19    6    6    2
   17   19    8   10    4
    9   22    4    9    1
    8   18    3   11    3
   24   10    4   11    1
   17   12    3    7    2
   17   17    7    6    8
    7    9    5    2    2
    9   16    6    2    1
    1   26    6    1    1
   27   18    1    7    2
   12   14    9    2    4
    4   17    3    6    4
   30   16    1    4    2
    7   15    5    7    1
   16   13   12    4    5
   13   18    5    3    9
   26   24    6   12    6
    2   17   10    2    5
   17    6    4    6    2
   14    5   10    7    1
    7    7    9    2    5
    2   21   10    4    4
   18   12    3   12    3
   19   21    8    8    2
   23   20   12    6    7
   25   18    1    8    8
   28   23    9    2    4
   20    3    2   10    3
   18    1    7    1    2
   24   30    2   10    1
   14   15    4    4    2
   17    7   12   12    1
   22   11    6    6    1
   27   29    8    8    1
   26   17    2    8    3
   16   23    2    2    2
   22   23   11    7    1
    8    6    2    6    2
   29   22    5    4    1
    2   25    5    8    1
    6   11    1    6    2
   30    9   11   10    1
   29    8    8    6    1
   19   13   11    7    3
   27    6    7    4    1
   10    7    8    9    1
   12   19   10   12    2
   21   30    8    8    2
   16   19    3    2    3
   26   27    5   11    2
    9   15    3    5    1
    3   30    8    5    1
   25    5    1    5    1
    2   18    1    5    4
   12   29    9   12    1
   22    1   12   10    1
   15   27    2   10    5
   27   12    5    1    4
    9   20    4   10    4
   27    5    6    9    1
   27    2    2    1    2
    3   14    4   10    3
    9   19   10    4    2
    3   18    8    5    1
   19   30    1   12    4
    6    6   11    7    5
    1   23    3    6    1
   23   23    7   11    1
   11   11    1   12    3
    3    2    8    4    1
    4   23   12    5    1
   18   29    7   12    2
    9    5    6   12    3
    2   26    5    2    1
   14    2   12   11    1
   20   26    3    2    2
   22   15    9    8    1
   24   17    2    1    4
    1   25    1    8    1
   26   11    4   12    3
    8   15    2    6    2
    8   30    6   10    1
   13   12    9   10    2
   19   28    7    1    2
    6   26    7    5    1
    6    3    7    4    1
    4   12   12    4    2
   29   29    5    4    3
   28    4    6    2    4
   25    3   10    3    3
   13    1    1    9    3
   26   30    8    9    2
   25   13   11    4    2
   13   11    2    9    8
   29   20   10   12    6
   25    4    1    4    1
   15   21    9    1    2
   26   26    7    9    6
    2   22   10    1    2
   22   12   12   12    6
   26   18    5    8    2
    7   26    6    5    2
   19   19   12    7    9
   12   20   10    9    2
   13   23    5    6    3
   10   27    7    7    1
    6   14    5    8    8
   25   25    1    9    7
    8   25    1    4    1
   30   18    7   10    1
    4   19   10    8    6
   21   20    6    8    2
    1   14    8   10    5
   14   23    3    4    2
    3   12    4    4    1
   30   29    5    9    4
   22   19    3    8    3
   25   30    3    3    1
   17    9    2   10    2
    6    9   10    7    1
    5    6    3    9    1
    7    8   12   11    2
   24   23    5    2    1
    6   16   10    3    3
   24   29   11    1    1
   12    2    1    1    3
    1    3    5    7    3
   30   10   12    2    2
   11   12   10    7    3
   30   17    1    7    2
   12   24    5   12    1
   22    7   11    8    1
   10   16    1    6    1
   17   14    1    1    2
   19    8    1    5    5
   18   20   10    8    4
   15   12    7    8    2
    3    7    2   12    1
   30   28    8    7    1
   20   17    4   12    3
    7   14   10    4    1
   20    1    2   11    3
   29   11    8    4    1
   23   17    3    4    1
   20    6    7    6    1
    4   21    1    4    2
   16   16    9    8    9
    3   10    8   12    5
    7    6    8    8    1
    7    5   10   11    1
   14   19   12    9    3
   27   30    4    6    1
   30    6    2   10    8
   11    5    5    5    5
   11   19   12    6    2
    4   15    7    6    1
    4   16    6    8    1
   22   26    1    9    1
   29   19   12    9    1
   23   12    2   12    1
   22    6    4    7    1
    7   19   12   10    5
   27   28    7   11    1
   12   10    7    1    1
   25   10    6    1    1
   11   14    2   12    3
   13   21    4    2    1
   25   14    1    7    1
   17   25    5    8    2
   23   21    2    9    1
   15   15   11    8    9
    8   10    9    5    2
    8   20    8    8    2
   23   30    3    9    1
   26   23    6   11    1
   22   17   11   10    1
   28   28    3   11    4
   30   12    4    7    8
    2    1    2    3    9
   18   11    8    9    4
    3    5   10   10    9
    3   27   12    5    1
   22   22    7    9    1
   14   29    3   10    1
    5    1    6    2    9
   22   13    9    9    1
    4   22    3    2    1
    1   29    6   12    1
   16    8    2   11    1
   28   29    9    2    1
   12   16   12    3    1
   15    2   11   10    2
   29   16   10    5    1
    8   11   11    2    1
   10   10    7    2    2
    9    1    7    7    1
   12    7    6   12    1
   28    8    7    5    1
   15   24    6    4    1
   17    1    5   12    1
    1    7    6    8    1
   13   13   10    3    9
   25   12    1    5    1
   25   27   10    3    1
   20   15   12    6    1
    2   30    3    9    2
    1   30    2    2    3
    8    3    7    8    2
   16   17   10    1    2
   16   27    6    2    1
    3   24    3    9    1
   28    9    1    4    1
    1   12   11   12    1
    9   21    2    9    1
   18   24    7    8    1
    2    5    3    5    1
    9    3   10    6    1
   11   24    7    1    1
   25   24    7   12    4
    1   24    8    8    1
    6    4    6    6    1
   14   21    5    7    8
   10   29    3   10    1
   15    5    4    9    1
    2   16   11   10    1
   16   22   11   11    1
   11    9    4   11    1
   15   25    1    9    1
   12    6   10   11    5
   25   29    2   10    2
   22   20    6    1    1
   10    9   10    2    1
   19    1    5    9    3
   18   18    8    1    9
    1    1    8    1    2
    3   22   12    5    1
   28   14   12    6    1
   21   27    8    9    1
    8    8   12   11    6
    6   15    1   11    1
    4   26   10    7    1
   13   29    4   10    1
   29    2    7    9    1
    1   27    2    5    1
   29    7    2   11    1
   24   28    8    4    1
   19    6    8    3    1
    9   24    5    9    1
   24    6    7    8    1
   14   13   12    3    1
   10   13    5    8    1
   12   21    6    1    6
   28   13   11    8    1
   26   14    3    9    1
   20   24   11    7    1
   25   22   10    4    1
    9   25    7    8    1
   17    3   10    6    1
   19   18    1    3    1
   11   15    6    8    1
   10   11    2   12    1
   21    3   10    1    4
   18   28   11    9    1
    3   13   12    1    1
   24    8    8   11    1
   21   16    7    4    1
    5   18    6    1    1
   14   18    8   11    2
   28    3    7   11    1
   18    6    4    4    1
   10    5   11    8    1
   12   26    2    8    8
    2    2    9    3    7
   30   20    4   12    7
    8   27    3   11    1
   21   26    6    3    1
   11   16    1    9    6
   20    2    2    8    8
   10   23    3    7    1
    4    4    8    9    8
   23   18    7    3    1
    2   28    3    6    1
    8    1    7    2    7
    4    1    3    3    1
    4    5    2    1    1
   25   28    6    2    1
   22    8    5    5    1
    5    5    2    7    9
    3   15   11    7    4
   11   28    5    6    1
    8   23    7   11    1
   19   23   10    6    1
   19    3    6   12    1
   11    3    6    8    1
   24   21    3    9    1
   13    7   12    1    1
   20   20   12   11    4
   23    5    4    5    1
   24    4   10   11    1
   24    5    7   12    1
   22   30   12    5    1
    6    1   11   10    1
   27   19    7    6    1
    6   21    6    7    1
   23    2    1   10    6
    9   23    4    4    1
    1   11   12    6    1
   29   21    2   10    1
   13   20    4   10    1
    5   12    9    4    1
   28   12   10    5    1
   29    9    3   12    2
    1   10   12    2    4
   18   10   11   12    4
   25   21   12    1    2
    8    9    3    2    1
   10   21   11    4    1
   12   12    2   11    9
   13    4   12   10    7
   21   21    6    8    6
   21   22    1   12    1
    5   13    9    1    1
    1   21    1    9    2
   26    5   12    4    1
    2    8   11    5    1
   24   24    7    1    1
   16    3    5    1    1
   13    8   12    8    2
   10   19    7    4    2
   23    3    5    2    1
   21   18    3   12    1
    9   12   12    3    1
   14    4    2    2    2
   11   27   12   12    1
    9    9    2   11    3
    2   24    4    2    1
   22   10   11   10    1
   14    8    5    2    1
   13    2   12    1    2
    7   27    3    9    1
   27   23    5   12    2
    3   26    7   10    1
   20   10    2    1    1
   19   15    9   10    1
   26   29    9    5    1
   20   19   11   10    2
   26   25    7   10    4
    7   25   10    5    1
   17   29    1    7    1
   27   17    5    5    1
   18    7    4   10    1
   17    5    4    8    1
    6   25    5    1    1
   29   23    7    6    1
   21   17    1    5    1
    7   30    8    8    1
   15   29   10    4    2
   16    1    8   12    1
   28   17   11    1    1
   19    2    5    6    1
    4    8    8    4    1
   28   20   11    1    1
    6   13    8   12    2
   21    7    9    7    1
   22   18   10    4    1
   24   13    9    9    1
    2    4   10    2    6
   10   14   12   12    1
   16   28    6    3    2
    7   28    9    5    1
    3    3    1    9    1
   23   25    7    4    7
   13   30    6    1    6
   15   18    5   10    3
   24   27    7   11    1
   20    5    6    1    1
   26    9   11    4    2
    6   10    7    5    1
   20   16   10    4    2
   16   24    7    6    1
   27   14   10   12    1
   24    7    3   11    1
    9   18   11   10    1
    9   27    5    7    1
   29    5    1    8    1
   10   15   12    2    1
    5    8    9    5    1
   22    5    2    8    1
    9    2    4    9    1
   14   14   10    5    1
   23   15   12    8    1
   10   17    7    2    7
   22   14   11    8    1
    8   26    9   12    1
    2    6    7    4    1
   15   17    3   11    1
   11   17    2    3    1
   11    4    3    1    6
   30    4   12    3    1
   19   24   11    6    1
   16   15    2    9    1
    7    2    4   11    1
   29    4    6   10    1
   30   30    8    2    6
    7    4    7   11    1
   20    7    9    9    1
    5   28    1    3    1
   16   25    2   11    2
   26   10   10   10    1
    6   23   12   10    2
   16    7    3    6    1
    1   15   11    3    2
   24   22    7    6    1
   28   21    2    2    4
    4    9    2   12    1
    8   17    8    5    1
   10    4    8   11    4
    5   21    5    8    3
    2   11    1    3    4
   19    5    9    5    1
   22   27    3   10    1
   27    4   10    7    1
   28    6    4    2    1
   29    3    1    6    1
   28   22    1    7    1
   23   11    7    1    1
   11   30    5    6    1
   20   11    7   12    1
    9   14    4    2    1
