   27   26    4    1    2
   10   13    8    5    3
    8    5   11    1    3
   28    9   12    8    3
   25    7   10    7    4
   12   11   10    1    7
   21   20    2    7    2
   14    7    2    3    3
   11   29   11    9    2
   12   24    9    2    2
   12    8    3    1    2
   27    1    3    3    2
   25    9   11    5    4
   14    1    9    5    3
   14   14    5    6    4
    6   19   11    7    2
   13    4   10   12    6
    9   23    8    1    2
   23   13    6    7    2
    2   17    1    1    5
    1   24    9    6    4
    2   12   10    7    6
   10   27    2    2    3
    1   16    8    5    6
   30   21    4    3    8
   12    4    3    5    6
   30   14   11   11    2
   18   20    7   10    6
   30    3   12    3    1
   23   23   12    1    5
    5    1    5    7    2
   19    9    6    8    3
   29    3    6    9    2
   27   27    6   10    7
   29   28    5    2    1
   24   15    1    1    2
   18    5    8    4    3
   18    6    2    4    4
    3   27    3   12    4
    4   16    3    1    3
   25   15    4    8    6
   28   20   10   11    4
   28    6    8    6    4
   19   27    2    7    7
   13   21   10   11    3
   20   26    5    8    5
    9    8    6    4    4
    3   12   11   10    6
   25   30    2    7    4
    5    5    2    8    9
   28    7    5    2    7
    4    9    5    8    4
   24   18    4   11    3
   10   19   11    9    5
   17   17    1    4    5
   24    9    8    7    6
   24   14    7    8    4
   14   29    8    3    2
   17   12    6    5    8
    2    8    7    3    4
    7    6   10   11    2
   29   26   12   12    4
   30   11    6    2    2
   30   24    5   10    3
   17    5    3   11    2
   18   29    5    7    2
   29   19    6    3    2
   26   22    2    6    3
   20   22   10    5    3
   17   16    5    9    3
   15   10    4    2    5
    7   21    6    3    2
   11   20    7    7    7
   16   24    3    7    3
   20    7    5    9    2
    7    1   11    6    2
    5   20   12    4    4
   26    8    7    1    3
   12   26   11    7    2
    7   19    7   10    2
   27   15    7    9    8
   25   11    3   12    7
   24   11    2    3    2
   10   14    8    8    2
   16   29    3    5    1
    6   30   10   11    1
    6   16   12   10    5
    6    5    7    4    2
    7   24    7   10    5
   30   15    2    7    4
   30   30    5    7    6
    4   21    1    5    4
    3   18   12    7    5
   28   14    1    8    6
   23    4    5    6    2
    7    3    9    3    2
    5    3    7    9    8
   18   30   10    5    7
   27   23    8    1    7
    1    1    4   12    6
   14   13    3   10    4
   19   28    3   11    1
   28   23   12    4    6
   23   22    3    1    6
   17   27    8    2    5
   16   20    3    7    7
   19   16    7    2    8
   29   23    6   12    4
   17    6    5    9    8
    2    7    1   10    2
    2   13   12    8    7
   10   10   12    1    7
   12   22    6    4    3
   19   20    1    6    3
   17   22   11    1    3
    6    4    6    4    2
    8   21    6   11    2
   28   21    2    8    7
   24   19    5    2    2
   18   17    5    4    8
   28   11   11    7    2
   11   23   12   11    2
    7    8    5    6    5
    2   30    8    8    6
   12    5   11    2    2
   28   28   11    3    2
    8   18    3    5    2
    1   10    5   12    6
   11    7    2    9    2
    7    9   11    4    3
   17   11    3   12    4
    7   10    8    8    2
   19   19    6   12    6
   13   12    3    8    3
   16    9    4    4    5
   15   22   11   12    5
   13   11    8   11    5
   30    8   10    1    8
   24    2    2    7    3
   20   24    3    3    5
   22   22    3   11    5
   30   26    8    6    5
   10    6    2    5    6
   18   22    9    6    3
   11    6    4    7    3
   15   15    5   11    6
   23   20    3   11    6
   15   19    1   11    5
   30   27    4    1    4
   26    3    5   10    3
    1    9    1   12    5
    4   11    2    8    6
   13    1    4    6    6
   24    6    8   11    2
    7   13    9    3    3
   12   12    1    4    8
   15    5    9    7    7
   30   12   10    2    8
    8   20    9    7    7
   25    2    7    9    8
   11    1    4    1    9
    6   21    1    8    8
   24    5    4    7    5
    8   11    1    3    4
   13   28    2    8    6
    6    6    5    1    6
   17    9   10   11    6
   24   10    5   11    3
   15   11    9    7    6
   21   23    3    3    3
   13   13    9    5    7
   18   28   10   12    6
   22   13    7    5    6
    1   25    1    7    7
   15    9    2    3    8
    9   27    5    2    5
   25   20    7   10    8
   18   14    9    8    8
   23   14    6    4    7
    4    4    4    6    8
    7   26    3    4    7
    1   20   10    7    5
   26    9   11   11    7
   26   11    7   12    3
    5   13    5    9    2
    3    6    7   11    2
   30   17   11    5    2
   10   17    8    1    2
   15   29   12   11    2
   12   20    3    4    6
   13   29    4    6    5
   26   10    1    3    3
   22   16   10    8    3
    1   15   11    2    2
   10   11    6    5    2
    3   22   12    6    5
    3   23    1    4    5
   15    4    9    1    6
    4   26    6    6    6
    7    7    6    9    6
    8    4    7    3    8
    1    8    1    2    6
    2   10    5    8    5
    8   14    8    5    4
    6   15    7   11    2
   14   25    9    8    2
   29   29    1    4    2
   29   27    5    1    2
    3   14   12   12    2
   21   10    9    7    6
   20   14   12    5    7
    3   20    6    8    4
   10   16   11    5    5
   15   18    2    8    5
   30    4   12    9    3
   12   29    2    8    3
   28   25    5    3    2
    8   10    6   11    2
   10   29    3    1    4
    8   13    4   10    4
    4   18    7    4    4
    8   23    7    8    2
   11   21    1    4    5
   11    5    2    6    3
   10    5    6    2    4
   22    9   11    2    3
   25    5    3    6    5
   20   10    6    3    5
   25   21   11    5    6
   21    2   12    2    7
   19    8    1    1    6
   11   19   11   12    9
   20   30    3   10    9
   15   28    7    3    8
   25    4    1    9    4
   16    2    4   10    3
    6   13    7    5    2
   19   13    8    5    5
   20   20    1   11    2
   21   22   12   12    2
   29    7    9    2    6
   19   14   10    8    7
   25   24    3    8    7
   12   18    4    4    2
   21   26   10    8    7
    4   24   12    4    6
   13   24    8    9    3
    4   19    6    3    2
   18   19    5   11    2
   28   30    9   12    4
    4    5   12    4    5
    4    3    2    6    4
    7    5   11    4    3
   26   17    7   11    2
   23   10   11    7    4
   17    4   11   12    8
   14   15   12    6    3
   16    7    2    5    2
   25    8    6    8    3
    2   18    6   10    2
   14    2    3   10    6
    1    3   12    5    6
   29   25    7   12    2
   10   28    4    2    2
    4    2    2    7    7
    9    3   12    9    2
   17   25    8    1    3
   15    7    5    2    3
    2   28    1    9    2
    3   25    3   10    3
   29    2   11    3    7
   29   24    2    4    3
    8    8    5    1    2
   22    2    7    9    1
   29    8   10    8    2
   12   28   10    4    5
   16   11    2    7    3
   15    2    7    9    5
    3    8   12    4    4
    2   23    2   12    7
   22    6   10    5    7
   25   16    3    6    6
   29    1    7   12    6
   17   23    8    7    3
   22    8   12   10    4
   11   22    3   10    6
   20   15    1   10    3
    9   11    3    2    3
   27    2    8    1    6
   25   25   12    8    6
   15   21    6   12    5
   17    1    8    4    4
   30   29    6    3    2
   23   18   10   10    3
   11    2   12    7    3
   14    9    9    8    3
   13   26    8    1    2
   16   28   11    9    4
    7   18    5   12    2
   10    9    3   12    2
    3   13   12    6    2
   23   16    9    6    4
   17   15   11   11    5
   12   27    9    8    6
   16    3    3    2    6
    5   16   12   12    6
   16   16   10    5    6
   21   14    1    3    6
   14    6    9    9    6
   30   19    4    8    4
   20    4    7    1    2
   26    5   12    1    2
   27    5   12    6    2
   13   25   10    1    2
   10   12    4    8    2
   11   18   12    1    3
   14   17    9    2    4
   27   11    2   10    2
   29    6    2    3    2
   23   15    6   10    5
   25   12   12    4    4
   19   25   11    3    3
   22    1    8    2    2
    1    6    4    8    3
   24   28    2    8    6
   20    6   12    3    5
   19   26    6    6    5
    5   23    2    5    6
   27    6    9    8    6
   10   30   10   11    4
   28   27    5   10    2
   15   12    6    5    4
   26   26   12    4    5
   21   21    7    5    8
   25   22    1    4    6
   16   12    5    5    5
   24    3    1   12    4
   26   18    4    1    4
    7   23    8    2    4
   22   29    3   12    3
   28   26   10    1    6
    1   18    4    4    9
   30   16    7    1    2
   15    8    7    9    2
   22    5    3    6    8
   10   22   11    7    2
    9    6   11   10    1
   10   18   11    1    7
   22   14    5   12    7
   21   29   10    3    2
    7   12   12    3    6
    9   12    5    2    2
   27   14   10    3    2
   25   26    5   10    4
   23   19    3    8    2
   12   14    8   12    2
   24   22    8    8    6
   26   23    7    6    2
   25   10    8    7    3
    4    1    8    1    6
   23   24    6    9    6
   28    5   12   11    6
   24   21    9   10    3
   30   23    2    6    2
   19   12    5    5    7
   25   18    9    2    6
   30    1    8    5    2
   15   26    5    5    6
    2    5    7   10    3
   22   30    7    6    6
   20   13    9    2    6
   18   21    1   12    2
   29   17    3    9    2
   18    9    7    2    2
   11   11    8   10    6
   10    3    6    9    4
   27    4   12    8    3
    7   30    1    2    5
   19    2    3    4    6
   13   27   12    6    3
   27   18    5    3    2
   24   24    2    4    6
   26    2    9    1    7
   26   16    1    1    3
   15   13    8    5    3
   20    9    4    5    2
   15   16    4   10    2
    3   21    7    5    2
    4    7   10   10    2
    8    6    8    9    4
   22    4    9    9    6
   17    3    4    6    2
   27   20   12   12    2
    5   29    5   11    2
    4   28    7   12    1
   11    3   12   12    6
   21   27    5   11    2
    1   28   10    3    7
   16   13    7    5    7
    8   27    3    6    6
    6   26   10    6    2
   14   16    1    8    4
   27    7    6    2    2
   24   27    6    9    2
    5    9    9   10    2
   27   16    8    2    4
   17    7    9    8    4
   17   21   12    1    7
   19   17    5    3    6
   21    9    9    4    4
   29    4    1    8    3
   26   14    8    3    2
   23    6    3    2    3
    9    9    7    1    6
   19    1    3    1    6
   28   17    4    4    3
   22    7   10    9    3
   28    8    8    4    2
    9    2    2    9    2
    3    2   10    2    1
   24   17    4   12    2
   18   18   12   11    4
   13   17    4    4    3
   23   12   12   11    6
   21   12    8    7    7
    3    3    3    8    6
    6    2    2   10    6
    1    2    5   10    3
    1   26    8    9    4
   17    8    5    2    3
   23    1    3    2    2
    9   29    5    7    1
   14    5   10    4    2
   19   22   10    5    6
    4   14    5    2    2
    2    2    8    2    3
   29   20   11    4    2
   21   16    9    3    2
   25   27    1    4    2
   16   18   10    9    8
   20    2    2   11    2
   22   27    7    8    2
   17   20    9    2    7
    6   12    1   10    4
    1   12   11    7    4
   24   26    6    3    4
    1   21   12    1    3
    3   15    6   11    5
    8   16    7    1    4
   13   18   12    2    3
   14   11   12    3    3
   21    5    8    4    2
    4   10   11    9    2
   13   30    1    1    2
   25    6    5   11    2
    3   19    7    2    5
    5   30    7   10    3
   28   22    5    4    2
   30    9    1    5    1
   28    3   11    6    3
   13    9    7    6    6
   23   25    2    8    6
   21   19   12    9    7
    5   19    1    7    6
   24    8    9    4    8
