   12   27    5    8    2
   18   23    3    5    2
    4   21    2    3    2
    2   29    1   11    3
   16    6    4    2    2
    2   12   12    8    2
   24   28    2   11    2
   14   29    2    7    2
    4   12    6    9    2
   21   12    2    5    7
   10   21    9   11    2
   22   15    6    2    2
   17   24   12    9    2
   22   22    2   10    5
    9   28    7    1    3
   27   30    2    1    3
   17   28   11    3    7
   15   17    8    6    3
    8   25    6   10    8
    1   27    4    9    3
   11    4   12    7    8
    3    9    2    1    3
   21   14    7    8    8
   11   25    5    2    3
   10   14    3   10    3
    9    6    5    8    3
   27   16    7    4    3
   26   24    7   12    8
   29    7   11    8    8
    3    8   10    9    3
    4   26   11    4    3
    1    7    8    9    2
   19   10    6    8    2
   22   21    3    2    2
   18    2    9    2    5
   15   13   11    9    5
    6   21   12    4    4
   23    6    6    5    3
    1   26    7   12    3
   13    8    4    8    5
   13   11    6    5    5
   26    6    7   12    3
   25   29    1    7    3
    8   29    2    5    5
   23   11    4    4    5
   26   26    2    6    6
   27   26    6    5    4
   27   21    4   10    3
   22   10    7   12    5
    3   10   10    6    5
    2   28    9    7    3
    1   18    1    6    2
   13   10    8    1    4
   14    1    4    2    4
    1    8    5    5    7
    4   13    8    3    5
   27   29    4    9    1
   18   11    6    3    1
    3   25    1    5    2
   11    2   11    9    3
   15   12    1    6    4
   23   25    5   10    5
    7   12    8    9    6
   15   20   10    2    3
   11   14    1    6    4
   18   15    9    5    5
   17    6    8   10    6
   18    7    6    2    4
    7    4    7    2    4
    5   14    2    4    3
   10   28    6   11    3
    5   29    3   12    4
    7    3   12   12    4
   13   12    3    1    4
    2   22    3    7    4
   30   11    7    2    4
   28   27    9    9    5
   21   28    5   11    4
   25   21    3    4    6
    2    2    1    7    7
   17    8    1   12    7
   28   16    2    2    6
   21    1    4    3    5
    3   18    2    8    4
    8   15    9    1    4
   19   17    5    9    4
   23   23    1    3    5
   22   26   10    1    4
   26   15   10    1    5
   13   17    5    4    5
    3    1    6    5    4
    4    4   12    8    7
   27    6    1    1    5
    2   19    4    8    3
   11    1    1    1    3
   25   12    2    9    4
    7   20    7    6    3
    7   25    6    9    6
   10   11    9   12    5
   21   11    1    8    7
    9   30   12   12    4
   11   11    5    4    7
   19    9    3    1    4
    4    9   11    6    8
    1    1    8    5    6
   30   13    1    5    8
   16   26    2    5    6
    9    5    5    9    2
   10    2   11   11    6
   28   30   12    5    4
   29   20    8    2    3
   12   18   11    1    3
   30    2    7   12    3
   17    4    6    3    3
    6   22    6    3    3
   24    7   10   11    4
   24   14   10   12    3
   11    5    9    3    3
   12   11   12    2    8
   13   13    6    4    8
   11    8    5   10    8
   26    3    8    9    3
   27    7    3    7    3
   26   21    4    3    8
    2    7    4    2    3
   21   16    1    8    3
   22   29    9   11    8
    9   16    2    1    3
    6   15    7   12    3
   27    8    2    6    3
   11   17    9   11    8
   17   29    7   10    3
   16   17   12    4    3
   21   17    5    6    4
    5   16    7    6    4
    9   29    1   10    7
   25   10    1    4    3
   30   26    3   12    7
   25   30    6    1    7
   15   23    9    5    7
   28   23    4    7    3
   12   12    3    7    8
    3   30    6    1    7
   14   14    4   12    7
    6   13    9    4    3
   13   16    5    9    8
   29   30   10    4    4
   28    3    9    9    3
   10   10   10    2    7
   23   13   11    9    3
    4   30   11    7    4
    6   24    7    2    3
   10   15   12    8    3
   17   12    1    2    7
   21   21    5   10    8
   13   22    1    9    3
   18   30    3   12    3
   16   29    7    5    4
    5    7    7    7    3
   22   20    5    8    3
    5   30    6    6    3
   12   19    7    6    3
    1    4    6    7    4
   17    7    3    9    4
    9   21    8    9    7
   23    4    5   11    3
   29   18    1   10    3
   19    8    4    8    7
   24    3    1    8    3
   29   15   12    1    3
    5   13    2    8    7
   13    9    9    6    3
    9   17   12   12    3
   24   15    6   10    7
   27   22    7    5    7
   15    4    8    9    3
    3   12    4    8    7
   18   21    7   12    3
   27   19    6    2    7
   29   19    5    3    3
   22    9   11    4    3
   11    7    5    7    7
    7   10    7    9    3
   14    6    9    2    7
   20    9   12    6    3
   17   26    2    8    7
   20   19    5   10    3
   28   12    8    1    3
   12   30    6    7    7
   19   21    3    6    7
   28    6    8   10    3
   26    2    3    4    3
   12    8    3    7    7
    6   25    9    7    7
    8    5    3   10    7
   12   26    2    7    3
    9   26    7    1    4
    1   28    2    6    4
    8    4   12    1    7
   25   22   10    8    7
    5   10    1    4    7
   12    1    3    6    3
   18   19   10    5    7
    8    7    4   12    3
   16   20   11    9    3
   25   20    9    9    3
   28    7   11    8    7
    7   30    4    3    7
    9   15    2    5    3
   18   14   11    3    3
   10   24    8    9    3
    7   26    5    6    7
   30   22   12    9    7
    9    1    3    9    3
    9    9    7    6    7
    1   24    5    1    3
   28   20    1   12    4
    6   20   11   12    3
   18   18    9   10    7
   15   14    4   12    3
   19   25    7    3    7
   15   15    6    9    7
    9   10    6    8    7
   24   24    2   11    7
   22   18    1    8    3
   11   26    9    2    3
   22   28    2    6    7
   16   19    1   11    3
   16   15   12    9    3
   16   11    5    6    7
    7    7    8   11    7
   13   20    9    6    7
    2    4    4    5    3
   28   14    6    5    7
   19   30    7    9    3
   30   30   12    3    7
   29   23   10    5    3
   11    6    2    3    7
   10    8    9    2    3
    1   10    2    6    3
    3    5    3    6    7
   19   24    6   12    7
   23   21   11    2    8
    8    9   11    6    3
   17   25   11    8    3
    3   20   10    4    3
    7   15    3    7    3
    6   12   11    6    7
    2    9    5    4    8
   21   24    4    4    7
   23    9    9    3    3
    3   11    3   11    7
   11   29   10    7    3
    5    5    3   12    7
   18   16    6    4    3
   30   17    1   11    7
    2   23    9    5    3
   26   14    1    3    7
   24   23    2    3    3
    6    8    8   10    7
   26   19    6    8    3
   10   20    6    9    7
    5   25    8   10    3
   20    4    3    2    3
   17   23   10   12    7
   28   19    8    6    7
    1    6    6   10    7
    6   29    6    7    7
   10   30    7   11    7
   12   29    7    1    3
   23   22    7   10    7
   14   23    2    2    7
   19   19    2    5    3
   10   16    4   11    3
   30   21    6   10    7
    4   14    9   12    7
   30   24    3    9    3
   18   27    4    3    3
   13   28    3    9    7
    9   12    1    8    3
   28   25   12   10    7
   20   24    1    6    3
   19   22    5    7    7
    5   18    7    8    7
    8   26    2    7    7
   26   28   10    2    7
   14   12    4   10    7
   16   16    8   11    7
   15   30    9   10    7
   26   13    6    2    3
   18   26    8    5    7
    3    3    3    8    7
   20   26    3    5    7
   22    7   10    7    7
   20   17   10    2    7
    6    6    9    2    7
    1   17    1    5    3
    1   23    9   10    3
   18   13    1    1    7
   21    2   10    2    7
   21   20   11    9    7
   20   12    1    5    7
    5    2    4    5    7
   11   28    7    5    7
   20   11    2    7    7
    4   24    1   12    7
   25    1   11    3    7
   18   10    2   10    7
    4    5    4    2    7
    4    6    9   12    7
   23    5    9    9    3
    2   25   11    7    7
    6   30   12    4    7
    1   15    8    4    7
   13   25    4    4    7
   27   23    3    2    7
    5   28   11    7    7
   16   30    1    2    7
   25   25    4   12    7
   30   14    9    9    7
    1   19    7    2    7
   24   18    9    6    7
   18   20    3    4    7
    5   24   11   10    7
   12   22    4    5    7
   25   26    4    1    7
    3   29   11   10    7
    7   23    1    6    3
   10   12   11    2    7
    5   26   11    3    7
   10    4    6    3    7
    1   22   12    6    7
    1    2    9    8    7
   19    7    2   10    7
    4   27   10    4    3
    3   19    7   12    7
   27   11    3    9    3
   20   30    3   11    3
    6    3   12    9    3
   27   25    7    2    7
    8    8   11    3    7
   20    1    3   12    3
   27   15    8    4    7
    3    4   12    3    7
    4   16    9    5    7
   27   27    4    7    7
   14   16    3   12    7
   27   13    2    9    7
   14   27    9    7    7
   29    1   10   11    7
   30   23    6    9    7
   20    8   11    3    7
    6    2    5   11    7
    7   16    6    4    7
   22   17    2    5    7
   22   11    9    2    7
    7    9    9    6    7
    8   14    8    2    7
   29   29    5   10    7
   29   28    9    8    7
    2   14    9    8    7
    2   20    4    5    7
   25   18    9    3    3
   25   14    6    2    7
   16    3   11    7    7
    6   10    8    9    3
   24   22    7    8    3
   21   29    5   12    3
    6    7    5   12    7
   24   11   12   12    7
   25   15    3   10    3
   15    2    8    5    3
   10   26    5    9    4
    5   22    7    2    4
    1   30   12    3    3
   28   28    9    8    4
   13    7    4    1    4
   21   13    3    2    4
    6    5    1    2    4
   29   24    9    9    4
   10   23    6    2    4
   16   22    6    9    4
   23    3   11    2    4
   25   24   10   12    4
   27    3    9    8    3
    8   23    2    9    3
    1   13    3    4    7
   26   29    6    1    3
   28    4    5    5    3
   12   16    3    5    7
   10   29    7    8    3
   22   14    8    5    3
    1   16    1    3    7
   19    6    8    5    3
   12   24    4    8    3
    2    3    9    3    7
   24   13    7   12    3
   27   24    4    8    3
   14   13    5    4    3
   10   17    8    4    7
    8    2   10   10    7
   27    5    3   12    7
    8   22   10   10    8
   27   10    9    2    3
   17   18   10    3    7
   27    9    6    5    3
   12   23    2    5    3
   24   16    1    7    3
   11    9    6   10    3
   16   25    7    4    3
    8   21    6    7    3
   23   19    1    3    3
   17    2    7    7    7
   19    5    2    3    8
   23   16    9    3    8
    2   13   11   12    8
   13   29    8   11    8
   20    5    3   11    8
   18    6   11    4    7
   17   17    4    5    8
   18   28    4    5    8
    3   13    4    4    8
   13   19    3    1    8
   18    8    8    6    8
   17   14    1   11    7
   24    9    4    4    7
   28   15    7   10    3
   25    9    3   12    8
   18    9    1    2    3
    8   16    4   11    8
    5   15   10    8    7
    2   27   10    6    7
   19   14   12    8    7
   20   27    2    8    3
   15    3    4    8    3
   15   19   12    6    3
    5   17   12    5    3
   19    4    2    7    3
    9   14    2    6    8
   24    2    2    4    7
   27   17    2    8    7
   22    4    2    2    7
   30    8    3    5    3
   14    3    3    1    7
   21    7    7   11    3
    4   29    5    5    3
   16    2   11    3    7
   15   11    7    3    3
   20   23    9    6    3
    5   21   10    4    3
   22    3    1    3    3
   21    3    6    4    3
   24    8    9    4    7
   23   26    9    9    3
   20   20    5    4    3
    4   18    9    6    7
    5    1   12   10    3
   17    3   10    8    7
   20   14    4   11    7
   21   15    7   11    7
   12    5    9   10    7
   25    4   10    7    7
   11   19    2    9    7
    7   14    5   11    3
    8   28   11    4    3
