   28    6    3   11    2
   18   14   12    7    2
   23   30    5    1    1
   11   21    9    1    4
   28   24    3    2    3
   12   24    3    5    2
   20   18    3    3    5
   26    5   12   12    6
   19   29    6    8    4
   29    3    7    9    1
    2    1    1    9    7
    6    8    1    6    1
    6   26    6    8    1
    3   27    6    5    2
   23   16    3    3    3
    7   15    6    2    1
    2    8    1   12    1
   19    6    3    2    1
   14   29    7   11    7
    5   10    9    9    2
   14   15    3    1    2
    1   10   10    5    2
    1   17    2    5    7
   13   24   11    9    2
    9   27    5   11    1
   28   21    7   12    3
   30   21    8    9    6
   15   26   11    4    1
   13   23    5    7    1
    4   22   11   11    1
    3   21   12   12    1
   10    3    5   10    1
    9   11    5   12    7
    3    6   11    3    3
   29   11    1   12    3
   22   15   12    9    2
   17   15   10   11    1
   15   21    7    5    3
   14    9   12   11    2
   12   22    9    6    1
    5   15    8   11    6
   16    7   11    5    7
   25   20    3    3    7
   26   17    9    8    7
    1   21    8    9    6
   25   30    6    6    2
   15   18    3    9    6
   25   27   11    6    1
   17    6   10    6    1
   23   28    1    1    7
   16    9   10   11    4
    7    6   11    7    2
   30   11    7    4    3
   19   15    8   11    5
   16   11   11    9    1
   11   28    5    9    1
    4    2   10    1    8
    6   27   12    9    6
   22   26   12    3    1
   24   24    1   10    3
   26   12   10    5    1
    3   24    8    6    8
   14    5    9    4    7
    7   22    9   11    5
   17   20    9   12    3
   23    4    5    7    1
   23   22    8   11    3
   19   12   12    1    8
   23   12    5    6    3
    6    4    9    4    7
   19    1    3    1    5
    5    8    9    8    5
   25   25    6    9    7
   13    7    9    6    8
   26   21    8    9    9
    8   20    2   10    1
   30    9    4   10    1
   26   14   10    4    9
   26   29   10   11    8
   23    8    8    8    1
   19   24    5    1    8
   14   22    5    1    7
    9   19    2    9    1
    6   25    8    4    3
    7    7    3   12    7
   30    1    6   10    1
   12   13    8    6    1
   12   12   10   12    8
   19   25    8    4    3
   16   28    1    4    1
   20   12   12    8    8
   25   15    3    1    8
   12   21    7    6    9
   30   30   12    4    1
   28    5    2   12    7
    4   19    4    1    2
   21   29    9    3    2
   12   29    6    9    7
   15   13    9   10    1
   19   18   11    3    1
   24    9    8    5    1
   17   12   10   10    1
   27   22    9    1    1
   13   29    3   10    3
   16   22    8    1    2
    6   29   11    6    1
    2   16    5    4    7
   14   20    9   10    9
    3    8    4    3    5
    3   20    4    5    5
   29   29    8    7    8
   26   19   10   10    9
   25   26    8    9    7
   18   26   12   11    9
   25   22    4    5    6
   23   26    6   12    9
   15   12   11    8    7
   20   11    4    1    5
   20   20    6    4    9
   24    2    1    4    3
   18   12    2    6    8
   30   12    3   12    2
   12   25    7    3    3
    2   14    8   11    9
   17   16    9    9    7
   26    7   11    9    3
    2   23    9    6    1
   22   21    3   10    7
   30   22    4    9    9
   15   11    4    7    3
   12    8    8   12    5
   13    5    5    2    8
    3   22   11    5    3
    9   18    2    2    3
   26    3    5    9    3
   12   14    6    6    8
   14   14    3   10    9
   17   11    5    8    8
   12    3    3   12    3
   21    9    9    4    2
   21   27    9    9    9
   17    9    8    6    7
   24    5    7    1    1
   20   26   11   11    9
   26   13   10   11    9
   20    2    3   12    9
   20    4    6    6    9
   12    4    7    5    7
   18   10    4   11    5
    3   23   12    8    3
    7    5    8    5    9
   27    8    1    4    5
   23   25    3   10    7
    1   16    1    4    8
   27   23   12    5    1
   19   11   11    6    3
    5    9    7    9    2
   16   10    2    2    3
   13   17    1    2    5
    5   17   12    8    6
    3    3    5   12    7
   15   23   12    3    8
   28   25   12    5    9
   27    7    8    6    1
   19    7    1    1    2
    6   21   11   12    7
    4   11   11    3    1
   13    2    6    5    9
   12    5    2    6    8
   28   27    8    6    9
   10   27    8    2    1
   30   27    4    3    2
    4    3    9    5    7
    4    4    8    3    6
   10   23    2    6    3
   16   15    1   11    3
   16   25    3   10    5
    9   12    9    4    1
   30   26    7    2    9
    4   27    7    1    9
   28   28    5    1    9
    5   23   11    9    7
    1   14   12   11    8
   16    3    8   12    3
   17    4    2   10    7
   17   21    6    9    1
   20   23   12    1    1
   30   29    8    8    3
    3    9    6    9    1
   15   15    1    6    7
   10   14    3    5    8
   12   10   10    3    7
   24    4   11   10    3
    6   11   10    7    8
   11   26    2    8    9
   29   23   10   11    1
    7   21   11   11    3
   11    5   10    4    9
    9    4    5    4    1
   11    1   12    3    5
    8   24   10    2    5
   17   24    5   12    7
   19   13    6   12    8
   27   24    5    7    1
    1    8    4    4    9
   11    7   12    2    9
    4   16    2   10    9
   23    6    2   12    9
    6    5   10    8    9
    9   25   11    2    3
   25   14    4   11    2
   15    6    4    8    7
    9    6    1   10    5
   13   13   10    1    8
    2    9    1    6    7
    2   26    1   10    8
   27   13    4   12    1
   25    3   11    1    1
   28    2    7   10    2
   19   10   10    5    7
   20   13    6    8    7
    1   20   10    2    5
   19   27    7   10    8
   25    1    6   11    8
   27   27   11    4    8
    7    8   11    5    1
   28   14    1    6    5
   30   24    9    2    4
    1   18    8    5    9
   21   23    6    3    9
   10   13    7    8    4
    1   27    3    5    4
   22   13    4    1    7
   24   29    1    8    4
   23   11   12    5    2
   20    6    4    9    1
   26   26    3   10    7
    5   19    5   10    1
   24   16    5    7    2
   29   22    5    5    1
    1    5    9    2    7
   29   20    3    8    8
   13   14    2    2    1
    2   27    5   12    1
    6   24   11    1    2
    8   13   12    7    4
   14    7   11    8    3
   18   30   11    8    8
    5   25    9   11    1
    4   18    8   11    3
   21   14    1    3    2
   22    6    8    3    1
   30   15   10    9    7
    1    9    3   11    1
   20    9    9   10    1
   22    2    3    4    4
    3   18   11    2    7
   18    6   10    1    7
    3   28   12    4    1
    2    2    7   12    7
   23    7    7    2    8
   28   20    5    8    1
   10   22    8    7    7
    3    1    7    4    3
    9   13    1    3    2
   29   15    1    4    4
   16   27    5    8    1
    6   13    6    4    7
   26   28    5    3    1
   27   29    4    4    1
   23   23    8    3    8
   12    2   12    7    1
   25   18    6    8    7
   27   17   11    4    6
    7   20    9    8    4
    8    8   10    8    9
   29   18    2    9    6
    9    8    8    1    4
   18    2    5    2    8
   10   28    5    6    3
    7   17   12   11    5
   12    7    9    7    3
   13   18    8    2    6
   15    2   11   12    1
   17   19    1    4    5
   19   30    6   11    1
    7    3    7    3    6
   21    8    7    2    3
   18   28    1    5    1
    1   24    4    2    3
   10   10    1    8    1
   10   11    1    3    1
   25    8    2    9    4
   18    8    8    8    7
    5    3    7    9    9
    2   25    5    5    8
   16    8    7    1    9
   14   23    5    5    9
    2    5    9   11    3
   27   11    4    1    1
   26    9    5   12    3
   13   30    8    3    6
   24   20    3    8    5
    1   12    5    1    3
    2    7    7    6    1
   22   22   11    5    8
   30    3    3    9    3
   21   25   11    7    4
   26   27    1    2    6
    8   11    8    1    7
   24   23    9   10    2
   29    4   10    5    3
    8   29    7    3    6
   19   19    1    2    7
   21   13    9   10    1
   30   20    1    3    8
    1   28    5    7    7
   16    5    5    7    3
   12   16    3    6    8
   21   16    8    4    7
   18   11    2    5    9
   17   23    1    6    1
    6    2    8    7    6
    4    8    3    3    9
   24   14    1    6    5
    8   15    1    6    7
    4   13    4   12    8
   24   22    6    8    3
   21   21    9    8    9
   22    8    7    1    2
   24   15   12    3    1
   29    1   12    9    3
   14    8   11    6    4
   26   16   12   11    6
   10   17   12    4    1
   10    8    3    6    7
    9    9    9    2    9
    1    7    2    4    4
   11   22    3   12    4
   15   28   12    6    9
    2   19   11    4    3
   18   16    7   12    6
   12   27    1   10    7
    1   26    9   10    8
    8   28   10    2    9
    1    1    3    2    7
    2   17   10    1    9
   22   20    9    4    8
   16   13    8    4    7
   10    2    8    9    6
   22   28    4   10    8
   10   15   11    4    9
   20   15    6    6    4
    3   14    9    9    4
    1   23    8    1    3
   28   30    2    4    7
    4   26    9    4    8
   29    2    1    1    6
   30    7   10    7    2
   12   11    5    2    1
   14   19   11    4    6
    7   28   12    7    5
    6   30    5    3    1
    4   30   12    7    7
   20   16    5    5    1
   14   17    2    8    9
    7   29    5    3    5
   20    5   11    9    1
   28   13    7    8    2
   22    9    7    6    3
   22   18    8   11    6
    9   23    6    7    7
    3   15   12    4    3
   24   18   12    3    7
    4    7    7    3    8
    5   18    6    4    9
    8   26    1    7    6
   15    4    1    4    7
    8   19    1   10    8
   28    9    1    3    6
   25   11    2    9    1
   13    1    7    3    8
   10    4    4    4    3
   12    6    6    7    8
   27   18    3    6    9
    5    5    5    9    9
   20   21    8    8    6
    6   14    5   11    2
   19    3   12    8    8
   10   25    7    9    7
   30    5    6   10    8
    4   28    8    7    3
   15    1   10    6    8
   11   11    9    7    9
    6    6    6   11    9
   11   13    3    3    9
   17   25    4    6    5
   19   16    4    4    7
   14   11   11    5    8
   30   16    8    4    1
    3   17   11   10    3
   27   15    8    9    2
   29   10    7    5    8
   19   23    2   11    3
   29   28    3   12    1
    7   10    9    6    7
   22   17    9   11    1
   13    3    7    3    8
    1    4   12    8    9
    4   25    5    1    3
   25    7   10    1    5
   25   29   12    2    9
   16    6    3   10    2
   28   19    9   12    5
   29    5    7    4    6
   20   27    8    2    7
   21   10    4    2    8
   10   24    2    4    1
    5    4    6    2    1
    5   27   10    5    1
   17    8   12    5    7
   24   21    2   10    1
    2   30   12   11    2
   11    3    2    5    2
   22   19    7    5    5
   18   17   11   12    1
   18   18    4    9    9
   24    7   12   11    2
   27   14    1    9    7
   29   16    8    1    1
   20   19   12    3    1
   17   17    7    3    6
    2   21   12    5    8
   14    4    9    5    7
   17   28   12    2    1
   19   21    7    7    2
   20   10    1   12    3
    9   15    4    4    3
   30   10    6    8    8
   16   16    9    7    9
    2   11   12    1    1
   25   24    3   12    8
   16   14    5    3    7
    7   18    2    9    3
    1   22    4    2    2
   30   17    8   11    1
    1    6    7    2    3
   14   30    7    6    2
   17   29   10    6    7
   21    5    9   10    5
    6   10    6    8    1
    4   21   12   10    8
    2    3    8    1    8
   10   26    8    1    7
   21   18    5   11    2
   26   24   11   11    2
   29    9    4    6    6
    9   10    4    8    1
   18   23    4    3    7
   12   28   11    8    9
   11   24    9    6    8
   25   13    5    4    3
    9    7    8    5    1
    5   22    2    8    5
    8   30    7    4    7
