   15    4    8    1    6
   15   20    6    2    4
   17    7    9    7    6
   11   11    5    9    8
   28    4    3    2    4
   30   21    1   11    9
    8   29    8    2    3
   22   22    5    3    7
   12   10   12    4    3
   13   11    8   12    5
   24   11    1    5    6
   21   18   10   12    4
    1   24    2    4    3
   18    5   11    5    6
   26    4    7    4    4
    8   26    1   12    6
   15   13    6    9    2
   30   11    4    2    6
   13   20    5    4    3
   18   25    8    5    3
    7    5   12    5    4
   30   10    5   12    2
   18    2   11    9    5
    1    5    8    8    3
    7    2    6    7    2
    8   23    1    9    2
   11    8    8    2    3
   25    9    5    3    2
    8    1   10    8    4
   21    6    1   12    6
    1    7    1    6    4
    7   25   12   12    4
    6   11    4   12    3
    7   23   12    1    4
    3   14    1    8    4
   12   13    4    4    4
   28   11    7    4    2
    7   30    3    8    2
   26   28   12    5    6
   12    8    8    3    7
   20   14    2    6    4
    3    9   10   12    3
   24   27    2    4    4
   29   25    4    8    5
   17   24    5   10    3
    7    3   11   11    3
   26   26   11   10    3
   29   24    5    5    1
   11   23    8    8    7
   11    7    6   10    5
   10    5    8    3    7
   19    3    5   10    8
   16   21   12   12    8
   20   23    7    4    6
   16    9   12    5    5
   28   28    1    7    6
   27   11    4    4    4
    4    6    7    3    3
    6    3    4   11    4
   29   10    1   11    5
    5   29   10    5    6
    1   20    9    4    6
    1   17   10    5    3
   11    2    9   10    2
   21    9    8    1    2
   27   22    6    3    4
   17   10    9    2    5
   11    5    7   12    7
    9   13    2    5    4
    9   18    1   11    3
   18   13    7    4    4
   21   28    9    5    6
   25   22    3    3    7
   30    2    1    8    6
    4    2   12    9    4
   25   12   12   11    3
   23   17    3    8    2
    4   23   10   10    2
   24   10    5    6    6
   30    8   10    8    4
   25    8    4    9    4
   19   19   12   10    8
   27   10    3    7    7
   29   29   12    5    3
    5   15    7   10    6
   24   22    4    6    4
   26   17   12    1    2
   18   22    9   10    6
    7   28    3    1    6
   10    6   12    8    3
    9   27    3    4    2
    3   13   11   10    8
   12   14    7   12    9
   18    4    1   12    7
    4    4   11    3    9
   17   11    4   12    3
   11   21    3    9    5
   13    7    5    6    8
    3   23    4    4    6
   21   21    1    6    8
   13   23   10    9    2
    1   12   12    5    3
   27   28    3   12    6
   19   26    1    3    4
    8    8    9    3    3
   14   16    5    1    6
   23   18    1    6    8
    1   23    1    4    3
    6   16    5    2    2
   18   17   10    6    3
   16   16   12   11    5
   30   13    7   10    4
   14   13    8    2    3
    8   22   11    8    2
   14   17   11   12    2
    2   27   11    4    1
   19   25    3    7    2
   24    5   10    8    3
   19    1    2    1    3
   16    7    5    9    1
   28    9    2    4    1
   12   28   11    1    8
   22   23    3   12    3
   17   20   11    3    2
    9    9    4   11    4
   22   15    5    5    3
   24   24    5    6    2
   30   14    1    4    6
    4   29   11   11    3
   26   23    6   12    6
    9   29    9    1    1
   21    3    4    6    2
   24   14    4    8    3
   14   27    5   11    7
    1   11    9    1    6
   10   19   12   11    6
   18   18    5   12    3
   16   20    5    1    3
    8   21    7    4    1
   13    8    8    5    3
   19   16   10    2    5
   21    4    5   10    4
   29    3    3    3    3
    2    8    8    5    1
   20   10    1    2    3
    7    4    9    1    3
   17   30    2    6    3
    5    9    6   12    4
    3   17    6    8    1
   14   10    1    2    2
   29    2    7    8    1
    5   28    4    2    1
   29    7    5   11    1
   10   15    6   12    3
   17    5    5    3    1
   21   24    1    1    3
   25   20   12   11    7
   16   23   11    7    4
    3    3    6   12    3
    2   23   12    6    1
   12    4    6    1    2
   15   18    4    7    2
    7   10    5    2    4
   16   13    7   11    9
    4   19    3   10    7
   25    6    7    3    2
   11    4    3    1    1
   29   20    1   11    2
   21   14    3    8    6
    6   12   11    5    6
   16   22    3    7    3
    2   12    2   12    4
   22   21    2   12    2
   26    1   10    5    3
   10   16    1    7    2
   22    3    8    3    2
    9   24    9    9    2
   13    1    5    1    2
    1   27    5    3    1
   25   30    1    1    4
   13   22    5   11    2
   20   20   11   12    7
   19   21    8    6    4
   29   19    7    8    2
   10   26   11    9    3
   16   29    3   11    4
   19    2   11    3    4
   28   30    5    8    2
   29   15   11    7    2
   19   20    8    2    1
    4   14   10   10    2
   29   12   12    7    3
   15   15    4    7    1
    2    2    6    3    2
   18   19    4    9    6
   15   11    4    7    4
   20    6    7    1    2
   11   12    8    6    4
   22   14    2    6    3
   25   17    7    1    1
    5   26    9    2    1
   27   20    1   12    2
   30    9    7   11    3
   14    6    1    8    7
    1   28    1    4    3
    2   24    8    3    2
   21   29    5    3    3
   21   17   11    8    7
   14    8    1    6    2
    5   30    2    1    1
   22    5    5   11    2
   15   12    8    5    4
   27   27    2    7    7
    2   14    4   11    9
   12   26    8    5    8
   10   25    7    8    3
   18   28    6   12    6
   10    3    5    6    2
   21   27    5    8    2
   12   22   12   11    1
   19   30    1    6    2
   23   12   11   10    5
   24   16    3    5    2
   12   18    4    1    1
   28    6    4   10    1
   26    9    7    2    2
   23   14    8    5    9
   10   23   10    8    1
   16   27   11    5    3
   25    4    5    7    3
   25   21    3   10    2
   27   18    3    1    1
   28   22   11    5    2
   16    3    6   11    4
   16    5    6    6    4
   11   20    7    9    2
    2    5    5    2    1
   23   23    2    4    7
   21   12    5    2    9
    9    4   12    7    6
    7    7    8    1    8
   26   21    5    2    4
   22   11    2    9    6
    4   13   11    8    8
    6   30    4   12    6
   20    7    2    7    4
   13    2    7    4    2
   24   23    3   11    2
   11    3    1   10    2
   16    8    6    7    4
   23   15    4    1    3
   24   25    1    2    6
   19   24   12   12    6
   10   10    3    8    2
   30   22   12    7    4
    5    3    1    4    2
   29   28   10    4    2
    9   10   12    6    2
   24    8    5    3    6
    2   10   11    8    4
   22   10    3    9    6
   16   28   12    7    2
   18   30   10   11    8
    2   28    4   12    2
    2   20   11    9    1
   24   15    2   11    6
   28   17    5    3    4
    1   25    2    4    7
   12    9    8    1    2
    8   28    3    4    5
   23   21    6    4    3
   16   12    1   10    3
   25   25    6    3    4
   12   12    4    6    8
   13   29    4    6    6
   13   17    7    7    6
   22   17   12   12    3
   28    3   12    5    4
    2   26   10    7    8
   23   30    5    7    3
   10   28   10   10    1
    8   10   12    1    7
   20   21   11    2    8
   27    4   12    1    6
   20    5   11   12    3
   29   23   10    2    1
    3   25    1    7    5
   25   27   10    1    2
    9    8    9    3    2
   19    7    4   10    6
   27   19    1    9    5
   20   26   11    1    3
   20   22    4   12    1
   24   28    7    1    1
    9    6   12    3    2
   20   28    6    3    2
    1   10    2    9    6
   15    9    3    8    2
    5   14    1    3    7
   21   13   10   10    3
   27    3    8    2    1
   16    1    4   11    7
   30   15    5    3    3
    9    7    7    1    7
    5   27    7    8    3
   16   30    7    1    7
   13   26    1   12    4
    6    1    1    7    1
    8   20    1   10    6
   27    8    5    4    2
    9   11    9    2    2
    3   12    6    4    4
   26   29    9    1    1
   26   24    3    4    1
   14   28    9    3    2
   25   13    5    4    1
    3   18   12   10    1
   13   13    2    6    8
    7   26   12    6    3
    5   21    2    7    4
   22    7    7    2    6
   15    7   10    3    2
   22    4    5    6    6
    7    6   12    2    7
   17    6    4    5    2
   29   11    5    7    4
    1    9    5    5    7
    4    8   10   11    9
    3    1    4   10    9
   30   26    8    4    7
   25   23    8    8    5
   28   23   10   11    8
   21   15    4   12    4
    6   18    8    7    7
   11   26    6   12    6
    1    4    9    8    6
    6   22    4    9    8
   23    9   10    4    4
   23   27   12    3    6
   20   30   11    3    8
   12   30    5   12    2
    2   22   10   12    3
   27   26    7    8    6
    3   26   11   10    2
   17   19    6    9    4
   24    6   11    1    6
    4   30    5   11    5
   12    5    3   12    2
   22   26   11   11    2
   11   10   10    3    8
    6   29    3    1    3
    7   18    7   12    3
   22   29   10   12    6
   27   13    3    3    3
   26   16    5    4    3
    9   20   11   10    3
   14   11   11    8    9
   26   15    7    6    4
   14   18   10   10    6
    4   20    8   11    4
   25    5    4    9    4
   14    7    7    7    4
   15    2    1    5    3
   21   10    6    5    5
   23    6    1   12    7
   15    8    6    3    4
    8    3   10    6    9
   19   12    1    6    8
    8   19    4    4    7
   30    3   11    7    6
    2   17    3   11    7
    9   14    8    4    6
   15   14   12    3    3
   13   28    8   12    3
    7    8   10    9    8
    9   19   11    3    7
   14   19    5    1    7
   13   19    2    9    9
    2    3    9    9    5
   27   15    6   10    9
   17   17    2    5    8
   23   19    3   11    3
   30    1   12    5    4
   22   19    6    3    1
    7   12    3    1    2
   16   11   12    8    4
   25    2    5   11    1
   20   12    7   12    2
   27   30    6   12    3
    6    6    6    7    7
    6   26    2    7    2
   12   24    5    6    2
    1   14    5    4    6
   19   15    4    5    1
    3   15    2   10    3
   30   29   12    5    7
   10   13   11   12    5
   20   18    5    4    4
    5   13   12   11    8
   17    8    9    4    6
   24    4    2    5    4
   16   17    7    5    6
    9    2    1   12    7
    1    2   10    6    3
    5   19    2    5    7
   24   20    8    5    4
   19    6    6    7    4
   26   25    1    1    7
   16   18    4    6    4
   15    6    2    8    9
   25   14    9    6    7
   15   28   11    4    5
   28   19   11    4    3
   15   25   10    7    3
   18    1   11    7    6
    4   10   12   12    4
   29   17    5    8    1
   30   30    9   10    7
   15   17    6    8    4
   18   10    3    5    4
    8    5    6    8    8
   18   24   12    4    3
   11   25    3    4    1
    2   16    7    2    4
    5    5   10    7    8
   27   29    6   10    4
   20    3    9    8    2
    6    8    1    4    3
    9   17   10    4    4
   14   26    6   11    7
   16    4    4   11    6
    1   15    7    2    3
    7   24    5    5    7
    6    2    2   12    4
   15   16    4    5    3
   26   18    3   11    2
   18   29    2    2    7
   25   16    9   10    8
   14   29    2    1    6
   13    6    5    6    2
    3   24    6    1    4
   13   24    5    3    2
   12   17    3   12    6
   17   27    9   12    4
    2   21   11    3    8
   12   27    8    5    3
   27    7    7   10    4
    1   22    5    7    7
   22    9    7    8    2
   25   28   12   10    2
    5    6    6    3    3
   17    4    1   10    1
   23    5   11   10    3
    1    1    8   12    4
    1   29    5    3    7
   27    6    8    7    4
    4    3    5    3    7
   30   24    7    2    2
   21    1   12    9    5
   18   11    2    8    4
   11   19    4    5    7
    8   18   11    7    2
    4    5    4    8    4
   14   14    6    5    9
    7   21    1    7    6
