    2    1   10    7    3
   17   10    3    1    4
    8    1    9    8    4
   23   18   11    8    2
   21   29    3    3    2
    4    5   10    9    3
   27   27    3    6    5
   11    9   11    9    3
   16    8    4   11    3
    2    6   12    4    4
   28    3   10    2    3
    7   15    9    4    2
   14    9    7   10    3
   24   29    4   12    3
   20    7    9   12    4
   23   23    8   12    4
   28    6    1    4    6
   28   28    7    9    6
   13   21    5    4    4
   13   30   12    5    3
    3   17    6    2    4
    5    1    6    4    3
    7   10    8   11    3
    1   17    6    3    5
   27   11    9    3    3
   23    9   12   11    3
   20    3   10   10    4
   19   28   12    5    4
   26    9    3    3    6
    3    3    8    6    6
   21    8    1    4    6
    4   14    7    2    3
   25    5    9    1    3
   16   16    9   12    6
   12   15    4   10    3
   13   18    8    4    3
   21   18   12    8    5
    8    6   11    2    3
   11    8   12   10    5
   29   16   10    7    4
   23   21   10    7    3
    1   12   11    3    5
   20   15   11   11    3
   20   13   11   10    3
   12   23   12   11    6
   25   28    8    5    3
   12   24    6    8    3
    6   26    7    3    3
   25   14    5    3    2
   17   30   10   10    6
    8    2    1    6    8
   14   19    5    3    7
   30    4    8    5    5
   29   25    6    4    6
   10    5    5   12    5
    5    6   11   10    3
   25   13    9   12    3
   14   12    3    1    8
   18   18    7    1    7
   17   17    3    4    4
    6   30    5   11    3
   21   19    7    1    2
    9   12   10    6    4
   10   20   12    5    5
   11    5   11    2    5
   14   28   11    5    5
   11    3    3   10    5
    8   15    1    8    3
   28   27    4    9    5
   12   12    7   11    8
   24   28   10    2    7
   23   20    7    5    7
   27   16    2    8    4
   24    1    8    4    7
   19   13    4    7    7
   16   12    1    5    5
   12   19   11    8    4
   11   20    2    7    5
   24   24    9   11    7
    4   18    4    8    7
   30   20    9    7    5
   21   26   12    7    6
    9    5    9    9    5
   25   15    3    7    7
    5   15    8    8    5
   26   12    3    3    5
   21    7    5   11    5
   12   29    6    8    5
    1    6    3    3    7
   27   14    8   12    8
    6   10   12   11    7
   27    3    8   11    5
    4    1    4   11    6
   21   28    3    8    3
    2   14    1    8    8
   27   10    4    1    6
   11   23    7    5    5
   20   22   10    8    2
   16   22    9    6    7
    6    9    1   11    4
    5   21    7    8    4
   22    2   10    3    4
   12   13   10    9    7
   18   22    7    4    6
   10   10   12    5    7
   20   17   11    5    7
   25    8    6    9    4
   25   21   12    2    4
    3   22   12    6    5
    7    4    8    4    6
    3    5   10    4    8
    2   17    4    6    8
   14    8    6    5    7
    9    8    2   11    4
   10   12    1    7    4
    4   27    2    3    4
   30    5    8    3    5
   18   25    4   12    8
    2    4    6    1    6
    1   28   10    3    8
   22   29   11    8    3
    9   29    4    8    3
   16    4    8    6    7
   11   14    5    8    8
   27   17    2    2    7
   10   14    5    8    7
    2    2    1    6    8
   10    9    4    6    7
   22   11    3    9    7
   16   10    7    7    7
    2   15    3    1    6
    5   22    8    5    5
   30   28    2    7    4
   22   28    6   12    4
    8   29    7    1    3
    7   28    5   10    2
   26    7    7    5    2
   13    5    2    8    8
   26   16   10    5    7
    9   20    1    8    4
   12   17    6    3    4
    1   20    5    2    5
   18    9    2   11    4
   23   27    5    8    5
   25    1    3    3    6
    2   19    5    1    5
   11    4    6   10    8
   20   24    9    7    5
    9   19    3    8    5
   30   14    1    9    8
   22   23    5   12    6
   20    5   10    6    3
   17   11    9    4    3
   12   20   11    4    6
   15    3   11    1    7
   19    3    7    4    8
   28   18    4   10    8
   12    4    8    7    7
   11   24    5    9    7
   12   28    3    8    6
   24   22    2    5    7
    6   17   11   11    7
   26   26    5    8    8
    8   26    3    8    7
   15   29   10    5    5
   15   15    9    1    7
   23   17    1    4    6
   21   15    3   12    6
   20    2   12   10    7
   24    6   10   11    4
   20   20   11    4    8
    7    7    2    1    4
   25    6   12   10    4
    5   16   11    5    4
    9   21    9   11    3
   26   18    3    7    7
   24   17   10    3    7
   26   22    9    8    3
   19   22    2   12    3
   16   24    5   11    3
    3   13    2    2    3
    4   22    2    4    7
    9    9    4    8    8
   15   28    1    1    3
   12   11    3    1    7
   12    3   11   10    7
    7   14   12    4    8
   23    1    3   10    3
   23   16    7    3    5
    9   24    1    6    8
   28   11    5    8    7
   18    7    5    1    4
   16   15    8    1    5
   11    7    6    1    4
   27   13    8    1    4
    3   26    9    2    4
    9   28    4    7    3
   11    2    3    5    4
   30   23    7    4    8
   21   11    8    9    7
   29    4    4    3    6
    3    6    6    1    5
   19   20   11   11    7
   11   10   12    7    6
   15    1    8   10    3
    9    2    7    6    6
   27   20    1   12    6
   22   27    2    6    4
    4   28    9    5    4
   13   28    8    6    3
   25   19    2    5    3
   14   26    1   12    5
    8   27    5   10    5
   21   20    8    7    7
    8   24   12    3    7
   25   24    6    7    3
   28   10    9    8    4
   14   14    3    5    8
   14   22   10    8    6
    6    6    2    1    7
   25    2   12    3    7
    8   20   11   12    4
    7   27    4    2    4
   20   29    1    9    2
   21   17    4   10    4
   19   19    1    3    4
   27   15    4    3    5
   23    4   12    4    6
    6   15    8    4    5
   27    2   10    7    5
   24   18    3    1    4
   21   21    5    4    7
   20    6    8   11    7
   13   17    9    7    7
    9    1   11    8    7
   23   28   12    7    4
    6   21    1    6    8
   27   19    6    9    3
   18   20    4    3    4
   15   30    1    4    2
   24   13    8    8    2
   10    2    3    4    3
   28   20   12    1    2
    8   19    6    2    4
   14   17    2    6    6
   14    6   12   10    7
   18   16    1    3    8
   13    2    3   12    7
   15   23   11    5    6
    1   16    9   10    7
   10    8    8   10    4
    9   16    6    5    4
   17   19    3    9    7
    7   22    7    2    7
   28   29    1    2    3
   27   18    1    5    7
   25   20   10   12    8
   19   18    5    7    8
   14   20    6    5    8
    7   16    9    7    7
    1   10    4    6    5
   19   24   12    2    7
    2   26    7    9    7
   14   23   12    4    7
   13    1    7    3    7
    1   22   12    4    6
   27   30    4    3    3
    3   14    6   12    3
    3   25    5    4    5
    5   28    5    1    4
   22   15   12    5    3
   28    2    7    2    3
    2   30    6    8    8
   15   24    3    7    3
   11    6    5    6    3
    6   18    5    4    6
   26   15   11    8    6
   24   10    6    2    7
   23   29   10    9    6
   13    7    4    8    5
   19   15    9   12    7
    3    9    8   11    6
   11   11    1   12    7
    4   19    7    1    6
   13    4    1    8    6
    3   21    3    1    6
   25   30   10    4    8
   10   30   11    5    7
   22   21   12    3    5
   29   30    2    9    7
   29   13   12    1    4
   17   25    4    1    4
    1   19   12    4    7
   16   11   12    6    7
   29   26    7    1    4
   18    3    7    4    4
    6   23   11   11    8
   16   28    3   11    3
   24   21    1    8    3
   10   13   12    6    3
   16    6   12   11    7
   11   29    8   10    7
   27    5    5    5    6
   15   18    5    8    8
   23    2    4    6    7
   27    6    5    6    7
   18   12    5    4    6
   26    4    3    8    7
   16   25    2    8    6
   26   30    3    5    6
   16    2   11    7    6
   10   18    9    7    4
   13   14    8   10    4
    4    8    8   10    8
    9   17   12    1    4
   20   16    8    1    4
    1    7   12    2    6
   17    4    4    6    7
   21   10    8    4    3
    7   23    6    6    3
   30   24    6    6    7
   21   30    3   10    8
   24   23    1    1    7
   11   15    3    5    3
   18   29    3    9    2
   10   22    1    6    6
    8   13    7    3    6
   12    6    5   12    8
    5   19    7    4    7
   26   13   12   11    5
   14   24   11    4    6
   12    5   11    2    3
    1    3    1   11    6
    2   21    6    1    8
    6   13    3    8    3
    2   12   10    5    8
    1   21   11    7    6
    8   28    4    1    3
    9   30    5    1    3
   18    1    5   12    6
   26   17    4    6    7
   10   19    4   12    3
   29   29    1    4    3
   25   11    5    5    3
    4    4    7   11    5
   22   17   12    8    5
    5    5    1    9    7
    4   20    2   11    6
   23    5    4    1    3
    4   10   12    8    4
   30   22    4    3    4
   12   30    8   10    8
    7   17    8    6    7
   13   16   12    4    7
   22   12   10    2    6
   10   29    6   10    3
   25   22    2    5    3
    6   19    9    4    4
   27   21    7    2    3
    9   15    7    2    5
   17   15    5   10    5
    8   30    3    5    4
    4    3   12    2    4
   25    7    8    6    5
   26   20    7    6    5
    9    7   11    2    4
   30   19    2    9    6
    3    2    5    5    6
   19   11   11    5    7
   25   25    5   10    7
   13    9    8    3    3
   12    8    9   11    3
   10   15   11    3    6
   18   30   11    5    6
   12   21    6    3    8
   25   10    3    6    3
    1   29    5   10    4
   24   26    3    4    7
   22    8   12    4    2
   14   16    2    2    3
   16    3    4   11    4
   18   17    7   10    7
   26   23   10    5    6
   22    6   12   11    2
   30   30   12    6    5
   27    1    2    3    3
   17   16   10    2    7
   12   27    8   11    5
   23    8    6   10    5
    2    7    7   12    4
   24    4    5    9    3
   30    3    6   12    3
    7    6   12    5    5
    9   25    3    8    6
   22   13    9    7    6
    6   29   12    9    4
   15    4    5   12    5
   13   13   11    3    7
   29   14    7    3    6
   11   26   10   11    5
   23   25    5   10    7
    1   11    3    8    6
   17    8   12    7    5
    8    8    3    4    5
    5   14    6   12    6
   26   19   12    2    7
   27   24    9    4    6
   24    2    4    5    7
   15   13    7   10    7
   22    9    4   10    6
    8   18    6    5    5
   28   17    6   11    7
    6    4    4    6    8
    3   29   10   12    5
    2    5    9   11    5
   16   19    2    8    8
   16   21    3    5    7
   29    2   12   11    4
    5    7    5   12    3
   15   14   12    4    3
   19    7   10    4    7
   10    3    4    7    3
    1   14    2   10    5
    5   24    4   10    5
   27   29    8    3    6
   24    7    5   10    6
   26   25    9    2    5
   14   21    9   10    8
   16   30   10    4    8
    5   18    6    9    7
    7   12    8    7    7
    7    3    6    3    6
   29   17    6    5    6
    5   26    1    8    4
   18   14    8    5    7
    1    1    4   11    7
   10   26    4    9    5
   26   28    1   12    4
    3   24    7    4    6
    5   17    3    2    5
   10   23    7    4    5
    5   29    4    1    4
    1   30    7   11    4
   18   11    6    1    4
    4   21    9   12    8
   12   25    1    4    5
    3   23    6   12    4
   23   13    8    9    4
    1   26   12    8    4
   27   25    7   11    7
   29   19    6    7    5
   22   22    3    8    7
    8    7    6   10    7
    4   25    3    4    6
   29    7    7   10    4
    9   27    8    7    6
    3    8    8    7    4
    2   18   12    1    8
    5    8   12    4    8
   26   27   10    8    7
   11   30    3    2    7
    4    9    2    5    6
   19   23    2   11    5
   30    7   12   12    4
   13   11   10   10    5
