    2   28    6   12    6
   20   11    1    6    6
    2    5    6    9    5
   20    9   10    9    7
    7    6   11   11    3
   10   22   10    9    3
   18   17    3    5    5
    9   18    4    8    8
    2    4    8   10    8
   28    5    7    2    8
   14   14   12    9    7
   18   12    3    2    5
    3   22    9    7    4
   22    8    2    5    6
    9   23   12    4    7
   23    6    2   11    4
   14   28    6    3    3
   11    8    9    7    4
    3   25   11   11    3
    3    3    8   10    4
   20   23    9    6    5
    4   16    5    2    4
    6   15   12    2    6
   23    8    7    7    5
   21   27    8    9    4
   13   20    6    6    5
    8   15    4   11    7
   23   24   10    4    6
   30   30    8    5    6
   23   26    1    6    6
   28   18    5    9    4
    2   26    1   11    6
   26    3    7    2    7
    7   16   12    5    7
   25   27    5    2    6
   15   26   11    8    5
    3   10   10    2    5
   26   19    3    6    5
    3    8    5    2    8
   14   26    5   10    7
   12   17   12   12    6
   16   17   10    6    7
   18   22   11    4    5
   19   12    6   12    8
   25   25    5    7    7
    4   22    2   12    5
   30    8    6    4    8
   11   10    7   12    9
    9    1    9    9    8
   16    1    7    6    8
    8    6   11   11    6
   29   21    8    5    4
   27   24   10    8    4
    5   17    3    6    5
   12   30    5   12    6
   17    1    3    3    5
    9    8    8    4    9
   30   19    2   11    7
   28   15    4    6    5
   15   29   11    3    6
   21    1    5    9    6
    9    5    2    7    6
    2   30    4   10    7
   30   27    1    1    4
   29   20    7    9    6
   20   20    3    7    7
   11    3    9    2    6
   11   30    5    3    5
   16   18    9    7    4
   23   19    7    7    4
   28   26    9    7    3
    8   27    4    1    8
    1   24    7    4    6
   10    1   12    9    6
   27    9   12    1    4
   14    2    1    3    6
    7   18    5    7    4
    8   19   11    9    5
    8   21    9    1    9
   10    4    5    9    8
   26   22   11    4    8
   21   30    5    1    8
   24   14   11    5    7
   14    7   11    6    5
    5   18    1   12    4
   29    1    6   12    4
    7   12    1    4    7
   23   16   11    6    1
    2   25    4    6    5
   26    4   10    5    4
    5   23    8    1    4
    3   21    6    2    7
    5    5    2    4    9
   30   26    2    2    5
   14   18    2   10    5
   20   16    3    5    5
   11    5    4    7    7
   12   10    7    7    9
   12   27    1   10    4
   10   27   12    1    7
   21   13    7    7    7
   13   25    3    8    5
   18   15    4   10    7
   12   28    8    1    5
    9   25   11   10    4
   15    2   11   10    5
   24    6    9    7    5
   12    3   10    6    6
   12   14    2    8    7
   14    6   12   10    6
    6   19    3    7    5
   20    4   11    5    7
    9   11   11    5    7
   29    7    2    3    4
    4   28    2    9    3
   17   28    9    7    4
    1   19    1    3    7
   21   10    3    5    6
    2    8    2    2    5
    9   22    9   11    3
   13   12    5    1    4
    2   13    9   11    4
   18   26    2    2    6
   14    8    3    5    5
    8   20    5    5    4
   13    6    4    7    3
    1   30    2    1    8
    7    5    8   10    6
   29   19    3    1    6
    7    7   10    3    7
   11   29    4    8    5
    3   23    3    6    4
   22    1    2    7    4
   27   28    5    5    5
   30   28   10    1    6
   20    2    1    2    6
   22   22   10    7    7
   11   19    4   10    8
   10   16    7   12    8
   14   15    2    9    5
   20   26   12    2    6
    9   26    1    9    8
   25   17   10    4    8
    1   15    7    2    5
    9   19    3    9    6
   28   10    8    8    4
   28   23   11    4    7
   20   22   10    6    6
   15   30    4    1    5
    6    3    3    9    5
   13   28    7   12    4
    5   29    5   12    4
    7   24    4    5    5
   14    5    2    7    6
    1   13    1    8    6
   14   29    5    1    7
    9    9    4    1    9
   14   13    5    6    5
    5   25   11    4    7
   13   26    1    2    6
    4    9    1    8    6
   24   25    3    3    5
   24   21    1    4    5
   18   27    3    1    7
   18   10    8    6    5
   10   19   12    6    6
    4    4    7    3    6
    8   24   11    2    5
   22    5    6    9    8
   29   13    9   11    4
   17   30   10    8    5
   18    1    9    5    6
   27   14   10    3    4
   11   12   12    2    7
    1    4    2    1    6
   24   19    4    5    3
    1   23    4    6    4
   27   19    7    3    3
   14   17    5   10    4
   15    3    8   11    3
   23    7    4   10    3
   10   29    9   11    5
   30    4    1    3    4
   12    5    7    4    4
    7    3   11    7    2
    4   19    8    7    6
   23   21    8    9    4
   24    2    3    6    3
   27    6    1    6    3
   17    4    7    2    7
   13   15    5    5    5
   24   12    3   10    4
    6   12   11    9    4
    1   26    6    7    6
   28   20    8   10    3
    2   19    5   11    5
   21   28    7    6    4
   12    8   12    4    3
    2   11    6    6    7
   21   12   10    1    7
   17    2   12    5    7
   28    1    1    2    6
   12   26    1    1    5
    9   12    6    4    3
   26   29    6    9    3
   23   23   12    1    6
   28    3    5    4    5
   27   20   10    9    5
   24   20    4   10    4
   30   25    3    7    5
   11   23    7    4    5
   27   27    3    5    4
   13   23    5   12    3
    3   14    2   11    5
    3   20   12    5    4
    2    2    5    8    7
    8   25    6    5    5
   25   14   12    5    6
   10    6   11    5    5
   28    6    6    1    5
   10   15   12    1    5
    3    4    8    5    6
   17    9    6    6    7
   29   25    8    3    6
    2   18    2    3    7
   23   17    2    8    4
   17   11    6   11    4
   25   10    9    6    5
   16   27    9    8    6
    8   10    9    2    7
    7   21    9    4    6
   19   14    9    8    8
    2    6    7    8    7
   13    3    4    9    5
    4   24    5   10    6
   24    5    3   11    6
   24   26    6    3    8
   25   23    2    6    4
    9   29    2    8    4
   14   11    9    3    3
   18   19    8   10    8
    3    1    9    5    7
   25    6    4   10    4
   18   29    7   12    4
   21    2    4    2    5
   29   12   10   11    4
   27    4    6    5    5
   16   14   12    1    7
    2   12    3    8    6
   18   11    4    3    5
   30   10    9    8    3
   18    6   12    7    4
    5   16    3    7    4
   14   30    5    3    6
    8   26    5    7    6
   14   23    1   12    7
   30   23    7    7    8
    2   16    3    2    7
   30   29   11    7    7
   27   15   12   11    7
    3   18    4   10    6
   24    9   12   10    5
   25   12   10    3    5
   14   21    2    7    7
   22   14    1    5    4
   22   12    9    2    4
   23    2    1    9    4
    7   28    8    9    3
    8   17    8   12    4
   15   20    1    7    4
    5   13    6    4    3
   10   10    2   11    8
   19    3   10    8    7
    7   11    9    7    6
   24   16    5   11    5
    8    4    6   11    5
   26   21    7    6    6
   11   28    8    7    2
   11   13    8    4    6
    1    1    3    8    8
   27   22    6   11    3
   21   17    5    6    7
    6    6    4    6    6
   25   11    5    5    5
    9   30    1    1    5
    3   29    2    2    4
   16    8    5   10    6
   18   23    2    5    5
   14   10    4    9    5
   23   10   10    7    4
   13   22    9    3    6
   11   24    4    3    7
   29   27   10    8    7
    3    5    4   11    7
   12   20   11   11    7
    4   23    9   11    6
   19   15   11    1    7
    7   22    1   11    4
   16   11    3    4    6
    4   29    2    5    6
    1   12    2    1    5
   19    7    4    2    6
   20   21   10    1    7
   20   17    6   12    6
    8    5    3    6    6
    8    7   10    2    6
   20   19    3    3    6
   11   11   11    6    6
   15   15    4    9    8
   26   11   10   12    7
   28   19    3    7    8
    9   14   11    6    5
   25   16    8    4    4
   23   12    8   10    4
   23   15    3    3    2
   25   18   10    6    3
    4   25    7    1    3
   28    9   12   10    5
   24   29    4   12    6
    7    2    5    4    5
    7   20    2   10    4
    7   15    8    1    3
    8    8   11    4    8
   13    8    8    3    6
   10   24    3    5    2
    3    9   12    6    6
   16   16    4   10    4
   26   25    1   12    7
   24   18    7    5    5
    5   21   12    7    6
   27    7    3    3    3
    3   30   12   11    4
   16   21   12   10    4
   22   16    4   11    5
   16   15    7    9    4
    9   10    8    6    5
   26   26    1    2    4
   19   25    1    1    5
   24   15    2    8    5
    3   17   11    7    4
    1   20    8   12    7
   13    4    9    8    7
   20    5   11   11    6
    9   15    5    5    5
    3    2    1    7    7
   29   29    3   11    7
   20   14    8    1    6
    9   13    3    5    7
   26    5   10    9    4
   19   22    7    4    5
   13   30    2    6    4
   24   28    2    2    6
   30   18    1   12    7
   20    6    9   12    4
   22   23    7    1    5
   19    5   10    6    5
   29    2   11   11    6
   25   22    1    2    7
   14    4    6    9    7
    5   27   10    3    6
   11   21    8    5    7
    9   21    9    1    7
   19   16    5    9    4
   18   18    7    9    5
    5    6    9    9    4
   10   26    8    7    7
    1    2    5    2    6
   28   16   10   11    3
   29    6    5   11    2
    5   15   10    8    5
   14    1   10    5    5
    2   22   10    2    4
   29   17    6    9    6
   11   27    7   11    5
   17   10    9    3    3
    1    6    8   12    4
   15   11    1    7    5
   22    6    7   10    4
   16   12   10    7    7
   17   19    9    8    8
   29   28   12    9    3
   21   21   12    4    4
   21    4    3    5    5
    4    7    1   11    4
    7   30    5    3    3
   17    7    2    1    4
    3   16    4    7    5
   11    4    2   10    3
   25   15    4    4    7
    6   16    5    6    5
   15   21    9    6    5
   29    8    4    6    5
   22   15    4   10    4
   17   15    1    7    5
   21   25    6   12    6
   18    4    7    1    6
   22   17    8    5    3
    4   15    5    6    5
   25   20    9   11    6
   26   27   10   10    7
   19   21    1    6    7
   22   24    7    2    5
   12   12    8   10    6
   16   13    4   12    6
   30    6    2    9    7
   16   29    4    9    3
    9   16    3    8    6
    9    7   11    7    4
   21   22   11   11    4
   13   19    6    2    7
    4   12   11    8    5
   24   30   11    3    4
   20   18    5    4    5
   22   11   11    8    3
   17    6    4    5    4
    7    1   10    3    3
    9    2    9    1    5
    5   30    4    5    5
    6   21   12    4    6
   20   30    4    2    5
    6    4   10    5    4
    6    9    2    5    4
    4    5    2    3    6
   19   19    8    5    6
   13   10    9    4    7
   10    2    2   10    6
   17   24    7    9    6
   21   18    6    3    7
    7   10    9   11    5
   17   27   12    2    3
   10   20    4   12    3
    1   25    5   10    6
   24   24    2    6    7
   24    3    7   11    5
   22   29   12   12    7
    6   11    2    7    6
   16   30    6    6    5
   27   13   10   11    5
   13   24   12   11    5
   13   18    1   10    6
   22   28    8    4    7
   16   26    3   11    6
   13   13   10   11    6
    7   26    6    9    6
    1    5    2    7    7
   17   17   11    1    7
    8    1   12   10    8
   23   29    7    8    8
    3   27    6    6    7
   28   28    8    6    6
   22   30    9   12    3
   10    5    6    4    4
    1   11   10    4    6
   26   17   10   10    7
    2   27    1    8    7
    1   27   12    6    4
   27   23    2    5    5
   28    8    9    3    3
   13    7    5    5    6
    8   18    4    7    5
   15   12    6    1    3
   28   25    4    4    2
    6   26    7    1    2
   13   17    5    5    6
   25    7    8    7    4
