   30   30    1    7    5
   30   28    6    8    5
   27   15    9    8    4
   30   23    1    9    5
   30    8    3    9    3
    2    6    6    6    7
   26   14   11    2    8
   28    4   12    9    5
   18   13   10    8    4
   24   14    6   10    2
    3   15   10    4    3
    1    2    7   10    3
   20    6    5    2    4
    3   28    9    3    3
    7   15    1    3    5
    3   25    4   12    5
   13   24    5    9    3
    6    4    7    7    6
    7   16    8    9    6
   30    3    4    7    7
   10    6   12    9    4
   15   12    5    5    6
   18   24    5   12    8
   14   14    7   10    4
    6   15    7    4    2
   26    8    6   10    2
   15   17   11    3    2
   11   16    9   12    8
   14    3    7    8    4
   12   11    9   10    8
   20   11    8    8    3
   13   11   11    4    4
   21   14   10    4    9
    5   15    7   11    8
   14   16    2    6    4
    9   16    8    7    4
   11   11    8    6    7
   16    8   12    4    4
   19   21    9    8    8
   30   19    3    7    3
   20   20    9    2    9
   13    8    7    1    7
   15    8    5    9    4
   22   22   12    7    8
   10   11    2    3    4
   27   25    8    9    2
   29    4   10    3    1
   19   15    6   11    5
   23   16    2   11    4
    3    6   11    7    5
   13    1    4    5    8
   23   19    6    6    6
   14   11    9   11    7
   17   21    4   12    6
    3   21   12    5    7
   25    7    5    2    8
   10   18   11    3    9
    2   25    9    2    6
   28   27    4   12    8
   23   22    8    2    9
   24    1   10    4    9
   14   12    6    3    4
   25   18    5    1    5
   26   22   10    3    4
   20   12    3    4    3
    5   24    7    6    6
   27    1    1    5    6
   24    2    1   12    3
   20    4    9    8    9
   26    5    1    1    2
    5   13    2    1    4
   25   17   10    4    7
   19    8    5    5    8
    8    4    6   10    6
   17   14    3    2    5
    4    1    1    4    6
   27    4   12    5    3
   18   29    8    2    2
   30    1    2    6    3
   16   21    2    3    2
   11   30    2    3    1
   17   10    2   11    9
   18   16    5    1    8
   26    3    2    1    6
   27   10   11   10    4
   13    4    2   11    7
    8    3    4    9    5
   21   23   10   12    8
    5   16    1    3    4
   29   14    1    2    6
   11   17    7    1    7
    1   18   11    1    8
   28    9    4    9    2
   11    9    9   12    5
   16   27    4    9    7
    3   22    8    3    8
   29    7    7    3    4
   24   20   11    6    8
    2   19   10    3    7
   15    9    2    9    6
   10   15   11    8    7
    2   23    2    1    5
    4   14    3    9    9
   24    8    7   11    8
   29   22    2    5    7
   26   17   12    7    2
    8   14    3    1    9
   29   25   11    7    9
   18    4    1   10    8
   13   17    4   11    9
    9   25    5    7    4
    7    4   10    1    4
   18   18   12    8    7
    6   30    7    5    6
   23    8    2    6    3
   13   27    6   10    2
   12    4    4    7    4
    6    6    4   11    9
   15    2    4    8    3
    1    3   11    8    6
    2    2    7    9    7
    1   28    2    8    5
   20   23    9   12    7
   30   14    7    9    8
   28   15   12    4    3
    2   20    8   12    9
    8   10    8    5    7
   17    6    7    6    2
   27   11    4    8    3
    8    9   10    3    7
   11    4    7    6    9
   26   30    7    1    4
   10    9    4   12    8
   22    9    3    4    6
   29    9    2   11    6
   26    9    8    3    6
   23   26    5    8    7
    1    1    5    3    8
   13   29   10    1    5
   15   23    8   11    3
   24    6    5    8    1
   23    3    5   11    6
   28   21    1    5    7
   28   17   10    6    4
   15   22   11    7    6
   10    1    8    2    3
    5    1    9    7    2
   15   15   11    8    6
   23   23    3    1    7
    6   23    3    6    4
   20   16    7    3    8
   22    2    6    4    3
   19   20   12    9    2
   27   22    3    9    6
    8   20    2   11    3
   24   28    3    3    3
   30   16   10    7    9
   14    6    2    3    8
   19   17   10   12    9
   24    4   11    4    6
    7   11    1   11    7
    8   29    9    3    3
    4    9    4    9    8
    6   19    2    2    3
   14   19    5    6    7
   12   12    2    5    9
   29   23    5    3    6
    7    2    9    4    3
   22   30    4    3    1
    3   24    2    3    1
   19   11    8    8    6
   11   18   12    3    7
   21   22   10   11    5
    7   13    8    1    6
    1   12    3    5    3
   18    6    1    6    2
    7   26   10    5    7
   30   18   12    1    5
   16   24    3    9    1
   27   30    7    2    2
   14    9    9    9    1
   19   26   10    7    3
   24   30    6    9    8
    8   27    5   10    3
    7   18    9    6    3
   17   12    3    7    7
    9    6    9   11    1
    9   12    5    3    1
   20    3    9   10    3
   24   26    9    7    2
   12   24    1   11    2
    7    7   11    2    7
   16   29    7    1    5
    4   25    3    5    3
   30   20    4   11    9
   15   29   12    6    7
    8    2    7    3    7
    1   20    1   12    3
   24    9   10    5    4
   25    5    7    2    5
   24   10    7    6    2
   12   28   11    7    1
   12    7    4    6    3
   28   14    9    9    3
   13   15   12    1    7
   21   10   12   10    4
   20   28    4    2    3
    2    9   12   10    8
   13   26    7    8    2
   29   19    7   11    1
   28   22    8    3    1
   25    1    1    2    7
   29    3    5    3    3
   27   29    8    9    2
    4   30    6    3    1
   25   28    8    9    1
   26   15   12    2    6
    5    5    4    8    8
    5   22    9   11    7
   14   23    1    4    6
   28   29    2    1    3
   12   23    1   10    2
    9   17   12    6    8
   19   22   10    8    1
   12   18    4   10    6
   17   17   12    7    2
    4   17    9    7    2
    9   21   10   10    4
    1   26    7   10    6
   17    8    6    7    1
    1    8    2    8    6
   17   23    6    1    2
    3    3    1    2    8
    7   22    7    6    3
   29   30   10    6    8
   16   13   12   11    7
   24   19   12    5    6
   27    2    2    4    3
   29   12    2    1    2
    1   19    3   10    6
    9   20    1    8    3
   28   18    6    7    2
   24   25   12    8    2
   21   15   11    9    4
   25   20    2   11    4
   27    5    8    1    2
   10   19    7    6    4
   18   22    6    6    5
   16   26    6   10    6
   18   19    1   11    7
   18   14   10    8    8
   21   20    9   12    4
   30   13    3    1    3
    7   30    6    1    7
   26    4    7    1    8
   24    7   12    9    7
   26   11   10    2    3
   10   13    6    6    4
   25   25   12    7    8
   14    1    8   10    7
   12   26   10    6    3
   11   29   11   12    6
   20   14    2    1    4
   25   10   11    9    7
   17    7    5    6    4
    7   19   12   10    7
    4   19   12    1    8
    3   11   11    4    8
   17   16    1    8    4
   12    2    2    2    2
   17    3   11   11    7
   26    6    8   12    8
   30   21   10   11    7
    5   12    4    8    4
   16    2    3   12    3
    2   21    8    5    7
   23   13    5   12    3
   17   22    1   11    3
    2    3   10    5    2
    8    8    3    4    3
   26    2    3   12    3
    4   10    2   10    3
   24   24    8   11    7
   28    8    1   10    6
   11   15   11    9    3
   24   15    3    2    3
   27    7   12    7    3
    9   13    6    4    7
   24   17    2   10    8
   14   10    6    3    4
    6   16   11   12    5
   23   28   10    6    3
   29    1    9    4    2
    5    8    2    9    8
    5    4   10   10    9
    5   17    9    5    3
    4   15    5    6    2
   10   12    9    1    7
   17   29    9    2    3
   16   22    5    5    4
    1   11    4    2    2
   20   15    4    8    2
   23   18   11    1    1
   14   22    3   11    1
   21   26    5   10    7
    1   23   10    5    8
    8    7   12    5    6
    7    9   11   11    3
   12   19   11    9    8
    7    1    7    5    3
   20   29    2    3    4
   28   26    5    3    3
   21   27    4    1    4
   26   26    9    1    8
   22   20    7    7    5
   19    9    9    8    4
    7   21   11    7    7
   13   25    4    5    4
    7   28    3    3    9
   10   10    4   12    4
   21   13    5    6    3
    9    9    3    4    8
   19   13   10    3    9
    2   28    4    8    4
    2   10    3   10    8
   12   25    6    9    4
   28   19    1    6    3
    7    3    6    5    6
   15    1    2    3    6
    4    4    7    9    8
   11   24    3    8    5
    5   10    3    8    8
   23    5    5    8    3
   20   10   11   11    8
    2   17    5    2    7
    1   16    9   12    8
    1   17    9    6    7
    8    6    6    8    4
   19   19    7    6    7
   10   22   10   11    2
   12    3    1   11    2
    5   21   10    1    7
   27   17    2   12    8
   18    5    4    1    4
   22   25    6    4    6
    7   10    3    4    2
    9    1    9    1    3
   11    6    8    7    8
   28    6    2    2    7
    1   22    4    2    4
    6    5    1    3    2
    5    9    7    1    8
   16   15    8    6    8
   15   25    3    2    6
    8   18    4    2    4
   25   30    4   12    7
   30   12    6   10    4
    3   27   11   12    3
   11   21    1    4    8
    2   13   11   12    4
   13   20    2   10    7
   30    9    6   12    3
   18   15    8    2    7
   27   12   12   10    6
   28   11    2    6    9
    3    4    3    7    3
   26   20    4   12    4
   16    3    3    9    4
   30    2   10    4    9
   21   24    3   10    2
   14   13    9    5    4
   27   19    7    5    7
   23    4    6    2    4
   27   14   12    4    8
   23   11    8    4    4
   27    9    8    8    2
    5   30   12    5    4
   29   10    1    3    7
   16   25    5    5    6
   20    5    3    6    4
   18   20   11   11    3
   23    9    6    1    4
   25    8   12    6    2
    2   14   12    5    6
   25   23   11    5    4
   10   16    1    1    2
   19    3    7    9    6
   18   21   12    3    1
   25   21    7    5    3
   22   11    6   12    6
   25    6    8   11    1
   16    4   12    6    3
    8   22   10    8    1
    1   21    7   10    3
    7   14    8   10    4
   11    5    4    5    2
   17   30   12    6    2
   26   10    3    4    8
   21    4    8   12    3
    2    5    7    5    2
    3   18    1    4    6
    6    7   11   12    6
    2   18    3    2    3
    6   12    3    9    8
    3    9    2    3    6
    3   10   11    9    3
    5   29    7    2    7
   27   24    7    1    3
   21   21   12    6    8
   17   20    8    8    6
   14   15   11    1    2
    5   14    8   10    1
    1    6    5    9    3
   26   27   10    3    6
   15   30   12   11    2
   28   28    9    7    6
   16   16    3    5    8
   29   26   10    6    8
   27   27    1    2    8
    8   12    9    4    8
    3    5    4    1    6
   23    7   11    6    3
   21    6    5    8    4
   19   25   11    4    3
   21   12    5    1    8
   14   25    5   10    5
   25   26   10    1    6
    8   21    9   10    4
   28   10    1    7    6
   20   27    4   11    2
   30   10   10    3    4
   11    8    9   10    3
   16   28   12    7    5
    7   20    3    2    3
   13    6    6    6    8
    5   28    7    7    7
   23   27    2    2    3
   16   19    3    9    4
   13    3   10    1    8
    4   22   11    5    9
   21   29    1   12    4
   10   23    5    8    3
   12   13    7   12    7
   22   24    7    9    6
    2    4   12    6    9
   29   29   10   11    9
   29   24    5   11    3
   16   12    8    8    3
   18    9    4   11    6
   13   13    3    5    6
   11    2    2    2    7
   13   28    6    2    2
   23   24   10   12    5
   11   25   10    4    2
   27    6    9    3    4
   22   13    7    4    4
   22    6    8    3    3
    5    7    8    4    7
   22   12    1    8    6
   17   18   12    3    4
   29    6   11    1    7
   29    2    3    1    4
   18   27    8    5    6
   18   26   12    4    5
   19    5   10   12    4
