   28   28    9    4    5
   18   20   12    8    4
    8   17   12    3    3
   15   14    2   10    1
   24   24    1   10    6
   18   15   12    9    2
   11   30    9    4    2
    8   11    5    1    2
   16    9    3   12    1
    8   27    5    5    5
    2    2    9    4    6
    6   22    4   10    1
    8    8    7    6    6
   29   13    3   12    5
   27   22    2    8    2
   27   10    6    9    2
    7   27    7   11    1
   28   24   11   10    3
   18   17   11   11    2
   27    5   11   11    2
   24   16    2    7    1
   13   14    1    9    4
    6   14   11    6    1
    8    9   12    8    1
   25   29    1    1    2
    2    4    1    7    3
   19   24   10    4    3
   13   15    9   10    1
   21   27    6   12    2
   14   14    4   10    7
    9   23    3    4    4
   16    4    5    1    2
   15   26    7    5    2
   17   29    4    3    3
   13    6    7   12    1
   22   21    2   10    2
   25   30    5   10    3
    3   11    6    6    3
   30    2    3   12    6
   13   20    7    6    3
   10    3    4    8    3
   30   18    8   11    3
   26   26   12    5    7
    4   25    4    1    2
   28   23    1    5    1
    8    1    6    2    4
   25    7   11   11    5
   20    1    4    5    3
   21    9    6   10    1
   21   14    8   11    7
   23   23    7    3    5
    3    3    5    1    4
   30   17   12    9    2
   29   16    4   10    2
    8   22    7    8    3
    3   24   10   11    1
   18    3    3    4    6
   25    3   12    3    2
   23   20   11    9    1
   26   13    8   12    2
   30   20   11    3    4
    4    8    8    7    8
    9   27    2   12    1
   29    8    5    7    1
    7   17    3    3    2
   10   19    8    5    1
    5   11    6    2    1
   11   14   12   10    1
   27   14    6   12    3
    1   10    6    2    9
    5    1   11    3    7
    2   20    1   11    6
   17   26   10   10    5
    7   21   10    9    5
   22   24    8   12    3
   22   17    9    9    1
    2   27   12    9    2
   18   29   10    3    1
    6    2    3    7    1
    7    6    7    2    1
   18    6   11   11    1
    5   12   12   11    4
   15   23    7    3    2
    9   14    1   10    1
   19   14    9    5    2
   23   21    5   10    2
   15    1   10    9    2
   12   10   12   11    2
   28   10    6    9    2
   18   11    6    6    5
    8    2    1    6    4
   25    6    3    4    1
    7    9    2   11    1
   13   17   10    9    3
   12   26    4    7    1
   24   20    2    3    3
    5   15    9   11    3
   27   20    7   10    4
   12    9    4   11    1
   14   22    3   11    1
   26    3    9    3    1
   29   12   12   12    1
   10   13    7    2    6
   19   13    1    9    4
    8   19    1    2    3
   23   22   11    7    1
   20   10    8    7    5
   17    4    6   10    3
   29   14   12    5    2
    7   29   10   11    1
   29   21   12    9    1
   19   20    9    7    2
   26   21    7    9    1
   14   28   10   10    1
   11   29    6    1    1
   22   22    2    1    9
    7    8    6    3    3
   27    4    8    4    3
   17   15    2    5    3
    7   28    7    5    8
   24   30    4    6    6
    3   29    3    5    1
    3   22    8    9    5
   20   21    9    8    2
   10   30   11    4    4
    3   20   12    6    2
    6   28   10    1    7
    9   22    3   12    1
   28    5    3    2    2
   13   24   10    2    2
   16   16   10    9    8
   17   17    5    1    2
   27   27    5    2    4
   29   28   10   12    1
   21   30    7    6    3
   13   22   10    4    3
    2   22    3   10    5
    2   18    7    5    3
    5   30   12   12    2
    6    3    3   12    1
    7    7   10    6    3
   15   21   10    6    2
    1   16    9    8    6
    5    2    3   10    1
    9    6    3   12    1
   25   24    4    4    1
    6   24   12   10    1
    6    6   10    2    9
   30   30    4    5    8
   12   12    4    8    8
   13   28   11    2    3
    4   30    5   10    3
   17    6    7    9    1
   19   16    5    2    2
   16   17    2    9    5
    1   30    2   11    1
   11   24   12   12    1
   11   12   12    4    1
    1   29    9   10    5
   18   12    5    9    1
   30   26    8    4    2
    1   25    6    1    2
   25   25   12    9    8
    9   24    4   11    1
   19   25   11   11    7
   12   16    5    6    1
   14    5    4   10    2
   14   12    6    2    3
    5   19    8    6    3
   13   12    3    3    1
   19   26    6    1    2
   11   23   10    7    1
    9   15    7   12    1
    6   15    7   12    1
   21   13    1   10    1
   14    2    9    3    5
   19   19   12    5    1
   11   27    9    6    1
    8   18    3    1    2
   11   16    9    6    4
    5    5    5   11    2
   16   26    2   10    2
   24   21   12    7    4
   15   15   10    9    7
    8   15   12    8    3
    8   30    6    9    2
    4   26    3    2    4
    1    9   11    8    7
   26    6   11    6    1
   10   17   12    1    5
   10   11   11   12    1
   23   12    4    1    1
   25    2    1    3    1
   12    4    6    2    1
    1   22    3   12    4
   23    6    1   11    6
    3    8   12    6    8
   27    3   12    5    1
   25   27   10    6    3
    8   20    6   10    1
   12    2    1    3    2
   24   26    5   10    1
   23    2    4    3    3
   16   13    9   10    8
   21    3    5    9    1
   20   28    1    5    1
   19   21    6   12    3
    3   16    1    5    3
    8   26    4    7    1
    5   13    1   10    2
   22   25    2    2    1
   10   26    5   12    2
   20   20    8    2    2
   29    5    2    3    1
    8   21    1    4    1
   19   28   10    5    1
   23   29    5   11    4
   18   19    1    9    3
   27   12   10    7    3
    5   23    7   11    1
   24    7    7    6    3
    9    9   12    5    7
   11   17    6    7    1
   14    4   12   11    1
    1    6    8    2    1
    9   19    8    6    2
   17   25    9   10    1
   26   23    5   12    1
   29   29   10    9    3
   25   13    2    4    2
   11    7    4    8    1
   22   18    1   11    1
    5   21    7    2    1
    4    1    9    2    1
    7    1    1   10    3
    9   18    8   11    1
   24    8    1    3    6
   24   14    3   12    1
   30   28    1    1    6
    6   30    5    1    1
    1   18   10   12    2
   24   15   12   12    1
   15    7    4    1    3
   20    6    4    8    1
   25   28    5    4    2
    7   19    8    3    2
    2    1    2    1    2
   16   25    9    2    2
    8   14    3    7    1
   27   28    7    6    5
   12    3    8    2    2
   11   21    7    1    3
    6   11    5   11    4
    4   19    3    8    1
   14   30   11    9    6
   22    5    3    5    3
   20   16    3    3    4
   29   30    2    5    3
    1   26    6    1    2
    1   13    2    5    2
   11   11    1   11    7
   11    2    9   11    1
   17   21    5   11    1
    5    4    3    8    7
   13   23   10    4    1
   23   24    9    3    1
    1   19    7    7    1
    1   27    6    5    2
   16   14    3    5    2
   10   21   10    5    2
   25   23    2    2    1
   17    5   12    6    1
   14   18    8    9    4
   20   15    6    4    2
   23    4    7    1    1
    4   20    7    9    1
   21    6    2    6    8
   24   10    8    1    8
   14   10    3    1    1
   13    2    6    8    2
   21   28    2    2    5
   26    9    7    7    4
   28   26    3    2    2
   28    2    8    5    1
   27    6    4    8    3
    8    6   12    6    3
    5   18    6   11    2
    2   29    8    6    4
   18   26    6    2    4
   15   11    3   12    2
   16    2    2    2    7
   17    2    1    7    2
   23   30    3   11    2
   17   19    8    8    2
   26    7    1    4    2
    7    3    2    1    2
   30   13    2    5    3
    9    5    5    8    1
    4    6   11   11    1
   20   22    3   12    1
   28    8    4   11    1
   10    7   11    4    1
    2   19    1   10    2
   28   17   11    7    1
    1    3    6    2    3
   28   18    6    2    2
   29    6    2    8    1
    7    5    9    2    1
   29    4   10    4    2
   25   18    5    4    2
   15   27   11    9    2
   25   14    6    2    3
   11   26    4    6    2
   10    4    3    2    2
    3   28    2   12    1
   23    1    3    8    1
   29   24    5    1    2
    4   21    8   10    7
   30   12   12   10    1
    9    4    1    6    1
   25   11    9    2    5
   14   17   10   10    5
    2   24    8    6    4
   10   18    5    8    3
    7    4    8    6    2
   27   26    3   11    5
    8   12    6    7    4
    7   13    1    4    1
    7    2    3    4    1
    3    4    6    2    1
   14   20    5    6    8
    7   18    8    7    2
   10   10   11    7    4
    8   23    3    7    1
    1    1   11    6    5
    9   11    6   12    1
   17   20    4    2    4
   24   27   12    1    3
   10   15    1    9    3
   15    4    2   11    2
   17   24    1    8    6
    4   13    2    9    3
   22    4    1    5    3
   17    9    2   11    2
   28    1    8    5    1
   23    3    6    6    1
   16    8   11    3    2
    7   20    1    3    1
   12    6    5    4    6
   24    1    1    6    4
    4   24   10    2    2
   19   29    7    5    1
    7   14    5    7    3
   15   19    2   11    2
   10    6    8    5    1
   14   23    3    1    2
    3   15    4    2    2
   21   18   10   10    2
    1   21   12    6    2
   25   12    1    4    1
    3    5    1   12    3
   17    3    4    1    1
    3   30   11    3    1
   19   23    4    2    1
    7   30   12   10    2
    9   29    9    7    1
   22   29    6    6    1
   22   10    2    7    1
   20   25   11    3    2
   28   16    8    7    1
   27   17   11    8    1
    3   13    9    5    3
   21   25    6    8    1
   16   22   12   10    1
   29   10    5    7    1
   20   11    7    9    1
   28   11    1   12    1
   30   19    5    9    2
   12   15    6   12    2
   18   18    9   12    1
   30   15   10    5    2
   29   15    8    4    2
   20   12    8    2    1
   28   15   12    4    1
    4    4    4    6    3
   26   20    5    7    5
   11   19    9    5    3
   11   13   10    1    2
   15   22   12    1    1
   20    9    4    7    1
    8    5    8    2    5
   18   24    5    3    3
    7   12    1    2    2
   26   25    1    5    4
    6   16    6    1    1
   21   12    8    1    9
   10   23    1    6    4
    5   24    4    6    3
    2    3   11    1    2
    1   14    7    1    1
    8   13   10   11    2
   21   21    4    9    4
    2   15   12    9    2
   22   26    7    5    1
   22   12   11    3    1
    2   21   10   11    3
   16   23    9    1    1
   14    3    9    7    1
   12   19    8   12    1
   21   16    6    6    1
   10    5    3    8    1
    4   11    3    2    1
    2   26    2    5    3
   12   24   10    1    2
   15   16    6    8    2
   23   18   12    4    1
   13   13    2    4    8
    1   12   12    3    2
    9   30    4    6    1
   19   27    7    3    1
   19   22    8   12    2
    2   10    6    4    1
   28    9    9    9    1
   18    4    8    3    2
   19    3    2    7    2
    7   16   10    6    3
    7   23    3   10    1
   22   28    8   12    1
   17    1    5    1    1
   29   27    2    2    1
   29   20    7    6    1
    9   13   12    1    1
    5   20    2    4    1
   26   14    9    3    6
    4   28    9    2    3
   18   16    2   10    3
    8   25    6    3    1
   12   28    9   10    1
    2    9   12   11    4
   22    7   10   11    4
   10   25   11   12    6
   12   17    6    8    6
    5   16    3    5    2
   23   17    9    6    1
   29   26    7   10    1
   30   16    8   12    3
   27   13   10    4    1
    9   10   12    8    3
    9   25    9    3    1
   19    6    8    5    1
   11   22    1   10    6
   10    8    3    1    2
    1   11    8    5    1
   27   16    8    7    1
   15   25   12   12    1
    3    9    2    3    1
   30   22    5    3    1
    5    6    5   12    1
   30   27    5    1    1
   18   27    6    4    1
   18   13   11    5    3
   10   16   12   12    1
   27   23    1    6    7
    5   26    9    2    1
    5   25    9    9    1
