    9   27    9    6    2
   29   26    9    1    2
    6   29    5    6    2
   21   17    4    4    3
   26    1    2    5    3
   13   11   12    5    3
   19   19    7   11    4
   12   22    3    8    2
   27   20   12    2    2
   10   18    9    8    1
    3   15    4   10    1
   23   15    5    1    3
    7   11    6   10    1
    1   21    6    4    3
   10   20    3    6    2
    1   27    8    4    3
    2    8    3    3    2
    4   25   11   12    2
   16    5    4    8    2
    3   11    1   12    1
    6   10    9    4    1
   13   25    7   12    2
   22   16    9    3    2
   12   19    4   11    1
   14   23    9    7    1
   21    7    9    5    2
    3    3    2   11    4
    7   25   12   11    3
    2   10    5   11    2
   21   14   12   12    5
   28    8    3    8    3
   14   19    4    5    3
   23    3    1    9    4
   17    1    7    7    4
   21   27    5   10    3
   12   25    6    2    2
    6    2    7    6    1
    2   15   11    6    3
   23   20    9   10    2
    8   20    9    1    3
   30   27    6    1    2
    5    7    2    5    3
   14   14    7    6    3
   27   27    7    8    6
    5    2   11   12    5
   28   22    5   11    2
   25   15   10    3    1
   13    2   10    2    2
   18    4   12    8    3
    1   20    8   11    5
    7    7    5   12    7
   14    1    4    3    5
   30   14   10   12    8
   25   16   10    6    4
    3   24   11   12    3
    8   27    8   11    2
    7   29    3    9    1
   11    2    3    3    2
   28   21    7    7    1
    8   29   10    4    4
    5   26    9    9    2
   22   22    1    3    5
   12    2    2    7    3
    3   29    5    7    2
   26   26    2    8    6
    1    7   10    4    5
    4   14    6    3    7
   25   14    3    5    6
   17    3    1   10    2
   28   15    3   11    4
   18   28    9    4    4
   30   23    9    4    5
   22   21    1    5    2
   27    7    3    8    1
    5   23   11    2    4
    4    4    2    6    7
   20   25    5    7    4
   30   24   12   10    3
   15   10   10   11    2
    9   30   11   11    2
   11    4   11    3    3
   27   23    4    5    2
   19    9    6   12    2
   14   13    5    3    1
   14   15    7   12    2
   17   27    5   11    2
    4    5    3    1    3
    4   13    6    7    3
   26    4    7    2    2
   23   11    2    6    2
   19    7   11   10    1
   20   13    3    9    5
   18    6    6    9    2
   28   13   12    9    4
    5   21    8    7    2
    5    5    5    7    3
   26    8    4    9    3
   18   23    6    8    4
   15   20    9    3    3
   16   13    1    3    5
   10    7    4   10    1
   22    7    9   11    2
   27    3    2   11    2
   13    5    4    2    1
    4   16   11    7    2
   14   27    3    3    1
   24   24    3   10    4
   16    7   11   11    1
    4   19   11   12    2
   12   17    7   11    3
    5   25    4    4    3
   10    5    6    5    1
   21   11    7    1    4
    8   19    7    1    3
    8    1   11    8    2
   11   15    4    5    2
   19   15    8    3    2
   27   18    2    6    3
   12   15   11    6    1
   29   24    5    9    3
   20   12    9    3    3
   19    3    3   11    2
    3   16    1    6    3
   30    1    3    6    2
   19   22    5   10    1
   29   19   11    4    2
   23   23    6   11    1
   12   18    3    6    2
   16   11    2    6    5
   22    5    9    5    2
    4    8    1    3    2
   26    9    5    6    1
   14    8    2    8    2
   15    1    6    6    6
   21   20   11    1    4
    3    8    3    1    4
    6    1    1    8    2
   29   22    6    5    2
   20    3    3    7    2
   16   12   11    4    4
    1    4    5    7    3
   18   13    3   10    2
    6   14   10    4    3
   20   16    5   11    1
   12   12   11    7    7
    6   15    2    6    3
    9   16    1    9    6
   28   28    6   10    3
   24   11    8    2    2
   13   12    8    2    5
   25   27    3    8    8
    8   25    4    1    6
   24   27    9    2    3
    4   10    5    2    2
   12   11    9    8    8
   23    1    6   12    8
    2   16    5    5    8
   13    7    9    2    1
   21    3    7   11    5
   23   29    9    7    1
   17   16    9    5    5
   25   22    4    7    3
   27   29    5    1    2
    7   26   10    1    5
   17   24   10    5    3
   26   15    7   10    6
    1   19    8    4    7
    6   30    5    1    5
   21   12    1    2    9
    6   24    3   12    7
    9   11    5    5    4
   30   30    2    7    6
   20   26    8    2    3
    8    6    3   12    5
   10    3    5   11    2
   10   27   12    8    3
   14    5    9    6    4
   10   17    1    3    7
    3    1    8   11    6
    5   28   10    3    4
    1    1    1    6    2
    1   10    4    8    5
   12   27    1   11    2
   18    3    2   10    3
    8   13    9    8    5
    6   13    5    7    4
   10   29    3    2    1
   24   13    8    7    3
    9   24    5    2    6
   30    3    6    4    2
    6   11    1    5    5
   18   19    6    8    4
   17   14   12    3    3
   18   18    4    6    9
   29   15   11    2    7
   16   19    1    8    7
   25   24    9    2    7
    6   12    4    1    9
    8   12   11    4    4
    9   25   12    5    2
   18   15    1    1    3
   11   20   12   12    3
    6   17    9   12    2
   25    3   12    2    1
   27   13    3    4    1
   17   25    7    4    3
    8   11    6   11    3
   15   27    3    8    3
   17   26   12   11    2
   14    2    1   12    6
    8   23   12   10    4
   28   29    5    6    2
    9   21   11    8    2
   25   11    8    7    1
   18    8   11    5    1
   15    8    4    7    3
   28   24    1    4    2
   18    1   12   10    2
   17    5   11    7    6
    2    2    7   11    8
   23    2   11    3    3
   27    5    1    1    1
   17   11   10    3    2
    1   29    7    5    1
   15   16    8   11    2
   26   16    5    4    4
   26   28    8    8    9
   25    6    6    7    1
   30   16    4    9    2
   24   18    1    6    2
   15   24    2    8    1
   29   12   10    5    1
    5   29   12   11    1
   16    1    8    3    4
    4    3    9   10    3
   10   13    7    9    6
   25   29   10    2    6
   12    4    8   11    6
   20    7   12   10    4
    1   22    3    4    5
   12   30    9    5    5
    9   17    4    6    5
   12   28    4    2    5
    6   19   11   12    4
   10   23    1    6    5
   12   23    2    4    4
    6    7    9    3    3
   28   19   11    1    2
   14    7   12    6    2
   26   19    9    8    2
   28    2    4    4    1
    6    9    1   10    1
   29    2    2   10    2
   17    4    5    2    7
   26   22   12    6    5
   10   10    7    1    2
    7   30    7   10    1
   30   19    8    2    1
   26   23   12    2    7
    8   22    2   12    7
    1   12   11    3    6
   30   11    2    2    7
   29   13    4    7    6
   10   26    1    6    8
   11   22    8    5    5
    9    7    6    4    4
    5   20    6    2    3
    7   28    3    8    3
   16   28    4    5    1
   26    3   10    9    2
    6    3    5    1    2
   22   24    3    9    2
   16   18    9   10    2
    1   28    5    4    2
   13   26    6   10    4
    4   15    8   11    1
   29    4    7    7    1
   22   17    4    9    3
   24    1   11   10    2
   10   28   11   12    7
   28   25    8    1    7
    5   15    1   12    1
   29   20   12    3    5
    6   16    8   11    4
    3   28   12   12    3
   17    8    6    9    5
   23    7    6    1    5
   18   14   11    1    1
    9   22    7    9    3
   20   19   11    7    3
   20    2    4   10    5
    3   13   11    2    4
   29   29    7   12    3
   18   21    2    7    4
    3    7    7    5    6
   21   21    3    2    6
   16   24   11    9    4
   24    5    4    1    2
    4    9   10   12    2
   16   10   12    7    7
   11    5    3   12    2
   22   30    8    9    3
   17   20   11    6    7
   14   12    7    3    3
   16   29    6    7    1
   20   14    4    3    8
   17   19    5   10    6
   20   20   12    9    6
   13   21    9   10    6
   23    4   10    8    5
    7    2   11    1    2
   26   25   10    5    4
   13   15    4    6    2
   24    2   10   11    3
   19   13    3    3    4
   27    2    3   10    2
    9   29    8    3    5
   28   17    6    8    2
    6    6    5   12    4
    8    8    6    7    8
   14   16   11    2    9
   28   11    6   12    4
   17    7    9    3    3
   15    7    1    3    4
   18    9    7    9    3
    3    2    9    7    3
    3   22    5   10    2
   19   21    4    8    4
   15   22   10   10    3
    8   16   10    6    3
   25   25    9    3    5
   23   13   11    7    2
    9    3    8    3    5
   23   19    8    3    2
   23    9    6    1    4
    9   28    3   12    4
   21   25    5    7    5
   30   28    4    5    3
   25    2    2   10    3
   25   10    2    6    2
   26   27   10    6    6
   12    3    7    7    5
   13   13    3    1    5
   10   14    5    8    3
   24   12    1    6    2
   23    6    1    7    2
   27   16    5    3    3
    9   13    9    7    2
   24   19    4    5    2
   11   11    3   12    4
   22   27   10    1    3
   18   29    4    2    5
   30    5    3   11    3
   20    4   12    9    7
    7    4   10    6    2
   30   29    8   10    7
   21   16    6    8    6
    9    5    2    2    7
   28   20    1    1    4
   17   30   11    6    5
   10   30    3    3    2
   19   27    7    9    2
    6   27    4   10    2
   14   26    9    5    6
   30   18    6    7    2
    9   15    6   12    2
    4    6    3    2    3
   21    2    7    8    9
    9    9    2   11    8
   23   25    5    3    6
   12    5   12    1    1
   11    1   10    2    1
   23   16    2    6    2
    3   14    9    5    2
   14   28    2    5    1
    6   20   12    6    7
   19    5    7    8    4
   24   20    7   12    2
    4   27   10    9    3
   11   26    2    5    7
   16   16    7   10    7
   12   26   12    2    4
    4   22   11    3    3
   11   14    4    8    8
   23   22   10    5    4
    1    2    9   11    6
   26   30    7    2    6
    5   18    7    4    4
   21   15    7    1    3
    5    8    8    1    2
   17   29    6    2    2
   17   15   11   10    2
   11   10    6   10    2
   10    9    3    9    2
   30    8    6    5    2
    2   26   11   10    7
   18    2    6    3    4
    2   19   10    8    3
   24    4   10    3    2
   23   24    2    7    3
   23   17   10    6    2
   10   21    3    3    2
    5    6    8   11    2
   15   30    2    1    2
   21    6    9   12    9
    8   10    7    7    5
   14   29    1    9    1
   25    1    8    7    1
   24    7    1    4    1
    6   22    9    4    4
    6   26   12    3    5
    5    3    9    8    5
    7   12    6   10    3
   17   17    8    1    6
   15   15   12    3    6
   20    9    7    6    3
   28   23   12   11    4
   26   21   10    8    6
   22   10   11    5    1
   24   14    4    5    1
    6   28   10   12    5
   30   13   10   12    4
    9    8    2    8    3
   12    9    5    8    3
   30    2    8    9    6
   21   24    4   10    3
    4   30    1    7    4
   19   10    5    2    3
    9   14   11    8    3
   27   11    7    6    3
    8   24    1    4    3
    1   13    8    3    5
   22   18    6    9    4
   25   18    6    4    6
   18   26   10    9    6
   30   21   11   11    3
    4   28    7    1    2
   13   17    2   11    8
   25   19    9    7    6
   21    4   10    2    7
   23   21    8    7    5
   22    2   10    3    3
   29   21   11   11    2
   20   18   11    9    8
   24   26    6    6    4
   13   22    9   11    2
   29   11    7    7    1
   19   11    6    4    6
   30   25   11    6    2
   17   18    5    5    8
   18    7    5    7    4
    2    9    7    8    9
    8    7    9   11    2
   20   30    5    3    8
    9    1    7    8    7
   17    2   10    9    7
   12   10    7    1    6
   28   27    6   11    7
    4    2    2    4    7
   10   24    4    1    5
   11   18   11    7    5
   20   22    7    2    3
   22   14   11    1    1
   21    8    8   11    2
    1    5    4    2    4
