   22   18    5    1    5
    5   28    9    6    6
    5   16    5   12    3
    9    9    2   11    8
   23   20    2    4    6
    9    6    2    8    3
    2    7    3   12    4
   13   21    2   12    7
    2   19   11    1    5
   21   20    2    8    2
   17    6    3    4    5
    5    2    5    4    6
   22   13    8    2    3
   21   26    1    4    5
    9   23   11    2    4
    2   12    6    2    7
    1    6   10    2    6
   12   19    7    5    8
    2   21    9    5    8
   25   27    1   11    1
   12   26    6    7    3
   21   12    2    4    8
   25    7    4    8    3
    1   16    4    5    5
    8   11    2    1    7
   23   25    8   10    5
    2    3    1    7    4
   20    9    3    9    3
   27   12    4    2    2
   21   21   12    9    8
   10   15    4   11    6
   20   24    9   10    4
   14   12    1   12    9
   24   25    7    4    8
   24   22   11    5    9
   16    3    5    8    5
    2    2    9    4    9
   27   15    5   11    4
    1   22   12    9    3
   16    6   12    9    6
   10    6   11    7    4
   11   29    7    5    3
   15   25   12    8    7
   20    6    1    6    4
   18   28    3    2    5
   14   14    1    9    7
   30    4    3    3    4
   29   29    6    7    5
    2   10    8    1    4
    5   26    4    1    6
    6    4    3    9    5
   27    1    3    8    6
   21    3    2    5    3
    6   30   11    1    8
   15   29    8   12    6
   25   25    8   12    7
    4   16   10    4    3
    7   18    1    1    5
   23   10   11    8    1
    7   19    7    2    4
   27   28    9   12    8
   28    7   10    3    5
   27   13   11    3    5
   10   22    7    4    4
   11   19   12   12    8
    4   27    5    1    7
   10    1    2    1    4
    3   28   11    4    2
   19   25    2    5    6
   26   13    5    6    3
   24   16   11    8    2
    6   27    8    1    2
   20   27   12   11    8
   25    2    4    1    5
   14   26    1    9    6
    2   13    6    2    3
   21   24    1    9    1
   10   18   10    7    2
   16    9   10    9    4
   12   15   10    8    5
    3   10    5    4    4
   24   24    2   11    9
   16   25    9   10    6
   22   17    3    2    6
    1   13   10   11    4
   28   23    9   10    2
    9   11    4    5    7
   15   13   12    6    8
   17   14    4   12    4
   16   22    2    2    4
   29   27    1   12    3
    3    4    8    3    8
   14    6    4    2    3
   18   25    3    9    5
   30   28    3   12    3
   19   14    4    5    2
    9   30   12    4    7
   24    8    4   11    9
   22   23   11    2    4
   10   25    8    5    3
   11   11   11   10    7
   23    1    1    2    4
    9   12    2   11    3
   12   23    4    1    8
   18   24   12    5    5
   26   25   10   11    9
   15    3    8    9    4
   11   20    6    1    8
   28    1    9   10    7
    7   20    1   11    3
   17    5    8   12    6
   29    8    9    3    8
   22   30   10    1    3
    5   12    1    3    1
   14    5   11   11    4
   26    6    7   11    2
    4   20    6    9    4
   17   19   11   12    8
   18   26    7    2    9
   30    5    3   10    3
    7   13    5   12    1
   17   12    7    6    7
    7   14    1   12    3
    3   11    2    2    3
   17   13    2    2    4
   23   17    9    6    3
    7   10    1    1    7
    5    4    8   10    4
    8   19    3    8    6
   21   25    3    4    2
   28   28   11    7    2
    8   13    3    2    7
    8   14    4    8    3
   28   15    1    2    7
   19   13    7    3    3
   10   10    7    8    4
    5    8    7    3    7
   20   25   11    7    7
   14   13    6    2    4
   23   23    5    4    8
   25    1    6    7    2
   12    7    3    4    5
    4    2    6    9    2
   30   15    9    2    2
    3   22   11   12    6
   26   15    2   11    7
    2    1    4   12    2
   25   17    4    5    2
   18   12   10    9    4
    6   12    3    8    9
    5   13   11    7    5
   16   14    4    1    1
   20   16    1    7    5
   12   25    7    6    7
   27    9    8    3    5
   27    7   10    6    4
    1   12   11    3    3
    7    6   10    3    3
   28   25    9    4    1
    8    6    8    6    6
   27   27    8    7    3
   11   26    9    4    5
   24    6    1    9    2
   29   12    1   10    2
   18    8    8    1    9
   11   15    8    8    5
   27   24    6    3    2
    7    8    5    2    6
   25   29    7    5    9
   26   28    6    2    1
   17    7    2    2    5
   22   25    5    8    5
   26    8    9    3    2
   19   16    7    9    9
   29   17    7   10    2
   21   23   12   10    2
   18   18    1    5    9
   24    5    5   11    5
   25    3    5    7    2
   14   24   12    2    2
   28   16    7    7    2
   19    4    1    6    9
   24   17    8    9    5
   19   22    6    9    2
   29   16    2    4    2
   16   13    6   11    3
    9   14    1    4    5
   18   11   12    6    5
   30   21    1    6    9
   28   17    7   12    2
    7    7    8   11    5
    7   30    7   12    5
   19   26   10   10    7
   13   13   11    2    5
   12   13    5    6    2
   20   29    2   12    2
   22    8    3    5    6
    4   14    3    4    5
   23   16   11    7    2
    9   29    3    2    9
   21    7    6   11    5
   25   13    8   12    2
   19   15    4   12    4
    2    6    6   12    9
    4   13    4    7    6
   16   30   11    7    5
   20   30    8    3    9
   15   16   10    8    4
   20   13    6   12    6
    2   24   12    2    2
   29    1    2    2    3
   23   19    1   11    3
   29   23   12    3    6
    3    8    5   10    6
   29   19    8    7    3
   26   29    8    4    3
    1   15    2   10    2
   28   19    6    2    6
   16    2    5    9    8
    1    8    4   11    4
   17   26   11    7    2
   29   21    3   12    4
   25    5    4    5    6
   10   11    5   12    5
   30   27    3    3    3
   10   12    6   12    9
   20   22    6    8    5
   16   16    9   10    3
    4    9    2    9    6
    3    5   12    3    7
    8   23    3    8    2
   28    4    9    8    2
   24    4   12    8    9
   28    8    4    1    5
   13   24    1    8    2
   30   14    7   10    5
    5    6   12    7    2
    7    4    4    8    8
   23   14    7    1    3
    5   19    6    7    7
   19   30   11    3    2
   11    6   10    6    7
   25   11    3    8    4
    9    1    8   12    8
    3   20   12    5    5
   11   30   12   12    6
   28   14   11   12    4
    2   18    3   10    6
   25    9   11    1    8
   23   15   12    8    3
   12   24    8   11    3
   13   29   10   12    5
   16   26    8    8    2
   30   10    7    5    8
    2    8   12   10    8
   22    2    4    1    8
   25   14   11    4    2
   15   21   11   11    8
   21    8    6    5    5
   15    9    2    8    2
    7   16    4   12    1
   30   12    5   10    9
   29   10   11    2    5
   26   27   10   12    1
    2   27    7    4    2
    9   24   10   10    3
   28   13    4    7    4
   20   12    8    6    5
   20    1    8    8    6
   10   27   11    2    7
   23    4    7    1    6
    8   17   10    8    3
   19   20    3    1    4
   28   20    7    4    3
   21    5   12    6    5
   10    5    3   12    3
   26   26    1    9    9
   18   13    2    8    6
   17   30    9    2    7
    4   21    4    9    3
   11    1   11    3    4
    3   23    7    2    2
    3   12    8    9    6
   17   21    1    6    3
   18   20   11    1    8
   17   15    4    1    8
    8   10    5   10    7
    4    8   10    5    9
   15   24    8   10    3
   15   15    2   12    7
    6   13    8   12    4
   25    4    3   11    9
    8   16    4    4    2
   12   28   11    4    6
   13   10    4    8    4
   17   20    5    3    9
   28   22    3    3    8
   18   27    5    5    5
   11   13    2    7    4
    8   20    8    8    3
   13    9    1   10    2
    3   13    4    9    4
   11   24    9   10    4
    4   10    8    5    7
    1    3    6    2    5
   29    4    7    3    5
   21   22   10    1    3
   14   15    3    3    3
    3    6    5    2    4
    8   27    8    8    6
   11   22    6    5    3
   10    9    7    6    3
   12    4    6    9    7
   22    7    6   10    4
   17   17    3    1    8
   11   23    6    4    4
   10   20    8    3    7
   17   16   11    4    7
    2   26    3    7    9
   14    3   12    1    5
   29    7    7    1    6
   19   24    6    3    3
   17    1    4   12    7
   23   27    5    9    4
    1   21    3   12    5
    2   20    7    9    7
   20   20    8    1    3
    4   18    5    2    3
   16   10    2    9    8
   18    5   11    7    6
   18    1    2    7    2
   29   24   10    2    3
    1    4    6    8    9
   13   23    8    9    5
   14   21    3   12    4
   26   10   10    5    8
   30   30    2    5    3
   22   15    1   11    5
   19    3    4    7    5
   18   23    7    2    6
   15    8   10   12    7
    5   20    4    2    2
    1    1    9    2    2
    7   26    6    4    2
   17   18    4    4    7
    6    6   11    5    8
   27   11    6    9    4
   30    3    2    6    6
   16   11    7    4    6
   22   22    2    3    9
    1   30    1    2    9
    3   18   12    8    4
   30   18    2    7    7
    3   17   10   10    3
    6   22   11    2    3
    4   11    3    5    9
   17    2    6    1    9
   16   18    3   11    3
   11   12    3    6    6
   20   26    1   11    9
   30   23    5    8    8
    5   29    9    6    3
    7   23    2    3    3
    8   12   12    2    3
    6   23    8    8    5
   17   10    3   10    8
   14   10    8    1    6
   11   21    9   11    6
   28    2   10    6    5
   21   16    9    8    3
    8    8   11    3    8
    2    9    6    9    3
   14   22   10   11    3
   28   11    3    6    5
   27   22    4    8    6
   10   28    8    4    3
   10   24    8   12    6
    7   24    8   10    3
   19   19    2    6    8
   16   12   12    3    3
   12   12   11    9    6
   21   28   10   12    6
   26   30    1    6    3
   18    6    7    4    6
    5   22    9    2    8
   18   15   11    1    5
   19    1   11    7    8
   19   27    6    6    6
    5    5    1    6    5
   11    2    9    1    3
   24    1    9   12    7
    5    9    5    3    4
   17    9    8    6    3
   26    4   12    8    7
    2   29    8    5    5
   26    9   10    4    7
    6   28    3    3    8
   27    5    4   10    5
    9   19    9    2    7
   22    9    5    7    4
   21    6    6   12    9
   18   14    5    6    3
    3    3    5    1    9
   10   19    2   11    5
   26    1    5    1    6
   30    8    5    6    4
   16   27    8    6    4
   27    3    8    2    5
   23    2    1    1    8
   30   24   12    6    3
   14   27   12    2    9
   11   17    5    3    3
    6   19    9    9    7
   29    6    1   10    3
   14    1    8   11    7
    9    3    1    7    5
    7   11    2    9    7
    9   21    9    6    3
    7    9   12    9    3
   14    2    6   11    3
   25    6    2   11    3
    7    3    4    9    5
    3   26    4    9    3
   21   10    9    8    3
   29   18    4    5    8
   19   18    3    4    8
    4   15    9   11    3
   23   24   11   12    5
   30   29    6    4    6
    9   18   11   11    5
    2   30    8    6    3
   22   12   11    8    3
   24    3    4    3    5
    1    5   12    5    8
    3   29    5    8    3
   29   28    5   10    5
    6   15    9    5    5
   23    5   12    9    5
   24   26    6    8    8
   17    4    6    1    6
   19   21    6    7    5
    7    5    7    5    5
   20   15    4    4    3
   29   14   11    3    8
   21   18    5    8    5
   28   24    2    7    3
   27   21    4   11    5
   17   27    7   11    5
   14   20    7    4    3
    9    8    1    1    3
   23   26    9    6    8
   30   13   12    6    7
    4    4   11    8    7
   25    8    4   10    4
    5   11    2    1    6
    9   28    2   10    5
   15    2    6    3    4
   30   25    1   11    3
   22   29    1    5    7
   11   14    2    7    4
    4   22    9    9    4
    5   15    3    4    5
   22   26    5    8    7
    1    7    4    9    7
   15    7   12    9    4
