   30    7    6    2    6
   24   28    1    5    4
    9   26    7    1    2
   15   13   12   10    6
   30   30   12    3    8
   21   17    2    5    2
   30    5    2   11    2
   24   24    9   11    9
   18    6   11    8    1
   30   21    9    1    2
    8   28    8   10    1
   15   12   10   10    6
   17   27    7    6    2
   28   18   10    3    6
   11    7    6   10    1
    3   15   12    7    1
    7   27    8    9    7
    5    2   11    6    3
   29   16   12    5    7
   19   13    9   12    6
   20   27    7    3    3
    1   18    1    1    7
   30   25    5    7    8
   25    6    8    1    2
   21   10    7   11    8
   13   16   10    1    6
   26   14   12   11    8
   15    1    5    6    4
   18   22    3    7    2
    7   10    1   11    1
   14   30    2    9    7
    4    4   10    7    3
   21    5   10    4    2
   17   22   10   12    1
   20   18    5   12    4
   16    9    5    7    2
   13   17    2    5    6
    4    8    5    4    7
   14   21    3   10    9
    4   30   11    8    4
    3   10   10    2    8
    1   24   11   12    7
    4   13    4    4    2
   20    7    3    8    1
   26    2    9   12    2
   15   15    2   12    9
    7    3   12    1    4
   14   16    2    7    3
   30   29    4    1    1
   26   16    7    4    7
   21    3    2    3    4
   14    2    3   11    4
   11   15    8    3    1
   19   11    2    7    7
    2   22    9    1    1
    1   29   10   10    6
   13    6    8    3    4
    4   25    6    8    1
    7    8   10    1    1
   22    6   11    3    6
   17    2    2    6    8
   19   28   11    7    1
   22   23   12   10    4
   23    1    9   12    1
   25   18    5   10    8
   21   21    2    9    8
    9   20    2    1    1
   10    1    6    8    7
   13   18   10    6    9
    6   23    1    1    7
   30   15    4    5    2
   18   21   10    9    6
   29   27   10    7    2
   27   16    6    3    4
    3   30    8   10    1
   13    3    5    1    9
    1   17    6    2    2
   21    4    9   11    3
   27   15   12   10    7
   20   26   11    6    7
   28   13    2    3    3
   22   13    1   11    1
   18   18    6    5    4
   26   17    9    8    6
    3   14    2    9    1
   24   25    8    4    1
   29   17    4    9    7
    7   18    6   12    3
   18    8   10    5    7
    3   19    2    5    4
   26    3    2    5    8
   27   27    7    9    9
   10   10   11    1    4
    2   23   11   12    4
   12   26    3   12    1
   15   18   11   12    3
   11   24   11    8    6
    8   10    7    3    1
   16   30   10    3    6
   13   13    3   10    9
   12   22   12    3    1
   19    8    7    6    6
   22    9    1    6    2
   20   20   11    9    8
    4   23   10    9    1
    9   25    4   12    4
   23   27    3    5    1
   28   27   11    5    2
   22   20    1   12    1
    5   29    8    8    2
   10   27   10    7    2
    4    7   12    7    3
    4    9    9   11    2
    6    9    6    5    1
   20   10   12    8    8
    1    3    1    4    6
   12    2    1   11    4
    3    3    2    6    9
   17   19    3    4    9
    5    5   12    8    9
   14   14    4    6    9
   21   29   12    2    4
    5   20    8    6    3
   24   12    4    2    3
    3    5   12    2    8
    6   11    7    1    6
   19   19   10    2    9
   14   27   12    3    2
   19   22    7    3    4
   19   18    5   12    3
   20   21    6    4    2
   10   12    3   10    4
   11   17    9    2    1
    9   15    5    5    2
   25   10    7    2    6
   11   23    8    1    4
   26   13    4    8    1
    8   15    2    3    1
    9   10   12   11    6
    6    7    5    6    1
    5   15    2   11    6
   11   20    7   12    3
    8   30    4    2    6
   25   25    1    2    7
   12   28    7    4    8
   13   20    6    1    6
   24    7   11   11    6
   22   21    8    5    2
   24    2    3    8    3
   25   21    7   12    3
   16   11   10    7    8
   15    2    4    2    4
    1   21    6    4    3
    7   23    7    1    2
    6   24    3   12    4
   11   18    7    5    3
   15   22    1    6    6
   27   25    1   12    7
   28    3    5    5    2
    9    1   12    1    8
    2   30    1   11    7
    5   26    6    3    2
    5   27    4    8    1
    4    3    6    4    6
   25   23    4    1    1
   17   20    5   11    9
    8   12    8   11    3
   30   11   12    9    1
   18    3   10   12    3
   21   19    2    4    4
   11   11   12    5    6
   29   24    9    6    4
   28    9    9   12    1
    6   29   12    7    1
    9    3   11    5    7
   12   12    6   12    8
    6   12   10    3    4
   11    3   11   12    3
   20   28    1    9    1
   24   21   12    5    6
   24   14    9    1    4
    2    7    9   11    1
   14   12    1    6    6
   26    7    9   12    1
   21   16    1    4    2
   17    6    7   11    2
   15   17    9   10    3
   24   26    4    1    2
   19   15    5    1    6
   14   25   12    9    6
   27    2    3   12    2
    4    1    4   12    7
   21    2    3    3    8
   26   21   11    3    3
   18   10    2    9    1
   25    1   10    1    1
    1   13    4   12    4
   22   14    3    7    3
   29   26    2    4    1
   16   12    9    6    2
   20    6   12    1    1
   12   30   12   11    1
   16   24    4    5    2
    3    8    1    7    8
    4    6    5    2    1
    7   22    5    1    8
    6    2    1    6    6
    2   19    8    5    4
    7    9    4    9    7
   29    7    7    4    1
   24   22    7    7    8
   30   10   12    3    4
   11   27    9    2    1
   20   14    9   12    4
   19   30    3   12    3
    4   11    4    3    4
    6    3    8   10    1
   26   19    2    6    3
    4   26    8   11    4
    7   25    6    7    1
    6   30    2    6    2
   29    4    5    3    1
   20   23    1    1    1
    5    6    6    1    2
   17    8    3   12    6
    5   10    4    8    6
   10   24    6    5    3
    6   15   10   11    1
   30   18    3    9    2
   19    4    7    8    6
   22   26    8   12    2
   11   25    7    6    2
   19    1    7    7    1
   11   12    7    6    4
    8    1    9    8    8
   13    9    5   12    6
   26   30    6    1    7
   23   23    3    9    6
   21   28    1    9    6
   28   23   11    5    6
   29    2    6    5    3
   15   24    6   12    2
   28   16    5    2    3
   18    9   10   12    2
    6   28    3    2    4
    2   11    6    2    8
    9   12   10    3    4
    8   23   12   12    1
   15   16    9    6    2
    7   28    9    5    3
   18   17    1    3    6
    2    3    2    6    1
   23    5    5    6    3
   24   18    2    6    2
    8   27    4   10    2
    9   29   10    8    1
    1    7    3    2    1
    1   30    6    8    1
   17   25    3   11    2
    4   20    2    3    4
   29   23    7    6    3
   16   16    8   10    7
   27    4    7    9    4
   28   30    2   10    2
    4   16    1   12    4
   25   13   11    4    4
   25   29   12    3    6
   14   18    2    8    7
   16    3   12   12    3
   11    5   12    9    6
    9   30   12    1    2
   18   26    2    9    4
    4   17   10    5    1
   20   16    7    8    7
   24   27    2    9    2
   16    7    2    5    1
   27   18    9   11    1
    7   21    6    4    6
   28   11    6    9    4
   14   28    2   10    1
   10   29    2    7    2
    6    6    8   11    9
   26   25    4    5    1
   27   19   12    3    8
    3   27    2    6    2
   14   13   12    2    6
    6   27    6    8    7
   22    4   12    2    1
   21    8    5    6    1
   24   17    5    2    1
   14   19   11   10    3
   10    4    4   12    6
   18    4    3    1    7
   16   25    7    6    6
   10   15    6    1    1
   17    3    1    9    2
    8    9    4    2    2
   29   18    3    9    4
    3   29    7   10    1
    1   14    9    6    3
   16   10    7    5    6
    5    9    6    8    6
    9    9   11   12    9
   15    4    9    2    4
   29   19    9    5    2
   16    2    8   12    1
    4   24   12    2    4
   13    2   10    2    6
    7   12    2    6    1
    9   23    4    8    1
   13   12    4    5    1
   11   22   12   12    7
    7    7    6    5    7
   15   20   12    1    7
   23   14    7    8    6
   28   22   12   10    2
   12    1   11    3    2
    3   24    3    9    4
   22   27    3    9    1
   16    1    1    4    2
   20   19    6   10    1
    6   21    9    2    9
   23   10    7    1    4
   30   27    3    4    1
   12   19    4    9    6
   25    8    2    7    2
   20    2    9    2    6
   14    6    5   10    4
   14   10    7    3    4
    9   21   12    5    4
   29   14    4   10    3
   30   13    1    3    2
   26    8    9    9    1
   15   26    3    5    2
   29   13    1    6    6
   16   17   10   12    6
   22   29    9    5    1
    3   12   10    4    1
   23    3    7   10    2
   15   23    3    4    4
   18    5    3   10    6
   26   28    5    1    4
   21   23    2    3    3
    9   19    2   10    6
    7   19    6    2    6
   24   20    8    3    1
    9   24    3    2    2
   13   11   11    9    6
    8   24    8    4    7
   12   23    5    9    7
    4    5   10    5    7
   30   17    4    3    6
   23   19   12   11    4
   28   28    3    4    9
   20   12    2    9    7
   21   11    3    2    7
   16    8    7    6    1
   10   11    5    5    3
   28    1    5   12    2
   22    8    9   11    1
    8   11   10    4    6
    1   11   11    2    4
    6    8    4    4    4
    1    1   10    9    8
   30   24    6    3    3
   29   29    8   12    8
   26   26    9    3    8
    8    2    1    7    6
   25    2    5    9    6
    7   17    9   10    4
   23   16   10   11    3
    7   13   12    6    2
   25    3    6    3    2
   15   14   12   10    2
   29   28    9   11    3
   29   15    2    4    2
    5   28   12    8    1
   13    8    7    4    3
   26    1   11    3    6
   28    2    2    9    4
    9   14   11    2    6
   27   12    5   11    8
   23   24   11   11    8
   28   25    2   12    1
   10   26    6    1    6
   25    5    5    5    4
   22    3    6    1    1
    5   22    6   12    1
    7    5    2    9    6
   17   12    6    5    4
   28    4    1    3    2
   14    5    3    1    1
   16    6    9   10    1
   28   17    2    2    2
    6   10    3    2    1
   22   10    5    5    4
    5    1    2   10    6
   12    4    1    9    3
    8    8    7    3    6
   20   29    7    2    7
   10    2    6    6    2
   23   17   12   11    2
    5   17    6    7    1
    5   12    5   11    1
    8   20   11    7    1
   18   12    4    7    6
   14   11    9   11    4
   27   21    5    2    4
    6   19    5    8    4
   15    7    7    9    2
    4   14    2    6    6
   21   12    4   10    7
   21   13   10    3    2
   12   29    4    7    1
    2    4    8    2    7
   23   30    4    7    7
   27   26    5    5    7
   17    9   10    2    3
   18   16    7   12    6
    1   27    1    1    4
   25   19   10    3    2
   23   18    8    4    6
   24   13    3    7    2
    5   24    6    6    3
   29   11    8   12    1
    1    2    1    3    6
   17   10   10    8    4
   24   19   10    8    3
   13    5    7    3    4
   11   26    9    7    3
   27   13   10   10    2
    8   29    7   11    2
   23   26    1    5    2
   14    7    9   11    4
   14   17    9    1    3
   28   10    3   11    2
   30   22    7    7    2
   25   15    7   11    2
   17   17    7   10    7
   22   22    5   10    7
   20   25    3    4    8
    8    5    2    8    7
   25   22   10   10    1
   19   10    6    3    2
    9    2   11    8    3
    2    2    2   12    3
    2   18    8    5    6
    6   26    3   10    1
   15   28    9    7    6
    9   11    5   11    2
    1   20    4    8    2
   23   13    9    7    1
   27    9    5    1    1
    1   22   10   10    2
    5   19    3    1    1
   30   20    5   10    6
   15   21   12    6    6
   22   16    5   11    2
   25   12    1    8    1
    6    1    6    5    1
   19   16    9    9    6
   10   13    7    3    7
    3   20   11   10    4
    8   14    7    6    3
    5   16    7   10    6
