   27    3    1    1    3
   13   15    1    4    3
    5   24    9   12    4
   19   16    7    2    7
    1    8    1    3    5
   26   25    8   12    7
   25   21    7   12    3
   28   13   10    4    1
   15    8    8    9    3
   19   17   10    9    4
    8   12   11    1    3
    9   20    5    1    3
   19   29    1    3    6
    5    5    6    1    7
    9   21   10    8    5
   28   27   11    9    6
   30   14    9   11    7
   21   29    7    7    4
   25   23    9    9    4
    7   10    3    1    5
    2    8    1    4    3
    4   22    8   12    2
   30    1   12   12    5
   22   27    6    5    4
   21   22    4   11    3
    8    9   10    1    2
   29   26   11   12    5
   19   10    2   11    6
   20    3   12    9    4
    5   21    1    2    3
   13    8    2    5    4
    8   24   12    6    4
   21   12    2    1    5
   26    9   11    9    3
    7   23    5    4    3
   18   24    2   10    4
   19    3    6    2    3
   14   23    8    9    4
    6   26    2   10    3
   29    5    1    8    2
    1   28    4   12    2
   22    9    5    8    5
    3   29   12    1    3
    8   19    9    9    7
    8   30    5    6    5
   21    7    2    9    4
    4   16    4    2    6
   13   20    3    4    3
   20    6    2   11    4
   18    6    6   11    3
   20   11   11    2    4
   25   16    6    4    5
    7   29    3   12    4
    8    3    2    9    6
    5    4    9    6    3
   13   24    9   12    4
   22   22    6    2    7
    3   28    5    4    4
    7    7   10   11    3
   20    7    3    6    5
   19   25    2    3    4
   21   28    5    8    4
   20    8   11    2    2
   16   16    3    6    2
   15   26    4    5    5
   27    2    6    6    4
    1   16    2   12    4
   28    5    4   12    5
    1   21    7    6    3
   10   16   10    3    3
    4   19   12    4    4
   22   12    8   10    5
   22    1    9   11    6
   28   19    2    8    7
    8   29    7    3    4
   10   22    9    7    3
   16    8    9    3    7
   22   18    8    4    6
   15   20   10    6    5
   11   23    3    1    4
    6    3    4   12    3
   27   30   11    9    3
   23   15    7    9    7
   18   19    5   12    4
   29   16    2    5    6
    8   23    2    8    3
   30    7    4    9    3
   22   23    8   12    4
   20   27   10    7    6
   25    6    7   10    6
   23   23    5    9    4
   17   17    4   10    3
   16   14    4    8    5
   14   22    9    4    4
   14   24    1    2    3
   27   11    5   10    4
    6   11    7    9    5
   21    6    7   10    4
   26   23   10   12    3
    9   12    7    4    4
   14   27    1   10    4
   23   27   12    4    5
    8    8    4    7    6
   10    4   11    4    7
    1   15    9    8    4
   20   18    1    8    6
   17    4    8    6    4
   29   23    6    5    5
   11    4    3    6    3
    4   23    5   12    6
    5   22   10   11    5
    7   14    3    2    5
   11    2    9    8    4
   20    5    3   11    3
   19   20    9    5    6
   11   14    4    9    7
   16   15    8   12    6
   13   12    8    6    4
    4    3    1    4    5
   30   17   12    5    3
   18    9    1    5    3
    5    3    7    9    7
   18   18   10   12    5
    6   29   12   11    7
   16   17    8    5    4
    6    4    4    9    3
   14   10    4    5    4
   29   30   10    6    3
   11    9    7   10    5
   14   19    8    3    4
    4   20   12    9    5
   25   25    9    2    3
   27   29    9   10    3
   24    3    9    4    3
    8   25    6    9    4
   24   23   12   11    4
   22   26    8    9    3
   19   15    9    3    3
    1    2    9   12    9
   25    1    4    6    4
   28   24    1    1    4
   25   24    3    6    5
    5   16    9    6    5
   25    2    9    7    3
    7    6   12    1    3
   25    4    3    9    2
    7    9   12   12    3
    2   17   12    7    3
    7   16   12    1    8
   28   26    4   11    3
   18    2    6    5    3
   23   28    6    3    5
    1   29    6   12    4
    2   10    8    9    3
   26    8    8    7    4
   18    4   10   12    2
   30   24   10    7    1
    1    1    1   11    3
    3   17   10   10    2
   11   19    1    1    3
    2   30   11   10    2
    7    8   10    1    4
   28   14    9   12    3
    9   23   11   10    2
   21   15    1    5    1
   11    5    1    3    3
   30   20   10    6    6
   28    9   10   10    2
    4   29   12   11    1
   11   21    8    6    9
   24    1   12   11    6
   23   10    6    5    1
    2    7    9   10    5
    2   15    6    2    3
    3   16    6    8    6
   22   30    8    6    3
   29   11    2    3    4
   23   30    9    9    2
    3   15    6    2    3
   11   11    7    9    4
    5    7   10    9    5
    2   13    2    8    6
   25   14   12    2    8
   28   16    4    3    3
   19   21    8    8    7
   13    3    7   10    6
   21    8    5    2    2
    9    1    3   10    3
   10    9   10    6    1
   17   18    2    5    6
   13   14    7    9    7
    6   24    6    9    3
   17   24   10   10    5
   28   22   11    4    5
   17    5    8    6    3
    2   21    2    5    2
   13    1    7    5    4
   28   18   10    4    2
   26   10    7    5    3
   10   27    3    3    4
   20   22    9   10    2
   21   10   10   11    2
    6   14   12    2    3
   20   21    6    5    3
   11   26    3    6    2
   20   10    2    6    2
   25   18    2    9    1
    1   19    2   10    1
   23   20    4    9    8
   30   13    9    7    3
   27   24   12    3    2
   25   22    8   10    3
    4   15   11   12    6
   12    4    6    6    5
   24   11    8    9    3
   14    9   11    7    2
    3   14   10    2    3
   25   28    1    9    2
    3   21    8    2    4
   14   15   12    1    3
    4    2    2    6    4
   21   21   10    2    7
    6   19    1    2    4
    2    9    5    9    4
    5   30    2    9    3
   28   17   10    1    5
   12   28    5    4    4
   25   12    4    6    5
   29   20    5    5    6
   16    9    4    6    5
    4   28    7    9    6
   25   13    9   12    2
    9   27    8   11    5
   21   14    9    6    5
   13    5    1   11    3
   11    7    8    3    2
    7    4    7   11    3
   10   13    9   10    1
    7    3    7    6    1
    5   23   10    2    1
   13   13    1    4    5
   21   27   10    6    5
    6   27    8    8    6
   28    6   11    1    1
   10    8    9    9    2
   14    8    4    5    7
   28   29   10    1    3
   23   13    2   10    2
    6   15    3    4    2
   18   14    9    4    3
   20   20    8    1    4
   10   24    6   12    4
   14   12    4    8    3
   15   10    5    5    3
   22   17    1    7    2
   26    4    4   12    3
    5   14    1   11    4
   16   23    1    5    5
   13    7    4    5    3
   29   29    8    6    3
   29   24    5    2    4
   26   30    3    7    4
   29   15    7    4    4
   12    7    8    3    3
   17   25    1   10    3
   13    9    6    5    3
   17   14    6    4    3
   13   18    5    1    2
   21   17    2   11    5
   16   27   10   10    6
    3   23    9   12    4
    9    9    7   11    7
   12   20    2    7    3
   30    4    1    7    3
   12    2    1    7    4
    5    6    6    5    8
   29   22    8    1    4
    9   25   10    5    5
    8   27    6    7    4
   10    1   12    6    5
   17   27    6   11    2
    2   24    9   12    3
   12   12    1    7    8
   20   14    1   12    2
   25   15   11    2    2
   26   13    9    5    3
   16   11    1    4    6
   14   26    5    4    3
   26   16    8   10    3
   25   30    8   10    2
    4    1    8    1    1
   30   30   10    3    1
   27   19    8    8    1
   30   15    6    8    2
   27   26    2   11    7
   15   22    8    6    6
   21   24    6    9    8
   18   30    8    2    1
   19    9   12    6    2
   13   27    7    1    3
    2   26    7    9    2
   11   30    9    7    4
    7   15    9   11    3
   23   19    5    2    4
   25   10    5    2    4
   18    3    3    1    8
    6    1    7    3    3
    7   28    5    5    7
    7   18    8   11    6
   27    4    8    6    3
   23    1    2    8    4
   27   27    7    4    5
   12   27    8    6    4
    2    2    4   10    8
   18   23    6    8    7
    1   12    9    1    6
   12   11   10    7    8
   12   17   10    7    3
   28   28    5    9    7
    2   23   12   10    3
    8   17    8    4    3
   26   12   11    8    4
   28   11    3    9    4
   29   14   12    7    2
   26    7   11    3    2
    6   23   12   10    2
   14    2    6    6    6
   16   24    2    6    7
    5   27    6    9    2
    1   26   10    9    2
   26    3   10    6    3
    5    1    9    9    5
    5    8    2    7    4
    5   19    6    9    4
   12   16    8    3    4
   30   10   10   10    4
   17    1    2    5    3
    3    2    1    8    3
    5   15    3    3    3
   19   22    3   11    3
   30    3    6   11    3
   26   26    3    8    9
    2    5    3    9    6
    2   28    4    7    4
   30    6   10   10    5
   24   24    5    1    3
   16   22    1    3    4
   22    2    1    2    3
   11   18    9    4    2
    5   10   12    2    2
   17   10    6   11    3
   23   21    7   11    2
   21   30    4    1    7
   29   13    4    2    5
   21   16    9    2    3
    6   13    7    4    7
    1    3    9    8    2
    9    3    6    2    3
    2   29   11    1    3
    3   11   11    2    3
   11   25   10    3    6
   23   12   12    9    7
    6   17   10   12    2
    1   14    6    7    2
   25    5    8    6    6
    7   22   11    7    3
   22    3    5    9    4
    5   12    9    1    2
    8    6    3    7    3
   11    8    4    9    6
   22    6   12   11    1
   13   21    2   10    2
   13   22    2    8    3
   25    3    6    1    2
   22   24   10    6    5
   19    7   10    2    4
    7    1    6   11    4
   15   18    6   10    6
   11   13   11    9    5
   12   15    8   10    2
   28   10    8   12    3
    9    4    3    4    4
   12    6    9   12    3
   10    6   10    2    4
   19   19   12    6    7
   27   15    4   10    6
    1   11    9   10    7
    4    4    3    6    4
   12   29    4   12    4
   19   26    7    8    7
   13    4    2    4    7
   22   11    5   10    3
   19   30    8    2    6
    1   27   10   11    3
    9    6    8    9    2
   15   11    4    5    2
   12   18   10   10    5
    7   27   12    8    2
   16   30    5    9    6
   25   27   11    7    5
   20    1    9    6    3
   29   10    8    7    2
   11   17    4    1    1
   24    9    4    5    2
    8   18   12    6    3
   26   20   12    5    1
    2   20    5    4    2
   16    2    6    8    3
   28   15    9    5    7
   23   17    2    6    3
   28   30    3    2    6
   10   10    6    2    3
   15   24   10    6    7
   24   26    8    5    8
   29   25   10    3    4
    6    6    6   12    9
   29   18    7   12    4
   24    7    9    1    3
   29    9    6    3    7
   12    3    4    8    5
   17    7    3    7    7
    9   30    8   10    4
   25    7    9    9    5
   24    4    4    4    4
   27   18   10    5    7
    2   19   12    7    3
   18    5    1    2    8
   24   20    9    7    5
   11   10   11    1    4
   26   21    6    9    3
   29   17    3    8    5
   12   19    4    7    4
   24   19   10   11    3
    5    9    8   10    7
   25   20   12    8    8
   17    9    7   12    4
   17   20    9    3    3
   20   16   12    1    7
    4   21    4    7    2
   28   20    8    9    3
   14   14    9    8    4
    8   22    3    6    8
    1   18   12    5    8
   24   12    3   12    3
   16   13    2    6    9
   14    4   12    2    9
   21   18    4    9    3
    8    4    9    4    4
   30   12    9    7    8
    2    6    6    2    9
   10   12   12    2    4
   10   18    7   11    7
   17   15    8    6    8
   19   13    2   10    4
    3    3   11   10    9
   18   26    5    9    3
    6   16    5   10    7
   16   18    4   11    8
   15    9    2    1    4
    8   28    6    6    3
   17   13    9    7    9
   26    5   12    5    3
   26   17    1   10    8
   15   15    1    8    3
    3   10    5    8    7
