   23   20    5    5    1
   29    8    4    8    3
   21   24    8    2    2
   29   18   10    8    2
   25   23    1    4    6
   12   23    4   10    1
    1    3    4    3    5
    1    1    8    7    5
   27   26    7    2    8
   13    4    3   12    7
   14    5    6    1    4
   21   21    8    4    7
   24    1    8   12    7
   14   14    9    7    6
   11    4    3   10    8
   10   26    2    5    5
   15    7    9    7    4
   10    9    9    6    7
    5   23    3   12    4
   25   19    9   11    4
   27    7   11    8    4
    6   24    9    4    4
   26    2   12    3    7
    4   18   12   12    4
   19   13    3    9    5
   20    9    4   11    4
   20    8   12    7    4
   16   12    3    9    7
   19   15    4    1    7
   11    5    7    3    4
   20   14   11    1    6
   16   16    9    3    1
    8   18   12    1    3
    1   28   12    4    2
   19   24    1    8    2
    4   21    6    5    7
    5    4    6    5    6
   12    8    1    7    6
   14   28    7    1    4
   27   13    4   11    4
    6    3    1   11    4
   30    6    9   10    5
   25    6    5    8    2
    7   19   11    3    3
   28   21    5   10    3
   18   14    9    9    7
    2   24   10   11    4
    6   12   12   12    8
   11   17    4   11    7
   12   30    6    9    4
    6   18   11    8    7
   21   12    4   10    8
    6   17    9    5    6
    5   29   10    9    6
    6    1   10    2    6
    8   22    4    8    3
   17   14    2    2    8
    5   27    2    9    4
   19    8    6    1    7
   26    6   12   11    3
   23   19    1   11    3
   16   14    1    5    7
    2   27    8    5    7
   30   17   10    2    7
    7    8    1    1    4
   19   29    7    6    4
   21   17    6   10    7
   22   29   11    1    1
   19   12    2    5    3
    8   25   12    6    1
   12   29    6    1    1
   25   29    7    1    1
   20    4    5   10    2
   15   17    3    4    2
    4    3    9    3    2
    4    4    8    7    2
   11   27    7   11    3
    4    7    5    8    3
   16   17    2    1    2
   26    5    8   10    4
    1   12    3    5    4
   18   15    8    1    7
    5   17   11    2    6
    7    5    6    9    6
    5   13    6    4    6
   22   24    2    1    4
   10   10    7    9    3
    2   13   12    6    2
    6   10    3   12    3
   24   11    3   10    2
    3   26    2    5    3
   27    1   11    8    7
   21    5   12    9    3
   24   24    7   11    4
    7   11    5   10    6
    6    4    2   11    3
    6   14    9    9    3
   13   21    2    2    3
   13   11   10   12    4
   13    9    5   10    3
   28    3    9    2    3
   26    1   12    8    6
   15   12    6   11    3
   20   30    6    8    3
   24   12   12    2    5
   16   15    5    1    3
   24    5    7    5    3
   23    7    5    3    4
   16    2    3    6    7
   30   19    3   11    4
   24   10    2    8    4
    9   24    7    1    4
   12    9    8    5    2
    3    3   12    6    7
   23    4    2    7    2
   20   16    7   10    1
    3   23    8    2    1
    1   18    9   11    3
   25   24   11    6    4
   13   28    4   12    1
   14   29    6    1    3
   10    4    8   12    2
    9   23    7    6    1
   22    7    7    5    3
   30   30    5    1    9
   30    1    4    3    4
   16    1   11    6    5
   10   21    2    5    4
    8    9    3    9    4
   18    2    4   10    6
    2    5   10    2    4
   11    1    4   12    4
   12    2    2    5    4
   26   15    3    2    4
   13    8    6    2    2
   20   20   12    1    2
   22   23    5    7    1
   23    2    1   11    1
   18   23    2   11    1
   24    8    4    6    2
   12   20    5    9    1
   21   26    7    4    4
   25    9    6    7    4
   15   25    3    5    4
    2    4   12   11    7
    5    5    6   12    7
    3   13    9    5    6
   18    9    2    9    1
    6   16   10    2    1
   18   27   12   11    1
   12    3   12    6    1
   24    4   11    1    4
   15    3   12   11    1
   16   22    2    5    3
   17    1    8    7    3
   16    5    1    7    4
   13   15   12    6    2
   10   25    2    3    2
    3   24    3   10    2
   27   17   10    6    2
   11   10   10   11    2
   20   25   12    9    2
   19    6   12    1    3
   26   13   10   10    2
    1   10    9    7    2
   30   27   10    1    1
   18   26    3    9    1
    4    8    4    7    1
   14   19    7    9    1
   26   12    3   12    1
    7   28    8   12    3
   29   28    6    9    3
   27   27    9    1    2
   24   15    3    9    1
   25   13    4    3    1
   29   16    8    6    1
   10    7    5   11    1
   18   20    6   10    1
   25   12   12   10    3
    3    8    7   10    2
   12    4   12    4    2
    3   22    3    6    2
   19    1    6    9    2
   30    4    1    4    2
   28   24    5   10    2
   18   12   11    5    2
   30   26    2    6    2
   16   18    3    1    2
   13   24    6    6    2
   30   16    8    1    1
    8   11   10   10    2
    5    1   11    2    7
   25   26    1    6    7
   30    7    3    8    2
   14   21   10   10    1
   15    9    4    8    3
    1   20    8    4    2
   30   29    1    7    1
   16   26   12    4    3
   29   17    7   11    1
    5   22    8    8    4
   16   28   10    9    1
   17   25    8    9    2
   13   29    9    9    2
   17   24    6    7    1
   15   14   11    5    1
   30   18    4   10    1
   30   28    1    9    2
    6   21    6    7    2
   11   23    5   11    2
    4   27    3    4    4
   20    7    4   12    4
    8   28    6    2    3
    7   16    7   10    4
   26   20   11    1    3
   11    2    6    1    5
   19   17    2    6    2
    1   13    1    2    1
    4   16   12   11    1
   25    4    5    4    1
   25    2    1    4    1
    9    1    3    1    3
    7    2   12    5    2
    1   14    5    8    3
   10   18    8    9    2
    7   14    5    4    3
   21   18    5    2    3
   27   12    9    8    2
   18   22   10   11    2
   19    9   12    9    2
   30   23    8    7    1
   16   24    3   11    1
   11   11    9    5    8
   11   19    2    9    7
   27    6    9    5    5
   13    7    7    3    7
   17    7    5    4    3
    6    6   11    6    4
   13   17   10    1    2
   18   11    5    4    1
   27   16    2   12    1
   10    8    7    7    1
   12   11   11    9    1
   23   16   10    4    1
   30   13    6   12    1
    9    5   11   12    5
   26   29    1    1    4
    8   15    7    8    3
   18   18    9    4    7
   22   30    1    5    4
    8   21    9    5    4
    3   27    8    6    1
    7   18   12    7    1
    2   14    8    8    4
   28    9    6    7    5
    8   14    1    6    3
   27   21    5    1    3
   15   28    6    9    1
   21    1    9    4    1
    2   28    2    2    3
    9   14    2    7    5
    8   23    3    3    2
   15   29   12   12    2
   29    6    6    8    2
    5   10    3   11    2
   18   13    2   10    4
   23   21    1    1    3
   18   24   10    9    4
   20   29    5   11    1
   24   20    8   12    1
    4   14    5    3    2
    2    2    7    5    1
   12   22    8   10    3
   25   25    6   11    1
   28   12   12    5    2
   15   22    7    6    1
   22   11    9    1    1
    3   20    9    1    1
   13   20    3    7    1
   22    9    5    8    1
   29   23    4    6    2
    1   29    4    1    1
    9    7    6    7    1
   25   28    1    1    3
   21   25   11    4    1
   21    3    6    7    1
   22   13    8    3    1
   20   15    2    3    1
   16    9   12    7    1
    9    3    7    7    1
   28   18   11    4    1
   20   27    1   10    1
   15    6    3    7    1
   20    5    2    4    1
   10   22    4   10    1
   11    3    3   11    6
   17   26    6    6    4
   14   23    3   10    1
    3   25    7    9    1
   26   28   12    6    1
    7    3    7   11    1
    9    2    7    4    1
   19   19    3    8    2
   26   26    8   12    4
    6   11    3    8    4
   14    3    9    6    3
   12   17    2    5    1
   23   23   10    2    1
   27   22    2    9    2
   17    4    4    6    4
    8    1   12    9    4
   17    8    2    8    2
   29   21   12    3    1
   11   29   10   11    1
    1   23    7   10    1
   17   28    8    1    2
    5   18    6    7    1
   16   25    3    1    1
   13   16    8    1    7
   11   20    1    8    1
   17   23    4   12    6
    9   11    1   10    3
   14   11    5   12    1
   14   24    3    6    1
   15   30   12    8    3
   22   20    7    8    1
   16   19    7    1    3
   17    9    1    9    1
   29   29    8   10    3
    8    8   12    2    5
   23   27    9   11    4
    3   19    6    9    4
   26    4   11    6    2
   24   29   11   12    1
   15   11    6    7    1
    5   28    2    5    1
   19    5    8    6    1
   22   19   12    2    1
    1   15    1    3    1
   29    2    4    1    1
    4   29   11    1    1
   19   18    5    3    1
   20   17   11   11    1
   14   25    5    3    2
   14   10    5    6    1
    7    7   11    5    4
   12   13    1   10    1
   17    3   10   11    1
   15   23   11    2    1
   30    8    3    2    1
   13    6    9   12    4
   26    9    8   12    4
   11   30   10   12    1
   10   15   10   12    2
    6    9    2    5    1
    9    9    6    4    4
    5   25    2    4    3
   10    2    2    3    4
   26   22    5    7    1
   17   17    8    5    4
   12   12    9   12    6
    8   27    3   12    4
    3   18   10    4    4
    1    2    9    9    7
   25   30    6    1    6
    7    6    4    4    4
   20   19   12    2    3
   28   28    7    8    4
   17   22    5    2    1
    2   21   12   11    3
   30    2    1    2    3
   10   23    1   12    2
   22   22    8    2    4
    4   15    1    3    1
   20    2    7    6    3
    7   21    7   11    3
    4   28   11    1    2
   12   10    3    1    1
    1   25    3   10    1
   19   26   11   11    1
   11   21    7    9    3
   21   15    1   10    1
   10   29   11    9    1
   10    3    5    4    1
    5    6   11    9    3
   12   14    5    3    3
   28   22    2   12    1
   13   23    8    2    1
   26   14    2    8    1
    7   29    7    6    1
    4    9    8    4    5
   11   16    5   10    5
   22    4    4   11    4
   22   14   10    8    3
    3   16    3    9    4
   24   30   12   12    5
   21    9   11   10    1
   30   21    8    8    1
   10   28    3   10    1
   21   16    7   12    3
    7   24    3    1    2
   24   23    5   10    1
   23   28    5    4    2
    9   27    7    3    1
    2   22    1    3    1
   13   10    5    8    1
    8    6    9   10    1
   27   15    3    8    1
   26    7   10    7    1
    2    6    1   11    2
   20   10    3   11    8
   13   13    9    8    7
    2    3    4    6    1
   18   25    2    3    1
    4    1   11    8    7
   27   29    9    7    1
   15   15    7    4    1
   30    3    9   10    3
   21   20    1    5    1
   27   24   12    1    3
   11   25    8    7    1
   27   10    7   11    7
   11   26    3    1    1
   19    4    3    3    1
    8   16    8    1    1
    9   30   12    4    1
    8   26    4    7    1
    5   15    2    2    2
    6   20    9    4    4
   13   14    5   10    4
   17    2    2   10    5
   22   21    2   12    4
    9   29    2    9    1
   27   19    7    6    1
   21   19    6   12    1
    2    8    9    9    2
   27   25   10    5    1
   14   27    7    8    1
    8    5    9    1    1
   11   28   12    6    2
   15    2    1    7    3
   30   14    1    2    7
   17   18    8    2    1
    3    5   12   10    5
   30   10    6    5    6
   22    1    8   11    4
   10   17   11    5    4
   22   25    2    9    3
   10   16   11    6    2
    6   22   10   10    1
   23   26   11    4    3
   28   19    7    7    2
   25    7    3    8    6
    5   12    1    7    1
   29    3   11    6    1
   27   28    5    5    1
    2   19    2    3    2
   24   26    2    1    3
   20   28    1    1    1
    7    1    7    5    1
   30    5    7    2    1
    6   23    3    8    3
   28    6   10    6    1
    7   12    5    2    1
   10   19    2    8    1
