    7   23    5   11    3
   20   13    1   12    1
    8    5    3    9    8
   25   13    1   10    6
   29   23    6   10    4
    7    2    5    9    9
   29    9   10    3    8
   27    7    9    3    4
   12    3    5   11    6
    2   26    9   10    9
    5    4   11    6    5
   28   29    1    6    2
    9   26    3   11    7
    7   12   11    7    1
   27   15    9   10    3
   27   21    3   10    2
   23    8    5    8    4
   10   11    2    9    6
   19   11    3   12    9
    4   17    8   12    6
   11   22    7   11    4
    7   11    3    6    7
    7    6    3   11    5
   18   30    4    6    5
   19   27    8   12    4
    1    5   12    3    8
   30   10    7    6    6
   29   18   10    9    8
    8    8   11    3    8
    6    8    6    2    2
   12   27    6    7    7
    6   10    6   12    8
   16   12    4    3    7
    1   26   12   12    6
   24   10    1    2    8
    1   21    8   12    8
   22    8   12   10    4
   13    7    9    8    4
    6   14    4   10    5
   24   27    6   11    3
    5   18    7    9    7
    3   15    8    1    6
   20    2    6    8    8
    5   15    5    2    3
   22   17    1    4    5
   13   13    4    6    8
   27   18    8    9    8
    1   27    8    1    6
   27   26   11    2    6
   20   18    8    3    1
   19    7    3    6    2
   23    2    9   12    5
    8   12    2   12    3
   10   26    5   11    5
   16   27    2    6    4
   29   20    5    2    2
   26   18    9    1    7
    4   11    7   10    6
   10   10    6   12    4
   23   20    7    8    6
   24    5    2    2    8
   28   18    1    3    5
   23   19    9   10    6
    9   28    5    2    7
   23   14    7    8    6
    3   26    4    8    5
   13   10    3    7    7
   12    5    8    3    4
    8    1    4    3    3
   10    5    7    4    5
   15   29   10    7    6
    9    9    2    9    8
   10    7    9    7    6
    5   22    5    2    5
    3    6    4    5    6
   19   15   10    7    6
   28   25    7    7    3
   22   21    8    4    2
   11   13    4    1    4
   10    9    3   12    4
   12   20    6    8    5
   26    7    1    5    6
   25   11    1   10    4
   24   25    9   12    7
   25   14   12    6    6
    1    4    7    6    6
   25   30    1    6    5
    6    2    8   12    3
   27   28   12    1    5
   21   13    1    7    7
    6   23    1    4    6
    3   13    6    3    5
   21   14   12   10    8
    3    5    9   10    6
   28    4    3    1    7
   23   27    9    1    8
    6    6    7   12    9
   13   30    9    7    6
   28   16   10    2    4
   30   16    2   11    6
    3   17    4    8    6
   25   16    3    3    5
   23   13    8    3    6
   20    6    2    1    3
    5    5   10    4    8
   13    9    6    9    7
   22   15   10    9    6
   10   25    7    9    5
   10    2    1   11    4
    5   11    8    9    5
   23   17    1    2    8
   14   29    4   10    5
   25   15    7    8    2
    3    3    8    9    7
   28   22   10    6    7
   27   14    3   11    5
   13   29    7    3    4
   21    5    9    1    1
   26    8    1   12    5
    1   11    4    5    7
    5   26    9    6    6
    2   25    7   12    7
   20    9    1   12    5
   26   19    5   11    6
   17   19    7    3    7
    4    4    1    7    6
   21    7    6    4    7
    7   28    4    7    4
   24   30    2   12    7
    4    9    4    6    3
   22   16   11    8    3
    2   17    2    7    5
    2   15    3    8    1
   24   13    2    2    2
   29    6   10    8    3
   13   19    6    2    7
    8   20    7    1    8
   26    4   10    4    5
   23   18    8   10    9
    3   21   12    5    4
   25   12   12   12    3
    4   24    2   10    5
   24   18   12    1    5
   28   23    3   11    4
   15    1    1   11    7
    1   19    2    7    6
    7    4   12   11    7
   22    7   11    8    4
    1   13    5    8    8
    7    7    6   10    5
    3   22    9    3    8
   14   24    3   12    8
   14   10   12   11    7
   17   20    7    6    8
   12   29    3   12    4
   27   20    2   10    6
   12   17    7    3    6
   11    8    4    3    6
   25   17    3    8    7
   20   15    6    1    4
   22    1   12   11    4
   11   28    6    2    4
    7   16    2   12    3
   10    3   11   12    3
   21   16    9    2    3
    5   14    4   11    5
    7   14    1   11    5
   20    4    1    8    6
   24    7   10    9    7
   26   28   12   11    3
   26   12    4    7    7
   25    5    2    3    6
   24   19    2    1    6
   25    1    2    3    4
    6   13    2   11    5
   20   16    7    5    3
    6    5    3    4    6
   13   14    2    2    5
   27    5    1   10    4
   11   30    7    2    8
   11   24   12    3    8
   26    6   12    2    2
   12   12    3    9    5
   10   16   11   12    7
   28   13   10    1    4
   22   13   10   11    8
   23   23    5    3    9
   30    4    3    5    2
   19   28    5   12    8
   12    4    8   11    8
   12   18    3    4    8
   18   16   10    5    6
    4   29    7    2    5
   17   24    5    1    3
    9    3    4    6    7
   20   30    1    4    5
   29    3    6   11    6
    4   27   10    4    7
   26   30    2    4    4
   17   13    7    4    5
   30   30    5   10    6
    6   27    7    2    3
   23   26    6    2    3
    2   28    5    4    3
   25   19   11    8    6
   18   14    6    5    5
    8   16    3    6    4
   22   22    5   10    6
    7    3    5    9    8
   13   18    7    5    4
    1    7   11    6    7
   19   19   10    5    9
    4   15    9    7    4
   30    3    4   12    4
   21   11   10    6    6
   30   12    6    7    6
   10   18    4    3    2
   21    4   11    1    4
    9   19    6    3    2
   25   27   10   10    3
    1    3    8    4    8
   29    5   11    4    8
    9    5    9    6    8
   13    2    5   11    4
   19   16    3   10    7
   28    5    1   12    5
   26   13   10   11    6
    6   16   11    6    7
   19   20    2   12    6
    9    2    6   11    3
   21   19    4    8    7
   24   24    4    5    7
   23   22    7    6    6
    9   27   12    8    5
    2    2   12    1    8
    9   23   10    7    3
   15   23   11   12    2
   25   22   12   11    4
   12   11    5    8    9
    2   30    3   10    8
    1   10    5    7    6
    1    1   11    5    6
   24   29   11    9    4
   24    1    6    5    7
   22   19    5    9    7
    4   16    8    5    7
   19   10    9    6    6
   13   27    8    8    5
   17    8    6    9    8
    4   14   12    8    8
   12   23    1    5    5
    5   13   10    5    4
   30    8    6   12    5
   18    6    9   12    6
   12   15    6   10    5
   23   16    4    4    6
    7   30    9    5    4
   17   26    9    9    8
   25    9   10    2    5
   12    1    3   12    4
    7    5    4    6    9
   15   17    4   12    5
   29   29    3    2    8
   12   21    7    5    8
   17   10    1   12    6
   11   23   10    3    3
    7    9   11    7    3
   18   18    4    8    5
   26   11    2    4    5
   14   19   12    7    5
   25   29    6    3    7
   15    9    8    8    3
   27   22    9    7    3
   30   23    3    5    2
   21   18    3   12    4
   26   15   12    1    6
   24    6    2   12    4
   21    6   11    9    9
   21   17    9   12    2
   18    8    2    9    5
    4   23    2    6    4
   25   26    5    3    6
   19    2   11    9    7
    7   15    4   10    4
   14    8   11    4    5
    9    8    8    5    6
    5   16    6    5    4
   11    6   10    6    4
   29   21    9    8    5
    8    2    1    5    7
   28   10   12   10    6
    6   15    4    9    4
   20   24   10   11    5
    8   24   11    7    6
   17   30    1    1    5
   12   13    1    3    3
   13    4    8    7    3
   17   28    9    8    5
    5   19    4    7    8
    6   17    4   11    7
    1   20    4    3    7
   27    3    7   10    6
   27    2    7    6    4
   11    9   12    4    5
   12   10    8    4    3
   10   15    7    3    3
   23   24    5    9    3
    8   10    8    5    5
   22    2    2    1    4
    4   22   11    6    6
   30   27    4    5    8
   18    9    6    1    7
   15   13    2    8    6
   16   16    1    2    5
   11   17   12    8    6
   25   23   11    4    7
    5   17    6    4    5
   29   27    8    5    4
    8   29    5    3    4
   15   14    1    9    5
    8   27    5    9    6
   18   15    4    1    5
   14   14    4   11    8
   24    2    3    4    6
   21   20    9   12    3
   28   21   11    4    4
    4   19    1   11    5
   29    7    7   10    7
   30    9    1   12    5
   20   14    6    5    8
    3   11    2    1    6
   22    9    4    3    4
    4    2    7    5    5
   24   15    8    9    3
   23   10   11   11    5
   17   17   11   12    4
   19   30    6    3    6
   17   29    8    2    3
    7   25   10    3    5
    3   20    6   12    4
   21   25    1    6    3
   25    6    5    6    2
   30    6    9    7    4
    1    2    9    6    5
    8   25    3    7    3
   25   20   11   11    6
   25    3    5    9    5
    2    5    2    1    2
   21   24    6   10    4
    3   19    2    3    4
   20   26    6    6    5
   14    3    4    9    6
   27   11    8    3    4
   14   16    7    4    3
   16   13    5   10    6
   21    2    6    2    8
   26   29    5    4    7
   29   22   11   10    5
   12   24    2    5    3
   30    1    6    7    3
   23   21    1   11    2
    9   16   12    1    5
   21    8    4    1    6
   11   16    8    2    7
    9   24    5    2    5
   29   16    5    2    2
   28   14    6    8    5
   28   28   12    4    9
    7   20    7    3    7
    3   16    9    9    9
   14   12    6    8    8
   11   11    5   11    6
   10   29   12    6    9
    3    8    4    6    9
    4    3   11    5    8
   25   25    4    1    7
   14    2   12    2    9
   20   11    3    6    8
   15   30   10    7    7
    9    1    6    6    6
   11    2   12    5    6
   23    3    4    3    7
   14    1   12    7    6
   28    6    8   12    3
   22   18    5   11    3
    8   13    8    6    8
   26   26   12    9    6
   28    8   10    7    2
    1   17    9   11    8
   23    1    5    6    2
   18   11    9    8    2
   19    6    8   12    2
   16   15    8    3    1
    9    6   10   12    5
   14   30    5   10    8
   18    3    3    4    9
   20   10   11    8    2
   12   19    7    8    6
    4   25    9    4    2
   18    4    7    6    6
   18   25   12    8    2
   30   28    2    4    3
   28    1    2    3    4
   11   14   12    5    6
    3   24   10    1    6
   28   12    5    4    7
   21   21    1   10    8
   29   11   12    3    2
   27   27    9    4    7
   17    9   11   10    5
   22   26    3    3    7
   28    3    9    1    5
   24   22    5   12    9
    2   16    9   10    8
   21   26    8    7    3
   14    9    6    1    2
    1   29    9   10    4
   18    7    8    1    5
   30   29    9    3    4
    6   12    5    2    7
   30   22    1    3    3
   15   15    5   10    2
   27   10    4    5    3
    4   10   12   10    4
   28   15    7   11    3
   17   16   12    3    8
    1    6   10    9    7
   17   27    8    3    3
   30    5   10    6    4
   26   16    1    4    4
   16   24    8    4    7
    4    6    3    2    3
   12    2    5    3    5
    8   19    5    5    6
   11   15    3    3    1
   20   22    3   12    4
    2   18    3   12    3
   10   21    7    1    7
   14   22   11    8    3
   14   17   10    8    9
    4    8    9   10    8
    2    3   10   10    5
   16    1    1    2    4
   28   24    8    4    3
   22   10    4    8    2
    8    7    7   11    5
    8   15    2   11    6
   19   29    8   12    4
   22    6    7    4    1
   18   17    7    8    7
   26   24    7    4    6
    5   20    8   12    5
    2   29    3    9    3
   26   14    6    9    7
   18    1    4    6    6
   17    7    1   10    5
   20   28   10    5    2
    9   21    1    5    2
   19   18    6   12    4
   22   12   10    8    5
   20   20    6    7    5
   23    5    9    6    6
   21   30    9   12    3
    9   12    2    7    4
   15   21    3    5    2
