    3   27   11    1    2
   20    9    4   10    2
   28   20   12    7    3
   17   30   12    7    4
    9   17    7   11    6
   20    7    3   10    3
   19   20    5    2    2
   24   26    8    3    3
   28   23    9    6    4
   26   18    2   10    4
   23   16   11    3    2
   19    2    6   11    6
   20   30    3    6    4
   15    4    3    9    6
    5   30   10    4    3
   15    7   11    4    7
    3    7    9    9    6
   12   23    9    6    4
   12   25    5    6    6
   28    8   12   10    3
    1   17    7    4    2
   13   16    8    1    7
    2    9    3    3    7
   23   11    7    6    3
   15   25    3    1    7
   21   26   12    4    6
   18   10    1    1    8
   16   28    8    9    3
   25   26   12   10    8
    3    6    3    9    4
   29   13    2   11    6
    3   25   12    3    4
    3    1   10    9    3
   17    2    2    2    7
   13   11    3    6    6
   25   29    9   10    4
   26   17    7    1    3
   26   26    3   10    7
   30    1    7   10    6
   28   28    9    5    7
   18   30    6    4    4
   23   19    5    6    3
   27   13    2    5    4
   10   19    5    8    4
    1   10   12    7    4
   23   23   12    7    7
   14   13   11    3    4
   20    6    6   11    8
   29   23    3   10    4
    5    8    2    2    8
    3   20    9   12    2
   11    7    9    8    3
   28   15    3    4    6
   10   26    1    5    4
   17   10    5    2    3
   16    4   10    2    7
   24    6   11    4    2
   23    6   10    3    6
   25   27   10    2    7
    7   24    5    4    7
   27   19    9   10    4
    9   26    2    9    2
   22   20   11    3    1
    3   26   10   11    8
   15   11    4    2    7
    1   21    3    5    4
   24    2   10    3    4
   23   22   12    3    3
   19   19   12    4    7
   16   10    9   12    6
    6   14    8    5    4
   11    2    5    9    4
   24    3    2    9    6
    9   23   11    9    3
   12   24    8    7    2
    4    8   12    1    7
   30   16    1    7    7
   14   27    6    5    4
   11   27   11    4    3
   26   12   11    2    7
    3   18    2    1    6
   28   17    8    4    2
   28    3    6    1    6
   27    7    7    4    7
    4    4    8    4    8
   14   11    6    5    4
   12    5    8    7    3
   28   11    8    1    3
   30    7    9   12    7
   17    5    3    6    3
    5   29    1    4    2
    7   10    4    9    2
   13    3    8   12    8
    6   13   12    3    3
   19   14    7    8    7
   11   18    3    3    3
   21   23   10    9    3
   13   30   11    6    7
   20   12    8    4    3
    5    6    4    6    2
   30   24    1    8    2
   13   13    3    9    8
   16    5    8    3    3
   29    1    8    5    3
    5   13    9    5    2
   29    7   10    5    2
    8    7   10   11    2
   12   27    9    5    8
    5   15    1   12    4
    5   11    5    6    4
   19    8    5    1    4
   12   14    6   12    8
   16   26   10    3    4
   25    5   10   12    3
   14   14   12    2    7
   22   10    3   12    7
   22   16   12   10    6
   21   27    2    9    4
   30    4   11    9    4
   27   23   10    5    4
    3    2    2   11    4
   15   15   11   10    9
    3   23    8   10    2
    1    8    1   10    6
    6    2    9    5    7
   19    1    5    6    6
   15    1   11    7    4
    8   20    8    1    6
   27    4    8   10    4
   22    9    5   12    3
   20   20    9   10    7
   20   21    6    8    7
   10   11    3    6    7
   26   30    6    3    7
   28    7    1    2    2
    2   13    8    7    4
   15   20    8   10    4
    3    9    1    4    4
    6   11    7    2    3
   13   12    6   11    3
    1   12    5   12    3
    1    4    3   10    4
   21   16   12    7    4
    9   10    6   12    3
   26   23    7    2    3
   14    7   11    3    2
    8   27    9   11    2
   30   25   12    8    6
   13    1   12    1    6
   17   29    5    3    8
   24   24    7    3    8
   13   18    7   10    4
   11   21    4    5    7
    8   10   11    1    7
   29    8    4    2    4
   27   10    4    3    2
   27   27   10    7    8
   23    4   12    1    4
   22   19    2    1    2
    2   15   11    3    4
    5    9    8    4    4
   22    8    1    5    4
   21   25    8    8    6
   24   10    8   12    8
   11   12    6    3    4
   18   20    5    4    6
   21   24    8    8    4
   25   28   11    4    2
   11    9    8   12    4
   13    4    9    6    6
   19   11    5    6    4
   22   15    5    6    8
   23   24    5    5    6
   19    7    7    1    4
   10   23    1    8    2
   24   16    6    1    2
   26   20    3    2    8
    7   23    2   12    4
   15   27    4    1    8
    8    6    9    4    2
   29   30    3   12    8
    5    1   10    1    6
   21   13   10   11    6
   23   13    4   12    4
   30   30    3    7    8
   28   18   12   11    2
   29   27    6    3    2
    8   11    5    7    4
    5   24    7   10    2
   13   19    2    9    6
   11   25   12   12    4
    4   17    7    6    6
   14   20    7   10    6
   14    3    8   11    4
   28    4   11   12    4
   12   10    7    2    3
    5   10    9    4    7
   10   21    4   10    8
    6    6    9   11    7
   10   28   12    1    2
   24   18   12    8    7
   30    2   12    6    7
    7    1    2    3    6
   10   30   11    4    8
    6   26    2    5    3
   13   22    8    5    6
   17    3    8   11    4
   16    3    6    7    6
   24   20    4    6    3
   18   14   10    5    6
    3    3    1   10    7
    7    4   12   11    4
   16    6    2    7    2
   14   25    6    6    7
   12    9    5    9    3
   18   23    8    2    6
   17   13    6    8    6
    5    5    3    1    6
   28   26   11    8    3
    9   14    1   11    3
   16   19    7    8    2
    9   13    4   11    2
   20    1    3    6    8
    2    8   12    8    8
   14    4   10    3    7
   11   20    5    4    4
   30    9    5   11    2
   15   18    3    1    7
   22    7   11    8    2
    4   10    9    4    8
   20   13    2    3    6
    2   20    2   11    8
    4    3    8    6    8
   28   29   11    2    3
   18   22    2    7    2
    6   17    5   11    2
    9   21    4    9    2
    8   26    9   11    2
    9   24   10   11    3
   23   20    1   12    2
   18    4    1    8    7
   28    9    1    8    2
   24    8    8    3    8
   29   10    5    3    6
   23   14    4    7    6
   12    7    2    2    6
   27    2    5   10    6
   16   20   10    3    6
   20   10   10    5    3
    7    7   10   11    7
    3   22   12    2    3
   27   16   10   10    1
   21   12    3    6    2
   16   16    3    8    3
    7   17   11   10    4
    2   29    5    5    3
    5   28   11    5    2
    6   12    7   10    6
   10   10   10   12    6
   25   13   10    6    7
    7    2   10    5    6
   13   10    7   12    3
   10   25    3    2    2
    2   25    7    9    6
   23   17    2    6    8
    1   22    2   10    3
   30   27    7    2    2
    1   24    4   10    7
   19   28    4    5    7
   14   21    6    9    3
   17   12    5    4    6
   25   25    2    1    8
   11   26    2    5    3
   17   24    3   11    3
   30    3    1    4    4
   23    2    3   11    3
   19    9    8    5    3
   27    6    7   10    3
    8   13    9   10    4
   12   30    7   12    6
   11   16   12   11    3
   30   19    7   12    6
    5   23    3    1    8
   12   22    7    4    6
    6   22    5    2    7
   17   18    4    4    6
    9   25   11    2    3
   14   26    7   12    2
   25    1    1   11    4
   29   16    7    9    7
    2   28    8    1    2
   10   14    1    2    6
   12   12    5   10    8
   19   21    8    3    8
   25   24    8    2    6
   17   17    7   11    6
   29   20   12    9    3
   18   12   10    2    3
   18    5    4    8    7
    7   26   12    2    7
    7    5    8    4    3
   14    5    5    9    2
   21    4    7    5    8
   16    7    8   11    3
   20    5    5   12    3
    3   11    7   10    3
   27    1    5    8    7
    4   25    8    3    7
    9   16    5   10    3
    1    1    1    9    8
   29    6    8    9    3
    5   27    2    8    2
    9    1    1    3    3
   17   25    5   11    7
   21   15   10    1    7
    1    6    5    3    2
    8   12   12    5    8
    8   15    7    2    7
    3   15    6    7    3
   13   24   11   10    7
   18   29    5   11    8
   29   15    1    1    2
    9    4   10    5    3
    8    8    2    3    6
    9    9   10   12    8
   25   18    8    8    6
    2    2    5    4    9
   17   11    9    5    8
    6   30   10    9    3
   25   22   11    6    3
    8    9    2    4    4
    6    9   12    4    1
   16   15    6    3    2
   29   14    3   11    3
   23    8    9    9    3
    4   19    9    5    8
   29   29    8   11    8
   22   14   10    9    6
    6   10    8    5    2
    6   19    5    9    7
   15   24    9    9    2
   28    1    8    8    2
   29   24    7    8    2
   21   21    4   11    8
   21    6    2    5    6
   23   15    8   10    6
   16    1    9    9    7
   15   13    9   12    6
   19   24   10    5    4
   12    4   12    8    4
   30   23    1    6    4
   13   28   11   12    4
   30   21    3    5    6
    4    2    8    8    7
   13   26   12    2    6
    4   11    8   12    6
   29   11    2    1    4
   27   22    6    6    3
    7    9    9    9    3
    2   12   11    9    6
    1   14    3    8    7
   12    3    9    9    4
   28   12    4    2    3
    7   18    6    7    3
    6   18    3    5    7
    5    2   12    4    4
   20    4    4    5    4
    1   23    6    1    2
    8   17    8    7    7
    3   29    2    1    2
    4   22    5   11    3
   14   30    2    9    7
   26    4   11   11    6
    2   21    9   10    3
   25   16    8    1    8
   22    2   11    1    3
   15   14   12    7    3
    4   29    1    9    2
    2   10    1    7    8
   21    5    1   11    1
    9   27    4   11    7
   22   24    4    6    1
    7   25   12   11    8
   10    3    6    6    3
   15   30    7    6    6
   19   15    9    9    8
   18   19    7   10    6
   28   22    5    9    1
   18    9    5    9    7
    7   21    8    9    7
    4    6    3   10    3
   27   18    7    1    7
    6   25   11   12    7
   29    9    7    7    3
   26   29    6    6    7
   27   26    4   12    8
    2    1    9    2    7
    8   16   11    9    7
   15   17   11   12    4
   14    2    7   11    4
   12   15   10    5    4
    2   26   12    4    3
   18   16   12    1    3
    3    8    9   10    7
   28   21    5    3    2
   11   22    6    5    8
    2   18    9   12    8
   30   11    1    3    3
   10   15    9    1    7
   26    5   10    9    2
   21   29    1   11    4
    8   21    5    9    4
    5    3   10    2    7
   18    8   10   10    7
    6    7    5    6    3
   21    3   11   12    2
   15   26    1   12    8
    9   15    4    2    7
   16   14    1    5    2
   26   19    3    4    3
   11   24    9    9    7
   12   29   11    7    8
    1   11   12   11    3
   17   21    7    8    2
   18    1    3    6    6
   22   21    5    4    7
   24   14    1   12    7
   25   23    4    1    6
    4   24    9   11    3
   24   27   12    3    2
   28    6    8    2    8
   28   24   10   11    6
    5   22    2    1    3
   19   12    8   11    2
   28   27   10    7    8
   30    8   10    8    8
    6   15    8    2    3
    7   13    3   10    5
   17   19    8    3    5
   14    8    6    5    4
    8   25    4   12    4
   26    1    4    9    6
   29   19    1    6    3
   22   29    6    3    4
   26   22    2    4    7
   27   20    6    4    7
   30   22    6    1    7
    5    4    6    6    6
   17   22    2    3    4
   17   27   10    9    3
   12   16    7    3    6
   20   25   12    5    4
   17   14    1    7    4
   16   17   12    1    8
   18   18    6    3    5
   20   17    9   12    6
   18   21    8   10    6
   28   30   12    1    4
   11   11   11   10    7
    3   19    3    7    7
   28   14    5    7    4
    5   19   11    1    4
   19   25    2    5    5
   16    2    6   10    3
   22   22   11    3    6
