   10    5   10    6    4
   22   19   11    4    1
   29    4   12   12    1
    8   24    7    6    6
    7   11   11    6    2
   27   19    7    6    1
    2   21    2    6    4
   20   24   11    4    1
   15   29    6    9    1
    5   24    9    2    6
   13   23    2   12    3
   16    1   12    8    6
   26   25    5   10    7
   10   30   10    1    4
   10    2   12    6    1
   28   10    8    7    1
   11   28    5    8    3
   23   15    3    7    2
   27    4    1    3    4
   23   26    5    1    7
    5    5   10    8    7
   22   27    9    3    1
   30    5    1   12    3
   25    8    3    1    4
   17    7    4    1    1
    5   28   12    3    6
   27    6    2    6    1
    2    6   10    3    7
   18   29    9    6    1
    3    3    9   11    9
   17    3    5   12    1
   10   24    3   12    1
    4   17    5   10    3
   17   15    3   12    4
   15   30    8   11    8
   25    3    5    4    1
   11   25    9    5    1
   11    9   11    3    1
    2   18    2    4    6
   16   27    4    2    2
   14   20    5    6    9
   30   13    5    2    5
    3    1    8   10    5
    8    8    7    5    9
    1   25    6   11    9
   13   17   12    3    1
   18   11    1    6    5
   20    5   11    2    4
   28   23    6    4    7
   23   29    1    5    1
   25   14    8    3    1
   16   17    5    6    5
   22   26    2    7    1
   11   11    7    5    8
    2   13    7   10    2
   10    6    4    2    1
   23    1    5    3    1
    5   12    9    3    6
   18   28    7    7    3
    9    6    9    9    1
   28   28    7    6    7
   29   21   11    4    3
   14    9    9    2    1
   25   24    7    4    2
   19   14    2    5    1
   16   19    9   10    5
    6    7    6    5    1
   12    3    2   11    3
    7   15   12    2    5
   21    7   12   10    1
   16   23    8   11    1
   13   27    6    9    3
   16   30   12    7    3
   13   12   12    3    1
   28   21    8    4    1
   28    3    6    2    5
   18   20   10   11    1
   13   25    9   11    1
   15    4   11    7    2
   26   24   12    3    1
    7   29    1   11    1
    3   11    5    7    5
   18    1   12   12    4
   30    4    8    1    3
    4    6   10   12    6
   22   20    4    4    4
   20    1   12   12    1
   23    5    4    4    2
   14   10   10    2    1
   13   28   11    3    1
   29   16    4   11    3
   14   11    9    7    6
   14   14    8    9    6
   14   17    7   10    1
    2    2    4    2    2
   28    9    8    2    3
   27    3    5    8    2
   16   18    8    1    4
    7   13   11    9    1
   29   25   10    3    2
    4    9    2   11    3
   23   11    7    9    4
   10   10    9   11    5
    5   14    3    9    6
   10    4    7    2    5
    7   22    4    5    8
   23   25    4    8    7
   30   19    7   11    5
   15    2    2    8    1
   21    9    6   12    1
    4   18    6    9    5
   23    4    7    4    1
   12   27    6    6    6
   25    2    9   10    5
   21    3    4    9    4
    9    1    9    5    4
   15    3    5   11    4
   25   28    4   12    3
   19   24    8    4    1
    4    4    7   10    4
   11    1   11   12    5
    4   13    6    2    4
   11   29    3   10    1
   26   15    2    7    7
   15   15    7    8    1
   11   24   12    3    4
   27    8    5    3    6
    4   25   11    2    1
   17    5    2    4    4
    6   25   10    5    1
   22   25    8   10    1
   15   12    5    1    3
    1   19    9   10    5
   10   12    7   12    4
   23    8    2    6    3
    1    4    5    6    7
    2   29    7    6    4
   30   22    2    3    1
   16   25   10    9    2
    6   21    6    4    3
   27   24    6    4    2
   28   22    1    2    6
   15   10    5   10    3
    5    2    1    1    1
    5   16   11    1    5
   14   18    5    8    3
   13   13    9   11    9
   13   29   12    4    7
   11   19    8    6    8
   21   25    2    1    1
   17    2    9   10    3
   18   23    4   12    2
    5   15    1    8    7
    4   19    7    5    6
    4   21    9    5    9
   21   30    3    7    3
   16   20    1    3    5
    6   16    2    5    1
    6   28    9    6    5
   20   30    8   11    6
   12   26    5   11    4
   30   17    5    4    3
   16   24    4    9    1
    7   30    4    5    1
   14   28    6    7    1
   29   10    3    1    1
   14   22    5   10    6
    2   20   11    1    3
   27    1   10    8    4
   19   29   12    9    1
   16   21    8   12    4
    9   13    1    1    1
   15   14    5    4    3
   26   18    4    9    2
   14   24    7    1    1
   30    1    7   12    5
   30   24    3    4    2
   30   12    6    6    6
   29   12    9    1    4
   21   26    7    2    5
   12   23    9    5    1
   23   27    3    1    2
   14   30   10   11    1
   25   27    9    8    2
   16   16   10   12    3
   19   15   10    3    2
   11   16    8    4    1
   19   25    5    6    2
   30   29    1    8    3
   12   12    9    8    9
   23   14    8    6    6
   17   27    5    2    4
   16   28   12   12    6
   14    2   10    2    8
   28   30    4   10    5
   21   24    6    1    3
   20    6    6    7    4
    8   18    4    2    5
   29   26    4    5    4
    3    5    4    3    6
   13   24    8    8    5
   21   22   12   11    1
   14    7    7    7    2
   27   20    4    5    3
    2   24    3    5    4
   14    4    1   10    5
   28   17    7    8    6
    3   30    5    2    7
   14    8    7    4    6
   21   19   12    3    5
    6   15    8    4    4
   13   21    3    3    6
   24    4    5    8    5
   17   22   12    7    2
   12    1    8    8    4
   21   27    3    5    7
   20   25    6    2    2
   29   22    2    6    2
   13   10    5   10    9
    4   28    8   12    6
   27   15    5    6    7
    4    8    1    9    7
   29    8   12    2    5
    8    3    9    2    4
   26   14    8   10    3
    9   18    6    6    5
   20   19    6    8    3
    9   22    3    7    2
   23   10    5   11    5
   21   17   12   10    5
    2   11    3    4    7
   28   29    3   11    1
   14    3   10    6    2
   27   29   12    9    3
   12   22    9    3    4
   19    6   10    8    3
   14    6    9    2    6
   28    2    2    1    4
    7   23    5    4    3
   17   17    2   12    2
    5   11    3   12    3
   15   20    8    9    1
   30    8    2   11    2
   29    3    5    3    3
   20    4    4    8    4
   10   27   11   10    7
   21   21    9    4    9
   24    1   11    8    5
   17   24    4    3    1
    6   17   12   10    1
   19    9    3    3    4
   13   14    2   11    3
   13   20    9    8    5
    2   27    6    6    2
   12   28    1    8    3
   10   26    7    3    4
   24    9    3    4    6
   10   21    7   12    5
   12   25    7    9    6
    5   26    5   10    3
   30   27    7   10    5
   22   23    5    1    4
   25   25    5    6    3
    4   12    6   12    5
   28    8    2    3    8
   27   27    8    9    9
    7   16    4    8    5
   30    6    8    4    4
    7    1   11   12    3
    1   14    3    7    3
   17   25    4    9    2
   16   22    7   10    7
    9   12    5    2    1
   12    2   12    3    4
    2   16    3    5    3
    3   18    3    4    5
   21   14    4    3    8
   18   27   12    9    1
    1   21    5    2    1
   18    5    3   11    2
   19   17    6    1    3
   22    6    9    2    9
   18   22   11   10    3
    9   15    2    9    4
   13    3   12    5    2
   30   23    1    7    3
   26    1    1    2    5
    5   13   11    8    4
    9    2    6    8    6
   28   26    9    2    5
    1   22    8    6    2
   11   10   11    6    3
   17   20    9   11    6
    2    4    8   10    7
   15   24    7    1    5
   11   13   12    7    6
   23   23    8    1    7
   30   11    4    6    8
   18   10    8    8    6
   26    7    4    3    4
   20   20   12    4    9
   24   22    5    8    8
   27   11    8    8    6
   26   26    2    6    8
   12    8    2    7    5
    8   20    4   12    4
   28   15    9    6    7
    6   26    4    1    3
   26   17    8    4    1
   26   19    2   11    2
   15   13   11    4    3
   15   11    9    2    4
   26   20    5    6    5
   22   22    3    8    7
   16   14    7    5    5
   10   20    9    2    6
   17    8    3   11    4
    8    5    6    8    5
    1    2    7    3    6
    7   20    5    1    7
    5   25    1    1    1
   30    9    5    7    2
   13   26    7    5    4
   24   23   10    1    3
   29   17   10    6    5
    6    6   11    7    8
   24    6   12   12    5
   19   19   12    9    6
    9   20   10   12    1
   27    5    8    6    2
    7   10    3    3    2
   21   23    8    5    3
    9   17   12   10    2
   20   11   11    7    4
    3   19    5    8    5
    8    1    3   11    6
   15   21    3   11    1
   19    5    8   10    2
   22    8    5    4    4
   24   24    2    4    4
   22   15    5   10    3
    7    8    6    4    2
   26   11    7    5    4
   27    7   11    5    3
    8    9    6   12    1
    9   26    6    7    2
   10   22    4    3    1
   21   18   11    9    2
    3   26   12   11    4
   19   23    3    4    3
    2    3    7   12    1
   25   18    6    8    6
   19   13   12   11    3
   19    7    5    8    2
    6   18    6    8    4
   24   28    8   12    3
    3   22    5    3    2
   18   13    7    9    5
   18   17    5    3    7
    8   11   12   10    6
    7   24    3    5    8
   15   16    9    2    7
   24   29    5    8    8
    9   16   12    5    5
   23   17    1    2    9
   28   27    2   11    8
   12   20    6    7    7
   15   18    8    4    1
    4   16    4    2    3
   29    9   12    4    4
    5    7    4    3    5
   18   24    9    4    6
   22    5    6   10    6
   24    3    7   10    4
   30   30    2   10    7
   30   26    5   10    6
   22    2   12   10    5
    1   13    1    4    4
   10    9    4   11    7
    3   16    2    1    8
   18   30    2    1    9
    7    2    9   12    4
    7    7    4    1    5
   27   14    4   12    6
   10   19   11    5    7
   17    1    7   12    8
    4    7   10    4    3
    5    9    7    6    4
    9    7    1   11    5
   12   11    1    1    8
   15   25    8    9    6
   23    2    3   10    5
    5   29    4    1    7
   14   12    8    2    8
   12   16   11   10    6
   25    7    6    4    1
    8   15   11   12    4
    6   12    1    3    5
    1    1    1    6    4
   11   21    6    3    5
    9   23    2    7    3
   27   26    4   10    4
    3    4   11   11    6
   18    7    8    4    7
    6   29    2   12    6
    8   26    9   10    3
   12   19    5    3    5
   16    8   10    1    1
    5    1   12    6    2
   11   22    5    2    3
    4    5   10   12    4
   13    6    6   10    1
   18   18    3    6    4
    3    6    7    8    5
    6   11    6    8    8
    1   28   11    5    6
   14   29   12   10    5
    5    6    3    2    4
   21    5    7    5    7
   10   25   12   10    3
   13   22    9    8    4
    8    6    8    2    2
    8   13    8    8    3
    7   28   12   10    4
    4   22    8    3    7
   29   29   11    7    1
    1   15    5   10    4
    7    3    3   11    6
    1   10    3    3    8
   28   20    4    1    1
   23   20    9    9    5
   24   12    4    2    3
    3   20    9   11    1
    2   30    6    5    9
    8   10    7    8    2
   21   12    6    7    6
    9    9   10   11    9
    8    2    8    6    7
   13   16    2    7    4
   18   12    3    7    6
   30   25    2    9    2
   10   17    7    8    4
   23    6   11    8    5
    2   19   10    5    1
   11    4    2   11    2
   21    8    4    1    7
    1    6    6    7    5
   20   29    9   12    8
    3    9    4   12    3
   26    4    8   10    5
   16   26    3    8    8
    2   26    5    8    7
   17   12    1    3    8
   20   21    1    7    4
   27    9    1    6    7
   10   16    1    8    6
    3   10   10    1    8
   19   18    2    5    7
   11   17    9    5    4
    3   23   10    8    1
   29    1    7    5    1
    8   19    2    1    4
   19   28   12    8    2
   12    7   11    1    3
    9   25   12    1    1
