    5   28    5    3    3
    1   26   10   10    2
    3   29   10    3    6
   29   14    1    5    1
   10   14    9   10    1
    8   25    7   11    3
   11    4   12   10    1
    4   14   12    2    1
   12    7    9    3    1
    6    6    2    1    4
   27   18    1    3    2
    7   15   11    5    1
    1    1    4   10    6
   17    1    5    5    3
   19    4   12   10    6
   24   12   11    7    1
    8   29   10    2    6
   21   19   11    6    4
   19   14    9    9    6
   11   14    4   10    7
   23   21    5    2    1
   26   13    3    4    4
    6   17    1    5    4
   21   14    6    4    8
   23   15    4    3    1
   30   15    6    5    1
   17    7    5   12    1
   21   22   10    1    6
   25    6   10    5    1
   10   29    5    5    7
   22   28   12    9    4
    4   23    1   11    1
    2   11    4   11    7
   10   25    2    3    6
   27   27    6    3    7
    7   19   10    8    1
    7   25   11    6    1
   12   12    3    7    4
    1   16    1    7    3
   22    4    6    2    6
    6   27    8    4    1
    4    9   10    1    6
   25   18    1    6    7
   23    5    5    6    6
   26   27   12    8    4
   14   16    4    8    7
   29    4    2    7    2
    9   23    7    9    1
   30   27   12    9    1
   13    1    5    7    8
   21   11    5    3    8
   20   23    9   11    1
   30   19    1    4    7
   23    6    8   10    7
   28   24    3    6    4
   18   12    5    3    3
    2   15    5   11    6
   18   11   10    9    4
   26   28    1    7    1
   23   22   10    5    1
    9    9    4    5    9
   20   21    4   10    7
    5   13   10    7    2
   29   24    2    6    7
    1   27    2    5    1
    1   18    7    8    1
   24   18    1    2    7
   20   14    8    4    7
   13   27    5    8    3
   10    6    2   12    2
   13   28    2   12    1
   22   15    3    2    1
   16   26    7    2    1
    4   16    4   12    7
   13   12    4    4    7
   10    3    7   11    1
   25   29    1   10    9
   28   21    2   11    4
   12   11    8   10    7
   11   11    5    6    6
    4    4    5    3    3
   10    7    5    3    1
   19    3    2   10    8
   28   25    5    1    1
   18   19    5    8    3
   16   30    8    2    7
   26   19   12   10    1
   23   24   10    1    1
   19   10   10    3    7
    9   11   10    1    1
   29   20    5    1    1
    9   17   12   11    7
   14    2   11    5    9
   25   11   12    7    7
    2    2    2    8    8
   30   20    8   12    3
   17   28    2    2    6
   11    8    6    6    3
   17   18    2    7    8
    1   14    5    8    1
   24   15    9    1    1
   20    2    2   12    1
   11   17   11    6    1
    9   21    5    1    1
    1   10    2    8    1
   25   25    5    7    7
   22   30    2   12    1
   15   18   10    8    7
   18    7    1    5    1
   29   12    8    7    1
   17   10    8    9    1
    1   21   11    4    7
    4    3   12   12    1
   22   27    1    1    1
    9   30   12    8    1
   12   25   11   11    8
   16    2    9    5    1
   26    2    3   10    6
    8   22    6    8    1
    8   20    8    4    7
    8    7    1   11    1
   23    3    1    5    6
   13    2    5    5    7
    6    3    6    7    1
   10   30    2   10    7
   12   22    2   11    1
   27    7    8   12    7
    8   19    7    8    7
   10   23    2    5    1
   30   24    3    7    3
   20   25    2    5    6
   26   14   12    8    3
   25   13    2   12    1
   28   29   12   10    1
   26    4    2    1    4
   22   14    2    2    1
   24    3   10    6    1
   10   21    2   12    4
   11    1    8    4    7
    9   28    2    6    3
   23   13    6    2    6
    7    3    2   12    1
   21   26    1    6    7
   24   16    7    1    1
   18   29    4    7    6
   17   30    2    1    8
   28   30    5    1    7
    7    7   12    4    8
   17   23    9   11    1
   15   13    3    4    1
   13   11    1   10    6
   24   22    2    3    7
   26   26    9   11    7
    7    1    5   10    3
   30    6    2   11    7
   29   29    7    3    1
   17   27    2    7    7
   16   15    3    8    1
   13   21    1    3    3
   22   26   11    1    1
   10    9    5   12    6
   21    5   10    6    7
    7    4   12    6    7
   29    1   11   11    6
    5   17    6    3    1
   17   22    8    7    1
   21   24    8    7    1
   30    7    1    8    1
    8    9    4   12    1
   12   27   12    5    5
   12    8    3    2    2
    3   22    1    9    1
    2   30    3    2    3
   15    6   11    9    1
   27   16    4    7    1
   21    7    9    3    1
   23   27    2    5    6
    9    2    6    1    4
    5   20    5    9    1
   23   25    7   11    4
    3   30    4    1    1
    9    6    4    8    1
   13   10   11    2    7
   13   22    1    4    1
    8    5    5   11    6
   17   16    1    1    7
    3    2    4    6    3
   28    6    1    1    8
   20   16   10   11    5
   26    9    5    4    7
    6   14   10    7    4
    9   20   11    9    1
    6    1   10    9    1
    2   23   10    6    7
    5   29    1    4    1
    6   12    7    7    6
    5   19    4   11    2
   29    7   12   10    1
    9   29    6    5    1
   14   13   12   12    8
   24   14    2   12    3
    4   28   11    9    1
   20   28    3    2    5
   11   24    1    2    6
    8   16    5   10    7
   30   30   11    4    3
   13    9    7    8    2
   18   22    4    6    1
    9   27    2    8    1
   27   21    8    6    7
   24    1    7    1    1
   27    2   10    3    2
   22   11    8    3    1
   13   17    2   12    8
   22   25   12    7    1
   11   30    6    6    1
    4   25    8    5    1
   25   21   11    3    7
    3    8    4    7    8
    5   11    6    3    7
    7    2   11    8    1
   21    2   12    5    8
   16   23   12    3    4
   22   20   10    5    1
    2   12    5   10    5
   23   30    1    4    1
    6   13   11    9    1
   18   14    7   10    3
   15   15   12    7    8
   22    6    5    7    1
   26    7   10   10    1
   24    2    2   12    1
   12    1    3    2    1
   16    7    4   11    1
   23    7    2    1    1
    3    9    4    8    7
   26   17    2   12    7
   13   20    2    4    1
   23   19    1    1    6
    3    5   10    4    8
    3    3    4    2    8
   21   15   12    9    2
   21   30   10    4    7
   12   10   11    9    1
   18   20    2   11    8
   21   17    3    4    1
   13   13    7    2    8
   10   10    7    2    1
   13   18   12    5    1
    5    7    1    8    1
   26    8    1    1    7
   10   24   12    4    7
   30   14    9    9    7
   20   12    8    6    7
   15   29    6    4    6
   18   16    2   12    4
    4   13    5    2    4
   10    2    1   12    4
   13   24   12    3    1
   30    5    5    8    1
   19   15    7    9    1
   28    2    2    2    8
   17   15   10    8    1
   30   29   12    4    8
   18   18    1   10    7
    3   21    8   11    2
    1   30    9    1    7
   17   24   12    4    1
   14    8    5   10    2
   21    8   12    7    6
    5   25    7    4    1
   16   12   11    4    1
   29   27   11    1    8
   19   27    9    7    3
    1    8    9    5    6
   25   17    1    1    2
   12   17   12    5    1
   14   12    2    7    6
    8   18    9   11    1
   19   20    3    9    1
    4    6    4   10    2
    5    6    2    1    1
   19   19   12    9    8
    1   23   11    8    8
   25   14   10    6    8
    1   28    4    4    2
   28   16    3    5    6
   28   12    5    8    1
   17    4    5    7    2
   22    5    3    7    2
    8    4    5    8    7
   10    8    2    9    7
    9   25    8   11    8
   20   24    1    6    2
   27    4    6   10    3
   26    5    6   10    3
   25    1    8    4    2
   16   19    4    7    1
   16   16    2   10    6
    2   22    5   12    1
   16   10    8    7    3
   15   14    2    2    2
    8   28    3    9    1
   17   14    5    1    6
   17   20    9    7    3
   24    9   10    2    2
   23   12   10    2    1
   26    3   10    9    1
    4    2   11   11    6
   20    3    5    8    1
   23   11    6    2    1
   26   24    4    5    1
    9   15   12   12    4
    8   15    8    2    2
    5    9   11    5    3
    4   12    7   11    3
   26   29    6    4    8
   26    6    6    1    1
   15   20    3    7    1
   15   11    4   10    1
   26   11   12    8    1
   18   21   12   10    4
    2    1    1    7    1
   22    9    9   11    1
    8    8    8   10    9
    3   16    9   11    6
   17    8    1    3    4
    3    1   10    6    8
   24   25    4    8    3
    5   15    9    3    1
   18    2    4   12    4
   10   27    9    1    1
   10   26    1   10    2
   29    6    9    5    1
   22   22   10    3    1
    1    5   10   11    1
   25   16    1    9    6
   18    5    3    6    3
   28   11   12    3    1
   19    6    6    6    1
    7   22    3    2    7
   10   18   12   12    8
    7   20    8   12    2
    7   14   11   11    1
    8   23    1    6    4
   28   18    6   11    1
   15    4    4    3    2
   12   30    4    7    1
   19   29    4    5    5
   24   24   12    9    7
   13    8   10   11    6
    7   24    4   11    6
    1   22   12    5    3
    3   17    1    2    6
    4   21    3    8    3
   29   11    7   10    1
   23   28   12   11    1
    5   14    6    6    1
   29   17    8    9    7
    3   12   10   11    5
   11   10    3    8    1
   22   19   12    8    6
   21   16    5    8    4
    9   12    8   12    2
   23   23    9   11    5
   14   23    3    1    4
    4    5    7    1    6
    1    4    6    7    4
   26   20    5   12    3
   29    2    9   11    1
   21   21    2    6    7
   16    6    6    8    3
   27   25   11    3    6
    6    8   12    3    3
   10   28    2   10    2
   28   14    1    5    7
    8   30    6    3    1
    8    2    6    7    1
   11    7    3    3    1
   30   25    3   12    7
   10   20   12    9    1
   25   15    7    5    6
    1   15    7   12    2
   30   18    6   12    7
   27   20    2    4    7
   19   28   11    6    7
    5   24    1    6    4
   23   29    3    1    3
    3   28   12    1    2
   12    5   10    8    1
    7    6    2   11    1
    3   13    3    6    8
   20   20   12   10    7
   13   30   11   11    2
    9    1    5    8    1
   13   19    1    2    1
    5   10   12    5    5
   19   12    7    5    1
    1   19    6   10    8
   17    2   10    7    6
   18   23    4   11    2
   19   24    1    3    2
   19   25    1    3    8
   25    3    1    1    2
   24    8    2    2    6
    6   11    5   11    3
   28   28    8    7    6
    6   21   11    1    4
   16   29    2    6    3
   24   27    6    4    7
   20    6   10    7    2
   17   17    8   11    8
   14   14    8   12    8
    2    5    4    7    2
   10   15    7   12    1
    5    5    7    6    9
    5   16   12    8    6
   19   11    3    5    3
   27   28    1   12    4
    4   18   10    9    3
    3   18   10   10    2
    3   15    2   10    1
   24    6    6    2    1
    2    6   11   11    7
   22   16    5    7    2
   15   28    7    7    1
   19   17    9   10    7
   30    4   12    2    8
   16    9    9   10    3
   15   26    1    7    6
   10   22   11    1    1
   14    3    4    2    1
    9    7    9    4    7
   11   20   11    3    2
   13   29    8    6    3
   26   23    7    8    3
   18    9    9    6    2
   12   21   12   11    8
   11    3    7   10    7
   15   27    7    6    4
   11   16    3    9    2
   26   12    1   10    6
    7   13   12    9    6
    3   27   11    3    1
   20    4    3    2    8
   27   11    2    5    3
    2   19    5   10    6
   26   30    9    7    9
   14    9    1    6    3
    9   19   11   12    1
   29   21    4    2    1
   24    4    9    2    7
   18   26    3    1    4
   13   16    3    2    6
   28    7   12    9    3
    4   10    9    7    7
   25    2   10    8    6
   25   26    3    8    7
    5   27   12    1    6
   27    8    4    1    2
   27   14    9    7    1
   29   22    3    9    1
   20    1   12    9    6
   15   12    9   12    3
    6   18   12    6    2
