   20   12    9    8    2
   12   17   11    2    4
   30   28    6    6    5
   30   12    3    8    4
   19   11   11    6    6
    6   24    4    1    2
   10   19   12    8    4
   15   20    4    5    6
    2   12    7    3    3
   25   13    2    9    2
   15   11   10    5    3
   18   26    9    6    7
    4   12    1   10    5
    3   11    1    6    9
   15   23    7    3    3
    1   29    4    9    3
   11   29   10    3    4
    9   16    8    9    3
    7   23    7    7    2
   16    4   12    7    4
    4    5    8    5    5
    7    5    8    1    4
   13   13    1   12    9
   19   25    1    3    8
    3    9    1    6    7
   30   14    2    2    7
   25    3    7   11    6
   28   28    5   12    6
    5   17   11    9    5
   13   14    1    9    6
   24   12    4    2    5
   22   26    3    2    6
    9    7    6   10    4
    9   15    1    2    5
   18    9    1    3    6
    6    4    7    5    4
   14   25    4    3    8
   26   21    6   10    5
    7   27    5    4    5
   28   21    6    2    6
   27    9    6    9    5
   26    8    8    5    4
   11   30   10    7    2
    6    2   12    1    4
   27   28    3    9    8
    4   26    3    1    5
    4   15   10    1    7
    2   13    1    7    6
    6    6    3   11    8
   21   20    4    5    6
   23   21    6    2    4
    6   25    7    6    4
   22   25    2    9    7
   22    3    7    1    6
   17    7    6   12    6
   20   20    1    3    8
   21    4    2   11    6
   16   15    5    9    5
    6   18    5    3    4
   22    6    6    5    7
    3   18    6    5    6
   15   15    5    6    9
   12   16    2    5    4
   27    6    8    6    3
   12    1    5    1    6
   23    6   10    1    4
   12   15   12    5    7
   30   25   10    9    8
   28    4    3    9    7
   11   20    5    2    4
    5   26   10    3    3
   14   11    2    3    4
   23    5    2    7    4
   19   17   10    6    5
   11   18    3    8    5
   30    1    4    6    4
   24   11   10    5    6
   28    6   10    9    5
   15   22   12   12    4
   18    7    8    3    4
   12    8   12    8    4
   30   22    3   12    5
   19   30    1    4    6
    5    8    5   10    6
   30   26    9    9    7
   17   30    3    5    7
   19   15    3    7    5
   26   28    1   10    6
   27   27   10    5    4
   27   24    5   10    5
   28    8    1    9    7
   24   10   11    8    4
   19   13    4   11    7
   19   16    5   12    7
   22   22    8    1    4
   25    4    6    8    6
   27   16   10    7    4
   19    3    6   11    7
   28    9   10    4    2
   21   16    3   10    3
   16   17   10   12    4
    6   15    6   10    5
   25   27    2   12    4
    2    7    3   11    3
   17   15    9    3    6
    1   16   12    3    6
   25   25   12   11    7
   20   24    2    3    4
    3    7    5    6    6
   28   18   12    1    7
    2   30    8   11    4
   26   14    8    2    6
   12   23    8    8    5
   17   14    4   11    6
    7   26    3   11    7
   10   10    9    1    8
    6   29    2    1    5
   19   19    8    5    7
    9   13    3   12    6
    4   20    1   11    7
   20   17    5    6    5
   23    2   10    4    6
    3   20   11    4    5
   21   14    4    2    7
    6   26   10    8    6
   21   27    8    1    6
   16   13    8    7    8
   10   14   12    2    6
    3   24   11    9    5
    3    2    5    2    7
   21   12    5    3    5
    8    8    9    4    6
   21    7    2    2    4
   27   11    9    3    3
    1    6    8    3    5
    8   13    1   12    6
   17   13    5    5    7
   16   11    2    5    7
   25   15   12    1    6
    3   30   12    8    5
   23   23    4    2    6
    1   14    7    7    5
   25    9    9    7    8
   10   29   10    7    5
   17   25    7    1    8
   29   14    2    2    6
   29   29    7    8    4
   18   22   10    3    7
   25   21    1    5    6
    2   20    6   12    6
   13    6    7    5    5
    3   16   11    3    6
    2   10    2    9    5
    8   24    6   10    6
   22    9    2   11    3
   12   29    8    6    4
   14    8    7    2    5
   17    3   11   10    6
   15   10    2    6    5
   17   22    1    5    6
    6   19    8    4    3
   24   22   12   11    2
    7   29    7    1    3
    5   24   10   12    5
   27   23    1   12    6
   24   24   12    2    6
    4   24    5    1    8
   13   18    1   10    5
   10    5    1    8    6
   22   14    5   11    7
   21   18    8    7    6
   25   24   11   11    6
   24   23    2   12    7
   15   30   10    1    5
   13   26   10    8    6
    2   29    6    2    6
   10    8    1    8    7
   15   18    9    9    8
   24   14    5    5    4
   18   19    5   10    8
   21   13   12   10    7
   28    3    8    1    5
   21    5   12    7    6
   10   11    3    3    7
   13    4   11    2    6
   14   18    2   10    7
    8    7    5   10    5
   20    7    4    5    6
   27   10    5   10    6
    2   25    7    5    6
   22   19    2    6    5
    2    9    9    5    7
   25   23    1    4    8
   17    1   11    3    8
   17   11   11    4    8
    4    9    4    6    5
   16   30    9    8    6
   12   13    4    1    5
   18   17   11    7    4
   16   25    2    1    5
   17    4    9   11    6
   10   28    6    6    4
    8   19    5    6    6
    7   13    7   12    4
    3   23    2    2    3
   21   24   11    2    3
   30    5    9    9    5
    7    7    6    8    6
    7   24    4    8    7
   20    8    3    9    7
   18   18    3    9    8
   14   16    3    1    6
   15    2    3    1    6
   29    9    6    5    5
   23   22    2   12    4
    9   19   10    1    5
   26    3    9    5    5
   10    3   12    2    8
   30    6    9   11    7
    7   10    5    6    6
   29   16    9    8    9
   25   12    3    2    9
    3   27    2    4    6
   10   17   10    6    8
   22   29    9   11    4
    4   11    2    3    6
    8   25   12    5    3
   20   30   10    1    7
   17    9   10    5    5
   12   22   12    9    9
   23   18   11    3    4
   21   17    4   10    8
    4   18    7    2    8
   27   12    2    8    7
    8   30    9   10    9
   27   22    2    3    6
    9    6   12    2    5
   16   10    8    9    5
    5   28   11    5    6
   11    6    6    2    7
   18    1    7    8    8
   14   27    9    7    6
    4   14    3   12    7
   20    5    4    4    4
   26   15    8   10    4
   29    5    7   12    3
   11   22    8   10    9
    9   26    2   10    5
   21   21   12    7    8
   17    6    4    1    7
   21   11    5    6    8
   10   25   12    4    5
   24   15    1    7    4
   18   12    2   12    4
   24   29    5    9    3
   20   23    5    9    3
    2   14    8    9    8
    7   16   10    8    7
   28   29    8    2    3
   27   29   10    4    4
   22    2    1   10    4
   14    5    1    9    3
   25    5    8    4    5
   26   27    2    4    4
   13    3    2    1    8
    4    7    3    9    6
    3    3    2   11    9
   15    8    1    1    7
    9   10   11   10    8
   13   10   10    2    8
    8   29    6   12    6
   29   25    1    6    4
   15   21    5    6    5
   20    9   10    3    5
   12   12    3    8    6
   19    1    3   12    7
   13   27    1    5    6
    5    3   10   12    8
   22   21    8    4    5
    4   19   12   11    6
   24   17    8    8    4
   23    1    8   10    4
   24   18    6    6    5
   14   23   12    7    6
    4    3    2    7    6
   13    5    3   12    8
    2   18    5    8    9
   19   23    7    5    7
   20    1   10   10    6
    2    5    7   11    5
   20   19    2    6    4
   14   14    6    3    6
    4    2    8    5    7
    1    8    7   10    5
   20   29    4    9    5
    2   28   11   12    6
    1   13    2    5    6
   19   21    8    9    5
   28   17    6    7    5
    4   29    7   10    5
   17   27   10   11    6
   28   19   11    8    4
   25   11    5    3    5
   11   11    1    9    6
   15   14    1    7    6
    2   17    4    7    6
   26    2    7    3    8
   30   13   10    2    7
    5   19   12    5    5
   17   23    9    6    5
    8   17    2    8    5
   26   12    6    5    5
   22    4   10    8    6
   18    8    5   11    7
   30    9    6    7    6
   24   30   12    8    7
   19   26    1   12    8
    1   28    6    8    6
   13   23    3    1    5
   20   25    2    1    8
   21    1    1    6    7
   22    1    9   12    4
   10    4    4    9    5
    9   11   10    9    6
   13   29    5   12    6
   28   11    9   11    4
    8    3    8    5    7
    7   22    2    8    7
    8   22    4    1    5
   21    2    4    5    6
    2    8    3    6    8
   28   22    9   10    5
   26   26   10   12    7
   26   10    2   11    8
   16    8    1    9    8
    3   21    1    9    7
   19    7    6    2    6
   28   14    8    6    5
   28    7    8    6    4
   14    3    1   11    6
   14   20   12   11    6
   12    5   12    7    5
    1    5    9   10    6
   14   12    7    3    5
   26    1    6    1    6
   19   27    1    9    7
   19   12    7    1    8
   19    2    5    1    9
   19   14    2    9    8
    3   29    3   12    7
    5   27    5    2    5
   18   10    8    4    7
   21    8   11    6    6
   20   22    5   11    7
   11    1   10    4    7
   19   24    1    1    6
    1    1   12    7    5
   30   21   10    2    7
   18   29    1    2    7
   17   17    8    1    5
    9    5    1    6    7
   10   20   12    7    4
   14    6    6    2    5
   19   29    8    4    7
   30   29   10   12    6
    3    1    1   12    7
    1   10    9   12    8
   30   10    6    2    7
   23   11   11    8    9
    9    8   10   10    9
   16    2    6    1    8
   20    6    4   11    6
   20   28    3    3    5
   26   11    5   12    6
   23    4    9    4    7
   26   17    7    7    8
   24   16   10    5    8
   26   24    6    5    6
   21   10    5    4    4
   23   16   12   10    8
   12   11    5    5    6
    2   27   12    1    7
   13   20    8   10    7
   28   13    7   11    3
   12    9    8    7    4
   23   30    8    1    6
    8   23    8    9    4
   27   20   10   11    6
   28   16    7   11    4
   30   27    5    3    6
    9   24   12    3    5
   10    6    7    2    7
    7   12    7   11    5
   15   27    5    9    7
   26   16   10    7    8
    1    9    1   11    7
    7   30   10    7    8
   25    1    7    7    8
   27    8    8    6    7
   30   18    1    2    9
   29   15    3    2    8
   22   10    8    4    7
    4    4    5   11    8
   28   12   12   11    5
   12   10    1   11    6
   23   26    5    3    7
    5   11   12    5    6
   18    5    4    7    7
    9   14    5    8    4
   12    3    5    2    4
   18   25    9   10    6
   11    2    5    3    7
   16    6   10    5    6
   27   18    5    9    7
    5    6    2    4    4
    7    6    1    4    4
   15   13    2    5    5
   27    1    5    3    5
   16   18    9   11    4
   24    1    6    3    6
   26   20    8    1    6
   21    9    8    9    5
   12    6    7    9    9
    5    5   10    6    8
   11    7    2    8    9
   29   23    7    5    7
    4    1   12    8    9
    1    2    8   11    9
   21   29    7    7    6
   30   30   12    2    7
    2    2    6    4    8
    4    8    5   10    9
   24    2    2   10    6
    6    8    5    6    6
   13   22   10    4    6
   23   28    4    1    6
   25    7    1    4    5
   15    1    6    7    4
    1    7    6    9    4
    5   16    7    7    6
   16   16    6    1    7
    7   14    9    6    7
    3   15    6    1    8
   18   20    4    7    8
   15   28    7    2    6
   29   26    4    3    7
   13   11    4    7    6
    3    6    3   12    5
   29   17    4    9    7
    9    9    2    8    6
    8   11    7    2    7
   25   28    6    2    6
   27    4    6    8    6
    5   22   12   10    7
   28   24    6    4    6
    9   23    9    1    5
   15    5    7    1    4
   26   25    5    4    5
   15    7    8   12    4
    4   30    7    9    6
    6   21    7    7    5
   13   24    1   12    6
   20   16   12    4    6
   23   10    7    6    6
   22   16   10    1    5
