   15    3    1    2    3
   19   19    1   12    5
   10   14    9    6    4
   30    5   11    9    6
   17   20    2    4    8
    1    3    3   10    5
    9    1    6    8    4
    4   16    5    4    4
   25    7   10    5    3
   13    8    5   10    4
   19    1    4   12    4
   18   14    7    7    4
   25   17   10    4    6
   10   18    7    8    4
   18   22    2    6    3
   18   25   12    1    5
    8   30   11    9    5
   28   28   12    2    6
    2   12    5   12    5
    7   18    4   10    4
   11    5    3   10    3
   16    7    8    4    4
   11   10    9    6    2
   26    9    2    4    5
   29    1    2    5    4
   20    1    3    3    7
    9   24   12    3    5
   17    1    4   10    8
   18   18   12    5    6
   11    6    7    7    4
   14   26    4   11    3
   26   21   11    1    4
   20   13    8   12    2
    2   29    7    6    4
   11    4    4    6    6
    8   29    9    7    2
    5   29    4    6    4
   24   23   12    5    5
   10   10    8    6    3
    5   13    3    2    8
   18    2   11   12    5
    3    9   12   12    2
   20   24    5    1    4
   11   17    9    2    3
   18   26    7    9    8
    6   20    8    9    2
   13   29    8   12    3
    8   21   10    7    8
   10   29   10    4    8
   27   10    3    1    3
   28    9    5   11    3
   21   29    5   12    2
   27    7    3    2    2
   18   28    2    5    6
   29   19    7    2    3
   17    5    3   11    3
    9    4    4    7    3
    2    4   11   10    7
   19   14    5    1    6
   21    6    8    9    7
    9    8    4    6    5
   20    9    3    4    8
    2   28    5    7    1
   22   26    1   12    2
   11   28    9   10    2
   12   23   12    5    2
   12   12    6   12    6
    2   17   11    5    4
   30    4    3   10    3
   21   11    1    8    6
   14    2    6    9    6
   24   21    4    2    4
    9   10    4   11    6
   13   21    7   10    6
   17   21   12   10    5
   16   13   11    8    5
    9   23    3    5    7
    6   28    8   10    1
   23    5   12    5    5
    1    5    5    4    6
   26    8    9    7    5
   23   20    7    6    4
   25   28   12    3    4
    9   30    4    3    3
   15   24    1    3    4
   24    7    8   12    3
    1    7   11   12    4
   27   23    4    6    3
   20   11    7    2    6
    7   21    8    7    5
    7   29    1    1    3
    3   25   12    9    2
   21    3    1    5    4
   27    3    4    3    2
    9   13    1    3    3
   22   11   10   11    6
   16   15    6   12    5
   13   24    9   12    2
    6    6    9    8    4
   24   11    4    9    3
   28    3   12    7    6
   25    2   12   12    5
    7    2    7    5    3
   11   25   11   12    2
   10    1    5   11    3
   12    4    3    3    5
   29   29   12    9    8
    9   11    4    4    6
   19   12   12    9    6
    2   24    3   11    4
   10   21    4   12    3
   13   13   10    4    5
    2   21    8    2    4
   26   28   10    8    3
   11    7    4    9    4
   25   23   12    7    7
   29   18    8    7    6
   17    4    9    3    5
    4   14    3    7    4
    1   22    1    6    3
    2   16    6   11    6
   13    2    8    9    5
   29    4   10    4    2
   10    2    7    8    6
   20   20   10    7    3
   15   28    8    3    4
   10   22    2    4    2
    1   21    8   12    4
    9    5    9    2    3
   10   25    4    3    4
   30   23    2    8    5
    8   10    2    6    3
    4   26    9    4    2
    5    3    1   12    6
   15   30   12   12    4
   14    8    9    4    4
   21    5    1    8    3
    6   15    6    1    2
   23   28    5    9    3
   28    1    6    6    6
   19   24    7    2    5
   26   27    8   11    7
    5    6    9   10    2
   26    5    3    1    2
   30   27    8   10    4
   30    6   11   11    2
   17   12    9   11    4
    1   12   12   10    5
   16   14    6    7    4
   19    4    4    4    2
   16   29   12    8    4
   25   12   12   12    1
   15   22    2    8    3
   14    7   11    5    5
    7    7    4    8    5
   13   11    4    7    4
   30   22    2    6    3
    1    1   10    3    6
   27   11    3    4    1
   25   16   11    3    3
    6   23   11    7    1
   14   29    5   12    2
    4   27    3   11    2
   30   21    4    1    6
    4    4    9    4    6
    4    8    3    4    6
   22   28    5    3    6
   26   23    4    9    7
   13   10    7    4    3
   29   30    4    4    4
   27   17    4    7    2
   26   29    4    1    3
    9   16    1    8    4
   14   25    8    3    3
   29   25   12    2    4
   23    2    7   11    3
   15    2    2   12    2
    8   25    7    2    4
   12    9    6   12    4
   12    3   10   11    3
   20    4    6    1    2
   25   21    4    3    2
   27    6   12    2    5
   13   14    2    6    2
    1   24    4    8    5
    9   18    8    6    4
    8    8   10    2    6
   12    5    6    5    5
   23   15    7    7    4
    1   27    9   12    2
    1   23    9    4    3
   18   24    9    1    4
    3    6   11    7    2
   20   22    2    8    2
   20   14    3    7    5
   19   20    8   12    4
    5   20   11   11    2
   24    8   10   11    7
   10   15   12    8    2
    7    8    4    5    4
   10   20    6   10    5
   14   11    2    9    3
    6    1   12    4    2
   28   17    9    6    2
   11   18   10    5    5
    8   15    4    4    2
   16    1    1    5    3
   24   29    9    2    2
   24   14    7   12    3
   30   24   10   12    6
    3    4    8    2    4
   11   16    5    6    2
   23   14    6   11    5
    9   17    9    2    3
    7   15    6   12    7
    3    7    7   10    4
   27    2    4    7    4
   14    3    6    2    2
   13   18    8    4    3
    7    5    7    3    2
   25   26   12   10    6
   14    5    1    3    4
   26   12    1   12    2
    8    2    3    5    3
    4   28    1    5    2
   15   11    4    3    5
    2    5   11    8    6
   30   10    7    5    6
    3   18    8   10    6
   27    8    5    5    6
   20   18    5    7    6
    5   19    3    6    6
    4    7    9    9    4
   30   26    2   11    8
    8   12    2   11    6
   13   28    4    3    3
   29   28    1    9    3
   17    3   12   12    2
    4   13    2   10    6
    8   17   12    1    6
   16   27    5    7    6
   15    4    9    7    4
    2    1   12    6    3
   19    9    4    3    6
   13   17    3    4    5
    7   28    6    5    6
   26    6    6    9    2
   18   16   11    1    3
   22   23    6    8    2
   24   26    9    8    2
    7    9    7   12    3
   18   15    5    8    4
   12   22    3   12    6
    3   30    5    7    4
   19   28    9    3    6
    9    9    1    7    6
    5    5    8    3    7
    9   29    8    1    3
   18   21    9    2    2
   22    8    8    9    4
    5   27    5   11    4
   16   16    1   10    2
   20   16    7    8    4
    6   18    4    4    4
   19   15   10    2    3
   24   28    5    1    6
   14    1    7    6    6
   23   13    8    3    4
   27   20    4    6    3
   17   30   11   12    6
   12   21    2    1    6
   10   24   10    6    4
    1   15    4    5    3
   25    4    6    2    4
   21   14   12    5    7
   11   19   11    6    7
    7   30    8    5    4
   10   23   11   11    3
   22    4    7   10    3
   16   22    8   10    3
   12   11   12    5    2
   10    5   11    1    4
    3   11    3    5    3
    3   29    8   10    3
   10   28    9    9    1
   11    1   10    3    6
   10    7    4    5    4
   15   21   10    1    5
   22    6    8   10    3
   16   30   12    4    6
   12   10    6    6    6
   17   14    8    7    6
   16   28    7   10    2
   27   15   10    6    6
   28   27    2    6    6
   18   19    7    3    2
   17   26   11   11    3
   12   20    5    4    2
   28    8   12    7    2
    3   26   10    8    2
    7   19    9    6    2
   16   10    9   11    6
   25    9    7    6    4
   17   17    8    5    7
   24   25    2    1    4
   25   25   11    8    2
   26   26    9   12    4
   27   27   11    4    2
    4   24    1    7    4
   22   22    9    2    4
   22   13    2   10    4
   23   29    2    6    3
   27   14    5    4    3
   12   13    4    7    3
   22    3    5   11    4
   12    7    7    3    4
   19   25    7    4    6
    5   16    3    7    3
   27   13    3    1    2
    3    3    2    7    2
   23   17    1   11    6
   23    8    7    5    6
    4   21    9    5    6
   24   12   11   12    4
   29   27    1    5    4
    1   26   12    3    4
   10   17    9   12    4
   15   20    5    5    6
    3   16    6    8    3
   21   23    3    9    2
   19   21   12   12    3
    5   24    9   12    3
   11   11    7    8    6
   18    4   10    7    6
   20   30    5    5    7
   12   18    8   12    4
    3   10    4   11    6
   25    5    2   10    3
   26   10    1    8    3
   20   26    3    8    6
   12   30    8    9    3
   26   16    3    6    3
    4    5    9   10    3
   16    8    7    3    4
   23   11    3   11    3
   17   16    9    6    2
    5   22    9    6    4
   10    6    9   12    4
   23    7   11    8    6
    6   29    2    1    4
   12   16    8   11    3
   15    9    7    1    6
    2   11    6    1    3
    2   26    4    6    7
   28   20    6    7    4
   21   16    9    8    2
   14   14    7   10    6
   30   19    6    5    6
   21   21    6    7    7
    7   22    7   11    4
   28   14   12    1    4
   13    3    3    1    7
    1   30    8   11    4
    8   18    1    9    4
   15   13   11    7    3
   25    6    7    5    3
   30   28    6   11    4
   15   26    5    2    4
    8   11    1   12    2
   11   29   11    6    3
   20    7    2    6    4
   23   18    4    4    3
   22   21   10   12    3
    6   17    8    8    4
   22   14   10    2    6
   28   12   10   12    3
    9   27    8    1    2
   26   19   10    1    6
   29   17    9    2    6
   27   19    6   12    4
    3   23    3   11    3
   22   25    7    6    3
   15   12    7   10    4
   13   30    1    4    4
   30    2    4    9    6
    5   15   12    1    6
   19   17    7    2    3
   25   13    5    2    4
   20   21    4    7    6
   26   11    9    4    6
   28   21    6   12    4
    6   13    3    2    3
   27   22   10    9    6
    9    6    5    9    3
   13   19    3    9    4
   23   23    2   10    3
   20    3   10    2    4
   20    2    6    2    6
   30   18    9    9    3
   25    1   12    2    2
   19   22    8    3    4
   30   11    8    2    6
   10    4   10    4    3
   15   14    9    3    3
    4   23    1   11    3
   24   16    1    6    4
    6    7    1    5    3
    4    1    5    2    4
   13    7    3   11    3
    6   12    3    6    2
    3   19    8   10    3
   23   16    6    7    3
    9    2    1   10    2
   18    1    4    9    4
    9   21   11    3    4
   29   12    2    3    3
    2    3   12    2    2
   22    9    7   12    2
    6   14   12    2    3
   13   26    1   10    6
   19    6    8    3    3
    3   24    3    1    6
    8   20    8    8    4
    4    6   10    8    3
    6   16    3    7    3
   27   12    7    7    6
   29   15    3    8    6
   19    8    2    9    4
   24   27    9    9    3
   18   17    4   11    6
   24    6    5    8    2
   24   24    2    7    6
   23   19    1    1    2
   14   30    2   10    6
    7   26    6    4    3
   24   22    7   11    6
   25   30   10   12    3
   28    5    1    3    3
   14    9    8   12    6
   22   29    7    9    3
    1   13    8    1    3
   17   15    8    1    4
    6    8    5   11    2
   19   10   12   12    6
   18   27    5    8    7
   25   27    8    5    3
   14   12   12    3    2
   30   30    1    7    6
    7   17    3    7    7
    6    2    7   10    4
   19    2    4    1    3
   21   27    1    7    2
   18    5    1    5    6
   29   20    6    4    6
   25   15    9    6    4
    8    3    5    1    6
    2    2    8    4    7
    2   22   12    3    3
    8    1   11    6    4
   20   25   12    5    6
   24   17   11   12    3
    8    5    1   10    4
   17   22   10    7    3
   16   19    6   10    2
   15   15   12    7    6
