   18   10    2    3    2
   12   14    4    4    2
    7   30    3   11    3
   30   19    7    6    2
   17   14    2    4    6
   29   21    5    7    4
   24   19    7    1    3
   17   17    7   12    2
    3    7   10    1    3
    8    3    4   11    3
    4    9    2    5    2
   18    4    1    9    2
   24   26    2   10    2
   23    7    1    1    3
   27    8    4    3    2
   17   27    9    9    2
   26   15   11    2    5
   18   11    5    1    3
    3   20   12    7    2
    9   30   10    6    2
   30   14    1    8    3
   28   29    2    4    2
   24   25    7    2    2
    3   11    3   10    3
   11    4   11   11    4
    5   23    3   12    2
    9   11    8    9    1
   22   24    6    8    2
    7   15   11    8    2
    4    7    5    6    2
   30   27    4    8    6
   19   17    5    9    2
   11   15    6    7    2
   16   13   12    9    4
   15   10    9    3    2
   25   17    3   12    2
    7   11    8   10    2
   28   20    4    3    2
   27   10    2    4    1
    1   24    2    8    2
   15   25    2    6    6
    1   30    7    9    4
    9   22    6    9    1
   25   11   11    9    1
   18    2    2    4    6
    9    2    4    6    4
   27   28    2   10    3
   24    2    9    9    2
    2   28    4   10    2
   21   12   11    4    4
    3   24    5    1    2
   17   23    6    1    4
    5   10   12    5    4
   28    1   10    2    2
    2   25   10    4    2
   13    7   12   10    1
    6   23    9    7    1
   23   15    7   10    4
   11   12   12    2    2
   27    9    2   11    6
   22   17    3    1    3
   15   14    2   10    2
   23   23    8    4    4
   10    3    4   10    3
    4   21    4   11    2
   10    1   12   11    1
   12   27    1    7    1
   29   11    4    7    1
   17   16    2    4    1
   10   30   12   10    1
    7   26    9    4    2
   18   27    7    8    1
    4   10    5    8    1
   13   30    1    3    1
    8   16    7   12    1
    3    2    4   11    3
   14   13    6    5    1
   20   11   11    7    1
   16   27    9    5    3
   13   18   12   12    2
    5   12   11   11    1
   29   10    9    9    3
    2    7    6    1    2
   25   28   12    9    1
   26   23    4    2    1
   15   15    1    5    2
    5    3   10    8    2
    6    9   10    8    1
   18   12    7   11    2
   12   10    7    2    2
   25   25    2    1    3
   17   13    9    1    3
   10   10    9    7    1
   29    5    4    1    1
    9    3    9   12    2
   21   14    9   11    6
    6    3   10    9    3
   21    8    9    5    3
   14   11    9    4    7
    2   27    5    9    2
   17   28    5   10    2
   15   17   10    4    1
   19   26    4    3    2
    4   16    4    7    4
   13   23    5    9    4
   21    9    7    2    2
   13   25    4   10    1
   20    5    4    9    1
   20   24    4    3    1
    2   19   10    9    5
   30   29    9    3    3
   18   29   10    5    2
   30   16    9    5    5
    3    3    6    5    6
   27    1    7    2    4
   17    1    8    6    3
    8   14    3    6    2
   24   16    7   10    2
    7   16   11    2    2
   11    2    5    8    4
   12   29    3    2    3
    5    4    4    9    3
   21   26    2    9    2
   22    8   10    7    4
   22   29    2    8    3
   15    3   11    3    3
   20    8    6    2    1
   17    5    6    5    2
   14   23    9   11    2
   28   28    1   12    7
    2   17    1    8    6
    3    1   12    2    3
    7   19    7   11    3
   23    8    5    3    3
    4   17    1   10    2
    5    6    1    6    3
   13   24    6   10    3
   23   12    9   10    2
    8    6    5   12    2
    2    2   11    6    3
    1   20    8    8    2
    7    8   10   12    3
   26   18   11   10    4
   16    3    7    2    5
   30   23   10    4    4
   29   14    2    4    3
   17    8    5   12    2
   29   23    4    2    1
    7    1   11    8    1
    7   24    6    1    2
   24   18    9    7    1
   29   27    3    3    1
   16   28   10    6    2
   18   18    5    8    8
   20   13    5    1    3
   18    1    4    4    3
   22   15    4    6    3
    1   12    8    5    3
   19    5    7    3    3
   10   24   11    8    2
   19   20    9    9    2
   27   19    9    2    5
   19   19   11    8    4
   12    7    9    2    3
    4    8    1   10    7
    9    9    9    8    4
   13    1    2    8    3
   25    3    1   11    2
   30   24    9    9    2
    8   30    8    6    1
   27   11   12    3    1
    2    5   10   10    2
    3   14    3    3    2
    2   15   11    9    6
   19   18    3   11    3
   24   15    1    9    2
   15   18    9    3    4
   13    4    2    9    2
    9   15   12    2    3
   16    5    6    4    3
   21    1    6    5    2
    4   25    5    5    2
   16   20    9    4    3
    1    6    2    4    2
    5   11    3    3    3
   21   20    1    8    3
    1    8    3    3    4
    1   22   11    2    3
   27   20    4    7    5
   28    4   10    2    3
   20   15    5    7    3
   16   26    1    9    3
   11   21    2    7    7
   29   13   12    6    3
   19   22   10   11    2
    9   29    8    4    4
   25   26   11    8    4
   23   24    3    4    3
   10    6    7   11    7
   30   26    9   10    4
   26    2    3    2    5
    2    1    2    4    4
   12    6   10   10    4
   20   12    6    2    5
    7    7    3    7    6
    3   17   10   12    3
   29   15   12   11    4
   26   10    9    3    4
   26   26    5    9    4
   13    6    8    6    3
   29   29    1    8    3
   27    5    7   11    4
   29    7   10    9    3
    6   28    9   11    3
   30    3    5    9    3
    4   27    7    4    2
    2   16    9    7    3
   11   24    7    4    4
   12   22    5    2    3
   25   20   12    2    4
    4   12   12   12    3
   14    5   10    3    4
    9   28    2    8    4
    7    6   11    5    4
   13   28   11    7    2
   21   30    2   12    2
   15   21   12    5    2
   24   27    8    6    2
   17    9   12   12    3
    2    8   12    3    3
    9   13   10    8    3
   22   27   10   10    2
   29   26    6   12    2
    6    4   11   10    4
    8   13    8    3    2
    6   24   11    3    2
    1   26   10   11    2
   21    7    6    5    3
    2   14   12   12    4
   18    8   11    9    2
    2   10    5    6    2
   17    6    2    9    2
   28    3    3    4    3
   15   16   10    8    2
   20   20    3    1    2
   19   10    8    5    2
   27   26    8    2    3
   25   27    1   10    3
   14   20    2    3    3
   15   19   12   11    3
   27   14    8    7    4
   12   12    1    2    4
    6   15   10    6    3
   30   15    2    2    4
   14    9    9    4    4
   24   29    8    2    4
   11   19    7   11    3
   14    7   10    7    2
    4   19   12    3    3
   29   19    9    5    2
   21   13    8    2    2
    1   14    1    9    4
    5   13    8    9    2
   14   10    1   12    2
   16   22    9    6    3
   15    4    2   12    2
   14   14    8    3    3
    6   14   12   12    3
   13   26    3    7    2
   18   28    7    9    3
   22   23    8    9    2
   23   28    2   10    3
    6   22   11    6    2
   10   20    2    1    3
    1   19    1    5    3
    4   22   12   12    2
   22    5   10    7    3
    8   12    3    1    2
    1    1    4    5    3
   28    8    5   11    3
   21   27   10    3    3
   17    7   10    6    4
   20   17    7    1    3
   10   16    4    5    3
   24   28    2    2    6
    7   20    2    9    4
   10   23    9    3    6
   22   20    7    8    4
   30   30    1   12    4
   12   26    1    2    4
    9    7    9   10    3
   23   11    3    9    3
   21   28    5    6    6
    6   16    2    8    3
   30   12   12    6    3
   11   11    5   12    4
   11    6    7   11    6
   18   23   12    4    5
    5   28    7    5    3
   24    5   11    3    3
   26    5    7    3    3
   10   21    1   11    2
   22   30    5   11    2
   29    2    6    3    2
    3   12    7    3    3
    5    7    2   11    3
   12   15    1    6    2
    1   16    8    5    3
    4   24    7   10    3
   15    5    4    2    2
   21   18    4   10    2
   28   22    8    1    3
   23    9   11    3    2
   18    6    3    1    2
   20   29   10    7    3
   28   11    6    6    3
    9    5   12    9    3
   12    2    2   11    3
   16   25    9    3    6
    5   18    1    7    3
   27   15    1    9    6
   26   22    7    1    3
   22   14    4    5    4
   29    3    8    8    3
    8   15    3    4    3
   22   25   10    7    3
   30   11    4    9    3
   14   19   12   10    4
   22    2   12    6    4
   28   26    9    3    3
   29    1    9    9    3
   10    9   12   10    3
    7   10    5    5    4
    4   20    2   11    4
   21   21   10    8    8
   27   13    1   12    4
   22   21   10   11    3
    4    3    6    3    3
   13   10    8    2    3
   13   19    5    8    3
   25    1    3    4    5
   19    8    6    4    3
   20   23    8    7    3
    6   21    6    9    3
   10   22    3    6    3
   16   18   11    8    4
   17   26    8    7    4
    6    2   12    6    6
    7   27   12    4    6
    4   26   12   12    3
   13   13    4    2    3
   11    1    5    6    4
   25   18    8    5    3
    9   25    2   11    3
   11   13    3    5    3
   21   25    4    8    2
   14   16    5    9    3
   12   24    1    5    2
   28   12    2    7    4
   26    8    8   10    2
    8    9    5    3    2
    3   22    8    5    3
   10    8    6   12    2
    7   25   11    6    2
   25   19    5    6    2
    9   24    1   12    2
   16   19    5   11    3
    3   18   10   10    2
   19   21    1    2    3
   14   18    4    6    2
   12   19    5   12    2
   23   25    2   11    2
    2   20    1    8    2
   11   17    6   10    2
   23    2    5    1    2
   24   24    3    8    3
    9   20    1   11    3
   18    7    1    9    2
    4   29   11    6    3
   16   23    9    2    3
    5    5    1   10    6
   28   30    7    1    2
    5    8   11    6    3
    5   30   11    9    2
   14    4    4    6    2
   13    2   11    4    4
    4    4    2    8    4
   30    2   12    3    3
   22    7    4   11    2
    2   21    5    3    2
   23    4   11    6    2
   20   26    9   10    2
   19   28    2    1    3
    8   29    8   12    3
    8    8    6    5    3
   13   12    5    1    2
   29   17    1    5    3
    1   23    5   10    2
   28   14    3    5    3
   24   17    5    9    2
    4   30   10    2    3
    6   20    4    5    2
    5   25    8    2    2
   16   16   11    2    4
    3   26   10   10    2
   11   16    8   12    2
   28    7    5    3    2
   14   25    3   10    2
   21   16    1    5    2
    6   30   10    2    3
    5   21    3    9    2
    6   29    1    1    3
   19   23    2    4    3
    3   21    8    9    2
    6   26    3    4    6
   21   17    9   11    3
   19    9    2   12    6
   25   10    4    4    2
    5    1    3    3    3
    3   27    5    9    6
   28   10    4   11    3
   23   21   12    9    6
   27   27    7    2    6
    1    4    7    6    3
   22   11    5    6    3
   23    3    1    4    3
   26   14    2    7    2
    8   11    1    6    4
    9    1    7    2    2
   13   22   12    4    3
   17   10   11    4    3
   15    1    4    4    3
    2    4    8    5    3
   25   30    6   11    3
   11   10    5    4    3
   22   18   12   10    3
   17   30    5   11    3
   26   11    2    4    2
   30   18   12    1    3
   20   18    6   12    3
    6    6   10    4    6
   24    8    2   10    5
   24   14    9    7    3
   18   17   10    7    3
   27   23    5   11    2
   13   15    8    6    3
   18    9    9    5    2
   19    3    8    1    3
   16   12    2    3    2
   17   12    8    6    5
    9   12   12    7    3
   12   25   10    1    2
   28   15    3   10    6
   21   24    3   10    4
   25    8   12    6    3
    9   16    2    1    4
   27    6    4    1    2
    6   19    9   12    3
    3   13   11    3    2
   30   20   11   12    2
   29   16   12    4    2
   26    9    1    9    2
   22   22    5   11    5
   25   29    5    8    6
   25    6    4    8    4
