    2    6   11    4    5
    5    6   11    4    3
   24   18    3   11    2
   20    5    2    4    5
   15   12   12    3    6
   29   23    4    6    7
   27   30    9    4    5
    6   11   12    7    4
    9   14   12    9    5
   24   21   12   10    7
   20   21    3   10    7
    9    1   12    8    8
   24   27    2    6    7
   24   10    5    4    4
   16    1    6    5    5
   26   28    9    8    6
   30    5    1    6    7
   21   13    9   10    5
   15   17    5    2    7
   14    5    8   10    4
   21   11   10    5    4
   10   10    6   12    4
   26   17    7    3    8
    2   16    4    7    3
   12   23    9    1    4
   15   15    2    5    9
    2    3   10    5    6
    2   19    2   12    4
    8    1    4   12    3
    7   27   12   12    7
   12   18    1   12    2
   13    8    2    4    4
    7   10    6    3    5
   16    3    1    4    6
    2   15    9    5    5
   14   20   10   11    5
   13   29    8   12    3
   18   11    2    3    3
   20   19    8    2    3
   16   10    8   10    7
   24   15    5    8    5
   13    1    9    7    5
   23    7    4    9    4
   24   24   12    7    4
   21   18    7    6    5
   21   29   10    6    4
   21   27    3   11    5
   25   30    1    7    7
    5    2   11    6    5
    3   10    8    4    3
    5   10    8    8    6
   18   20    3    1    3
   21   19    6    7    7
   18   18    3    7    6
   20   15    1    7    5
   22   24   10    7    3
   15   25    4    3    6
   14   25   11    8    3
   13   12    2    8    2
   15   14    7   12    7
   15    5    7    3    6
   22    6    8    1    2
   30    6    4    8    6
   24   20    4   10    3
   26    2    6    9    6
    4   10   11    6    3
   23   15   11    7    2
   17    8    5    1    5
   22   21    3    4    3
   21    3   12    5    3
   19   23    2   12    6
   30   11    1   11    4
   29   29    9    8    3
   29    1    3    3    3
    4   14    4    5    6
    8   10   12    1    3
   20   28    4    8    2
   30   14    7    4    7
   10   12    8    1    4
    5    5    2    6    9
   27   13    3    6    8
   19    1    6    4    8
   28   28    3   10    7
   28   21    9    1    3
    1   25    7    3    3
    2    2    1    7    8
    9   26    7    8    3
   13   23    2   12    3
   30   18    8    5    3
   19    6    5    3    3
   20   13    1    8    3
   25    9    4    2    7
   19   25   11    7    7
   11    7   10    8    8
   27    3    1    4    8
   11   23   10    1    3
   14   14   10   11    8
   17   28    6   12    7
    9   12   12   12    3
   18    2    6    3    2
    9    8    1    7    6
   29   27   10    4    2
   19    3    5   11    3
    7   25    4    3    7
   28    8    1    3    5
    8   27    7    5    5
   29   17   10    1    2
   21    5    4    4    3
    7    6    3   11    2
   22   26    5   12    6
   23    6   10    8    3
   24   12    5    1    2
   18   10    9    4    4
   27   23    2    2    3
    2   28    7    9    2
   30   13   11   10    3
   14   13    1    3    4
   27   22    8   12    4
   24   28    9    9    4
   11    2   11   12    6
   17   19    9    1    7
   15   11    8    6    3
   24   23    9    4    3
   26   27    3    8    8
   21   23   12    7    6
   15   21   10   10    3
    9   20   12    4    6
   10   26   10    9    2
   13   10   11    6    2
   27    1   11    8    2
   22   22    2    7    8
    6   21    7   10    8
    3   20    5    7    3
   22    1    3    5    6
   23    4    2   12    2
   17   25    1   12    3
    3   13    1    9    8
    8   26    6    7    3
   18   15    3   12    6
   11    5    8    2    2
   15   22    5   12    2
    4   26   12    4    6
   13    6   10    2    2
   21    7    2   11    2
   15   27   10    7    2
   30   30    1    7    6
   17   14    9    9    5
    7    8    1    4    5
    7   29   12    1    3
    8   24    8   10    2
   20   20    7   10    7
   18   27    2    7    5
   16   28    3    5    2
    4   17    3    4    5
   12   29    8    1    2
    9    5    9    5    2
   26   30    6    1    6
    7   13    6    6    3
    6   18    4    5    3
   27   16    9    7    2
   16   19    4    5    7
   21   10   11    6    5
    8   25    3    7    4
   27    2    8    3    5
   14   26    3    3    6
    1   12    8    8    3
   27   19    7    9    3
   28   13   12    7    3
   24    7    2    1    3
   20   30    1    1    3
   25   16   12    7    2
   16   11    8    2    2
   11   10    3   10    3
   17   17    8    2    3
   13   13    2    9    3
   22   10   10   11    2
   19   14    7    6    1
   19   11    9    7    8
   12    3    6    7    3
   19   10   11    3    3
   11   13   11    3    2
    6   16    3    1    4
   16   18    1    5    8
   19   29    9    5    2
    9   16   10    4    3
    3   22    6    9    2
    3   30    8    7    3
   15   16    3   12    3
   18    4    5    9    3
   29   24    9    2    3
   24    2   11   10    2
   15    9    7    5    3
   28    4   10   11    4
    2   23    8    3    1
    3   14    3    7    2
   10    2    8    8    3
   22   16   12   10    2
   28   29   12    6    3
   22   20    6    1    4
   26    7    3    7    3
   26   24    2    9    2
   19    8    5   11    3
    8   21    6    7    5
   12    4   10    5    5
    9   29    6   10    6
   11   29    8    7    3
   14    2    5    2    7
   18   28   11    3    3
    8   14    3    7    7
    2   17    9    3    3
    1    4    5    9    2
   22    2    2   11    2
    7   28    7    6    4
   13   24    4    6    4
    1   15    8   11    5
   20    1    7    6    4
    8    8    5    6    3
   27   17   10   10    5
   25   23   11    6    4
    4    4    6   10    6
   18   22    4    6    4
   24   11    7   10    2
   11    3    4    2    5
   18   26   11    9    2
   22    8    3   11    2
   22    9    5    7    7
   14   27   11    9    7
   30    7    9   12    7
    8    6    6    3    5
    4   19   10    4    4
   30   28   10   11    2
   25   28    2    3    1
   18   14    1    8    2
    5   26    6    7    4
   27    9    4   11    4
   23   17   12    6    5
   15    4    2    2    4
   18    1   12    9    3
    5   23    1    3    3
    6   15    4    1    3
   25    3    3    7    3
   13    2   12    6    3
   16   26    3    4    3
   14   23    9    2    3
    8    4    7    3    2
    1   24   12    3    2
    1    7    8    5    2
   12   11   11    5    4
   24    3    8    4    4
   18    7    6   12    3
    8   12    1   12    4
   15    8    2   12    3
   29   22   10   12    4
   30    9   11    6    4
   26   23    4    8    3
    4   25    9    8    3
   11   14    2   12    6
   17   10    2    1    3
   30   12    8    2    5
    6   10    3   11    3
   17   24    3   11    3
   22    5    4   10    2
   17   13    3    7    3
   29   10    1    7    3
   14    7    8    6    3
   15   28    4    1    3
   16   23    6    5    3
    8   11    6   10    3
   29   20   12   11    2
   11   25    6    1    2
   26   26   10    1    2
   21   21   10    8    7
   10   30    4    2    3
   30    8    1    1    8
    9   21    1    1    2
   16   13    3    2    2
   12   28    1    2    4
    1   26    7    1    2
    6   27    1   12    2
    5   27    4    8    3
   16    8   12    3    3
    9    9   11    9    2
    4   22   12    6    3
   30   22   11    2    4
   14   28   10    2    4
   16    7    5    7    4
   25   27   10    2    3
   16    5    6    9    2
   26   11    5   11    3
   15   29    7   11    2
   25   25    3    1    1
    6   12    6    6    2
    5   29    9    1    3
    6    3    1    8    4
    3   23   12   12    3
   20   25    7    3    2
    5   19   11    9    4
    4   20    4    8    3
   22   17   10    3    2
   16   12    9    2    4
   27   20    3    5    3
    9    6    2    2    2
   19   24   10    6    2
   18   19    4    5    2
   23   30    2    3    4
   20    2    5    2    3
   22   14   12    5    2
   21   14    2    1    6
   23   23    5   10    6
    7    7    6    9    4
    8    5    1    2    2
   21   17    3    2    2
   22   12    6   10    3
   28   23    9    5    2
   24   16    3    9    4
    7   17    7    1    2
    1   21    4    4    2
    4    9    2    5    3
    5   24    4    4    4
    2   29   12   12    3
   12    5   11   11    2
    2    8    3   12    3
   26   20    3   11    7
   12   17    4    2    3
   28    9    4    7    2
   20   17    6   10    3
    4    3    9    4    2
    3    1    5   11    6
   19    9   11   12    4
   23   10    5    6    3
   23    9    6    7    2
    9   24   11    8    3
   21   30   11    9    2
   12   20    7   10    3
    2   25    2    2    4
   17   30    9   11    2
    4   24    9    5    2
   25   26    7    7    8
   29    8    2   12    3
   16   30    2    9    2
    7    9    2   12    2
   16    4    3    4    2
    6    4    8    2    2
   13   25    1    2    2
   15    3    8   10    2
    3   26   11    3    4
    5    1    7    4    4
    7   19    7    8    3
   16   20    9    3    3
   29    6    5    2    2
   25    6    2   10    1
    9   10    2    1    6
   18   13    2   11    3
   23   20   10    5    2
    3   29    3    8    3
   15   19    4    6    2
   10   20    1    7    2
    3    3    2    6    3
   17   18    3   10    2
   21   25    9    8    1
    2    4   10    8    2
   28   11    6   12    3
   29   18    9    7    2
    5    3    2    8    3
   18   25    2    8    2
    2    7   11    4    3
   18    5    5    4    2
    6    6   12   10    2
    5    4    9   12    3
   21   26    5    6    3
   19   30    4    4    2
   10   25    4    2    3
   28   22    6    7    2
   11   20    5    4    3
   10   28    7    3    4
   15    7    1    5    3
    8    3   12    5    2
    2   21    2    8    4
    6    1    9    2    3
   13   26    6    3    2
    9   18    8   12    3
   17    9    9   11    5
   23    8    8    4    6
    3    9    4    6    4
   25    5   11    9    3
   12   27   10    1    5
   30   15    6    3    4
   14    1    7    1    3
   12   12    9    1    8
    3    7    5    2    3
   17    5    6    9    2
   17    6   12    8    5
    2    9    1    9    5
   28   19    7    2    6
   22   19    7    5    2
   16   21    2   11    3
   25   29   12    8    3
   27   28    8    2    2
   15   10    1    8    4
   18   23    9   11    3
   25   22    3    3    2
   14   16    1    4    4
   15   13    2    5    3
   14   29    8   12    2
   29   30    9    2    2
   14    6    3    8    3
   30   24    2    8    4
    2    1   10    9    2
   23    1    4    4    2
    3   28    3    2    3
   11   11    9    7    3
    6   26    4    1    2
   25   24   10   10    3
   29    4    5    4    4
    2   12    6    5    3
   27   27    6    8    2
   15   26   10    3    3
    7   20    7    1    4
    3   17    1    5    3
   23   22    8    6    2
   27    4    7    2    3
   11   22    2   12    5
    1   30    3    8    4
   11    4    8    2    3
    6   28    9    7    2
   11   27    6    4    3
   12   19    6    7    4
   20    8    7   10    5
   17   16    5    2    4
   22   13   11    5    3
   12   25    1    8    2
   16   16    7   11    8
    7    4    6    9    3
    1    1    8    9    8
   13    4    4    4    3
    5    7   11   12    4
    4   30    5   11    2
   12   26    8   12    2
   18    3   11   11    2
   17    1    6    7    3
   12   14   10    4    4
   24   14    3    4    5
   10   14   10   12    4
   20    6   10    5    3
   30    2    2    5    6
    9   13   11   12    3
   29   26    8   12    2
   19   26    4   11    3
   11    9    8    4    2
   29   16   12    2    1
   21    4    4    6    2
    5   28    9    9    3
   11   17    4   10    6
   27   10    1   12    3
    6   24    7    4    3
   18    8    1    6    2
   21   12    4    5    8
    7   12   12   12    4
    5   13    6    7    3
   19   19    9    5    2
   28    1    5    6    3
    7   22    9    4    4
    1   11   10    6    7
   10    1   10    4    7
   13   19   10    3    3
