   15   24   11    7    3
    1   21    3    6    6
   24    6    7    9    2
   22    6    4    9    5
   27   13    8    9    4
    3   30   11   10    7
   22   13   12    4    7
   23   18   12    1    8
   27   27    2    1    9
   22   26    1    3    5
    3   14    5    7    7
   22   23    6    5    7
    3    1    8    4    8
   18   24    5    1    3
   30   21    5   12    6
    3   21    1    8    5
   17   11    9    7    6
   25   10    9    6    6
    6   20   10    8    2
    5   28   12    9    7
   18   14    3    2    5
   26    4   10    8    4
   27   14    5    5    5
   26   30   10    1    7
   25   26    2    9    3
    7    6   11    1    5
   17   19    3   12    5
   12    3    7   10    4
   11   20   12    9    3
   24   27    8    3    3
   16   23    2    8    2
   26   21    1    4    2
   22    3    4    1    3
   29    7    5    7    3
   13   25    4    9    3
   18    7    9   10    4
   10   30    7    5    6
   22    2    1    7    4
   17   16    3    5    5
   12   21    1   12    6
   24   30    2    8    3
   29    5   12   10    2
   29   24    2    8    4
    5    7    6    5    5
    6   13   10    8    3
    5    3    1   10    8
   15   27    7    5    6
   16    9    9    4    4
   30   11    5    4    6
   19    3    2    3    7
    2   25   12    5    3
   22   10    3    9    7
    6   27    5    6    5
   13   26    9    5    4
   22   20    3   11    2
    4   18   10    5    4
   11   10    4    5    5
   17   26    8   11    3
   17    4    9    1    3
   26    3    2    2    2
    5    5    5    2    7
    6    6    7    6    9
   27   10   10   12    3
   26   24    2    6    6
    6    8    5    8    2
    7    7    5    2    8
   20    5    1    5    6
   24   12    5   11    2
   21    7    3    7    3
    9   28    4    5    2
   30   13    8    8    1
   23   11    5   10    2
    4   30    1    2    4
    4    3    5    8    5
    7   28    7    4    5
    9    9    7    3    8
   28   27    9    1    7
   22   14    7   12    2
   12    9   11    4    1
   16    5    3   12    3
   19   11    7   12    3
    7   27   10    6    6
   26    2    5   11    2
   23    8    3   10    3
    1   15    2    2    6
   19    5    5    1    4
   10    8    2    6    3
   23   21    7    5    5
    3   24    9    3    5
    3    3    7    5    7
   19   12    3    8    6
   14    5    6    8    2
   12   15    8    7    3
   15   11    7   12    4
   30   23    8    2    3
    3   18    3   12    2
    8    3    3    1    6
    7   11   11   10    2
    2   28    8   10    5
   30   29    8    6    7
    8   28    6    1    2
   25    7    8   11    1
   29   13    8    8    3
    8   18    1    1    8
    2    5    4   12    2
   12   23    5    1    6
   12   11    8    3    3
    9   19   12    6    5
    8    7    2    1    6
   10    2    6    3    4
    1   24    9   12    3
    8    4    1   10    3
   15   22    4   10    4
    6    4    9   12    2
   19   14    1    3    4
   25   15    8   10    3
   28   22    6    3    3
   24    5    2   12    7
   12   29   10    5    1
   30   20    7    4    8
   24   22   11    2    7
   19   25    4    4    6
   18   13    2   11    5
   16   20   11   10    5
   11   14   12    3    2
   15   26    9   10    3
   23   19    2    8    3
    7   30    6    4    2
    1    6   11    5    2
    9    8   11   12    7
   18   22    1    3    4
   29   14    5    7    3
   27   11   12    9    4
   13   10    2    3    5
   29   26    7    5    7
   14   17    2    8    4
   28   23    4    4    5
   12    4   12    4    8
   22   16    4    6    7
   22    8   12    9    2
   20   20   10   12    9
    9    1    6   12    8
   15   19    5    7    5
   15    9    5   10    4
   14   24    6    4    3
    6   17    7    4    6
    1   28    6    7    4
    3    9   12   11    7
   20    2    9    5    8
   10    1    1   12    8
    3    6    4    3    4
   28    3    9    8    5
    7   19    8    5    4
   24   23   12    7    6
    5    6   10    7    4
   17    2    8    8    4
    6   23   12    7    3
   19   13   10    6    7
   29    9   10    1    8
   16   15    1    7    9
   15   20    5    6    4
    1    2    2    7    4
   11    1    3   11    3
    5   12    7    3    3
   30    6    2   10    7
    4   21    9    4    8
   27    4   11   11    3
    5    4    7    1    6
    4   25    3    5    2
   18   19    1    6    4
    5   23   11   10    1
   20   26    7    9    7
    3   23    3    6    3
   14    4    4   11    9
   24   17    2    7    5
    9   25    4   11    8
   27   29    3    4    3
    9   13    6    8    3
   16    4    5    3    5
   17    7    9    1    2
    8   20   12    8    3
    9    2    1    9    6
   14   20    9   10    6
    5   21    2    3    3
   10    5    1    3    8
   21    2   12   12    6
    8   30    6    5    2
   10   18    3    6    7
   11    8    5    3    4
    5   15    4    5    6
   18   11    6    7    5
   26   12    5    2    3
    7    9    3    6    2
   19   19    3   12    8
    8   24    3    4    7
   11   21    5    8    7
   26   10    7    9    3
   12   30    8   10    5
    6   12    5    9    4
   25   17    5    1    6
    4   10    4    5    3
   13   17    3    6    2
   20   17   11    5    9
   14   16    3    8    2
   24   10    5    2    7
   29    8    2   12    4
   23   20    3    4    5
   20   18    7   10    4
   20   13    4   12    3
   22   29    3    5    3
    9   30    2    5    2
    6   28    2   12    7
   17   12    3    3    6
   27   16    2    9    4
   22   25    2    5    2
   24   21   12    3    5
    8    8    1   10    6
   13    1    5   11    2
   19   27   12    2    2
   12   20   11    4    7
   27   26   12    8    8
    5   18    5    7    3
   15   15    7    2    6
   18    9   10    4    3
    3   15    1    9    5
   12   28    9   10    6
   17   17   10   11    7
   20   19    5   12    3
   15   29    7    5    3
   15   23    6    4    8
   30   18    1    1    7
    2   16    7   12    3
    6   26    2    7    2
   26   16   12    2    5
    2   19    5    8    6
   26    8    9    9    3
   25   14    9    4    7
   17   28    7    1    3
   11   29   11    6    2
   13   14    7    4    3
    4    7   10   12    4
   12    2    4    8    3
    1    4   10    6    6
   28   29    4   12    3
   14   14   12    8    7
   13   13   10    4    9
   19   28   11   12    2
   23    9   10    7    1
   11   22    6    2    3
   24    2   12    4    7
    7   14   11   10    5
    1   26    8    8    3
   27   21   12   10    6
   29   23    6    7    7
   18   18    1   10    7
    1   17    2   12    6
   24    4    1   12    5
   25   30    6    4    4
   13    3    7    6    3
   25   25    9    4    6
    3   16    5    3    5
    8   15   11    6    7
   30   30    2   12    7
   10   10   12    4    4
   23    4   10   10    3
   17   18    1    2    2
   29   18    7    3    4
   21   25    9    2    5
   25   20    2    3    4
   11    2   10   11    4
   18   21    1   12    5
   24   24    3   11    3
    1   23   10    4    3
    6   11    9    2    7
   30   17    6   11    4
    7   26   12    4    3
   10   17    7    4    7
   10   19    7   10    7
    2   18    2    8    8
   29    3    4    5    5
   24   19    9    6    7
   29   29    1    2    8
    8   12    8    2    4
   19    6   10    2    5
   16   12    5    6    6
   11    4    7   10    7
    1   19    7    9    4
    5   22    1    2    4
   15   14    4    3    5
   15   28   11   10    8
    7   15    8    2    3
    1   25    8    3    4
   19   30    4    5    3
    1   20    6   12    2
   27   17   11    9    3
    5    1    7    9    6
   21   19    5    4    5
   22   22    6    3    7
   30   14    4    9    7
   27    3    8    7    3
   17   21    1    4    6
   21    6    9    3    8
   21    8    4    8    3
   10    7   10    9    4
    7    1    9    9    2
   14   12    3    7    9
   29   20    1    2    3
   12   12    9   10    8
   16    1    7    8    8
   14   28    7    3    2
   28   28    6   10    4
   18   26    9    7    7
    4   13    1    5    8
   15   21    9    3    2
   22   30    7    4    1
   20    4   12    1    5
   21   21   12    7    7
   23   10    6    1    6
    5   30   11    5    3
   29   19    1   11    1
    6    2   12    2    5
   28   24    6    6    5
   11   28    5    5    4
   11   24    3   11    2
   13   28    7   10    2
    2    7   11    5    3
    4   29    8    1    1
   27    2    3   10    5
   22   21    2    1    3
   27   20    3    1    4
    9    5    3    5    4
    8   17   10    6    4
   27   22    6    8    2
   21   14   11    7    8
    7   12    1   11    5
   16    7    9    9    6
    7    3    8    3    4
   16   30    3    8    7
    6   18   11    1    2
   16   18    5    4    7
   23   27    1   10    8
    9   24   10    8    3
   13   12    2    1    3
   28   25    2   10    2
    4    4   12    7    6
    4   22   10    7    3
   25   18    7    5    8
    3   20    5    6    5
   26   26    6    4    3
    9   20    7    4    4
   19    8    9   12    7
    7   24    6    3    6
   16   24    4    3    4
   30    1    4    5    3
   23   26   11    5    2
   25    6    5    7    2
   13   11    8    4    4
   24   13    8   11    4
    1   18   10    3    3
    9   26    7    1    5
    2   29    8   11    6
    5   26    3    5    3
   17    5    1    3    5
   25    3    5    4    6
    5    8    7    8    7
   21   28    3    2    5
   16   19    6    7    4
    8   16    8    5    3
   12   27    2   10    8
   28    4    6   11    5
   27   30    5    7    7
   29   25    7   10    6
    2   15   10    8    7
    4    9    3   12    4
   23    7   12    1    3
    3   10    4   11    2
   12   25    2    2    4
   10   12   12    7    2
    8   25    2    6    4
   10   21    4    5    6
   18   28    7    7    4
   16   16    3    8    2
    9   21    9    6    1
    1   14    7    6    2
    3   17    1    5    4
    1   29   12    5    4
   11   11    5    1    7
   26   28    7   12    3
   24   25    1    6    2
    5   11    1   11    7
   15   17    4    4    7
   28   16    8    2    4
   14   10   10    5    3
    2    8   10    7    4
   29   16    4    7    4
   16   10    6    2    6
   29   21   11    4    2
    3    2    6    1    4
   11   26    3    7    3
   10    9   12   10    8
   28   30    3    1    6
   14   23    3   12    9
    9   22    9    2    2
    2    4    1    4    3
   27    1    2    6    4
   10   20    6   11    3
    5   13   12    9    5
    6   16   10    1    4
    1    1   12    6    6
    9   11    2   11    4
   22   12    3   10    7
   12    1    1    3    3
    4   19    9    4    7
    2   23   12    3    3
   15    4    6    7    2
    3   11   10    9    8
   26   14   12    9    6
   27   18    3    9    7
   27    5   11    2    3
    8   14    3   11    8
   12   18    4    9    4
   28   20    9   10    1
   23   25    6    5    7
    2    2   12    5    3
    7   13    1    5    2
    7   20   11    2    3
    9   17   12    4    4
    5   25    8    7    4
   10    6   11    8    3
    7   22    9    5    8
   25   27    4    9    3
   29   10    4   12    2
   27    9    8    9    1
   13   21   11   10    3
   17   22    8    4    2
   23   13    8   12    3
   13   16    2    1    3
   11   16   11   10    3
    6   29    9    3    2
   22   19    9    2    4
   27    8    3   10    3
    6   15    7   11    2
   19   26   12    5    3
   15   10    6    6    2
   15   13    6   10    3
   20   24    1   12    5
    2   14    5    9    7
   16   21    6    4    6
    8   13    4   12    3
    9   14    1    4    5
   18   15    1    5    6
   29   17    5   11    3
   16   25    7    5    3
    8    1    4    2    8
   15   30    2    8    5
   10   28   12   12    3
    2   30   11    8    2
    6   14   12    6    3
    6    9    8    1    1
   22    1   12    2    6
   23   17    5    7    7
   25   11    2   10    3
   20   21    6    5    6
    2   13    9    9    5
   23   23    6    8    7
