    9   12    2    9    4
    8   15    8    1    3
   12    2    3    5    5
   19   24   10   12    5
   16   13    7   10    8
    2   29   11    6    3
   21   21   12    4    9
    4   14    1    8    8
   15    5   10    1    5
   23   24    6    2    6
   25   18    8    6    8
    7   12    7   10    7
    1   14    1    3    9
   22    5    5    7    9
    5   10    7    2    9
   18   21    5    4    3
   15   15    4   10    4
    3    2    1    1    9
   21   26    1    1    2
   25   25    3    2    3
    8   11    4    1    4
    3   24    7   10    4
   10   15    6    4    4
    9    2    1    7    4
    8   13   10    7    2
   23   20    4    8    7
   19    2    9    6    1
   30   30    1   11    9
   21   27   11   12    7
    7   10    7    8    2
    5    1   10    8    8
    7    7    5    2    8
    5   21    3    4    4
   15    9   12   10    6
   30   29    1    5    2
   18   23    5   11    1
   16    6    1    1    1
   11   19    7   10    8
   13    5    8    9    5
   10   10   10    4    4
   13    2    4    9    6
   14   18   12   11    2
    2   28   10    5    4
   17   26   10    5    8
   14   10   12   10    9
    5   23    3    1    4
    3    5   10    1    4
   13    3    8    5    9
    8   10    5    3    9
    9   14    6    5    8
    6    6    8   10    9
   21    2    1    6    9
    6    9    1    9    2
   25    6   12    4    3
   17   17    3    5    6
    2   30   11    6    6
   14   16   10    1    5
   22   10    4    3    8
   20   22    8    5    2
   20   16    1    3    3
    8   25    7   11    4
   14   20   10   12    7
   28   14   12    4    3
    3   29    8    6    2
   26   30   11    7    9
   29   19    4   10    1
   26   27    5   11    6
   18    6    4    1    8
   17    4    1    1    9
   13   30    3    5    4
   17   15   12    2    7
    3   30    3   11    3
   17   28    1   12    9
   17    5    6   12    6
   13   14    9    2    9
   29   15    2    5    4
   23   16   12   10    7
   22    6    5   12    8
   11   11    8   10    9
   23   19    5    1    7
   22   23   12   12    6
   17   29   12    2    4
   25    9    9    3    9
   28   21    1    1    9
   25   13    5    2    6
   17    3    7   10    8
   30   19    9    8    8
   12   29    6   11    5
   13   11    1    3    5
   23   30    7    5    5
   24   24    1    5    6
   22   12   10    6    7
   24   15    7    2    5
    6   17   10   12    3
   30   12    1    6    9
   27   24    6    9    6
   25   11    6    1    8
   10   11    1    7    8
   15   30   10    6    8
    8    8   12    6    2
   26   20    5    3    8
    9   20    7   10    9
   23   25    7    8    6
   18   18    4    1    7
    2   16    6    1    2
   14   19    1    3    6
   29    5    4    4    3
    6   30    4   10    7
   26   26    1   12    1
    1   13    6   12    7
   13    7    6   12    6
   14   12   11   11    2
   26   16    9    2    7
    1   17    4   12    9
    3   10   12    1    1
   12   20    3    5    9
   25    7    6    3    1
    1    2   11    3    8
    4    4    2    8    8
   13    9    8    9    8
    9    5    2    8    9
   21   14    3    7    4
   29   23   11    8    2
   19   17    5    3    1
   19   15   11    6    7
   10   27    8    8    5
    6   26    5    9    3
    5    5   10   11    9
    7    1   12    3    7
   15   28    9    8    5
   16   15    6    7    9
    5   16    5    9    9
   20    2    2    3    9
   10   12   11    8    8
    4   15    4    8    5
    3    3    7   10    8
   25    3    9    9    7
   21    3   11    8    8
   16   28   10    3    8
   30   21    5    6    9
    3   12    8    8    5
   15    7    2   10    2
    8   12    8   10    2
   28   22   10   10    2
   30    8   11    2    3
   13   12    7   12    5
    5   30    7   12    2
   22   21    9    2    9
   10    9   10    4    2
   19   28    8    4    2
    2    7    9    5    9
   10   16    3    8    4
   26   15    7   11    7
    7   23   12   10    2
   21    4    5    5    9
   22   18   10    6    5
   11   14    7    9    8
   18    9   12    6    9
   22   14    7    3    1
    5    2    4   11    2
   11    6    8   10    9
    2   10    8   12    3
   28    5   12   12    4
   20   11    6    5    7
   26   19   11   10    2
   10   30    3    1    2
    7   17    1    3    2
   26   14    5   11    8
   11    3    9    7    7
   29   24    3    7    7
    9   24    8    1    8
   25   22    8    8    3
   11    9   12    4    9
   28   28   12   10    8
   30   16    6    4    9
    6   20    7    4    2
   22   13    2    5    9
   26   28    9    7    8
    9    7    7    8    3
   27   23    4    2    9
    9    3   11    6    7
   25   14    8    3    3
   23   26    3    1    2
   20    7    8    2    7
    3   27    4   10    7
    1   11    4    1    2
   21   17    3    6    7
   24    1    5    8    6
   20   30    6    7    5
   18   28    7   10    5
   25   20    6   12    7
   17   30   11    1    3
   11   27    6    3    7
   25   28    3    7    8
   21   20    8   10    1
   14   23   10    8    8
   19    7    3    4    9
    2   23    7    6    8
    1   22    9    3    8
   10   29    3    3    7
   18   16    2    5    3
   22   11    1    8    2
   10   17   11    2    6
    5    6    9    7    3
   15    6    6    2    3
    1   20    5    1    4
   23   23    2    6    9
   18   26    7   11    7
   18   24   10    1    8
   10   18    6    3    1
   26   22    1    5    7
    8    2    5   10    7
   30   24   10    9    8
   27   18    2    3    7
   22    2   12    5    8
    1    1    8   11    6
    8    4    3    3    7
    9    9    3   12    8
   15    1    6   12    2
   23    4    1    1    5
   25   29    8    1    2
    3   22   10   12    4
    4    2    3   12    4
   29   28   12   10    2
   23   21    1    4    3
   22   16    9    1    2
   24   21    7   10    2
   21   13    5    3    2
   12    5    6   10    2
   12   11    8   10    9
    5   11    4    9    9
   11   24    2    6    9
    5    4    3    5    8
   13   29    3    3    5
   16    3    8    6    9
   16    8    7    6    8
    7   27   12   10    7
   18    7    8    9    3
   29   21    1   10    1
   18   29   12    8    6
    6   14    2    9    4
   12   26    4    5    6
   29   29   11    3    7
   28   20    5    3    8
    9    1   11    3    2
    3   19   10    6    8
    7   24   11    1    9
   25   12   12    1    1
    8   22    3   12    4
   16   24    7   10    3
   25    4   10    6    7
   19   18    5    7    3
   24   12    2   10    4
   29    7   11    5    5
   22   24    1   11    4
    4   20    2   10    3
   14   29    4    9    4
   15   18    6    3    4
    2    2    9   12    9
   25   21   10    9    9
   16   21    4    2    8
    6   12    8    6    8
    7   14    3   12    7
   27   20    9    3    6
   28    1    3    1    5
   15    3    2    7    4
    4   24   10    8    4
   12   18    6    6    4
   27    9    7    4    4
   21    9    8    7    5
   18   20    7    5    8
   11   28    2    5    6
   14   30    1    7    6
   21   11    8    4    9
   30   28    2    3    7
    1   26    7   10    7
    4   22    1    7    7
   22   19   12    9    6
    2   25    9   11    7
   10    6   12    7    5
   23   28    9    1    5
   17    9    4    1    6
   13    4    9   12    7
   12   17    9    5    6
   12   15    4   12    5
   25   16    1   10    4
   22   27    6   11    7
    9   22    7    1    6
    3   26    1    4    7
   27    1   12    6    6
   25   24   12    5    7
   15   14    6    4    4
   10   26    2   10    7
   17   22    2   12    8
   30    1    9   11    6
   27   14    6   11    4
   29   26    2    3    6
   23    8    4    1    8
    3   20    9    7    6
    5   20    3    3    5
    9   29    2    6    6
    7   11    3    6    6
   27    2    3   12    4
    5    7   12   11    3
   21   15    7    9    2
    8   19   11    6    2
   13   23    5   10    3
    8   21    2    3    3
    1    8    1    6    6
    7   16    5   10    3
   20   17    5    8    1
   27    4    4   12    2
    8   14    6    1    3
   25   15    5    8    3
   12   27    9    7    4
   16   27   12    4    3
   18   17    7   11    3
   27   30    7    6    3
   13   10    7    8    4
    1   18   10    8    5
   16   19    4    6    9
   25    1    7    5    6
   24   20    8    2    5
    1   23   12    2    4
    1   21    5   10    4
   18    3    4    9    6
   11   18   10    9    5
   20   15    3    8    7
   10   24    9    1    9
   19    4    5    9    9
    4   28    6    4    6
   21   19    6   11    8
   10    1    6   12    9
   15   23   12    7    8
   23   12   11    1    5
    9   16    6    4    5
   12    4    2    8    8
    8    3    4   10    8
   10   19    8    1    7
   14    3    4   10    4
   20   19    9    4    3
    6   21   11    2    9
   19   19    8    3    7
   21    7    8    9    5
   22   29    7    2    6
   26   13    5   10    4
   12   12   10    5    9
   23   10    9    4    6
   11   26    2    4    9
   23    9    7    4    8
   28    7   10    5    1
    5   18    7   10    2
   22   22    8   10    3
    8   17    8    6    9
    4    1    5    5    9
   19    1    3    3    9
   11   30    5   10    8
    1   29    9    6    6
   28   12    6    2    9
   15   13    8   11    3
   26    4    9    9    4
   25   27   10    3    4
   20   13    1    7    4
    5   26    4   12    5
    4   11    3    8    8
    8   29   10    6    5
    8    7    7    1    4
    8    5    7    6    6
    4    9    3    1    9
   28   27    1    2    6
   11   16    1    4    7
   13   27    6    1    3
    3    4   12   12    6
   13   13   10    3    7
    1   16    5    6    9
   17   11    7   11    7
    4    6    6    9    8
    2   18    7   11    4
    7   22    1    1    5
    1   12   11   11    7
   13   19    4    1    9
    2   14   11   10    9
   17   16    6   10    4
    6   13    5    7    8
   24    6    1    5    7
    8   24    8    2    7
   25   10    5   12    7
    2    6   10    7    9
   28    3    9    3    8
    4   29    9   11    8
    8    6    9   12    9
   16   29    3   12    6
   14   24    9   10    5
    1    6    7    8    6
    2   26    6    4    8
    7   26   12    7    6
   12   19    2    8    7
    4   18    9    8    5
   28   13    4    9    7
   28   24    7    3    6
   11   15   11   11    4
   26    8    4    1    6
   12   16   11    7    4
    6   23    4   12    9
   20   10    8   12    3
   19    6    1   11    5
   19   27    4    5    7
    5   24   11   10    8
    2   11    6    2    9
   18   13    4    4    6
   27    5   11    3    5
    8   20    8   10    6
   17   23    1    9    5
   13   24   11    8    6
   16   16    7    9    5
   30    4    7    9    6
   23   11   12   10    5
   17   13    5    9    7
   28   10    1    7    7
   30   25    9    3    7
   11   29    3    1    5
   23    3    4    4    6
    6   28    6   11    6
   15   27    7   12    7
    5   19    1    2    4
   19    9    3    3    4
   20   29    3    1    7
   15   22   11    6    5
    4    7   11    1    5
    5   25    2    3    6
   30   22    8    7    5
    6    3    3    5    3
    3    1    4    6    9
   14   14   11    5    9
   30   18    6    8    4
   10   21   11    4    5
   26   24    9   12    9
    8   28    1    5    5
    3    7   12   11    3
   26   25   11    5    6
    6    7    9   10    3
   27   29    8    4    6
   15    2    5    6    3
   27   27    4    5    4
   17    2    1   12    5
   28    9    6   10    8
    5   14    8    8    7
    9   30    3    7    4
   14   17   10   11    7
    6   29    4   10    4
    2   24    3    4    9
   24   17    1    4    5
   20   20   12   10    8
   30    7   11    9    9
   21   12    6    6    7
   17   25   12    9    9
   18    8    5    5    3
   10    4    3    3    6
   27    8   12    6    9
   17   27    8   11    6
    9   26   11    7    8
    6   27   12    8    9
   25   19    7    4    5
    4   16    9    2    6
    9    8    5    1    3
