   24   12    1    2    2
   12   14    8   12    7
   16    7    4    8    2
    6   25    6    5    1
   17   30   11   10    5
    9   14    7    2    4
   16    6    7    2    4
    1    4    1    1    3
   14   19   11    2    4
   23    4    1    7    3
   28   15    6    6    4
    6   22    2    9    6
   29   11   11    2    3
   26   26    1    5    4
   20   16   10   10    4
    8   22    1    6    2
    1   24    3   11    3
   11   27    2    8    3
   29    2   12    7    3
    2   24   10    5    5
   12   29    4    8    4
   16   27    4    2    6
   13   13    8    6    6
   13    3    2    2    4
   19   17    9    5    2
   17    3    5    1    3
   26    1    1    2    4
   15   25    5   11    3
   11    1   11    8    3
   15   16    7    3    6
   16   13   11    1    5
   20   15    3    5    3
    8    8    2   12    6
   11   23    1    1    4
   30   24    3   11    3
    5    8   10   11    5
   17   13   12    1    4
    4   16    5    6    3
   20   20    1    6    4
   14    1   11   10    5
    8   21    1    9    6
   15   17    3    6    4
   15    9   10    9    4
    2   30    8    4    8
    9    1    5    6    3
    6   17    2    9    3
   25   29    8    5    1
   19   22    9    1    3
    1    3   11    5    5
   18   14    3    9    4
    7   11    4   12    5
   20   11    3    4    4
   17   28    5   12    3
   19   25    3    4    3
   21   20    5    5    1
    7   22    9   11    1
    9    9    5    8    6
    3    4    5    6    3
    4    6    2    5    3
   26   21    1    9    2
   22   21   11    4    3
    3   15    3    8    2
   25    8    6    4    2
   28   28    8   10    7
   30   11    2   10    6
   17   17    9   11    5
   22   11    7    8    2
    7    9    5    2    3
    6   26   11    8    2
   21   21   12    8    8
    6   18    8   10    3
    1   29    9   12    2
   28   19    8    1    3
   15   22    2    8    3
   26    3    6    4    2
   23   15   10    9    3
    3   24   10   10    3
   26   29    9   12    3
   25    9    4    8    7
   15    4    7   10    7
    9   16   11    2    5
    4   14   10    7    6
   30   20    7    5    3
   13   25    4    9    2
   10   23    2    5    2
   15   21    6    9    3
   20    8    4    8    4
    1   28    3   11    3
   20   25    1    8    3
   18   18   11    4    5
   11    5    9    8    4
   25   22    7    1    3
   16    1    9   10    2
    6    8    7    1    5
   28   23    9    5    4
   16    5    3   10    4
   27    9   10    3    4
   19   27    2   11    5
    9   21    3   11    3
   23   29   12    8    2
   28    5   11    7    1
   18   19   12   10    2
   23   27    3    7    5
   26   16    7    9    3
   23   14    6    3    5
    7   23    1    8    3
   27   17   12    2    7
   30   15    4    9    3
   10    3   11    7    2
    2   20    4    7    2
   10   25    7    9    3
   22    4    7    7    7
   17   16    2    2    4
   21   10    9    9    2
    5   14    8   12    5
   11   25    9    9    4
    1    1   10    6    7
   26   19    4    6    3
   30    7    8   12    3
   19   15    3    5    2
   13   21    7   12    6
    9   10    2    5    3
   28    3    7    9    2
    7    7    8   12    6
   15   15    3   12    3
   10   29    9   11    1
   10   20    1    5    1
   23   19    2    5    2
    7   20    2    2    1
   30   21    6    4    3
    8    7    4    5    1
   30   22    7    2    3
   21   18    2    9    3
    5    5    4   11    5
   11    6    5    5    4
    9   22   12    4    6
    8   24    9    7    3
   14   20    1   11    6
   21    2   10    5    7
    3   27    6    9    2
    7    1   11    1    2
    4   28    6    7    2
   10   27   10    4    3
   19   11    8    3    5
   19   29    9   12    3
    4   19    2    5    6
   26   18    4    3    4
   13   29    2    1    3
    6    6    3    1    8
    9   20    4    3    5
   26    4    4    3    3
   30   18    6    2    8
    5   22   10    7    6
   14   14    3   12    7
   15    6    5    3    3
   17    9    3   12    4
   17   20   12    1    3
   28   13   11    8    2
   18   22    3    7    2
   12    2   12   10    2
    5   17    9    9    3
    4    9   10    8    1
    7    6    7    5    3
    2    2   11   10    3
    6    9    9   11    3
   14    6   12    7    4
   16   21    8    1    5
    4   25    1    7    4
   10   13    8    6    4
    9   30   12    8    4
   27   22    9    3    6
   23   22    6   11    5
   12    5    6    6    4
   25   23    4    4    7
    1   23    2   12    3
    4    4   12    7    5
   13   27   12    2    4
   28   21    1    5    5
   11   14    9    6    5
    5   25    7    1    3
   11    2   10    7    3
   19    2    8    1    3
   30   30    8    6    8
   15    7   12   10    5
   15   14   10    6    5
   14   25   10    9    3
   23    8    8   12    2
   15    2    2    2    3
   16   11    6    1    5
   15   26    1    7    3
    7   13    8    2    2
   26   11    5   10    3
    6   28    9    1    3
   23   17   11   11    5
   21    3    6   10    5
   18   11    8    2    6
    3    3    4    6    7
   17   29   12    2    3
   12   30    7    9    7
    7   26    7    5    3
    7   14    1    2    3
    6   20    7    2    3
   14   17    5    7    3
   24   16   11    4    5
   10   10   12    6    3
    7   19    3    2    5
   16   12   11    8    5
   19   21    5    6    6
   27   30   11    2    3
    3    6   11    7    2
   16   16    1    8    2
   21    4   12    6    5
    8   28    7    5    3
   26   30   10    9    3
   12   15    4    4    2
   30   10   10    4    5
   28   12    4    7    3
    5   15   11    9    2
    1    6    4    6    3
   28   10    2   11    7
   16   30   12    4    5
   27    5    8    8    3
    3   29    4    3    2
   20   18    2   12    5
   17    4    6   10    7
   12    1    9    8    7
   12   17    9   12    6
   14   26    5    3    5
    2    9   12    9    8
    5    9    7   10    3
    6   13    8   10    3
    2   14    6    9    6
   15   13    8   11    2
   24   17    4    4    2
   10   19    2   11    5
    8   26   11   12    3
   12   13    3   11    2
    9   26    1    6    3
   10    6    2    5    5
    2   18   12    9    2
   30   28    4    3    2
   10   12    3    7    5
   24   24    6    5    5
    7   10    6    6    5
   18   15   10   10    2
   27   24   12    8    5
    2   28    9   10    7
   12   19    3    4    2
    3   23    9   10    3
    7    3    4    8    7
   15   27   11    2    3
   25    2    2    1    8
    5   29    2   11    5
   11   11    2    7    6
   28   25    5   12    2
   22   16   10    3    3
    7   21    2   11    5
   10    8    5    4    4
   30    8    4    1    7
   13    1    9   11    4
   15   10    4   10    4
   26   24    4    2    4
   21   14    1    1    7
   22   29    9    6    3
    4   12    9    6    9
    6   19    4    7    8
   13   23    2   10    3
   19   19    2    3    7
   27   27   10    9    3
   29   27    8   12    5
    4    2   10    1    8
   16   29    9    8    5
    7   25    3    1    8
   30    6    8   10    7
    2   23    8    4    5
   14    3   10    1    7
   15    1    5   11    3
   14   13    5    7    4
   24   10    3    9    6
   24    4   10   10    2
    4   11    3    6    7
    9    8    6    9    3
   10    1    3    7    3
   13   22   12   10    7
    3   12    2    9    4
   19    8    7    3    5
   22    3    4    5    5
   24   14    6    3    3
    7   27    7    2    3
   12   27   12   12    5
   24   22    5   12    6
   29    9   10    5    3
   24   13    1   11    3
   23   18    7   10    3
   17    8    4    9    6
   26   12    9    1    3
   13    9    2    8    3
   13    5    4    8    3
    1   20    8   12    5
   28   20    2    8    3
   24   18    6   10    6
    8   27   10    4    3
   20   22    8    3    2
   16    2    8    5    3
   21    6    7   12    7
    4   29    9    8    5
   22    2    2   11    3
   12    6    7    8    8
   23    5    9   11    3
   28    7   11    2    4
    2    1    9    4    3
   21   27    2   12    3
    3   11    9    3    4
    1   22    7    9    3
   18   13    2    5    3
   27   25    4   11    8
    4    5    3    8    8
    7   17    5    8    4
    4    7   10   11    4
   13   30   11    3    2
   28   22    4    1    8
   18    8    1    4    3
   12   18   11    5    4
   20    4    6    3    7
    3    9   10    7    4
   14   22    3   10    8
   11   21    5    4    8
   19   16    5   11    8
   15    8   12    2    3
    6   27    9    4    3
   15   11    6    3    3
   26   20    8    1    3
   22   22    7   12    9
   29   21   10    3    3
   24   23    3    9    3
   20   12    7    2    3
    9   28    7    1    3
    1   25   10   12    8
   12   23    7    4    8
    1    8   12   11    3
   29   29   11    5    2
   22   10    1    1    4
   27   14    5    1    9
    6    5    2    7    3
   10    5    3    5    5
   27   18    5    9    5
   23   20    3    7    3
   29   28    1    1    2
   23   23   10   12    3
    6    2    1    5    8
   26   28    5   10    5
    3   16    8    9    8
    1   18    9   12    3
    8    4    6    8    3
   29   15    9    4    2
    4   30    3    2    5
    7    2    8    6    3
   11   28    7   12    2
   16   14   11   12    2
   18    4    6    7    3
   11   10   12    8    2
   21   12    2    9    7
    9   11    2   10    3
   16    8    1    8    2
   27    4   11   12    2
   10   18    6    1    2
    3    8    3   12    2
   26   13    4    9    2
   24   28   10   12    3
   13    2   12    3    3
   25   16    3    4    4
   24   15    4    4    2
   21   17    3    1    3
   30   25    8   11    3
   20   29    5    2    4
   25   21    5    3    5
    1   19   12   10    4
    2   26    7    7    3
   27    2    9    6    3
    8   14    3    3    4
    6   23   12    9    5
   11   12    6   11    3
   13    4    8    6    3
   14   10    8    9    2
    1    5    7   12    4
    1   17    7   12    2
   27   28   11    8    6
   28   18   11    4    3
   18    7    8    1    4
   24    7   12    6    2
   20   13    2    5    3
   10    4    5    3    2
    1   27    2    4    2
   29    8   11    8    3
   23   26    1    8    8
   18   25    7    9    7
   11   17    1    3    4
    5   20   10   12    4
   12    8   11    7    3
   24   29    2    1    3
    8   11   11    1    3
   25    3   11    7    3
   26   17    3    8    3
   30   23    7    5    3
    3   30    6    9    5
   10   17   11    4    3
   29   18    3   12    8
   23    9   11   11    5
   30   19    8   10    3
   28   14    7   11    3
   12   25    1    7    8
   29    6   10    6    3
   26   22    1    2    4
   28   16    8    8    3
   29   30    3    2    2
   21    5    3    9    3
   19   13   11   11    3
   18    5   10    5    3
   25   26   10   11    8
   14   29   10    2    3
   12    7    1    9    3
   11   24    3    7    8
   22   17    9    1    3
   30    1    7    2    3
   25   25    7   12    8
   10    2    1    4    3
    6   24    9    5    9
    5   26    7    3    9
    5   24    8    5    3
   19    5    4   10    9
   20    3    2    3    3
   12    9   10    4    3
   26   27    6    9    2
    1   21    6    5    2
   13    8    9    7    2
   10   26    5    7    3
    2    8    2    3    3
    7    5   10    1    3
   19   20    5    5    3
   17    2    3    2    3
   23   21   10    4    3
    9   18    6   12    3
    2    5    8    5    8
   24   21    2    6    4
    2    3    8    5    4
   16   23    7    5    2
   25   17    8    9    8
   20   24    6    5    3
    9   19    8    6    4
   27   20    8    5    5
   18   16    5    9    5
   24   25    2    8    5
   10   16    3   12    3
   18    3    2   10    5
   29    7    6    7    3
   11   13   11    5    3
   12   12   10    8    3
   17   18    3    1    7
    3   19   10    7    5
    5   30   12    5    3
    9   24    6    7    3
   22   12    4    2    3
    3    5    8    3    3
   30   14    1    2    8
   24   19    3    3    2
