    3   23    1    1    2
    7    3   12    5    6
    2   24   12   11    3
    6   22    7    4    4
   12   30    8    6    6
   13    3    7    1    7
   13   29    9    5    1
   25    2    5    1    7
   13   13    1    8    8
    5   18    2    8    6
   19    5   10   12    6
   22    7   11    9    2
   24   12    5   11    3
   14    7   10   10    2
   19   25    8    3    6
    6   26    1    6    2
   13   26   11   10    6
   23   16    1    6    3
   22   22    4    5    9
    5   24    1    6    7
    7   18    7    9    4
    1   15    8    4    5
   18   11    1    6    6
   14   24    2    7    2
   20    3    7    8    2
    8   23    8   10    3
    8    8    4    9    6
   20   23    3    5    7
    5   14    1   12    3
    3   12   10   10    4
    3   26    6   11    2
    4    9    1    8    2
   14   23   10    1    3
    1   14    3   11    6
   14   12    9    1    5
   19    8    6    2    6
    5   15    7   10    2
    6   13    6    9    7
   15    2    2    6    3
   22   20    5    8    2
    4   12    2    4    8
   21   25    4    1    3
   13   21    1    8    5
   23    2    7    3    2
   12   27    4   12    3
   25   13    7    9    6
   25   11    5    8    2
   14   20   10    6    6
   29    6    4    9    4
   16   20    5    8    3
   13   11    4    8    5
   21    8    6   12    3
   15   10    5    2    7
    5   17    1    7    2
    4    7   10    2    3
   14   15    8    2    2
    5    1    8    1    3
   17   22    5   11    1
   14    3    1    1    7
   25    5    4    8    6
    9   30    3   11    5
   18   13    7    4    4
    3    8   10   10    2
    4   16   10   10    7
   28   12    1    7    3
   25    8   10    6    6
    9   22    8    9    2
   21   16    5    7    7
    1    2    8   12    3
   24    7    4   12    6
   19   19    9    5    2
    4   18    9    6    8
   19   20   11    3    8
   30   20   10   12    7
   13   27    7    5    7
   24   22    9    9    6
   30   26    3   11    2
    4    5   12    4    9
   21   11    7   10    8
   28    6    8   12    4
   26    1   11   11    7
   13   14    7    8    3
    7    1    6    4    2
   28   20    8    2    2
   18   17    5   12    3
    3    3    3    7    4
   11    6    3    4    6
    5   26   10    2    2
   20   25    4    7    9
    5   11    9    9    6
    7   29    9    2    2
   23   28    6   11    1
   10   10    9   11    1
   16    1    6    8    6
   10   29    1    3    2
   17   21    2    4    3
   22   26    4    6    2
    7    8    2   10    4
    9   24    9   12    3
   29   29    8    2    7
    2    6    1    9    6
   12   15    7    6    8
   25   18    3    3    2
    5   10   11    7    1
    5   13   11    3    7
   14   19    9    9    2
   12   16    8   10    7
   19    2    2   12    7
   27   19    1    1    6
    4    3    4    2    9
   18    6    4    9    2
   28    5    8    3    3
   27    7    3    1    1
   16    6    6    8    3
   27   25   11    5    1
    6    1    2    9    4
   29   28    8    9    2
   30    2    2    4    2
   16   27   10    7    3
   17    8   12   10    2
   26   18    5    9    8
   27   24    5    5    5
   30    1    9    5    3
    7    7    2    4    6
   14   17    5    8    2
   28   22   10    6    7
   25   26    7   10    8
   11   26    6    9    6
   14   30    7    3    2
    6   30    5    8    3
   16    3   11   12    4
    7   13   12    2    6
   20    4   11   11    2
   17   24    9   12    6
   23   27    4   10    7
   19    6    1   11    6
   29    8   10   12    3
    6   12   11    8    9
   23   21    8    6    6
    9   20   10   11    4
    7    6    5    9    3
   16   28    1    2    2
   11   29    6    5    7
   17   28    7    5    2
   10    8    8   10    2
    3   11    6    8    3
    8   30   10   12    2
    2   18   12    4    3
    9    5    5    6    2
   22   29    2   10    1
   11   19    3   10    6
    1   13    1   10    4
    8   22    8    3    4
   17    4   12    2    4
   24   15    6    1    6
   19   23   11   11    3
   19   17   12   12    4
    2    9    4   12    5
    6    5    4    1    1
    4   15    1    4    4
   16   14   11    5    3
   19   15    8    6    4
    9   19    7    8    5
    7   11    3    5    8
    7   23    7    8    2
   10   12    6    6    6
   19   28   11    5    3
    9   26    7   11    7
   16   11    1    2    6
    1   20    7    7    2
   21    2    4    4    8
   16   26    6   12    5
   13    8    1    8    4
   21    1    5    2    3
    5   12    8    5    4
   20   11   11   11    2
   10    3    5    4    1
    3   25    2   11    4
   11   11    1   10    8
   24   29    8    6    5
   15   26    8    5    3
   24   10    8    5    7
   19    3    1    5    6
    5   27    2    8    4
    4   23    3   12    7
   15    7   12    5    3
   21   24   12    3    3
   11   28    9    9    2
   30   15   10    7    2
   10   11    9    9    7
   18   18   11    3    2
   20   21    1    7    3
    9   29    3    3    2
   15   21   11   11    3
    5   16   10    4    1
   22   23   11    4    1
   17   17    9    3    6
   26   20    1   12    4
   16   22   12   10    3
   30   28    9   12    4
   28   14    4   11    4
   22   21    5   12    6
   15   20    6    5    2
   10    4    9   11    3
    9    1    9    9    6
   26   26    4   10    6
    2   14    2    7    8
    6   15   10    3    2
   11   14    2    2    9
   21   29    4   11    6
   30   24   11    4    5
   28   15    8    9    6
   16   29    3    5    6
    8   27    7   10    3
    4   29    3    3    2
    8   15    7    3    2
   19    7   11   10    1
    1   18   11    2    3
   25   14    8    1    4
   26    8   11   12    3
   18   21    8    5    6
   25   16   11    5    7
   23   23   10    8    8
   24   24   10    3    7
   16   13    3    6    7
   18    9   12    6    7
    1   24   12    4    5
   24   18   12    5    6
    4    8    4    3    4
   23   11   12    2    4
   15   15    1    9    8
   16    8   10    4    6
    9   14   12   10    2
   30   30    6    9    2
   12   22    5    8    1
    3   18    4   10    4
   17   10    3   12    3
    7   12    6    1    2
   10   18    1    8    7
   22   19   10    1    2
    3   28    3    7    1
   26   28    4    1    8
    7    5   11    6    7
   27    4    8    6    7
   15   23    7    3    3
   25   29    4    7    2
    9   11   11   10    5
   28    7    8   12    2
   23   13    8   10    2
   13   22   10    6    3
   11    1    4   11    4
    2   11    8    5    4
   14   14   10    6    3
    3   24    4    4    4
   21   19    6    3    6
   20   17   12    6    5
    8    2    1    3    4
    3   15   10    9    2
   12   25    5    4    1
   12   23    5    4    2
    5   20    8    4    3
   23   25    2    1    6
   15   18   11   10    9
    7   21    3    7    7
   30   18    9    8    2
   27   10    7    6    1
   21    3   11    8    2
    9   15   11   12    2
    7   16    8    8    6
   25   22    2    2    2
   16   18    7    3    4
    5    2   10   12    3
   27    6    6    6    2
    4   14    4    4    7
   22    3    6    9    6
   21    9    1    9    3
   24   11   11    4    4
   19    4   11    1    3
   22    2    5    8    6
   29   17    6    7    2
   17    6    6    1    3
   12    1    1    7    2
    2    3    2    4    4
   10   25    7    9    2
   23   29    7    1    5
    7   17    2   10    3
    6   23    4   12    8
    2    4    3    5    7
   22   10    3   10    6
   16   17    5    1    5
    7   30    4    2    3
   26    2    1   11    2
   21   28   12    7    2
   26   10   12    9    3
    2   10    3    6    5
    5    8   12    2    8
   16   15   10   12    7
   27   29    2   10    2
    3   30    1    5    6
   27   14    6    1    7
   26   29    5    9    5
   26   19    8    6    3
   11    4   12    9    6
   15   25    5    5    3
   26   17   11    6    2
   21    6    4    1    6
    2   28    1    7    2
    5    3    1    2    7
    7   20    5    5    4
    8   14    9    5    8
   30   29    3    3    2
   27   30    5    5    7
   25    1    6   12    4
    2   12   10    2    2
   10   14   10    8    4
   27    2    6    7    7
   18   19    1   11    8
   10   16    3    3    8
   28    8    3    7    6
   13   30    4    5    4
    2   29    5    2    3
   20   20    2    5    2
    8   18    1    8    6
   17   30    5    7    9
   28   24   11    1    7
   27   15    2   10    6
   24   13    8    3    7
   28   28    3    8    8
   26   23   12    7    6
    2   13    7    6    5
   16   30    8   12    7
   14   18    5    6    3
   27   20   12   10    3
   10   28    9    2    2
   20    2    7    6    8
    1   28    7   11    4
   23   18    3    9    7
    1   22   11    8    8
   20   10    1    1    3
    1   19    4   10    8
   13   17    8   10    8
   10    1    3    1    8
   22   14    6    8    7
   12   13    5    1    4
   12   19    5    9    2
   14    6    1   10    8
   26    7    3   10    2
   23   24    7    6    2
    6    6   11    6    8
    9    8    8   10    7
   27   18   11    4    5
    9    7    8    4    4
   10    6    7    1    7
   28    9   11    2    3
   17   23    7   11    1
   21   26    4    1    4
   11   30    9    7    3
   20   12    9    2    7
   19   10    9   12    8
   24    4    6   12    8
   16   24    7    8    4
   24    8    4    1    6
    2    2    2    4    9
   27    1   10    6    6
   30   25   10    5    4
   28   13    5    5    2
   29    5   12   11    1
   11    8    3    7    2
    4    6    7   12    2
   11   22    3    4    3
    1    3    2   11    6
    7   10    8    7    7
    3   27    9   12    2
   13    9   10   11    3
    9   23    1   10    2
   24   19    7    8    2
   17   11    9    4    7
   20   29    5    3    5
   20   18    5    6    5
   20   13   10   11    7
   26   24    7    5    3
    9   10   11    3    2
   16    9    5    5    3
    5    5    1    5    8
    6   25    3    7    5
   27   27   12    5    4
   29   15    3   12    7
   17   12   12    2    2
   18   12    5    8    7
   22   18    7   11    7
   27   21    1   12    6
   28   27   10    5    4
   25    4   12    4    3
    1    8    3    5    6
   16   16   12    7    7
    4    1    1    9    9
   11   12    1   11    7
   25    9   11    3    9
    5   30    5    5    5
    5   23    7   12    3
    1   29   11    5    6
   27   26    2   10    2
    1   23   10    9    7
    1    1   11    7    3
    3   17    1    7    2
   22   27    9    1    6
    6   20    9   10    2
   29    3    2    1    3
    9    9    9   12    8
   15   13    4    8    7
   21    4    8    1    2
    7    2    2    3    3
   12   26    5    9    3
   19   29    6    9    7
    3    6    9   12    8
   20   24    8    8    3
    2   17    5   12    8
   16   19    1    9    2
    9    3    7    7    3
    4   30    6   12    2
   25   24    3    5    4
    1   17   11    6    3
   10   23   10    3    7
    9   27    5    2    3
   17   15    1   11    6
   10   21    3   12    5
   14   26   12    9    8
    4    4    9   11    8
   25   28    8    6    5
   12   12    8    7    9
    9   17    2    4    2
   12    8   10    8    8
   10   13    8    4    2
   25   25    3   12    7
   18   28   11    3    2
    6    8    9   11    3
   18   29   10    4    5
   30   22    7    8    4
    4   28    8    9    3
    7   25    6    2    2
    9   12   11    8    1
   10   30    5    7    7
   14   29   11    5    5
   19   30    8   10    6
   14   21   11    1    8
   24    6    4   11    6
   21   30    4    4    7
   22   15    5    5    4
   29   12   11    1    3
    4   22    6    3    6
    4   26    6    5    5
   13    4    4   11    7
   12   21   12    5    8
   21    5    8    6    6
   22    5   10    3    6
    2   16    8    7    3
   23   30    7    6    2
    6    9   11    1    2
   27   17    2    7    6
   11   27   10    3    6
   21   21   12   11    7
   15   11    4    8    7
   13   19   12    6    7
    8   20    8    8    2
   25   17    4    9    3
