   26    9    3    4    7
   17   28    8    8    4
   21   23    8    8    4
   15    5    9    9    6
    5   29    6    6    5
   22   25    6    1    4
    2   26    4   10    6
    4    1    9   10    7
   25   30    9    1    5
   20   23   11    4    9
   30   26    5    4    7
    9    4    5   11    7
   22   24    4   12    8
   28   16    2    9    6
    7   27   12    5    6
   23   25    9   12    5
   25   13   10   12    4
   25    4    4    3    5
   15   19    4    3    3
   29    2    5    4    5
   26   22    9    9    5
   15   15    8   11    9
   29    1    8    6    5
   15   20    8    4    4
   16    6    4    1    5
   28    4   12    5    5
   11   11    4   10    9
    3    6    8    2    3
    4   22    9    9    6
   25   28   11    1    5
   11   21    6   11    6
   12   28    1    1    4
   28   11   10    6    2
   12   19    7   12    6
   12   11    8   12    5
   21   22    9    2    5
   20   25    4    5    3
   21   18   10    2    4
   18    6    8    9    2
   25    8    3    8    6
   29   22    6    3    4
   17   19    4   11    5
   11   24    1    7    2
   13    5   10    8    9
   30   17   12    4    3
   20   28    3   11    1
   20    3    3    3    6
   17   16   11    5    6
    3   18   10   12    6
   22   23    6   11    4
   22   19    2    4    6
   21   26    7    8    6
   14   12    4    1    4
   16   16    1    5    7
   27   27    2    8    7
   15    2    8    4    1
   30    3    4    7    4
    3   11    3   12    5
   11    5    4    9    3
    1    8    9    9    7
   18   26   12    1    8
   11   25    6    3    5
    8    4    4    4    4
   29   24    3    4    1
    8   28    7    8    1
    4    4    8   11    9
   17    3    9    8    3
   25   16    5    3    3
   26   23   11    2    4
   12    5    2    7    6
   26   26   11    5    8
    7   13   12    4    3
   15    1    4   11    4
   11   26    4    8    4
   21    7   12   10    2
   17   27   10    1    1
   19   21   12   10    4
    7   16    6   11    3
   15   29    8    8    6
    5   26    2    6    6
   19    7    2   12    7
   12    1   10   10    4
    7   10   10    5    2
    7    4    9   12    4
    9    7    9   10    2
   21   21   10    8    9
   23   10   10    1    2
   14   29    3    3    6
    9   22   11    4    2
   26   16   11    8    7
   28   28    7    8    7
   29   25    4    7    8
   27   14   10    7    1
   29    7    9    8    1
   25    7    3    8    7
   15   11    9   12    5
   25    6    7   11    1
    4   10    8    9    1
   13   26    3   11    4
   22   13    3    9    5
   21    3   10   11    4
   11    2    3    9    4
    7   26    6   10    2
   14    3    5    5    5
   30   29    5   12    2
   19    5    2    3    5
   17   26    4   12    3
   17   25    7    4    3
   20    5    9    1    1
   21    1   12    7    3
   14   28    6   12    2
   23    9    2    6    6
   11   23    1   12    6
   21    6    9   10    6
    4   26    5   10    5
   30   11    9    5    5
   11    6    9    2    4
   19    9   11   12    3
   25    9    4    2    5
    9   20   11    8    3
   22    2    9   10    5
    6   19    5    3    4
    9    9    3    2    8
   27   23    1    3    6
    8    2   12    1    4
   26   25    6    8    8
    2   18    3    5    8
    5   27    1    1    1
   17   14    3   12    5
    9    6    2   12    1
   18    5    8    2    7
   21   24    3   10    3
    1   13    4    3    7
   16   12    3    4    2
    4   20    4    7    5
   24   24    8    1    5
    2   12   12    5    5
   25    2    7    2    9
   30   30    9    1    8
    1   18    3    5    7
    6   26   12    3    1
    3   29    3    5    1
   30    5    7    1    1
   22   11    7    1    1
    8    3    4    3    3
   15   22    4    4    4
   15    6    7    6    1
   16    5    9    7    9
   18   18    2    9    8
    5    4    3    4    7
   22    1    6    1    5
   15    3    2    3    4
   22    6   11    3    4
    1   24    4    7    4
   14    8    9    5    6
    3    7    3   11    1
    9   14    8   12    4
   13   28    2    6    4
   12   22    9    5    1
   20    6    8   11    3
   14   20    1   12    5
    2    1    5    5    5
   18   27    7    9    6
    3   23    5   11    1
   26   27    6    2    5
   10   16    6    1    4
   24   15   12    4    4
   21   28   11    4    5
    5    2    3    4    2
   26   28    7    1    2
   20   26    4   10    9
   22   28    8    4    3
    2    2    3    6    4
   22    7    4    3    4
   15   16   12    6    8
    3    3   12    9    9
    9   27    2    4    5
   14   14    4    5    7
    5    9    9   11    3
   29    4   11    6    7
   25   10   12   12    5
   18   15    5    3    6
   15   21    2    3    3
    2   28    5   10    1
   26    3    1    1    5
   10    6    2    8    3
   16   29    9    2    4
    6    5    2   10    1
    6   27    6   12    1
   17    9    1    1    5
    1    6    3    2    4
   18   12    2   10    5
   18    4    3    7    6
   29    9    2   11    7
   18   29    7    5    2
    2   17   10    2    6
   16   18    3    1    8
    2    6   12    7    1
    6   13    3    1    5
   13    8    1    9    5
   26   12    5    8    3
   23    2    5    3    3
   23   13   10    5    2
   29   28   11   10    1
    5   10    3    6    2
   11   14    2    7    9
   13   14    4    6    3
   12   12    3    5    7
   24    3    4    6    4
   29    8    8    9    1
   19   25    1    3    7
   27   10    3    8    1
    1   25   10    6    5
   24   18   11    2    5
    1   23   10   10    2
   18   14    4    1    4
   13   19    1    2    5
    8   20   12    5    1
    5   22    6    9    3
   17   24    5    2    5
   28    3    1   10    2
   29   29   10    4    7
    7    1    8    3    4
   24    2    5    2    2
   26   24    1    7    5
    6   24   12    4    1
   21   30    6    4    6
    9   11    6    2    3
    8   16    2   10    5
    4   27    1    3    3
   18   23    7    1    2
   19    4    4    8    9
   18   22    3    1    1
    7    2   11    2    1
   15   17    8    2    1
   10   11    6   11    1
   19    8    8    1    5
   15   25    8    3    3
   30    4    4   10    8
   14    5    8   12    2
    9   21   12   10    2
   25   27    3    5    7
   29   10    3    6    2
   17   18   12   10    2
    1    5    8   12    4
   19   20    1   10    9
   10   22    2    3    3
    5   25    3    4    2
   18   28   10    5    5
   20   29   11   11    7
   14   16    1    1    5
    5    8    2    5    4
   25   21    9   11    2
   12   13   12    9    2
   12   10    1    5    1
   21    2    7   11    5
   30    1    1    2    4
   10    8    9   12    1
   14   19    2    2    7
   30    7    4    2    1
   11   29   10    4    1
    4   17   11   10    7
   23   28    5    7    6
   20   16   11   11    4
    5    3    1   10    5
   18    9    8    4    7
   11   17    5    4    6
   30    2   12    7    6
   22   16   11    8    1
   13   24    3   12    7
   15   23    5   10    5
    8   21    7    8    5
   25    3    7    4    7
   19   27   12    5    5
    8    7    4    7    5
   19    1    2    5    8
   10   28    9    5    7
   13   17    2    8    4
   10   13    1    6    4
   13   13   11   10    6
   24   28    9    3    2
    9    3   10    6    3
   30   20   10    4    8
   15    4    1    6    8
    8   15    4   12    2
   27   29    1   11    3
   28   15    1    8    2
   12   20    3   10    8
   27   11   11    7    3
   30   18    9    2    7
   14   22    7    4    4
    7   28    5    9    5
   10    2   11    1    9
    6   29    4    5    1
   12    4    3    3    2
   18    7   11    4    1
    8    6   11    3    2
   24    7   10    2    1
   25   18   10   12    8
   23   17    8    1    1
   11    1   11    5    6
   13    9   12    1    1
   30   14    6    2    1
   19   11    2    2    6
   16    1    1    5    5
    8   17    1    5    2
   30   10    8   10    1
   18   10    8    8    5
   14    7    2    6    3
    9   30    1   10    3
   12    3    3    7    1
   19   19    8    5    5
    8   18    5    3    4
    8    8    5    9    5
    6    7   11    9    1
    9    2    8    2    6
   22   22    4    6    3
   12    8    4    7    2
   17   22   11    4    5
   15   10   10   12    6
    3    4   12   11    6
   18   20    8    2    5
    8   30    4    3    3
   19   18    5    8    6
   19   28   10    4    4
    5    7   12   12    3
   20   10   12    6    3
   22    3    1   11    5
   20   13    5    5    2
    2   13    7    9    7
   18   13   12    7    7
   20   17    6    2    7
   15   13    5    7    3
    6   17   11    1    5
   21   16    1   12    6
    1   28   10    8    2
    2   20    8    4    7
   14    4    3   11    8
    2   14    7    7    7
    4   11    3    5    9
    2   19    9    1    8
   13   11    5    2    5
   30   22    8    1    3
   19   26   10    7    7
   23    4    7   12    5
   20   20    4    7    5
   26    1    3    2    7
   14   26    3    3    3
    2    3    2   10    3
   24   25    5   12    2
   24   10   10    4    1
   26   15    9    4    2
   19   30    4    4    3
    1   10    1    7    5
   25   12    9    7    1
   27   20    9    5    1
   12    9    8   10    1
   19   23    5    1    3
   26   10    1    6    1
   16   23   12   12    4
   14   24    5    4    5
   19    3   12    5    5
   16   24    2    8    5
   12   15    5    5    1
   13   30    9    3    2
   17    7    7   12    2
   27   13    4    2    2
   28   27    1   10    2
   11   20   11   11    1
   17    5   11   12    6
   23   24   11    8    1
   21   14    3   10    2
   16   27    5    5    7
   23    5    7    9    7
   21    4    5    4    8
   12   27   11    8    8
    6    4   10    1    4
   16   13    5    5    5
   14   15   12   10    1
   12   24   12   12    3
   11   18   12    3    4
   20   21    3    5    3
   22    8    2    9    3
   13   21   10   11    1
    1   17   12    5    1
   13   29    1    7    5
   14   23    2    5    4
   30   16    1    8    2
   27   21   12    7    3
   16    9    9    1    4
   10   17    7   12    3
   15    7    9   12    6
    4   24   10    6    6
   24   19    7    4    6
   10    9   12   12    2
   21   17    2    2    2
    6    6    8    2    9
   21    5    8    6    5
   15   27    1   11    3
    3    1   10    9    8
   10   21   10    3    3
   21   29    3   12    3
    8   26    2    7    5
   30   15    5    1    2
   11    7    2    3    3
   17   17    7    8    5
    5   28    7   11    1
    4   13    8   11    7
   20   22   10    6    5
    5   24    1    3    4
   25   25   10   11    7
   12   23    5   11    7
    3   27   10    4    6
   23   23    8    5    5
   24    8    7   12    5
   24    9    6    2    5
   12   17   12    1    5
   19   10   12   11    4
    1    1    4    9    9
   10   14   10   11    7
   25   14    7    3    4
   16    2    2    4    4
   11   16    4    4    7
   27    8    4    4    2
   27   30    3    7    3
    3   13    4    9    9
    4   16    5   12    8
   12    7    7   11    1
   28    6    3    8    2
   23    6    9    8    3
    3   16    5    9    8
    6   30    4    3    3
   30   24    7   12    9
   15    9    1    8    8
   30   28    7    5    5
    8   11    7    8    4
    7    7    3   10    4
   14    1    9    4    9
    6   14    6    9    3
    1    9    6    9    7
    9   28    3    8    4
   23    8    2    6    3
   29   17    7   12    1
    7   20    9    4    2
    9    8    6    1    3
   12    6   11    8    3
   27   24    5    7    1
   24   20    9    2    1
   19   29    2    8    4
    1   20    8    9    8
   10    3    8   12    4
    7   23    5    7    2
   12   21    1    6    8
    4    2    3    9    7
    5    5    2    5    6
   27    2    4    4    2
   22   27    4    3    3
   29   26    6   12    4
   16   19   10    8    7
   23   30    3    6    6
    1   27   11    6    9
   30   12    9   10    5
   29   12    5    7    3
   23   29   12    2    3
   10   10    9    1    5
