   10   21    6    7    3
    9    6    9    5    1
    6   21    1    2    6
    3   16   12    8    6
   15    1    4    6    7
   19   26    6    8    3
    6   14    9   11    4
   14   30    5    6    2
   15   24    2    4    1
   27   29    3    9    1
   11   11    3   11    3
   16   18    4    1    4
    1    6    9   11    5
   28    7    6   12    7
    3   15    5    1    7
   17   25    1    7    4
   21   18    1    7    3
   21   28    4    3    2
   19   23    8    9    1
   28   20    1    9    1
   15   22    1   12    1
    9    5   11    4    3
    6    7   10    8    5
    8   10    3   10    4
    9   22    5   12    5
   15   15    7   10    3
   27   17   11   11    4
   25    1    8    2    6
    9   19    4   11    2
   16   10    6    2    4
   28   25    6    9    2
    4   26    6    2    4
   29    3   12   11    3
   17   13    2   12    4
   21   22    4   10    5
   29   15   11    8    3
   13    4    8    5    5
   25   30    6    6    1
   23    7    7    9    2
   24   25    1    1    2
   26    3    1    2    1
    5    2    3   10    4
   10   28   11    9    2
   25   11    7    4    5
    1    4    9    8    6
    3   23    8    2    1
    6   29    4    5    2
   30    2    4    2    4
   30   30   11    9    6
    4    4   12    6    7
   27   27    9   12    8
    5   16    7    9    7
   14    3   11    5    6
    3    1    1    4    5
   17    5    3    9    3
   13   30   12   11    5
   11   17    1    1    3
   24   13    6   11    6
    5   25    9    2    4
    6   25   12    7    2
    5   18    4    9    6
   15   30    7   11    7
   15   12    2   10    1
   25   18    4    3    4
   10   23    4    7    3
   22    8    9    5    6
   21   17    2    5    4
   26   29    2    5    7
    9   23   12   10    4
   23   27   10    2    8
    4   11    7    2    5
    5   10    7    7    6
   11    8    1    1    7
    7    3    1    5    4
   26    9    5    4    2
    1   17   12    7    3
   15   26   12    5    5
   20    6   10    8    1
   21   21    7    5    8
   19   15    4    3    2
   13   28    9    1    3
   16   14    6    2    8
   19   22   12    9    4
   24   24    5    7    9
    2    9   11    9    6
    9   25    4    9    3
   28    6   12   11    7
    7   24    5    6    6
   20   29    2   12    2
   11   24    8   10    1
   28   28   11    1    4
    2    2   12    5    4
   29   18    8   12    8
   30   12   12    7    3
   21    9    5    9    2
    9   10    5    8    4
   13   27    5    2    2
   27    4    1    6    6
   26   25    8    4    3
   27    3    5    6    6
    5   20    2    9    4
   22   10    8    2    8
   29    5    3   11    3
   22    2    5   10    2
   10    1    4    4    2
   26   16    7    4    3
   30   16    3    6    4
   18    7    9   11    3
    2   15   12   11    4
   29   10    7    7    5
   10    4    7   10    3
   29   24    4    1    4
   11   12    6    6    3
    9    4   12    3    4
   23    8    4    5    5
    1   21    2    6    6
   21    7    7    6    7
   21   15    2    5    6
   14   25    1    1    7
   10   30    5   11    6
   13    3    1    5    3
   20   26    6   11    4
   25   10    9    8    6
   22   26   11    7    7
   11   29    4   12    5
    7   27    3    5    3
    4    8    4    7    6
   23   29   12    1    3
    7   14    7   12    6
   27    2    2    4    7
    3    3    5    2    6
   24   20   11    8    1
   21    2    7    3    6
   16   29    7    5    3
    2    6    6    8    2
    8    7   12    1    8
    4   25    5    8    4
   17    8    1    3    7
   30   23    1    2    8
   15   10    4   11    3
   17   20    2    7    6
   20    9   10   11    4
   19    2    9    9    8
   19   19    8    1    2
   26   18   12    1    8
   27   10    3   12    4
   26   10    1   12    4
   27   15    3   12    8
   22   27    4    4    8
   30   11    4    9    3
   29   13    5   11    8
    1   22   12    9    3
    5    5    3    9    5
   25    8   11    9    7
    6    6    6    2    7
    5    7    9    9    6
    9    3   10    8    3
   25   15    7    3    6
    8    6    6    1    7
    1   19   11    9    3
   23   21    3    6    5
   26   14    8    9    4
   10   14    1    6    3
   14   15    2   12    6
   18   23   12    2    6
   18   20    7    5    3
    6   24    1    2    1
    2   14    5    8    5
   15   17    2    3    4
    1    1   10    5    7
    9    9    3    7    7
   30   18    8    1    4
   30   20    4    1    7
   17   12   11    8    3
    3   21    7   11    3
   15    7    2    2    2
   18   10    3    4    6
    3   30    3    4    3
   14   28    6    1    2
   30    4    6    2    6
   29    7   12    3    3
   16    8    7    1    3
   28   26   12    3    4
    7    7    5    3    8
   19    8   12   12    7
   25   21   10   11    3
   23   16    5    5    6
    4    7    8    9    3
   18   12    5   12    6
   26   11    9    2    4
    7   10    2    6    2
   14   11   10   12    1
   17   28    6   12    2
   21   26    1    8    3
    2   10    7   10    5
   11    6    8    3    7
   18   19    2    8    3
    2   24   10    9    7
   22   22    4   10    4
   17   24    9    6    4
   11   23    9    3    3
    3   19    3    3    2
   11   20    1    5    1
    8   28   12    5    3
    4   15   11    7    6
   27   20    6    5    4
    7    2   11    7    1
    9   14   10    8    5
    9   30    6    1    3
    1   16    8    5    7
    5   28    6   11    6
   24   16    8    7    2
   10    6    7    3    6
   14    1    5    8    4
   12   13   10    5    2
    5   30    1    7    1
   25   23    8    3    6
   24   22    3   11    7
   21    8    3   11    4
   26    6    3    2    6
   19   27   10    4    2
   18   18    3   11    8
   28    3    6    3    4
    5   24    4   12    3
    9    7   11    8    5
   26   12    7    9    3
    5   27    2    9    7
   22    5    3   11    8
   12    7   11    7    8
   18   17    4    3    9
   23   22    2    4    6
    4   29    2    3    4
   20   10    4    5    3
   30    6    5    7    5
   13    8    5    4    7
   17    6    5    4    2
   12    2    7    7    2
   22   14    7    9    6
   11   19    9    1    7
   18    8    6   11    6
   22   17    6   12    4
    7   20   10    2    7
   24   12    1    4    2
   15   11    9    5    4
   22    3   10    4    6
   16    2    2    3    8
   26    7    3   10    4
   29   29    8    7    8
    7   16   10    7    4
   19   12    2    3    8
   13    5    5    5    7
   24    4    1    6    6
    6   16    7    5    3
    1   20   11    1    1
    9    1   12    9    7
    2   29    9    7    3
   19    5    8   11    6
    8   12   11    3    7
   19   25    1    7    8
   17    7   10    7    2
   24   26    3    7    4
    3   11    7    3    7
   21    4    3   10    6
    2    4   10    3    5
   28   23    7    6    1
   20   16    4    3    9
   20   12    2    9    7
    2    8   11    8    8
   20   19    2   12    4
   18   14    9    1    7
    4   12   11   12    5
   29   21    9    3    3
    4   23    8    6    6
   21   27   12    3    2
   27   26    1    3    2
   28   12    1    3    8
   14   12    8   10    9
   28   15    7    7    7
   16   22    3    5    2
   13   19    2    4    8
   17   26   12    8    4
   10   24    7    9    6
    2   18    4    6    4
   17   30    6    9    3
   28   27    6    1    8
   11   18   11    8    4
   14   23   10    3    2
   17   16    5    5    7
   13   10    7    7    9
   27   30    3    5    3
   18   13    1    4    4
    1   27    1   11    2
   19   29    9    3    1
   14   29   12    4    2
    1   11    4   12    7
   25   25    4    6    7
    5   21    8   10    3
   28    1    1   11    2
   23   23   12    8    8
   16   13    4   10    6
   18    4    8   11    4
    5   23   10    6    7
   23   13    9    6    6
   27   18   12    4    8
   13   26   12    8    6
   27    6    4    4    3
    8   15    3   12    7
   13   20    9    5    5
   28    9   11    3    1
   16    9    8   11    5
    9    8    4    7    7
   12   16    6    9    4
    4   17    2   10    7
   15    6   11    6    3
   18   28   12    4    2
   28   24   10    2    7
   29   28   12   11    4
   14   27    6    1    6
   29    8    1    3    2
   20   23    5    3    3
    7   19    1   11    7
   14   17   10    6    8
   27    9    7   11    3
    8   14    5    7    6
   16   21   10    7    7
   20   14   11    2    8
   25    3   10    9    3
   30   26    1    2    2
   26   23   10    3    3
   20    3    8    9    3
   23    2   12   12    2
   19   16    3   12    3
    3    8    2    2    8
   17   29    8    9    3
   25   20    1    4    4
    2    1    5    1    7
    5   12    6    1    8
    1   18    6   11    7
   13   15    3    6    3
    3    2    2    2    6
   17    9    4    8    3
    4   28   10    6    3
    9   12    2   12    2
   19    4    4    9    8
   26   26   11    6    9
   27   25    9   12    3
   11    7   11    2    8
    2   20    5    2    6
    3   24    4    2    7
   24    9   12   12    6
    8    8   11    7    6
    1   12    2    8    4
   20   15    9    8    3
   17   23    4    5    2
   15    9    9    5    2
   30   29   10   12    7
    5    3    9    4    7
   14    4    5    8    7
   20    4    4    4    3
    5    8   12    6    7
    8    1   11    4    6
    2   17   12   10    3
   25    7    4    2    2
   13    7   11   11    2
   30    1    9    4    4
    4    5    3   10    7
    2   28    9    7    3
    5    1    2    2    6
   17    3    7    6    5
   18   22    7   10    3
    7   30    4    1    2
   29   12    6   11    3
   26    1   12   12    3
   28   30    6   11    2
   25   12    2   11    7
   22   29    9   10    4
   21   24    9   11    3
    6   22    7    6    6
   12   10   11    7    8
   26    5    5    4    3
   11   10   10    5    6
   20    8    3    8    3
    6   12    9   11    8
   22    7    2   12    8
   24   18    6    4    3
   18   15    9    6    9
   14   14    3    6    8
   30   19    9   11    3
   18    6    2    9    8
   28   22    8    8    2
   22   11    7   10    3
   14   13   10    8    5
   28   11    5   12    6
   11    5   12   11    7
   23   12   11    8    8
    5    6    9   11    6
   16   27   10    3    3
    4    3    3    2    8
   21   12   12    7    7
    3   12    1    4    4
   16    4    1    4    4
   14   19    1    7    4
   30   22   11    9    3
   14    5    6    5    4
    2   25    2    4    4
    9   18    1    3    2
    9   29    7   12    2
   15   16   12    5    7
   22    4    9    7    4
   25   16   12    6    7
   12   12    2   11    8
   24   14   10    7    5
   13    2    7    3    3
   30   21    8    9    4
   13    9    7   10    4
   23    1    3    8    3
    5   15   12    3    2
    3    6   11    8    4
   19   10    1    2    4
   24   30    3    3    4
   29    1    5    1    2
   27   12    5    6    7
    1   13    3    9    6
   24   23    6    7    7
   24   27    7   11    1
   28   19   12   10    3
    2   26   12    6    4
   26    8    7   10    3
   19    6    3    4    5
    9   11    5   10    4
   19   21   10    8    7
   11   16   12    7    4
   18    3   11    4    7
   20   20    7   12    7
   20   21    6    3    7
   11   27    2   11    3
   11   21    4    9    5
   13    6    5    2    2
   17   17    6   10    7
   13   21    9    1    4
    8   30    6    8    4
    4    6    7    3    6
   15   23    5    8    8
    7    1   10   10    4
   19   17    5    8    8
   13   25    4    3    7
   25   22    6    7    4
   24    1    5    3    3
   20   22    4   11    1
   16   16    6   10    8
   23    6   10    3    7
   13   22    3   10    6
   24    8    2    1    3
   11    2    6   11    5
   14   21    1    3    8
   13   13   11    9    8
   29   25   11    4    7
   19   24    3    9    4
   12   22    1    6    3
   28   16    5   10    4
   10    3    8   10    2
   11   13   12    6    4
   17   10   10    8    5
   10   10   12    4    3
   27    8    3    9    6
