    8    1   10    2    1
   10    2    9   12    1
    3   27    8    6    1
    9    5    9    2    3
   10    5    6    9    1
    8   15    2    3    1
    1   18   11   12    2
   14   24    6    2    2
    3   24    1   12    2
   14    8   11    5    3
    9   13    4    4    2
   26   20    5   12    1
    5   17    1    6    1
   16   13   12    3    1
    5   14    2    5    2
   18   18   11    8    1
   14    4    4   10    4
   17   17    5    1    3
   20   27    8   12    2
   23   20   10    1    3
   17   18   10   10    3
    6   24    3    9    2
   12   25    2    5    2
   14   10    9    3    1
    2   19    1    7    2
    8    2    2    6    3
    8    9    7    6    3
   12    7    6    6    2
   26   10    8    7    1
   13   21    7    4    1
    7    2    2    8    2
   28   26    4    6    2
    8    4   12    3    2
   25   20   11   11    3
   25   27    2    5    2
   29    5    3    5    1
   10    8    8    8    2
   15   15    6    4    4
   19   19    4    6    5
    7   13    1    2    4
   11   25    9   10    3
    7   26    2    1    2
   15   13    6   12    3
   19   25    9    8    2
   21   22   10    3    2
    3    3    2    6    2
   27   17    7    9    3
   18   19   10    1    3
   25   29    1    5    2
   23    7    7   11    2
    8   18   11   11    1
    6   13   11    4    2
   12   28   10    7    2
   13    2    8    8    3
   29    7    2    5    3
   22   24    3    2    4
    1   17    6    5    3
   29   15   10    5    3
   10   10   12    9    3
    3   28    4    3    2
   24    7    2    6    3
   20   30   12    2    3
    3   21    4   12    2
   19    3    8    2    1
   26    2    7    4    2
    8   12    7   12    2
    8   11    7    3    3
    2   18    8    1    2
   24   16    8    7    3
   22    9   12   11    2
   20    4    4    4    4
   24    8    7    2    5
   22   12   10    5    2
   29   17    7    1    1
   27   16    6    4    1
    5   28    6    1    1
   16    4    6   12    1
   10    9   12    4    1
   23   22    3    8    1
   18   24   12    7    3
   30   21   11    1    2
    3   14    2    7    1
    9   16    7    5    2
    7   18    5    4    3
   27   30    3    1    2
   15   20    3    8    3
    2    4   10    7    3
    6   14    7    3    3
   19    7   12    8    3
   21    1    4   10    2
   30   22    5    6    2
   20   22    1    6    2
    4    5    2   10    2
    7    6    8    3    4
   12   15    4   10    3
   10    1    5   10    2
   27    4    2    9    2
   24   20   11   11    2
   12   14    5   12    7
   12   11    7    8    7
    8   27    1    2    2
   27    1   12    3    2
   22    1   11   11    3
   28   22    2    4    3
   24    5    9   12    2
    1   28    1    5    1
   11   26    7    9    2
    2   24    4    5    2
   23   27    6    5    3
    4   13    7    5    2
   11   14    1    3    2
   11    2   10    2    2
    8    6    1   11    3
   12    5    4    8    3
   12   13    8   12    1
    5   11    6    2    2
    8    7   11    2    3
    3   10    8    2    3
   14   22   11    5    3
   23   21    6    2    2
   23    4    8    7    2
   21   20    4   10    2
    6   30    3    2    4
   19    8    4    6    2
    7    1    8   12    2
   23   12    3    3    1
   10   21    4    2    2
    5    5   10    5    6
   20   20   12    3    5
    2    3    8    6    3
   30   18   12   11    5
    5    3    4    9    7
   30   23    1   10    2
   19   29   10    4    2
   12   30    8    7    3
    7   25   12    7    4
   29   29    5   10    2
    3   16    6   10    2
    3   15    2    7    2
   30    8    9    8    4
   20   14    7    5    3
   29    8    5    9    3
   30   25   12    2    2
    1   19   12   11    3
    3   18    3    7    4
   12   16    4    3    2
    8   22    3    4    2
   16    2    2    9    2
   14   15    5   11    2
   17   24    4   12    3
   16    8   12    6    3
   29    2    9    4    2
   16   30    8   10    3
   26   27    9    8    3
   23   19   11    2    3
    4    4    6    5    3
    9   25    6    1    4
    3   17    7    8    3
   12    9    8   12    3
   21    5   11    6    3
   30    1    6    2    3
   28    8   11   11    3
   30   14    1   12    5
   10   15    2    6    4
    2   28    8    3    4
    4    9    5   11    4
   17    7   12    2    4
   29   23    1   12    5
   12   27    2    8    4
   13   29    5    1    4
   27   27   12    3    3
   21   12    1   10    4
   27   14   12   10    1
    5   27    9    9    2
    1    2   12   10    3
    1    1    3    1    2
   26    1    6    9    3
   29   14    5    7    3
   24   25    8    2    3
   26   24    4    8    4
   27   22    9    8    2
   13   13    7   10    3
   22   16    9    6    3
   26   15    8   11    3
   13   28    8    6    4
    3   23   12   11    1
   21    8    3   11    1
    6   27   12    2    1
   11   23   10    5    2
    2    2    6   11    2
   17   10    1    9    1
   16   18   10    8    2
   19   20    7    1    2
   22   17    5   11    2
   18   15    1    6    2
   30   17    8    7    2
   12   19    7    3    3
    7    7    9    5    3
   17    4    7   10    2
   16   23   11    1    1
   19   16    8    2    2
   29   24    8    9    1
   20   13    6    4    1
   12   26    1   10    1
   25   15    5    3    1
    5   26   11   11    2
   28   23   11   10    1
    1   23   10    7    2
   11   29    2    8    3
    6   26    8    5    2
    6   11    4    7    2
   27   24    3    9    1
   18   29   10    2    2
   20    2    1   10    1
   24   24    3   11    3
    6    2    3   11    2
    1   12    5    4    1
   12   17    2    9    2
    3   20   11    1    1
   18   26    1    8    1
    3    9    4    6    1
   17    6   10   11    1
   11    7   12   10    2
   22   22    6    8    3
   23    5    1    6    4
    8    8   11    8    5
   10    6    3   12    4
   13   14    6    6    3
   25   21    3    9    3
   18    9    2   12    2
   28   17    2    8    2
   25   17    1   11    2
   18   21   11    2    2
   24    1    3   10    2
   14   14   10    7    3
    6    6    7    2    6
   13   27    1   10    3
   19   28    5    1    2
    4   21    8    1    7
   22   18   10    6    5
    9   28    1    1    3
    7   30    4    7    2
   28   24    9    9    2
   26   25   12    4    2
   26   13   12    7    1
   18   27    1    4    2
   15    4    6   12    3
   25   16    8   11    4
   13   24    9   12    2
   24   10    5    1    3
    6   21    4   10    5
   10   13    1    1    4
   16   15    6   11    1
    4    1    1    4    7
   25   28    9    1    4
   17   11   12   11    3
    6   12    5   12    4
   21   16    9   12    3
   11   11    9   10    4
   23    2   12    6    5
   25   10   11   10    4
    5   30    3    3    4
   27   28   11   10    4
    4   29    1    6    3
   19   13    1    8    3
    2   12   10    4    4
   21   29   10    1    2
   24   15   11    8    2
   13   17    8    7    2
    9   29    3    8    3
    5    7    7   10    2
    1   16    7   10    2
   20    5    3    3    2
   10   28    5   12    1
   22   15    6    8    3
    8   26   10   12    2
    6    1    2    1    5
   25   25    6    4    5
    9   11    3   11    4
   30   30    3    6    3
   26    9   10    7    2
   30   10   12   12    3
   26   21   12    8    4
    6   29    1    5    3
   30   28    1    3    3
   27   19   12   11    2
   29   26    7   11    2
   25   22    4    8    1
   15   23    6    3    2
   18   12   10    9    1
   28   15    7    9    3
   23   10    5    3    2
    3   30    3    9    1
    4   25    2    9    1
   17   14    1    2    1
   14   21   10    9    2
   15    7    8    8    1
    6   22    3    6    2
   29   22    1    2    2
   23   13    6   10    3
    3    4   11   11    3
    4   10    9    3    4
    6   23    1    7    4
    2   15   11    8    3
   30   11    5    6    2
    9    9   10    6    1
   16    5    8   11    2
   29   20    2    3    2
   30   29   10    1    2
   11   18    5   12    2
   23   25    8    5    2
   28    7    5    8    2
   15    5    4    6    3
   11   24    9    5    2
   27   15    9   11    1
   22   10    9    9    2
   22   19    2    2    2
    9   27    7    7    3
    9   17    8    7    3
    1   14    3    1    2
    6   28    1    3    2
    2   21    8    2    2
   26   14    8    1    1
   20   11    4   11    1
   12   12   11    2    5
   21   19    2   11    4
   15   30    8    4    3
   14   16    4   11    5
   19   26    2    9    2
    6    5    9    7    2
   15   17    4    6    2
   19   10    3    6    2
   28    4    7   11    3
    6    9    1    7    3
   12   24    9    3    2
   27    7    1    7    2
   25    2   10    4    2
   28   21    9   11    1
   22    4   11    1    1
   22    3   11   10    1
    1   13   11    4    2
    7    9   12   11    2
   19    4   12    9    3
   23    9    2    9    2
   24   19    4   11    2
   28   11    3    1    2
   25   14   11    1    1
   16   26   12    7    1
    5    2    8    1    2
   30    9    3   11    2
   11   16   11    8    5
    6   25    6    4    3
   19    9    7   10    2
   14   18    6    8    3
   26    3    8    8    2
   18   13    4   12    1
   20   10    4    2    1
    6   20    7    4    1
   22   26    7   12    2
   18    5    3    4    3
    6    4    8    2    2
    2    9    9    4    2
   22    7    2    9    3
   25   18    1    4    4
   19   15   11    1    4
    5   22    4    5    3
   20   18    8   12    5
   23   23   11    8    4
   18    6    7    8    3
   12   10    4    5    2
    9   14   12    9    2
    7   20    3    6    1
    5   19    3    8    2
    4   24    3   11    2
   20   28    8    2    2
    2   22    3    7    2
   24    9    9    2    2
    3    7    3    9    2
   24   23    9   10    3
   19   14    7    1    4
    3   12    4    7    2
   21   17   11    3    2
   24   30   12    6    2
   19    6    4   11    2
   12    4   12   12    2
   11    1    6    3    3
   12   20   11    3    2
   13    3   11    6    1
   25    3   10    1    3
   11    3    2    5    2
    3    8    5    5    3
    8   13    8    8    4
   27   10    9    2    3
   16   29    8   12    1
   13   30    5   10    1
    8   17    4    1    2
   11   21    8    2    3
   20   17    1    7    3
   20    8   11   11    2
   17   16   11    2    2
    7   14   10    9    2
    5    8    3    6    2
   19   17    8    7    3
    7   21    9    7    2
   22   13    2   12    1
    2   17    3    9    1
   23   17    1    1    1
   10   16    3   10    1
   16   20   11    6    2
   27   11    6    5    1
   27    2   12    7    1
   24   21   11    1    3
   14   23    3    5    2
   29   12    3    2    2
   13   25   12    8    3
   16   28   12    5    3
   29    3   12   11    2
   19   30    3    5    3
   14    2   12    4    3
   26   17   12    3    4
   11   13    7    1    3
   16    7   11    1    3
   30    2    6    2    2
   18   28    9    8    2
   28   28   11    5    4
    5   25    3    2    4
   28   29    1    5    3
   21   27   12   12    1
   28   14    5   12    1
   15   11   11    7    3
   22   11    2   10    2
    1   15   12    9    1
   16   16    8    6    1
   29    1    9   12    3
   20    1    1    8    2
   20    9   12   11    1
    9   15    2    7    3
   23   18    5   11    2
    7   10    1    6    2
    9    1    3    8    2
   23    8    5   11    2
   25    8    6    8    2
    5   13   10   12    1
    1   25   10    6    1
    4   26    9    5    2
   26   26    4    7    2
   21    9    7    6    3
    1    5    7    4    3
   15    6   12    4    3
   16    6    3    6    4
    1    3   11   11    3
    6    3    3    7    4
   30   26    1    2    4
   11    4   10    6    5
   18    4    5    5    5
   18   10    4    3    4
   30    4   11    1    3
   10   11   12    9    2
   10   29    8    9    5
    4    7    8   10    4
   21   21   12    6    7
   29   27   10    4    4
   23   26    9    6    4
   21   15    2    7    6
   11   19   12   10    6
