   24    3   10    5    4
   21   24    8    5    1
   30    4   12    2    6
   20    2    2    3    7
   21   29    7   10    4
   12    1   11    1    5
    1   11    8    6    6
   12    6    6   11    6
   20    8    4   11    4
    3   21    3    6    2
    5   18   11    5    6
    9   20    2    2    3
    2    8    8    8    4
    5   19   10   12    9
    7    4    4    8    8
    2   30    8    9    7
    3    3    4    1    9
    5   29    8    2    7
   18    9    3   11    4
   29    6    8   10    3
   15    9    6    6    2
   25   24    8   11    1
   24   16    8    8    6
    9   23   12    8    7
    5    4    2    9    6
   19    4   11    2    6
   12    4    5    8    5
   13   24    6   11    2
   25   22    8    4    3
   25   23    6    5    3
   17   17    2   12    6
    2    3    2    4    8
   10   13    6   10    6
   15    6    8    3    6
   11   26   12    8    8
   13    1    9    4    6
   14    1   11    1    5
   12   15    4    9    4
    9    6   10    5    1
   26   27   11    2    4
    9   11    1    1    1
   21    1    9   10    6
    8    5    3    7    5
   19    7    8    8    2
    3   14    6   12    2
   25   14    9   12    1
   12   30    6    4    8
   26    8    2    5    6
    7   18    2    9    1
   24    9    8   11    3
   25    2    5   12    1
   10   30    2    7    2
   18    1    4    7    4
    5    1    3   10    3
   22   19    1    3    9
   12   13    2   12    9
    2   26    1    8    8
   15   26   11    2    8
   21   12    4    3    7
   17   10    7    9    2
    5   15    8    6    3
   24   22    9    2    3
   11   28   10    8    1
   29   23    5    5    3
    3   12    3    9    2
    4   17    3    9    3
   16   15    8    7    8
   13    9    8    6    4
   30   15   12   10    9
   21    5    2   11    2
   22    9    3    4    4
   19    3    3    3    5
   19    8    9    2    5
   10   28    4    4    1
   19    1   11    7    2
   13    8    4   12    6
   16   16    8    2    7
   28   14    3   11    7
   24   28   11   11    7
   24    6    6   12    1
    3   16    9    2    2
   17    7    3   10    2
    6   13    9    5    2
   27   13    1   12    6
    4   22    5    2    7
   28   27    9   11    8
   10   22    4   12    3
   13   16    9   12    9
    5   24    9    1    9
    6   26    2    4    9
    2   29   11   12    5
    9   10   12    2    7
    2   16   10    2    7
    8   12    3    9    7
   26   28    8    1    9
    6    6    6    2    8
   28   23   10    8    7
   20   22    6    4    7
   16   17    7    5    6
   24   30    9   12    9
    1   28   11    2    9
   13   22    5    8    4
    9    1    7   12    9
    7   28    5    5    3
   22    3    3    9    6
   22   21    7    1    4
    6   17    2    8    7
   18    4    3    2    4
   16   27    4    9    7
    2   10    9   11    8
   24    2    7    6    2
   26   12   12   10    1
   10   10    6    4    2
   16   26   12    6    8
   15   15    5    6    9
   20    1    1   10    6
   30   11    5    2    7
   23    5   10    7    3
    4   20    8   10    8
    3   13    7   11    5
   27    3    6   11    2
   23   17    4    7    4
    1    7   10    8    4
   19   15    6   12    4
   27   29   10    1    2
    8    3    9   12    2
   12    2    5    8    7
   18   10    8   10    8
   16    9    1    4    8
   22    6    1    2    3
   30   19   10   11    8
   17   13    6    5    4
   16   22   10   10    4
   17   12    4   10    2
   15    7    1    7    4
   11    4   12    2    4
   21    8    5    6    4
   16   18    2    3    4
   12    7    6    1    5
   17   14   11   12    6
    4   13    9    2    7
   29   18   12    9    3
   29    3    2    8    5
   22   12    9    6    6
   16   21    5    2    6
   22   28    5   10    7
    7   27   12    4    6
   22   14    1    5    3
   11    2    1   11    3
   10   11   12    2    3
   19   25    8    7    8
   11   13   12    6    7
    8   24    9   12    8
   30   16    9    1    6
   27   10    7   11    9
   24   14    4    5    7
   12   18    2    3    5
   11    3    3    7    4
   14    4    1    2    8
   13   26   12    1    4
   26    7    9    3    5
   21   20    4    9    8
   21   10    1    3    7
   20   16   10    1    8
    2    9    9    2    5
   21   27    2    3    7
   28   16   11   11    3
   24   12   12    9    5
   20   23   10   11    2
   24    1    4    1    2
   12   29    3    7    1
    7    8    5    3    2
    8   15    5    3    6
   27   25    9    2    6
    1   10   12    2    3
   27   20    7    5    8
   14   13   11    2    4
   28   18    7    4    1
    5   14    3   12    3
   20   10    4    6    7
    3    6   10    8    2
   17   11    9    9    7
    5   22   10    6    9
   13   13    5    7    8
   29   28    7    6    1
   15   18    8    7    6
   15    2   12    3    9
   24    7    9    6    8
   27   30    5   11    7
   28   28    8   10    9
   29   29    7    9    9
    4   15    2    8    8
   24   26    5    2    1
    1   23    2    2    5
    4   10    5    2    4
   11   14    3    9    3
    9   14    5   10    3
    9    8    9    6    5
   16   19   11    1    6
   24    4    6   12    7
    3   18    7   11    2
   10   14   12   12    2
    4    8    9   12    7
   18   18   12   10    6
   20    6    7    9    2
   27    4    5    4    7
   12   27    3    7    6
    5   16    7    4    5
    7   21   11    6    1
   20   26    5    5    1
    7    2   12   12    3
    9   12    5   10    4
    4   23   12    9    4
   16   12   11    4    4
   29   10   11    1    4
    3   28    6    7    4
    8   14    5   12    4
   17   18    2   11    2
   11    8    9   10    7
   23    2    2    2    2
   29   25   11    5    7
    2   21    9    6    6
   18   11    5   11    2
    3    1   11    8    3
   12   19    6    6    7
   19   18    5    3    8
   10    5    6   11    6
    4    2    5    2    5
   27   22    1    9    6
   26   30    6    9    3
   25   30    1    2    9
    8   23    8   12    4
    3    9    1    7    7
   17   21    2    3    7
   23   21    5    4    5
    5   30    3    5    3
   11   20    1   12    3
    5   17    2    4    3
    9    9    4    2    8
   25   13    1    4    7
    6    8    8    4    6
   27   17    9    3    8
   11   19    4    6    8
    3   26    5    7    6
    1    2    7    3    7
   23   27    9    2    9
   18    6    5    4    5
   20   18    7   12    1
   28    9    1    9    5
   19   21    9    7    7
   14   30   11   12    8
    3   23   10   10    2
   30   30   10    7    9
   26    1    1    1    3
    4   21    6    1    8
    9    5   11    6    3
   27   19    4    4    1
   29    9    6   12    2
   13   28    5   12    3
   29   20    5    6    7
   29   26    3    8    2
   30   17    3    1    1
    4    6   11    8    3
   15   20    9    2    4
   28   12    4   12    7
   10    3    5    8    1
    3    4   12    7    2
   30   22    6    2    2
   27   27    8    5    7
    7   23   11    7    5
   27    1    2   11    8
   15   14   12    3    4
   16   11    7    8    6
    9   21    4    9    3
   17   24   11    8    1
   25   10   10    1    4
    6    5    7    9    6
   13   18    2   12    5
   19   23    7    2    4
   17   29    9    5    1
   19   13    5    4    5
   29   30    2    2    6
   19   28    6    7    2
   18    2    5    5    6
   25   25    7    1    8
    5    3    8    9    8
   19    6    2    4    2
   14   23    9    9    5
   27   15   12    5    7
    6   16    2    6    4
    1   30   11    9    5
   20   20    5    1    5
   22   23    2    5    6
    1   22    5    9    4
   26    9    5   11    7
   27    6    7   10    1
    3   25    6    9    3
   28   21    1    5    4
    1   15    4   10    6
   14    2    4    4    7
   27   14    3    5    5
   24   24   11    7    7
    8   17    2    8    5
   26   22    6   12    5
   13   23    8    1    3
   29   24   12    1    4
    5    5   10    2    7
    4    1   10    8    8
   27    5   11   11    5
   18   23   12    3    8
    1    1    5    8    8
    7   25    7    6    2
   19   19    4    7    7
    3   20    7    3    3
    9   27   12   10    8
   30   28    9   10    6
   21   21    3    8    8
    4   29   10    6    7
   12    5    8    6    4
   25    4    2    3    3
   26   14    7    7    3
   15   13    9    6    8
    6   21   10    5    6
    5    7    8    1    5
    2   19    1    9    8
   11   11    9   12    5
   18   27    5    4    6
   20   30   10    1    7
   20   19    4    2    2
   29   22    2    9    1
    4   28    5   11    2
   15    3    4    3    3
   15   29    3   11    3
   24   23    6    5    6
   19   10    9   12    8
    3   30   10    4    3
   18    8   10    8    7
   28   25    9    1    1
    6   10    6   12    2
   23   11   12   12    3
    5   20    6    7    3
   29   13    4    5    9
   15   17    2    2    8
   19   24    8    4    6
    7    7    8    1    6
   19   26    5   12    6
   24   10    6    7    7
   17   22   10    6    6
   22   22    4    2    8
   20   14    5   10    8
   29    1    6    4    3
   25   16    4   11    4
   25   11    7    3    3
   24   18   10    7    4
   11    7   10    5    4
   15   21    3    6    7
    6    1    9    8    3
   15   11    4   12    7
   30    7    7    9    7
   21   11   10    9    2
   21   13    2    6    2
   23   15    4    5    9
   10    8    9    9    1
   25   21   11   12    7
   12   25   10   10    6
   20    7    5    3    2
    7   29    8   12    2
   17   19    1    9    6
   22   11    2    4    2
    9    4    3    9    2
    6   11    2    6    2
   14   16    3    3    3
   29   11    8    2    1
   14   19    6   12    1
   23   26    6   11    4
    2    2    6    1    9
   13   20    2    3    5
   26   25    7   12    9
   11    5   11    7    8
   16   29   11    7    6
   22    8    6    9    4
   23   23    5    6    8
   21   30    4   12    4
   28    6   11   12    3
   17   26    3   12    8
   18   22    2    3    6
    2   28    2    3    7
    6    2    2    4    2
   14    7    1    7    6
    2   22    6    8    7
    7   13    7    6    7
   12   20    3    5    2
   26    5    3    9    2
   27   24   11    5    3
   12   14    2   10    5
   16    8   10   12    7
   18   14    4    2    8
    2   13   10    3    3
   27   11    8    6    5
   15   10    8    8    8
   21   26    2    7    2
   12   12    9    4    8
   25    1    5    3    1
   10   16    6   11    7
    9   19    3   12    8
    1    8    3    3    8
    5   13   11   11    5
   30    9    8    8    3
   21   14   10   10    7
    7    9   11    7    1
   17    1    9    6    8
   25   17   10   11    6
   12   23    8    8    1
   29   19   11    2    7
   10   12   12   10    1
   25    6    5   12    4
   24   15    8    7    3
   13   30    2   12    7
   29    8    5    8    1
    1   16   12    2    7
   30   23   11    9    1
   28   17    3   10    2
    9   25    9    3    5
   10   26   10   11    5
   14   14    7    5    9
   17    3    7    5    8
    4   26    2    5    1
   18   21    8   11    5
   28    8   10   10    3
    8    8    2   11    7
   23   16    7    7    1
    7    3    3    4    5
   20   24   11   10    1
    2    5    5   11    2
   16    7    3    9    2
   14    6   11    4    8
   22   15    1    4    2
   25   15   10   12    7
   18   30    7    3    7
   20   28    4   12    5
    2   27    9    4    5
    5   25    5    7    2
    4   16    2   12    2
   20   17    9   10    2
   28    5    5   12    7
   10   23    8    4    2
   20   25    2    7    9
   17    9    9    4    8
   15   28   11    9    9
   24   11   11    4    3
   26   18    2    2    8
   23    6    5    9    7
   29   14    1    3    4
    7   22    9   12    3
    8   27    2    5    1
    7   10    7    3    1
   26   26    8   10    7
    6   30    8    1    6
   17    2    8    2    9
   25    8    4    7    5
   18   25    7   10    9
   30    8    4    6    8
   11   12    3    4    8
    4    4    2    4    8
    7    6    8    4    7
