    8   21    7   10    2
   15   21    6   11    3
    2   24   11    2    3
   27   11    2    2    2
   21   30   11    1    6
    7   11    7    9    6
   27    1    1   12    6
    6   21    4    9    9
   25   19    4   12    3
    6   24    9    3    2
   21   28    8    2    7
   25   26   11   12    4
   24   16    3   11    3
    7    6    9    2    1
   21   19    9   10    3
   12   30    9    3    2
   10   20    3   11    2
    1    6    8   12    1
    3   22    4    5    4
   30   28   11    6    2
    8   15    8    6    2
    2   23   12    7    2
   23    6    6    3    2
   13   20   11   12    7
    1   17    2    1    4
   30   20    4    5    3
   14    3    4    3    3
   11   20   12    1    3
   25   30    8    9    3
    7    1    6    9    3
   22    5   10    9    6
    4   16   11   11    6
   26    1    7    3    6
   21   23    5    9    2
    4   15    8    2    2
   25   25   12    3    7
   18   24    6    5    2
   15    6   12   10    2
   12   20    2    1    4
   12    9   10    4    2
   24   13    3    4    4
   12    6    5    1    7
   30    5    6    5    3
    2   16    1    1    4
   26   14    9    9    5
   18   18   10    2    4
   11   14   12    6    2
   18   29   10    2    4
   30   19   10    8    4
   17    7    9    4    3
    1    1   12    9    2
    6   27    4    7    1
   29   21    7    6    1
   24    5    6    7    4
   11   23    5   11    1
    5   21    5    5    1
   22   27    3    6    2
   27   16   10    8    2
    2   14    1    5    8
   15   29    4    9    1
   12   24    4    6    3
    3   25    3    8    2
    6   22    5    7    2
   18   17   11   10    3
   23    1    8    7    3
   26    9    6   11    7
    2   22    3    5    4
   23    8    1    6    4
   10    2   11    9    8
    8   19    2    9    5
    5    3    4   12    7
   11    5   12    5    4
   12   27    7    4    3
    8   17    3    9    3
   17   23    2   10    4
    6    6    9    4    9
   30   24    2    9    7
    2   13   12    9    6
    8   30    2    6    4
   26   13    6    8    6
   11   11   10    8    5
   21   17    4    6    4
   17   16    9    1    6
   15   19    6    6    4
   16   10    5   11    3
    4   14   11   12    6
    2   20    7   11    5
   13   29    4    7    3
   22   18    7   11    2
    4   27    5    2    2
   27    7   10    1    2
   20   19    9   12    3
   17   11    4    5    5
    4   22    5    5    3
   22   25    6    4    3
   21    4    1   11    7
   30   26    9   11    4
   24    7   12    7    4
   12    1    5   10    6
   30    1    9    6    5
    6   10   10    4    1
   27   28    4    4    2
    7   10    8   11    2
   13   13   10    3    9
   28   14    5   10    6
   12   28    5    8    1
    6   25    4    1    1
    8   10    2    6    2
    2   15    3    2    3
    2   21    1   11    3
    7    5    2    1    8
   16    3    1   12    4
    6    9    2   10    1
   22   24   10    4    2
    6   30   12    7    3
    5    8    9   12    3
    8    3   10    7    2
    9    1   10    8    3
   21   14    5    1    7
    1   11   12    6    4
    6   19    4   12    2
   28   28    5    8    6
   30   29    2    7    3
   17   10    1    3    4
   20   15    1   12    2
   25   15    2    2    2
   27   27    3    1    7
   23   16    2    7    4
    5   16    9    8    3
   17    9    9    5    5
   20    6    2   10    6
    5    6   11    8    2
   27    3    4    5    2
    5    5    5   12    3
   27   26    3   11    4
    7    7    3    4    3
   16   18    6    5    3
    7   30    3    9    6
    2   18    7    2    6
   25    4   11    1    5
   27   17    5    1    5
   12   10   11    3    6
    2   25    2    5    4
   30   15    9    1    3
   27   20    3    4    5
   10   15    3    1    2
    4    5    4    9    6
    6   26   11    1    1
    3    1    8    8    4
   13   25    9   11    4
   25   23    2    3    1
   12   22   10    2    1
   26   28    6    7    1
   24    1    2    2    2
    8    7    2    5    2
   21   25    4   10    2
   27   10   11    9    1
    8    4    7   10    5
    6   28   10    6    1
    3   11    1    4    6
   12   23    2    6    4
   17   12   10    2    4
   10   10   11    2    2
    3   24    2    2    1
    6    4   12    1    1
   18    9    9   11    1
   19    4   12    8    5
   19    5   10    2    4
   18   12    4    4    2
   14   10    8    2    2
    8    8    2    7    7
   29   11   12    6    3
   15   17    8    6    7
    4   26   12    4    5
    5   27    1   12    1
   20   28   12    7    1
   23   26    1   12    4
    4   18   12   10    3
   20   26    9    6    3
    6   18   10    1    1
   27   19    5    2    5
   13   11   11   11    4
    2    8    8    9    4
    6    3    1    8    1
    4   17    4    2    3
    3    7    8    7    4
   26    8    5    3    4
   30   10    1   10    2
   29    7    8   10    2
    9   28    8    8    2
    4    4    6    9    7
    2   27    7   11    2
    5   10    1   10    5
   30   30    8   10    6
   28    7    6   11    2
   23   29    2   10    3
   21    7   10   12    2
   19   17    7    9    7
   29   16    9    7    4
   22   10    4    4    2
    5   12    6    2    3
    1   28    8    3    2
   27   15   12    2    2
   23   30    1    9    2
    3   30   11    9    4
   20   20    4    8    6
   15    9   11    2    3
    7    9    8    5    1
   13   23   10    6    2
    3   15    6    7    2
   17    6   10    9    2
   25   17    4    3    4
    2    1    5    3    3
    8   12    9    2    3
   13    9   12    6    3
    1   13   11    1    3
   25   20    1    2    4
   18   27   11   11    2
   24    4    5    5    2
    3   29    7    5    2
   14   19   11   12    2
   13   28    8    5    3
   22   15   10   10    3
   21    9    8    2    2
   13   22    6   10    2
   20   21   10    2    2
    7   22    9    2    6
   14   30   11   11    3
    1   18   10    8    2
   16   19    8   11    2
   24   26    5    4    1
   16   11    5    6    4
    6   29    8    1    1
   14   15    5    8    1
   15   12    8    9    1
   30   16    2    2    6
   19   23    1    8    4
    7   12    8    5    3
   19   29    3    3    2
   19    1    2   10    3
   26    5    5    4    3
   18   11    1    6    2
   14   14    6   12    5
    4   13    4    2    5
   11   28    9    3    3
   10   13   12    1    4
   11    6   10   12    1
   21   22   12   10    3
    8   18    3    9    3
   16   12    1    5    2
    9    8    4    6    3
   24   24    1    2    2
   21   18    9    2    1
    5   14    3    5    3
    4   23    5    9    2
    1   29   11    2    3
    9   10   11    1    6
   30   18   10    4    5
   29   10   11   12    3
   20   24    5   11    1
    7   13    8    4    1
    8   14    3    6    4
   14   12   10    1    3
   28   22    2    1    2
   26   19    4   11    1
   11    8    6   12    3
   20    1    1    5    3
   29    4   11    5    3
   28   23    1   12    2
   28   24    1   10    1
    3    3    4    7    4
    3   23    3   11    1
   26   12   12    2    1
   21   24    3    5    1
   17   17    4    9    6
   26    7    2    5    3
   11   26    6    2    3
    9   27   11   10    3
   19    9    1    6    2
    1   21    1   12    4
   22    1    1    8    2
    4   10    7   11    2
   10   21    5    5    2
   22    8    9    1    1
   18   15    8   11    6
   30   22    5   11    1
   13   17   11    8    1
   30   27    7    2    2
   12   12    9    1    9
    8   20    6    6    2
    6   14    6    2    2
   22   11    2    4    2
   28   17    7   10    1
   15   15   12    8    3
    3   20    9    9    1
    7    4    8    9    2
   16    1    5    6    3
   24   10    7    4    1
    7   16    6    1    1
   23   23    2    3    9
   10   19   12   12    3
    9   20    3   12    1
   19   19    6    5    8
    5   20    9    6    1
   17   20    9    4    7
   21   13    3    1    3
    3   10   12    5    2
    3   26    5    8    2
   15    1    3    8    3
   23   20    3   11    2
   25   11    9    1    1
   29   26    6    9    2
   20   18    4   11    2
    9    5    5    6    2
    6    2    2    3    1
   28    8    6   10    4
    8   29   12    6    3
   16   22    3    8    1
   22   23    6    6    2
   18   19    5   12    2
    4    9   11    8    1
   14   18    3    7    4
   30   13    9    8    3
   11   30    9    7    3
   29   20    4    2    3
   22   22    6    9    1
   25   18    5   12    3
   11   10    4   11    3
    2   26    1    8    2
    4    3    3   10    8
    3   21    8    9    1
    7   18   11    1    2
    4    2   10    3    8
   14   29   12   12    3
   28   29    7    7    2
   25   29    1   11    7
    5   18   12   11    2
    2    9    6    9    1
   12   29    2    6    1
   27    8    9    1    1
   13    8   12   12    3
    2   28    6    6    2
   14   17    2    3    2
   25    9    1    4    2
   22    9    6    4    2
   12   25    8    4    1
   28   15   10    6    6
   28   10    5    8    4
   19   13    7    8    6
   17    3    3   10    4
   27   21   12   10    1
    3   28    1    5    1
    8   25    4    9    4
    7    2    8    8    2
   25    5    3    2    3
   12   11    1    8    6
   11   15    1    3    2
   25   27    4   10    2
    2    5    7   12    3
    5   23    3    2    2
   18   26    4    3    6
   22   20    4   11    4
    7   19    2    7    3
   15   16    5    3    3
   13   14    9    2    4
   24   27    6    7    2
    2   17    5    5    4
   16   21    2   12    4
    8   16    5    1    3
   30    4    3    5    3
   19   28    6   10    1
   14   25    9    6    2
   13    6   11   12    1
   13   27    3    2    2
    5   17    2    5    1
   26   17    2    7    2
    6   16    3   12    1
   12    2    2    5    6
   12    4    3    7    1
   26   26    6    3    3
   28   25    1    8    1
    5   13    5    8    4
   15   13   12    5    4
   25    7    7    7    2
    7   14    7    9    2
    6    8   11    3    1
    1    4    6    7    6
   15   23    9    4    4
   25   16    4   12    3
   15    5    6    8    2
   22   19    7   12    4
    9   30   11    7    3
   15   24   10    9    1
   12   13   11    8    1
   29   29    8   11    6
   17   29    6   11    4
   17   30    4    4    2
   28    5   10   12    1
   22   29    8    6    1
   17   22    2    5    1
   23   10    9    4    1
   20    4    5    7    1
   20    7    4    4    2
   18   28    5    1    1
   15    7    9    4    3
   15   26    9    7    3
   29   24    1    9    2
   26   22    2    3    3
   21   11    3   11    4
   26   10    8    2    4
   27   29    7    7    1
   24   17    7    8    1
   23    7    6    4    2
    9   29    2    1    1
   19    3    4    5    4
   16   13    9    1    3
   21   12    8   12    7
   11    4   10    6    7
    5   29    8   10    5
   14    9   12    8    2
    9    9    2    4    6
   23    9    3    7    2
   14   27    5    4    1
    2   30    8   12    6
    2    2    5    9    7
    2   19   11   11    5
   20   14    6    9    6
    1   14    7   11    4
    1    5    6    8    4
   11    2    9    2    4
   25   10    5    3    1
   13    3    4    3    7
   13   18    1   12    4
    9   24    1    3    2
   16   28   10    6    3
   24   11    8    3    1
   25   24   10   11    2
    9   16    8    4    6
   25    1    8    7    2
    8    1    6    3    2
   21   21    1    6    7
    3   18    5    6    4
   20   16   11    2    3
    9    3    3   10    3
   26   21    3   12    4
   19   11    2   12    3
   16   26    2    2    2
   24   23    2    8    1
   24   14    8   10    2
   18   23    6    9    4
   19   24    7    5    1
   28    4    5    6    2
    8   24    6    9    2
   14   23    9    7    3
    3   12   11   12    1
   10   18   10    1    6
    3    2   10    7    4
   16   16   10    4    3
    2   29    8    8    2
    9   11    9    8    1
   12   19    4    3    4
   22   14   11    6    1
   23   27   10    2    5
    1   10    1   11    5
   16   14    7   10    6
