    9   17    9    1    7
    4   18   11    5    8
   25    9   11    4    8
   19   15    3   10    4
    5   30    2    4    4
   23   28   12    1    6
   10   29   11    1    2
   15   11   10   11    3
    2    2   10   12    4
   28   19    8    5    4
    8    2    3   12    3
   24   23    3    8    3
    4   30    9    7    4
   16   28    2    1    4
   24   27    9   11    3
   15   23    6    6    6
    3   12    7   11    6
   16   23   11    8    4
   14   19   11    6    7
   28   26    3    8    7
    7    8    7    3    6
   10   22    7    6    4
   22   17   12   11    6
   20    7    6    3    4
    8    8    9    5    8
   12    7    4    9    3
   12   29    9    1    2
   25    8    6   11    3
    2   11   11   11    3
    5    8    5    7    4
   25   14   12   12    6
    8   20    5    5    3
    7   24    3    6    4
   13    3    5    7    6
   12   28    6    1    7
   29   21    5    8    3
   13    2   10   11    4
   10   12    4   11    3
    7    3    4    8    6
    4   23   12    2    3
   12   20    5   10    4
   14   26   12    7    6
    1   15    1   12    4
   22   18    7    4    4
   26    1   10   12    4
   13   28    8    8    5
    2    5    2    3    5
   29   23    1    7    7
   24   19    8    4    7
   25    5    7    2    7
   30   11    2   12    6
   15   22    6    9    5
    8   13    3   10    5
   15   18   11    1    6
   29   29    7    3    5
    8   10    4    7    6
   20   20   10    5    3
   10   13    8    8    4
   11   25    3   11    4
   14   11    8    9    5
    6    6    8    6    5
   17   30   10    7    9
   22    7    5    8    3
   25   25    1   12    9
   28   17    2    8    7
   25   27    5    5    5
   28   11    9    8    6
    1   25    5    2    5
   20   30   11    7    9
   25   21    8    1    5
   10    6    5    1    4
   20   14    1    8    5
   27   22    8    8    5
   14   12    8   12    5
   29   28    8    9    4
   17    7    2   10    4
   15   20    2    3    5
   29   11    4    1    4
   15    7   10    9    4
    6   11   10    9    4
   23    9    5   10    6
    1   28    9    7    5
   15   28    4    4    6
    3   24    8    4    3
    8    3    1    8    3
   14   15    5   11    2
    6   18    5    4    3
   12   12    1    3    5
    9   16   10    7    5
   24    6    1    1    4
   23   23   10    1    5
   18   23    8   10    5
   14   14    2    4    5
    4   24   12    7    4
    4   26   12    5    5
   11   11    9   12    7
   23   10   11   12    4
    6   12    2    4    4
   28    3    4    9    5
   11   20    8   11    4
    2   25    5    4    5
   27   16   11    7    4
   10   26    5    1    4
    3   10    3    3    4
   12    5   11    3    4
   27    8    3   10    4
   25   16    9    1    6
   14   23    5    7    5
   30   25    9    2    3
    4    3    1    2    4
   29   16    4   12    4
    1   13    5   11    6
   16   16    1    7    7
   29   14   10    8    4
   16   21   12    4    5
   27   18    8   11    3
    1   16    6   11    5
    6   16    3    3    3
    5   20    3    7    3
   26   16    1    4    2
   12   13    5    8    2
   13   24    3    2    5
   23    8    3    2    5
   14   10    2    5    4
   26   25   10    1    5
   17    1    7    4    4
   20   17   11    9    5
   14   22    9    2    5
   10   28    2    9    3
   13   16    9    8    7
   18   17    2    5    7
   24   25    9    8    5
   24   14   11    6    3
   14    4    8    8    5
   24   30    9    8    5
   30   18    1    6    5
   27   11    7    2    3
   30   26    3    8    4
   25    4    4    9    3
   15   24    2    6    4
    5    6   11    5    4
   18   14    5   12    5
   30    8    1    6    3
   30    1    5    1    3
    7    5   12    7    5
   20   18    8    8    3
   29   22    8   11    3
   26   23    4   11    5
   13   14    1    7    5
   19   30   12   12    4
   14   16    5   10    6
    3   18    3    3    8
   25   15    4   10    8
   19   12    9    4    7
    1   12    2    3    5
    7    1    9    4    3
   12    2    6    8    7
    9    3    9   11    6
   25   12    6    4    2
   27   12   10    2    4
    9   19   12   10    3
    5   22    4    6    4
   22    8    4   12    4
   23   17    6    7    4
   30   23    3    4    5
   29    4    4   12    5
   15   15   12    7    9
   21   27    6    3    2
   23    6    4    9    4
    4   10    2    9    3
   19   20    5    3    6
   17   13    2    6    7
   10   25    9   10    4
    4   15    1    7    5
    1   11    4    5    4
   19   13    7    8    6
   26   26   10   11    5
    1   29    9   10    4
    6   29    5    8    3
   27   19    3   12    2
    8    6    9    5    3
   26    3    1   11    3
   12   17    3    7    2
    8   19    3    2    4
   11   10    1    2    3
   27   30    1    4    4
   24   18    3    3    3
    3    5    3   10    4
   11   21    3    8    5
    9   12    6   12    4
   20   28    8    5    4
   28   28    3    1    6
   19   17    9    8    7
   24    8    9    7    6
   13    4    2    9    4
   16   18   11    8    5
    8   26   10    2    5
   20   13    9    7    7
    7   27    8    5    5
    7   28    6   11    2
    9    6    6    8    2
    1    3    4    7    3
    7    4    5    3    4
   16    4    3    7    2
   19   29    9    2    2
   25   23   10    9    3
    9    1    3   12    9
    2   29   10   11    3
   21   18   10   12    3
   20   24    2   12    4
   23   27    3   10    4
   26   21    7    3    4
   21   21    7   11    5
   24   26    4    2    3
   10   16    8   10    3
   22   28    4    4    5
   19   18    8    4    4
   11    8   10   10    4
    9   26    2    6    4
   15    3    1   10    5
    2   19    3    1    5
    2   23    3   12    4
    7   25    7    5    4
   27   27   10    2    5
    1    5    6   12    7
    9   14    3    8    4
    4    1    8    5    6
   22   13    3    5    4
   28    9    9    4    4
   12   15   11    3    2
   22   25    9    4    2
   21   17    8    6    3
   12   26    2    1    2
   21    8   10    8    4
   16   22    1    5    4
    1   19   11    9    3
   13   23    5    4    3
   14    5    1    8    3
   10    9    8    8    5
   30   10    9    1    4
   27    2    6   12    4
    9    9   12    5    4
    7   21    7   10    4
   17   24    2    5    3
   26   19    1   10    3
    8   17    3    8    3
   18   25    7    8    4
    7    7   10    6    5
   30    3   10    1    6
   19    4    3    2    5
   27    3    5   10    5
   13   27    1    7    4
   10   15    8    2    3
    7   18    3    7    3
   17   26    5    9    4
   17    4    6    2    3
   29   30    8    3    3
    3   16    5   10    4
    2   17    1    4    3
   21    3   10   11    4
   16   15   10   12    4
   11   24    6    1    3
    2   20    9    6    7
   18   13    6    2    5
   25    3    4    4    4
   11   13    2    1    4
    9   18    1   10    6
    7   14    4    1    5
   23   11    1   11    4
   29   24   11    9    4
    2    7    9    4    5
    7   19   11    3    3
   16    8    1   11    3
   26   15    1    7    3
   14   21    9    3    4
    6   14    8    2    2
   19   22    3    4    2
    5   21   12    6    3
   24    9    4    5    2
   16   20   10   12    3
    8    1    1    6    6
   25    6   11    5    3
   27    5    2    6    5
   10    1    7    1    4
    7   13    9    3    4
   13   15    6    6    6
   22   21    4    2    4
   15    9    3   10    4
   20   27   11    2    4
   19   10    3   10    5
   29   15    3    2    4
    3    2    6    8    4
   22   20   12   11    4
   17   17    1   12    4
    6   27   12    2    3
   17   25   12    5    3
    6    3   10    7    4
   10   10    8    6    3
   15    6    5   10    3
   10   21    6    4    3
   19    6   11    1    3
    9    7    8   12    3
    9    2    7    9    3
   11    4    1   12    4
    2   15   12    3    3
   12   30   12   12    3
   18   12    4    3    4
   21    4    4    7    3
   29    7   11    8    4
    6    1    6    2    2
   23   19    5   11    3
    9   21    3   11    3
   17   29    1    4    3
   10   20    1    3    4
   12   23    1   10    3
   16    2    5    9    6
   16   19    1    1    6
   11   18    1    1    4
    6    4   10    8    4
    1   18    6    7    4
   26   11   10    3    5
    5   18    7    4    7
   11   12    5    8    3
   24   22    7    5    5
    7    6   10    2    3
    5    4    3    6    5
    7   30   10    3    2
   21   20    3    1    2
    1   24    6   10    2
    9   30   10    7    4
   28    4    6    9    7
   19   25    3   10    7
    3   11    8    4    6
   29   20    7   12    3
   26    2    8    1    7
    3   22    4    9    4
    2   18    2   10    5
   23    1    9    4    6
   15   21   10    8    2
   25   29    1    6    3
   18   18   12    3    3
   12   24   10   12    2
   30    6    6    8    2
    7   23    2    7    4
    5   10    4    7    5
   22    1   11   10    3
   19    5    8    4    4
   23    3    5    8    3
   10    2    9   10    4
   29   13    4    2    6
   11    9   10   10    3
   29    3    6   11    4
   24   24    3    7    7
    6   26    3    4    8
    6    2    7    1    4
    5   16   12    8    9
   15   17    7   10    7
   20    3    9    7    5
   10   18    6    8    6
   26   27    6    8    4
   13    6   10    9    3
   14   30    7   11    3
   13   21   10    4    2
   27   28    3    4    5
   21    1    5    6    4
    5   29    4   10    3
   29   18    3    2    5
    4    2    5   11    5
   25   28    7    2    4
   23   22    9    1    4
   12    4    7   11    5
   20   26    6    6    5
    6   17    7    6    3
   10   27    5    1    3
   22   22   10    1    4
   23    5   12    6    3
   26   18    6    1    5
    3   17    8    1    4
    4   22    4    3    4
   21   30    9    4    9
   21   23    5    9    8
   18    8    1    2    4
   28   24    8    4    5
   13   25    3    8    4
    8   28    3    9    5
    8   29    5    5    2
   17   14   10    5    3
   30   30    9    3    6
   27    9    9    1    4
   26   13    1    3    5
   22   26   10   10    4
    7   26    9    6    5
   12   22    5    8    2
    8   14   10    9    5
   21   12    6    6    9
   28    6   11    4    7
   16   24    9    8    6
   14    3   10    4    6
   24   10   12    3    4
   13   13   10    9    8
   27   14    1    5    3
   13   30    2   10    3
   16    7    3   12    3
   14   28   11    4    2
   11    7   10    6    2
   11    5    2   12    3
   22    6    3   12    2
   28    5    4    8    2
    1   14    2    8    3
   19   11   10    1    3
   13    5    7    8    4
    3    3   12    5    6
    1   27    5   10    3
   15   27    6    2    7
   24    2    2   11    4
   27    4    2    5    3
   20    9    5    6    2
    5   17    2    3    4
   17   10    9    4    2
   28    2    3   12    4
   24    5    9   10    5
    9    5    1    4    6
   11   17    9   10    4
   20    1    9    8    7
   21    2   12   10    5
   17   27    7    2    3
   16   12    1    2    2
    7   10    2    4    2
   21   28    8    3    3
   22    9   12    2    2
    2    1   11    9    5
    8    9   12    7    4
   15   30    7    8    3
   19   19   11   12    3
   15    8   12    2    3
   29   27    8    7    4
    9   29   10   10    3
   25   20    3    7    2
    4   20    4    1    3
   28   18    1   10    4
   23   20    8    3    4
   22   30    2    9    4
   24   21    7   10    4
   14    2    1   12    4
    2   30    5    4    8
    4    8    7    9    4
   11   16    6    8    5
    2   22   11   10    4
    5   26    5    9    4
   26   29    4    1    3
   16   17    5    3    4
    5    5    8    7    9
   13    9   10    9    3
   16   30    5    6    6
   21    6    4    4    4
   21   19    8    9    6
    3   19    1   11    7
    1    1    2   11    6
   28   30    4    5    6
   22   11    8    5    2
   15    5   10   12    6
    6   20    7    5    4
    4    9    9    4    5
    4    4    7   10    4
   12    8   11    2    4
