   12   11   10   11    8
    9   18   11    3    3
    8   24    6    4    4
   17   21    7   10    3
   13   22    8   10    2
   24    6    4    5    5
   10   29    1    7    4
    7   27    3    4    3
    2   29    7    1    3
   30    9    2    6    5
   17    5    3    7    7
   25    5    4    8    5
   11   14    6    4    5
    5    4   10    3    6
    7   30    6   11    5
   22   21    5    2    4
    1    5    2    7    7
   25   12   12    2    6
    2   18    2   11    5
    9   11    3    4    4
   26   13    8   10    4
   22   22   10    6    5
   12    2    5    7    6
   14   12    1    7    7
    4   18   10   10    4
   25   13    6    6    5
    4   19    3    9    9
    2   11   10    2    8
   16   22    4   10    4
    2    1    1    6    6
    8   10    1   11    5
   10   24    4    7    3
    7   17    7    2    5
   18   27    3   12    3
    4   10   10    9    2
   22   23    9    2    3
   17   14    2    4    7
   22   18    8    5    4
   17   18    6    1    7
   30   19    8    4    9
    6   13    8    5    4
   30    8    1    7    5
   10    3   11    4    6
   30   14    5    5    4
   15    1    9    7    5
   15   20    6    3    5
    3   30   11    8    4
   27   15    2    4    7
   23    1    1    1    4
   16   28    7    1    5
   22   10    5   10    4
   27   27    8    9    9
   18   30    5    4    7
   12    8   11    8    4
    6    7    1    7    3
   14    4   11    3    6
   21   12   10    4    7
   28    7    1   12    6
   26   10    7    7    4
   30   12    6    3    3
   25    8    3    2    5
    6   23    6    6    1
   20   24   11    5    1
   10   28    8    9    5
    6   28    6    6    3
   10   15   11    4    5
    3   18    9   12    5
   16    5    5    9    3
   18    5    5    6    6
   15   21    1    2    5
   20    6    5    9    3
   15   23    1    9    5
   30   27    7   11    5
    5    2    5    7    4
    9   26    9    8    6
    1    3   10    5    8
   24   22    4    4    5
   23   23    4    8    6
   24   11    3    5    6
   18   11    5   12    4
   29    8   10    5    4
   28    5    8    2    4
   30   28    8    4    2
   16    4    7    3    6
    1   25    9    6    8
   18   18    6   12    7
   30    5    3    7    4
   14   29   11    6    4
   23    2   11    2    3
   22    5    7    8    5
   20   17    5    7    3
    9   15    6    2    4
    9    4   10    5    5
   10   18    8    1    5
    9   17    6   10    6
   29    9   10    3    6
   23   12   10    7    3
   11    1    2    9    7
   16    7   11   12    8
   17   26    3    5    7
   24   25   11    5    1
   15   11    6   10    7
   21   23    2    1    4
   19   16    3    8    5
    4   25    7    1    3
   26   23    3    9    4
   17   25   12    2    1
    2    7    1    5    2
    8   17    7    6    2
   29   13    7    5    1
    6    6    9    8    7
    5   24    9    6    8
   14   26    3    4    7
   20   29    4    6    4
   15    6   11    9    2
   27   25    9    9    3
   27   12    5    7    7
    1   27    1    9    5
   29    3   11    3    4
   13   14    1    6    2
   21    8    5   12    3
   12   28   11    3    3
   22   19    2    5    2
    6    1    5    9    2
   14   20    5    8    2
   17    1   12    7    1
   22   15    7    5    1
   28   23    5    4    2
    5   12    4    6    5
   17   27   12    9    4
   13   19    3    7    5
   12    4    9    6    7
    2   15    9    8    3
    4   11    1    6    4
    4   24    9    1    3
   16   24    2    9    4
   29   12    5   10    2
   17    3    8    9    3
    3   19    3   11    5
    5   26    2    6    5
    7   23    5    7    3
   19    7   12    8    6
    1   21   11    1    5
   17   28    1    5    3
    7   22   12    3    4
   15    8    2    3    1
   30    1   12   10    1
    5   23    3    4    2
   11   30   12   12    1
   25    6    1    2    1
    1    7    4    2    2
    5   27    4   10    3
   30    2   10    4    9
   16   15    4    1    4
   30   13    7    9    3
   27   21   12    3    2
   11   23   12   12    3
    1   22    6   11    1
   20   27   10    4    6
   15   24    4    9    2
    2   10    4   11    3
   11    7    7   11    2
   21   24    9   12    3
   20    9   12   11    1
   15   30    3    9    1
    8   22    4    6    5
    4   21   12   12    5
    3    8   12    9    4
   15   15    2    1    5
   17    6    7   11    4
    8    5   10    1    2
    2   26    8    9    3
    5    5   10    5    9
   15   28    9    2    6
    4    7    5   10    4
    7   10    9    1    3
   23   10    1   11    3
   19   18    9    1    5
   26   12    1    1    1
   23    8   11    3    2
   23   25    5    5    8
    8   13    2    4    4
   19   24    2    3    3
   28   20    3   10    5
    3    3   11    8    6
    2    4   12   12    4
    9   24    5   11    2
    1    1    1   10    4
   30    6    2    1    6
    3    9    5    9    6
   28   25    7    2    1
    5   19    4    4    4
   22    3   10    5    2
    5   14    3    6    3
   11    3    3   11    3
   21   30   11    1    4
   16   12    3    3    2
   25    3    2    8    1
   29   23   12    1    5
   20    2    3    4    5
   10   20   10   12    5
   29   27   10    6    3
   19   21    8    2    2
   30   16    3    3    1
   13    3    3   11    5
   11   11   10    2    7
   23   19    8    5    4
   22   25   11   12    2
   12   18   12    6    1
    1    4   11    3    5
   21    2    5    4    8
   28   26    4    5    4
   25    7    9    8    4
    4    8    5    6    6
   25   29    5   12    6
   27   10   12    5    4
   23    9    4    4    5
    8   26    3    6    3
   28   18    9    2    2
   30   24    1    6    4
   19    1    8    8    5
   14   27    7   12    3
   28    3    2    1    5
   11   17    9    3    6
    3   21   12    4    4
   20    4    5    4    1
   27   28    5    9    1
    9   22    2    1    2
   20    1   10    4    3
    8    8    2   10    5
    7    5   11    9    4
    4    3   11    7    3
    1   16    1    5    2
   20    8   10    2    1
   22   27    5    6    4
   15   13    1    1    4
   19   10    1    9    4
   16    6    6   11    5
   18    7   11    4    1
   16   16   10    4    5
    9   27    2    6    4
   14    7    1    7    3
    3   26    7   11    4
   21   29    9    2    1
    7    7    6   10    5
   23   27    2   11    6
   24   24    2    7    7
   26   26    4    6    8
   29   29    1   12    2
    9   21    8    3    5
   12   10    6    8    3
    3   23    6   10    4
   16   25   11    9    4
    6   21    6   12    3
    6   22    9   12    2
   25   10    3    1    6
   11   19    8    2    6
   30   10    6    1    7
   22   29    4   11    5
   25   11    3    2    4
   19   15   12    7    4
    8   19    8   10    5
   16   18    6   12    3
   12   19    9    2    4
    6    5    5    4    2
    7   12    3   10    1
    3   15    5    3    3
    1   14    2    8    5
   10   13   12    8    3
   11   29    1    3    2
   20   19   10    3    1
   26   24    9    7    3
   17   29    9    3    5
    9    5   11   10    3
   10   11    7    5    5
   14   18   10   10    5
    2   25   11    3    6
    4    4    2    1    4
    3   12    2   11    4
   21   21   11    7    7
   16   29   12    7    3
   15    4    5    4    3
   18    1    7   11    4
   25    9    7   11    5
    9   28    7    1    4
   28   22    8    7    2
   14   10    2   11    8
    2   16    3    1    7
    9    7   10   12    4
   13   20   10    8    3
   19   29    5    4    5
    6   26    7    4    2
   20   16    4    1    6
   18   21    8    4    6
   14   24    4   12    9
    5   15   10    1    5
   30   29    7    9    1
   23   18    1   12    5
   22    2   12    1    2
   13   27    7    9    4
   10   10    7   11    4
   27   16    6    5    5
   13   13    5   12    6
    4   28    1    1    1
   26   29    7    4    7
    8    1    4    4    6
   22    4    1    2    4
   11   22    3    9    5
   15   29    9    6    3
   22   30    1    6    2
    1    9    8   11    2
   11   20    6   12    2
   13   11    7    8    3
   20   30    9    7    2
    2    3    3   12    2
   23   17    2   11    3
   25   14    3    9    8
    5   13    6    7    5
   11    5    4    9    3
   13   16    1   10    5
   21   26    3    7    4
   26   11   11    9    5
   17   15    5   10    3
   21   13    9    3    2
   18   15    4    8    4
   19    9   10    9    5
   10    9   12   12    3
   23   30    5    4    1
    9   14    9    6    2
    8   28    8    9    1
   25   25   10    2    2
   28   29    7    8    4
    9    6    8   11    3
   27   24    6   10    3
   17   12    6    4    2
   20   26    5    8    2
   18   20    1    9    5
    7    8   10   11    2
   29    4    2    1    2
    8    6    6    9    5
   18   26    3   11    3
   13   17   10    7    3
   12   12    4    7    5
    2    8   12    4    2
    9    2   10    4    1
   20   20    8   10    2
   21   20    9    5    1
    5   20    6   12    2
    3   24    5   11    5
    6   11    4   10    5
    9   12    6   12    4
   20    7    3    2    3
   29    7    7    5    4
   21   16    8    5    4
    3    7    2    1    3
   13    1   11    5    6
   19   27    6    2    5
   24    1    8    4    6
    6    4    3    2    6
    4   13    3    2    7
   12   13    1   10    2
   26   27    5    3    4
    9   16   11    7    3
   13   23    2   12    4
   24    7   11   11    2
   20   22    7   11    1
   28   11   12   10    2
   17   16    6   12    4
    9    8    4    4    3
   21    5    2   10    2
   12   20    5    3    3
    8   16    2   12    3
    7   15   10    1    3
   24   28    3    1    3
   14    3    7    2    2
    8   14    6   10    5
   15   14    4   12    4
    9   13    5    6    3
   14    2   10    7    3
   12   15   12    8    1
   19   14    8    5    3
   26    1    4    1    6
    7   21    3    9    5
    8   18    9    2    6
    3    6    8    7    3
   11    8    2    9    5
   19   17    7   11    7
    9    9   11    4    6
   28   28    5    9    4
   18    6    9   10    3
   24   13    3   11    3
   26    7    5   12    4
   29    1    7   12    4
   18   24    2    1    3
    4   17    9    3    5
    3   16    7   10    4
   24   12    5    5    1
   17   30    5    6    2
    2   19    1    1    5
   14   23    7   10    4
   14   16   10   10    5
   25   19    9    8    5
   21   28    3   11    2
    2    6   10    3    5
   29   24    9    1    4
   10    6    7    6    3
   21   11    6    3    4
   11   16   12    5    4
   13   28   10    9    2
    2   27    6    2    1
   17   22   11    9    1
   24    2    6    3    1
   10   21    1    3    1
   28    2    1    3    2
    7   13    1    8    3
   26   30    4    6    3
   12    1    2    8    4
   23   24   10    4    3
    3   27    1   12    2
    6   27   10    2    2
   24   17   12    8    3
   17   17    2    8    4
   14   22   11   10    2
   12   22    6    1    3
   14    6    2   11    4
   13    2    8    6    4
   18   13   12   11    3
    8   27    8    7    4
   27    4    2    9    5
   25   26    3   10    6
   17   10    7    6    4
   20    3    9    8    2
    4   30    5   11    2
   10    1    2    8    4
   19    6   12    4    4
    5   10    8    1    5
    4   23   11    5    5
    2    2   12    1    6
   26   15    5    5    4
   15   25    7    5    3
   19   19   11    4    5
   29    5    2    3    4
    6   29    6    5    2
   26   16    8    7    4
   16   10    4    3    6
   14   14   10    3    7
   18   25   10    7    4
   21   14   10    3    8
   23   20   12    7    5
   28   14    2    9    5
   12    6   12    2    9
    3    5    6    1    4
   20   25    7   10    3
   30   30    8   11    4
    2   17    8    6    5
    1   28    1    1    7
   30   25    9    9    6
   19   28    1    3    8
   11   27   11   12    4
   26    4    9    3    4
   16   23    6    5    3
   26   22    7   12    2
   29   18   10    8    3
   25   21   10    4    2
   26   19    6    6    5
