   30   26    5   11    5
    2    9    7   12    4
   24   26   12    6    2
    2   29   12    8    3
   15   21    7    3    2
   14   21   11    6    7
    9   19    3    8    3
   12    8    2    9    6
   26    3    3    9    2
   27   19   11    8    6
   19   30   12   12    4
    2   18    4    9    2
   15   25   10    9    1
    7   17    4   11    1
    5    7   11    3    7
   18   23    8   12    5
   11    2    6    5    2
   26   15    1    8    4
    5    9    2    9    7
   21    8    9    5    3
   18   15    9   11    8
    3    3    3    4    8
   11   28    5    3    6
   14   20    1    3    7
    7    7    6   11    9
   10   29    1    5    2
   15   15    7    2    4
    3   25    2    8    2
   23   25    2    2    2
    5   20    3   10    2
   30   27    9    7    2
   24   20    7    8    2
   19   19    6    2    9
   13   27    4    4    3
    9   11   12    4    3
    7   18    5    5    2
   16   16    3    8    4
    7   15    8    6    2
    2   17    8    8    4
    8   28   10    9    2
    8   20   10    3    4
    4    7    5    3    7
   22   24   11    4    6
   18    6    9    7    3
   18   10    4    6    3
   18   26    5    7    9
   10   26   12    2    3
    4   21    3   11    2
   24    2   10    4    1
   13   18   10   11    1
   11    7   12    4    6
   11   15    6   12    3
   18    4    1   12    5
   15    5    9    5    3
   14   25    2   11    2
   13   29    9    3    6
    8   18   12    5    1
    3   20    9   12    1
   26    8    4    4    3
    3   17    4   10    3
    8    6    6    6    1
   30   30    8    3    9
   21    5   12   11    2
   16   21    6    3    1
    5    8    1   10    4
    8   27    2    2    5
   25   27    6    2    5
    2   16    9    7    6
   20   28    2    9    1
   18   11   12    8    2
   17   17    6    9    9
   19   10    6    5    8
    3    8    4    5    9
    4   15    9    7    6
   19    3    4    8    1
   26   11    5    9    1
   28   15    3    8    2
    1    9   12    6    4
   25   21   11   12    8
   19   14    9   12    7
   30   10    9    7    7
   10    7    6   11    1
   24   29    6    4    4
    2   27    1    6    1
    9   15   11   12    2
   18   22    4    7    4
   23   13    8    6    1
   12    2   11    6    8
   10    1    8    2    5
   11    5    2    5    4
   27   27    8    6    6
   14    3    5   10    5
   14   26    4    1    6
    4   28    3    4    1
   23   14    4    4    2
    9   27    5    3    1
    4   13   12   11    6
    1   25    8   11    9
   29   17   11   10    9
   13   17   12    4    1
    8   13    5    6    2
   13    7    3    7    2
    4    4   11    4    8
   30   25    1    4    1
    9   21   10   10    1
   28   23    5    9    6
    1   26   10    6    1
   22   28    8    1    5
   22   22    1    6    7
   12   11   10    2    8
    4   10   10    8    2
    4   29    9    9    1
    5   12    4    4    1
   19   12    7   10    9
   21    1   10    5    2
   24   23    6    8    6
   19   21    5    5    7
   26    5   10   12    4
   27   23    2    5    6
   14   16    1    6    4
   25   25    7    2    1
   20   25    3    7    9
   22   20    3   11    1
    5   29    4    9    1
   20   11   12   10    1
   30   21    7    1    5
   28   27    8    6    6
    4    3    4    8    6
   11   23    9    6    2
   16    8   12    3    8
   11   25    7    5    1
   28    9    3    1    4
   10   16    7    6    4
   14   13    5   12    3
   28   17    2    6    4
   24   21    4   10    3
   30    6    1    5    2
    4   16    7    1    2
   17   26    1    5    2
    6   13   12    5    1
    3    7   10    8    4
   18   18    9    2    5
   26   27   11   11    4
   19   11    2    3    1
   14   15    5   10    1
    5   22    7    3    1
   16   19    9   11    2
    2    5    9    4    2
   11   10    7    5    1
   24    9    8    6    3
   28   14   10   11    1
   20   17    8    9    1
   23   19    1    2    4
    7   16    1    8    3
   14    1    3   10    8
   12   24    1    3    2
   20   19    8   10    2
    3   28    6    6    5
    5    5    9    7    5
   16   12    8    3    4
   30    3    5   10    4
   14   10    7    8    4
    4   25    4    6    3
   23   30    5    3    1
   24   25   12    4    1
   29   26   11   11    3
   17   21    1    6    3
   23    5    6    7    2
   21    7    7    8    4
   24   28    1   10    1
    8    4    4    3    4
    2    6   12   12    4
    1   28    6    6    4
   13   16    5    6    1
   30   24    5    8    1
    8    8    1   12    3
    6   20    5    7    1
    9    9    9   11    6
   17   22   11    8    7
   16    1   12    5    1
   29   29    4    8    8
   25    9   10   12    1
    3   23    7    4    1
    4   11    9    1    9
    9   23   11   10    6
   13   28    3    3    7
    3    5    8    7    6
   13    9    8    2    7
    8   23    1    1    8
   29   11    2   11    4
    5    4   12    7    7
   30   29    7    4    8
   30   14   11    1    5
   10   25   11    4    3
   19    2    6    1    4
    8   29    7   10    3
    7   12    4   10    6
   24   14    3    8    6
   21   13   11    5    1
   24    4   12   11    4
    1   29    4   11    4
    7   14   10   11    2
   11   22    2   10    3
   30   13    4   10    1
    7    8   11    3    4
   27   22   10   10    1
    3   18    7   11    1
   13   12   10    7    1
   14    8   10    6    1
   24   17   10    4    6
   18    5    4   11    7
    6    7    9   12    1
   24    1    2    6    6
   10    3    1   12    4
   17   12    1    9    6
   16   26    8    5    5
   26    4    6   11    1
   28   28    9    5    9
   11    1   10   12    6
   12   27   11   12    6
    5   28    6   12    5
   18   28    9    3    7
    4   30   12    6    6
   23   23    1   10    6
   27    5   11    1    1
   12   22    1    6    1
   27   11    4    2    1
   18   20    1    5    1
   15   16    5    6    4
   28   26    9    9    3
   24   16    5    1    2
   17   18    6    2    1
   28   19    4    1    3
   16   18   12    3    1
    9   29    8    7    1
    1    2    9    1    3
   16   25   11    8    1
   15   29    7   10    1
   11   16    6    1    1
    6   23    6   12    6
   24   24   10    6    9
    5   17    3   11    3
   28   21    1    5    8
   12   12   11    7    9
   10   21   10    6    3
    9   30    9    7    1
   14    2    8    8    5
    6   16    1   12    5
   22    6    9    5    8
    6   28    8   11    1
    1   15   12    6    1
   15   17   11    6    2
   22   14    6    8    4
   26   22    1    3    1
   14   17    4    9    1
   10   17   11    1    4
   18    9    9    8    5
    7   25    9   12    1
    1    6    9   10    1
   30   18   12    6    6
   28    2   11    1    1
    8    2    1    3    6
   10    6   11   10    1
   23   12    2    9    1
   23   29   11    3    1
   26   13    9    9    1
    6   27   12    5    3
   25   19    7    5    6
   27   15    4    7    6
   26   21   10    1    6
   13    1    6    5    1
   16   17    7    9    1
   15    6    1    3    1
    2    4    5    7    1
   18   19   10    1    1
   27   17    7   11    1
   30   12    6    2    1
   14    4    8    4    4
    5   19    8    9    1
   26   23    7    9    1
   20   13   12   12    4
    7   30    5    1    3
   13   24    9    8    1
    6   26    3    1    1
   19   22    2    7    1
   13   11    5    5    6
   23   16    9    3    6
   23   22   11   10    4
   30   11    6    6    1
   14   29    1   10    1
   24    8   11    1    2
    6   14    3    9    3
    4   27    6   10    2
   21   21    8    6    9
    9   26   12    3    9
   21   12    4    8    9
   10   20   10   11    1
    4    1    6    7    7
   10   24   10    1    6
   20    7    1    7    4
    9    7    5    2    1
    1    7    4   11    1
   25   17   12   11    3
   25   29   10    9    1
   28   25   10   10    1
   19    7    3    3    6
   20   15   11   11    1
   27    7   10   10    1
    5    6    3    3    1
   12   15   12   12    1
   17   19   12    7    1
   16    3    4    7    1
    4    9    6    4    2
   11   17   11    8    7
   14    5    9    6    1
    4    6   11    3    6
   22    3    7   10    1
    1   27   12   10    1
   10   22    6    8    1
   21   11    3    6    5
   22   25    4   12    5
   22   16    5   12    2
    6   11    3    4    8
   29   28    1    8    1
    4   17   11    1    6
   24   27   12    6    1
    6   21    2    4    6
   11   11    5    9    9
    9   17    9   11    1
    3   13    5    8    7
   23    2    2    3    1
   28   10    2    8    1
    3   27    5    9    1
   23    1   10    5    1
   13   15    3    9    1
   20    9    1    4    1
   28   30   11    1    1
   15   24    3    2    3
    7   22    9    3    7
    1    5   11    1    1
   26   26    5    8    9
   29   21    5    2    1
    1   20    8    5    2
    8   22   11   10    4
   21   23   11    1    1
    1   22    7    6    6
    8   30    8   10    5
   19   13    5    6    5
   28   16    6    3    1
   23    4    3   10    1
    5   10   10    6    4
   10   23    6    7    1
    2   22    8    6    1
   22    4    2    7    7
   21   27    4   10    3
    1   18    7   11    1
   10   27    5    2    2
   11   24    6    5    1
    6   12    9    4    9
    4   20    9    7    5
    3    9    3   11    7
    3   12    7    8    5
   10    9   10    5    4
    2   10    3    3    4
   12   28   11   10    1
   15   30    6   10    1
   13   10    6    8    2
   22   29    7    6    3
   26   19    7    2    6
   23   20    2    5    1
   26   25    4    7    3
    9    6    9   10    2
   18   27    7    9    2
   15   23   11    4    1
   15   10    5    5    1
   14   27   10   10    1
    7   24   10    5    5
    2   25    1    2    3
   30    5    4    4    1
   13   22    2    1    1
   23    7   12   10    1
   25    6    3    3    4
   29   16   12    3    1
   29    6    3   10    1
   27   29    9    5    1
   21   22   10   11    1
   15    3    9    7    2
   19    6    3    3    4
    3   29   10   12    1
   19   24   10    5    1
   20    2    8    7    1
    1   30    6    9    1
    8   11    2   11    4
   16   30    7    3    3
   21   18    2    6    5
    1    1   10    4    6
    3   24    2   10    1
   17    1    7    3    1
   14   11    5    3    3
   20   12   12    8    3
   13    5   11    8    2
   18   24   11    9    1
   26    2    1    6    1
    7    2    1   11    1
   18   25    4    3    2
   20   29    9   12    1
   13   13    4    3    5
   14   14    4    5    5
   24    6    5    6    4
   23   17    6    5    5
    9   16    4    9    1
   25   13    6    9    1
    9   14   12    7    1
   22    9    1    7    3
    2    3    8   11    1
    4   19    9    5    6
    8   10    7   10    1
   13    2    9   10    1
   26   20    5    5    1
   20   30    2    2    4
    8   15    5    3    4
   21    3   10    8    1
    7   26   10    9    3
    8   19    5    9    6
   16   20    3    2    1
    6   17    6   10    3
   12    4    7    4    7
    2   15   11    8    1
    8   25   11    9    7
   22   30    3    5    1
   12   25    8    2    1
   26   12    7    4    1
   29   19    8    3    1
   10   10    3    6    7
   20   27    1    2    1
   24    5    1    9    6
   12    1   10    5    3
   28    7    1    2    3
   12   10    8    4    2
   17   30    8   11    1
    2   30   12   12    1
   29   12   11    7    1
    2    2    9   11    4
   22   15    8    4    3
   17    8   10    5    3
    3    6   11   11    1
   14   18   11    1    1
    2   21   12   11    5
   11    3    3    3    4
   27   16    5    2    3
    1    8    6    1    3
   14   12    7    6    6
    6    6   10    7    7
   18   12   12    8    1
    3    1    4    7    6
    7   29    2   12    4
   16    5    4    8    1
   20   20    6    7    1
   19   15   11    4    1
   21   20    7    6    8
    9    8    8    5    1
    9   12    4    1    1
    5   25    9   12    1
   19    1   10    3    4
   18   29    8    9    1
