    1   25    1   10    4
    7    7   12   10    2
   14   10    4    5    8
   21    5    1    6    5
    8   12   11   11    3
    5    1    7    5    6
   15   24    3    9    2
    7   18    7   12    2
   20    1   12    7    2
    8    7    9    2    4
   11    9   11   10    2
   28   28    8   10    7
    4    3    4    6    7
   26    6    6    2    4
   25   30    9    9    7
   13   10    9    6    9
   26   28    4    9    5
   16   25    4   10    5
    3    2   11   12    5
   23    1    6    2    7
    9    1    3    9    7
   11   26    1    7    4
   16    4    7    3    5
   13   24   11   12    5
   29   13   10   10    8
   26   12    5   11    6
   28    6    2    1    5
   18    4    4    3    4
    1    4    1    6    5
    5    3    6    2    6
   14   13    2   10    4
   11   24    3   11    3
   21   20   11    5    3
    2   17    8    6    3
   16   26    6   11    5
   23   18    4    6    7
   17    1    6   10    7
    2    7    9    2    3
   22    8    1   12    3
   12    6    3   11    5
    8    4    7    2    9
   16   20    9    2    4
    7   13    8    9    4
    1   16    5    4    4
   19   27    3    4    6
    3    9    6    2    5
   14   12    6    1    5
    7   10    4    8    2
   27    8    4    9    4
   23   28    2    9    4
    1    6   11   11    3
   15    7   10   12    3
   17   27   11    2    5
   15   17    2    2    4
   23    2    2    9    4
    4    4    2    7    4
    5   29    7    6    5
   21    4    6   10    8
   19    2    6    4    7
    7   23    5    4    4
   21   16    1    9    4
   16   18   11    2    3
   17   14    4   12    6
   24   18    4    3    4
   10   17    9    1    3
    7   29    6   11    5
   22   19    5   10    6
    5    9    9    2    3
    9   16    7    7    5
   12   21    2   11    8
    9    4    9    7    4
   22   16   11    1    3
    4    7    7    4    5
   12   13    7   12    3
    7   25    2    1    3
   15   12    4    1    3
   28   10    5    9    7
   19    5    9   12    5
   12   28    8    2    9
   29    3    2    3    3
    7   26    7    3    3
   21   14    5    6    8
   16    8    4   11    4
   28    7   10    7    3
   27   29    7    9    4
   15    9    6    9    5
   12    7    6    3    4
   28   22   10    9    2
   15   11   10    4    3
   22   17    4    5    4
    7    6    8    5    4
   25    8   12    1    4
   22   14    5    5    3
   11   22    2   12    4
   30   10    8    3    4
    3   25    1   11    5
    4    2    9    6    8
   17   26    5   12    4
    7    5    4    7    6
   24    6    5    8    1
    2   30    6    6    3
    4   11    4   10    7
   10    9    3    1    4
   23   26   12    9    5
   12    9   12    9    3
   16   14   11    3    6
   10    8    1    9    5
    5   30    4    1    4
   12   12    5    4    9
   15   27    1   12    3
    8    1   12    8    4
   15   10    8    2    3
    8    8   11    1    6
   29   23   12   11    2
   13    6    5    6    2
   30    8    8   12    4
   11   13   10    1    3
   18    9    3   10    3
   15   13    4    6    2
   27    5    3    3    3
   20   25    9    1    5
   27   10    5    7    8
    8   20    3    2    4
   17   20   12    6    3
   30   11    2    4    7
   24    7    6    5    5
   30   18    9   12    3
    6   20   10    4    5
   26   13   10    8    5
   15   29   11    9    4
    8   23    5   12    6
   14   11   10    2    6
   24    5    9    9    5
    7   30   12    7    4
    5   25    7   12    6
   12   20   10    4    6
    9    6    4    4    4
   27   30    2    7    5
   26   27    4    5    4
   12   11   12    8    9
   10    3   11    6    7
   13   28    7    4    4
   13   23    4   12    4
   20   30    1   10    6
   22    9    6    8    3
   29   21    5   12    4
   10    1    9    7    6
   14   15    9    8    4
   12   17    2    7    4
   14   26    9    4    5
   19   10   11    8    4
   28    9    8    8    4
   26    1    7    7    3
   30   29   10    6    4
   24   10    9    7    6
    1   11    5   12    4
   25    4    4    2    4
   19    7    6    6    4
   22   15   11    4    3
   17   29    5    5    3
   23   17    3    6    5
   10   11    1    9    6
   27   24    3    7    4
   18   17    6   11    3
    5   22    9    7    7
   11   16   10    6    5
    2    2    9    1    8
   18   29   11    3    4
   16   15   11    1    7
   16   23    8    3    4
    5   13    5   11    3
   14   25    5    8    4
   13    8    8   10    6
    3    7    2    3    4
   21   26   10    2    3
   24   30    3   10    6
   30   12    5   10    8
   19   19    5    4    7
   20    5   12    8    3
   26   18   10    9    6
   23   25   11    7    4
   18   13    4    7    8
   19   14    8   11    4
   11   11    2    7    8
   20    7    4    9    4
   11   27    1    2    3
   25   19    3    1    3
   24    9    2    3    6
   10   12    1   10    4
   12    1   10   11    3
   21    1    2    4    3
   19   18   10    2    4
   30   15    6    6    3
   28    5    7    7    3
   18    2    4    4    5
    2    9   12   12    5
   25   25   11    4    3
   19   26    4   12    5
   15    6    6    5    6
    6   22    2   12    4
    1   22    3   12    3
   25   21    7    7    7
   26    5    9    6    3
   21    6   10    3    7
   19   12    4   10    6
   20   23    9    9    4
   15   26   11    9    3
   29   25   11    1    7
   27    4    8    2    8
   24   23    9    2    3
   22   29    5   12    3
   13    1    3    9    3
   27    6    1    4    2
   30    6    6    4    2
    2   11   10    8    7
    6    4    1   12    3
   15   21   11    3    3
   13   13    4    7    2
   29   12    5    7    4
   29    1   11    6    5
   26   26   11   10    6
   14    7    9   10    3
   24   20    9    9    4
   11   17    4    4    7
   30   17    6    5    3
   16   13    6    5    4
   13   27    3    5    7
    3    6    4    7    4
    7   21    3    5    3
    3   18    8   11    3
   29   16    9    4    3
   19    8    7   12    6
    3   28    1    5    4
   17    7    7    5    3
    9   21   11    2    3
    6    6   12    7    6
   15   25    5    9    4
   20    9   11   12    5
   15    8   11   11    5
   30   13    4    5    3
    9   17    9    3    5
    9   14    2    6    4
   22   25    3    1    3
   17   19    1    4    6
   21   28    5   11    3
    5   10    5    5    4
   20    4    2   10    5
   19   11    6    8    7
    1    1   10    6    7
    8   29    5    8    4
   24    2    4    2    5
   24    1   11   10    5
    9    8    2    7    4
    3    3    9   11    6
   28    8    3    8    5
   29   14   12    5    3
   10   23    8    1    4
   24   25   10    4    3
   15    2    1    7    4
    2    5    1   10    4
    8   17    5   11    6
   18   15    9   12    8
   28   16    6   12    6
    5   18    2    9    3
   19   30    1    6    4
   18   12    7    2    3
   12    4   12    8    7
   18    6    5    6    4
   14   28    6    7    5
   23   15    3    3    4
   22   12    7   12    4
    3   17    5    5    4
    3   30    3    5    7
    2   16   11    1    6
   15    1    2    7    4
   11    8    5   10    4
   10   10    1    5    6
   17    6    6    2    7
   24   24    5   10    7
   24    3    6    1    7
   20   18    4    2    5
   27    9    7   12    8
   21    3    3    6    7
   13   20    2    4    5
   17    4    8    2    6
   22   18    2    3    4
   17   17   10   11    6
   16   19   10    7    7
    4   13   12    8    4
    2   13    6   11    6
   28   20    5    6    4
   23   30    2    4    4
    4   15    6    7    6
   22    7   12    5    4
   22   30    9   12    3
   30    1    9    6    3
    2   20    1    8    6
    4   28   12    3    5
   11    5    5    7    5
   25   26    5    7    5
   24   14    2    3    5
   19   29   12   10    4
   15    3    1    9    6
   20   15    9    8    4
   14   27    5    7    5
   23    9   12    2    4
   29   20    4    9    3
   17   13    4    8    5
   10   29    1    9    4
   23    3    8   11    4
   18   25    6    9    7
   30   16    6   10    4
   11   20   12    2    3
   12   24    4   11    6
   24   29    1    5    8
   13   22   10    8    6
   23   12   10    8    4
    2   28    4   10    4
    1    3    4    9    5
   29    2   12    4    4
   27   20    5    1    5
    5   23    8    5    5
   13   21    1    8    4
    8   14    7    7    7
    8    6    6    7    4
   19   13    1    9    8
    3   27    3    7    7
   19    1    6    6    8
    3   16   11   12    5
    1   27   10    8    7
    1   18    2   12    4
   30    4   10   11    7
   13   25   10    4    4
   22   22    7    2    5
   30   26   12    3    4
   16   27    7    4    5
   17   28    5    7    3
    6   23    1    5    3
    9   29    6    8    6
    7   11    6    2    4
   19    6    6   12    6
   10    6    3    3    6
   27   23    7   11    3
   20   10    7   10    3
    8   26   12    9    3
   26   24    6    3    2
   16    5    4   11    3
    5    8    8   11    6
   22   27    2    1    4
    6   14    8    1    7
   14   14   12    4    8
   16    7    3   11    3
   28   18    3    9    6
   22   21    9    3    8
    8   24    3   12    7
   26    9    2    9    6
   10   18   12    8    4
    2    1    6    1    7
   16   10   11    8    5
    6    5    3   11    4
   12   16    1   12    5
    2    8    3    4    4
   22   24    3    9    3
   23   23   10   12    3
   29    4    6    4    4
   21   30   10   11    4
    9   13    5    5    5
   22   23   11   11    4
    4   23    4   11    4
    9   30    2    8    6
   26    2    3    4    4
    6   16    6    7    3
    2   25    2    1    3
   29   29    1    6    3
    9    9    7    9    7
   12    3    3    9    4
   20   22   10    3    3
   27   27    8    7    6
   18   21    8    4    5
   27    7   11    5    4
    4   22    6   10    6
   19   21   12   12    5
   11   23    9   11    5
   19   23    4    6    5
   16   16    7    1    6
    5   14    2    9    5
    2   14   11    8    8
   21   21    9   11    9
   14   20    1    4    7
   12   27    3    8    8
   18   18    3    5    7
   30   30    2    6    7
   17    5    4    5    4
   15   19    8    7    5
   19    3    2    7    4
    4    5    4    8    6
   11    3   11    7    3
    2   21    4   11    8
   10    4    8    8    4
    9   25    9    9    4
   28   11    6   11    6
   24   28    5    4    4
   14   30   12    2    7
   24   17    6    8    4
   27   21    6    9    4
    4   19   10    4    5
   14    1   10   11    4
   21   11    9   10    6
   30   28   11    7    4
   26   22    6    5    4
   24   19    8    4    6
    7    9    9    7    5
   21   24    3    6    4
   22    2    9    5    3
   27   18    9   11    5
   29   11    7    8    5
   22    3   12    8    3
   20   20    3    8    3
   23   14    9   10    6
   10   22    6    5    5
   11    6   11    6    6
    7    1    5    4    5
   16   17    8    9    7
   25   27    2    5    5
   20   19    7    8    4
   26    4    3    5    6
   12    2    9    9    6
    3    8    4   10    8
    1   28    4    1    5
   25   11    1    8    3
    2   27   11    9    4
    6   29    1    1    6
    5   12    7    9    4
   17   21   11    9    4
    3   20    1   10    3
   18   11    5   10    3
    3   26    3    8    5
   14    4    1    6    7
    5   15    6   11    3
    6    2    1    6    8
   13    3    8   10    7
   15   15   10    1    3
   28   19   10    6    3
   14   18   12    3    5
   25   10    6    6    3
   14    3   12    5    3
    8   21    6    1    3
   28   25    8   10    5
    4   24    8   11    5
   16   24    2    1    3
    5    5    9   11    3
   25   17    2    3    4
   21   23   11   10    5
   18    8    6   10    3
   29   26    1    7    5
   10    2    3   12    5
    9   19    2    7    4
   12   25   12   11    4
   10   21    7   10    6
   28   29   11   10    5
   26   20    3    5    5
   26   10   12    6    4
    6   25   10    7    3
   28   15    3    9    5
   28   27    9    6    3
