    6   11    1    3    2
   15   24    7    7    1
    3   21    5    2    1
   17    1   11    2    2
   11   14    7   12    5
    9    7    4    5    4
   18   13    2   11    7
   20   22    9    4    4
   21   21   11    7    6
   27   26   12   12    2
   23   30    7   12    8
   21   17    7    3    4
   16   18    3    4    4
   22   29    3    2    1
   18   12    2    4    2
   27   11    6    1    1
   12   23   10    2    1
   23   19    2    7    1
   22   26    8    9    1
    7   15    3    5    1
   17   22    4    4    2
   14    1    4    7    2
    2   17    8    6    5
    5   10    5    1    6
   10   11    8    3    4
    4   15    1    5    1
   13   22   10    1    4
   26   29    6    7    1
    8   11   11    5    6
   26   13    1   10    3
   24    9   11    8    2
   21   29    1    6    3
   21   30   12    1    6
   13   13    5    7    7
    2   16    9   12    7
   20   21   10    5    6
    3    8    6   12    8
   19   15    9    4    5
   16    3    6    5    3
    8    2    2    1    1
   22   27    4   10    2
    3   27    1    1    2
    2    4    5    1    1
   21    7    6   12    6
   19   19    8    5    6
    4    5    3   12    6
   20   17    9   11    2
   19    8   10    4    2
   19   30    2    7    1
   19   11    9   10    5
    1    2    6   11    6
   29    5    2    6    3
   15   27    7    1    3
   28   20    6    6    2
   28   28    8   11    1
    6    8    1   10    1
   30    5    8    4    1
   16   23   11    8    1
   11   17   12    7    2
   25    7    8   11    3
    3   23    5    8    1
   30   18    1   11    4
    2    3    4    2    2
   27    8    9   11    1
   16    1    2    1    2
   13   21    6    7    3
   21   16   11    1    3
   17   24    7    9    3
   14   23   12    7    6
   26   26    6    5    7
   21    5    3   10    3
   13   24    1    1    2
   26   19    8    9    2
   13   14    7    7    6
    3   28    6    5    1
   12   12    2    7    9
    1   22    4    1    7
   13   25    8    2    3
   18    3    5    7    1
   21   11    6   12    4
   23    1    2    8    1
   22   14    3   12    1
   17   13    4   11    9
    8   20    4   12    1
    9   30   11   10    5
    4   30    1    7    1
   26   24    8   10    7
   30   10    3    7    7
   13    1    7    8    7
   18    8    8   12    6
    8    7    2    3    7
   10   21    1    8    5
    6   16    5   10    2
   13   28   12   10    2
   25   25    9   11    8
   27    1    8   10    7
   24   25    1    5    3
   10   18   12   10    9
   19   14    2   11    8
    4   26   11    5    9
   22   25    7    9    1
   24   16   10    1    2
   17   17    4    2    8
   12    4    2   12    7
    2   21    3   10    6
   17   23    7   10    1
   17    5    7    7    5
   24    6   10    6    1
   23   18    4    5    9
   13    8    4    6    4
   11    3    9    6    8
    6   12    5    8    1
    4   13    3   10    9
   17   15    6    4    5
   26   30   11    5    8
    9   13    3    3    5
   26    1    5    9    7
    1   11    5    9    6
   14   12   12    8    6
   30    6    9    7    6
   26    9   11    5    1
   12   24   11    4    3
   10   15   12   11    6
   21   24    6    9    4
    8   10    7    1    8
   22   15    7   11    4
   26   14    8    4    9
   11   20    5    8    1
   11   23    5   12    1
   17   26    2    7    8
   25   19    7    9    3
    7    6   10   11    1
    2    2    9    2    9
   20   10    9    7    6
   10    2    3   10    1
   30    7    4    5    1
    1    9    2   12    5
   22   24   10    2    7
   14   24    6    6    3
    7   18    4    6    4
    3   22    2    3    2
   25   29    8    7    1
    5   14    9    1    1
   13   19    6    3    3
    4   17   11    3    5
   16   16   10    5    8
   22    7   11    5    6
    3    9   11    4    1
   27   17   12    1    1
   10   14    7   11    9
   10   16    4   11    5
    5    5    5   12    5
   27   28    1    5    7
   20    3    9   11    3
    9   19    1    1    1
   25   14    6    2    9
    8    8    5    7    9
    2   15   10    4    6
    2   30   11    6    1
    7   11    3   10    1
    4   21    4    6    4
   25   16    3    2    8
   24   28    7   12    1
    5   24    6    7    1
   24   10    3    4    1
   29    9    1    9    1
    2   19   11   11    2
   24    2    6   10    1
   29   13    6    7    9
   27   29   12    5    2
   17   14    4    1    7
    7   19    2    5    3
    4    9    6    5    1
   18    2    1    9    9
    7    3    5    1    2
   28    4    5    7    2
   25    4    2    1    4
   21   12    2    3    8
   10    1   12    2    8
   13    5    4    3    5
    9    8   11    9    4
    6   18    8    4    1
    8   12    6    5    2
   10   28    5   11    1
   23    8    3    3    1
   18   14    7   12    7
    9    5    9    2    2
   14   27    3    3    1
    1    7    1   12    6
   20    2    4   11    3
   20   14    9    2    6
   26   10   12    4    7
   15   15    3   12    7
    7   16    6    1    7
    4    3    2    9    2
    9   17   12    4    1
   20   20    2    1    9
   22   23    2    9    8
    8   25    7    9    4
    3   30    4    8    1
    2   23    1    6    5
   28    2    2   11    4
   23    4    6   11    3
   12   16    7   10    3
   30   29    7    2    8
   26   11    2    1    5
   19   28    6    4    6
   26    5    4    9    1
   25   18    6    9    6
    1    1    1   10    7
   14   29    7    7    4
   18   15    1    8    7
   23   25   12    7    7
   14    8    2   12    1
   23   23    8    6    7
    2    7    1    9    3
   24    4   11   11    3
   26    2    1   11    5
   10   25    8    9    9
   23   15    5    8    9
   13    7   11   11    2
    4    4    6    9    7
   27   19    1    9    3
    9    9    5    9    6
   15   14    6    1    9
   28   22    1    2    7
   10   19    7    2    7
    2   25    9    1    9
   21   22    4   10    5
    8   22    3    4    6
    6   21    9   11    9
    6   13    5    9    1
   20   26    2   11    9
   19   17    4    4    6
   21   28   11    8    4
   23    5    8    2    1
   19    4   10   11    9
   29   16    1   10    2
   26   16    1    5    5
    6    6    2    5    6
    3   14    1    5    3
    6    9    5    8    1
    8   17    6   11    6
   10    3    9    5    7
   23   21    9    1    1
    5   22    5   11    1
    8    1    9    8    8
   13   20    8    8    2
   30   20    3    6    9
    9   12    6    8    5
   29    8   11   11    5
   27   10    1   12    3
   25   21   12    9    3
   11   30    6    2    3
   24   27    2    9    2
    7   12    1    4    7
    1    3    8    5    6
   11   16    4   10    9
   18   21    3    2    2
    6   20   10   12    1
   28   30    8    8    1
   27   27    2    8    8
    8   16    1    1    1
   28    5    1    4    1
    5   19    4    8    4
   25    9    1    5    2
    6   14   10    8    1
   11   25    6    8    1
   10   29    6    5    1
   29   20    7    8    4
   26   12   11   12    1
   19    3    9    4    9
   29   18    2    8    9
    3    5    1    4    9
   16   28   10    1    1
   26   15    3    7    1
    9   14    3    8    5
    6   15    8    8    1
   12    5   12   10    1
   30   22    5    7    1
    2    5    8    2    1
    5   20    3    7    1
   22   12    9    1    5
   15    3    7    3    7
   16   20    5    3    1
   10   22   11   11    1
   10   17    9   10    1
   30   30    9    1    3
    5    1    8    6    7
   18    5    7   12    1
   29   12    7    4    1
   11   24    9    9    5
    7    4    6    8    1
   16   15    3    8    3
   29   23    2   12    5
   18   27    7    2    7
   16   14    3   10    7
    6    5    4    7    1
    3   24   12    6    3
   15    9   11    6    4
   25   28    3   11    1
   27   12    8   10    1
   18    9    5   11    4
    7   20    4    2    1
   18    4    4    9    7
   27   13    1   11    8
   24    8    5    7    8
   15   11    6    3    1
   14    4    7   10    8
   17   25    5    6    8
   12   11   10    8    9
    7   14    3    8    5
   30   14    7   12    9
    1   19    6   12    9
   24    7    1    7    8
   12   15    7   10    4
   16   13    9   10    9
   29    6   12    2    1
   17   18    1    3    1
   23   10   11    2    1
   19   29    2    8    1
   15    8    5   10    6
   14   14    2   11    9
   26    8    2   11    5
   20   24   12   11    1
   27   20   11    8    1
   22    6    2    2    1
   16    4   11    6    8
   14    2    5   10    9
   19   12    4    8    4
   15   25    9    5    1
   22   16   10   12    1
   24   18    8    8    1
   22   19    6    3    2
   21    9    7    1    1
   13   10    2    6    7
   23   26    6    4    1
    2   13    8    8    1
   27    2    6    5    3
   26   18    8    4    8
   27   16    8    5    3
   30    8    9    2    7
   27   23   11    2    1
    5    7    5   11    6
   29   28   10    3    1
   20    9    7    7    1
   20   12    6   12    1
   28   15   12    1    6
   29    2    6    9    1
   28   11    2    4    6
   24    1    8    3    4
    4   20    2    6    9
   15   20    9    8    1
   16   30   10    3    1
   15   13    5    8    5
    1   15    7    4    3
   28   14    6    9    6
    2   12   12   11    5
   26   21    3    9    1
   18   19    1    1    9
   10   12    5   12    1
   23   24    8    7    2
   24   29   11    9    1
   19   16    2   12    9
    4    8    7    9    6
   30   27    8    7    5
   11    2    6    2    9
    7   10    5    5    6
   18   20    4    6    4
    4    6    5   12    1
   11   29   10    4    1
   12    1    7   11    1
   12   30    8    1    2
   20   23   10    1    2
    5   11    4    9    7
    3   25    9    2    1
   25   12   11    5    2
    3   29    4    9    1
   18   22   10    9    1
    5    8    8    8    9
   16   17   10    7    9
   11   18    2   12    7
    9   11    8    9    6
    4   29   11    8    6
    9   22    7    4    3
   22   22    1    4    1
   29    1    5    2    1
   20   25   12    8    8
   15    5    2    9    3
    6   25    3    7    1
    6   19   11    8    1
    5   27    5   12    1
   26    7    3    7    7
    4   11    1    4    9
    1    6    7    6    1
   28    8    2    1    5
   17   30    3   12    8
   30   15    9    7    7
    9   28    4   11    1
   25   30    1    6    1
   15   21    9    6    5
   28    1    5   12    1
   26   25    3   10    6
   21   14    9    5    9
   12   13    6    1    9
   10   10    4    3    5
    5   16    1   12    3
    9   10   11   10    9
   16    9    8    2    3
   18   18    8    1    9
   17    6    1   12    1
   13    3    9    2    7
   12    3    8   12    1
   21   19   10   10    2
    9   27   10    5    3
   20    1    1    6    4
   30    1   10    4    3
   28   23    7    4    4
   27    4   12    9    2
   29   29   11    2    6
   25   27   10    9    8
   20   19    2    4    1
   29    7   10   10    1
    3    3    8    5    4
   13   23   10    6    1
    9    2    2    9    2
   27   21    8    6    1
    7   17   11    6    1
   29   15    3    3    8
    9   23    5    9    1
   23    6    9    3    9
   17    3    6    9    1
    1   18    6    3    8
    2   22   10    3    3
    6    2   12    8    1
    7   27    5    4    1
   28   26   10    7    4
    4    1    9    8    3
   26    3    3    5    1
   21    1   10    1    1
   13   11    6    7    4
   12   28    8    6    5
   17   28    6    7    3
    7   23    5    6    1
   27    6    9   12    4
   24   19    1    9    2
   28    7    9    8    9
    8   21    5    1    8
    4   22   10   10    5
    3    6    3    6    2
   10    6    1    9    1
   18   28    8    9    1
   13   30    2    3    1
   28    6    7    3    5
   22   11   11    5    1
   26    6   11    5    1
   30   24    7    6    2
   25    1    3    5    1
   24   24   12   11    1
   12   17   12    7    1
    5   25    9    2    1
   11   11   10    9    9
   10    4   10    2    5
   17   29    8    3    1
    7    7    5    2    6
