   30    1    2   12    4
   28   16   11    4    3
   23   28    8    4    8
    1   19    6   10    8
    4   10    1    9    5
   16   16    8    5    7
   29   18    9    5    4
   15   26    6   10    8
   15    3   10    9    7
   23    2   10    7    5
   22   25    5    1    3
   20   20    1    9    5
    7    2    6    3    4
   27   26    9   12    6
   23   25    6   11    5
   28    3    4    8    7
   19    8    2    9    7
   18   25    9    8    3
   10   23    2   10    2
    8   20   12   12    6
   12   11    8   10    9
   13   24   10    9    7
   14    9    3    9    4
   10   29    6    3    3
    9   13    8    1    4
   24   30    3    4    5
    7   18    6    4    6
    3    2   11   12    5
   18   14   11    8    5
   25    8    5    9    5
   19   25    8    6    5
   30   22   10    2    5
   18   12    8    5    3
   29    3    3    1    6
    4    9    4    4    6
    4   26    5   11    5
   13   20    7    3    6
    2    2   12    4    7
    6   14    4    3    8
   11   25    5   10    5
    7    7   10    6    6
   14   14    1    8    7
   24   14   10   12    4
   12   27   12    1    2
    3   18    8    2    1
   23   23    8    3    5
   26   24    9    1    4
   22    4   10    3    6
    3   25    6   12    7
    4    4    7    1    4
    6   25    1   10    7
    4   14    8    7    8
   13   29    9    6    8
   15   15    8   10    8
    5    4    5    8    5
   30    5    9    4    4
   30   19   12    4    7
   14   16    9   10    8
   22   27    4    1    7
   16   18   10   10    6
    1    3   12    1    4
   20   26    4    1    5
   23   19    4    6    3
   25   29    3   10    5
   28    9    2   10    4
   21   20    4    5    3
   21   28    4    7    3
    3   22    6    7    2
   26    9    1    9    1
   13   21    1    7    4
    2   26   12    1    3
   15   23   11    6    5
   23    3    9    5    6
   16   20    4    5    3
   26   12    4   11    7
    7   21    4   12    6
    9   19   11    3    4
   26    5    4    1    5
    3    9   11    1    8
   23   30    5    2    4
   24    6    7    9    3
   19   18   11    5    7
   15    4    9   11    4
    5   28    3    2    4
   29    1    9    4    4
   18    6    8    5    3
   11    1    3   10    6
   13   19    4   11    6
   24    3    1    7    4
   19   17   12    8    6
   23   22    3    7    3
   28   25    9    7    6
   16    9    6    8    7
   20   15   11    7    5
   11   18   10   11    1
   21    8   12    6    7
   25   15    2    5    3
   29   27    9    3    4
    2   30   11    4    6
    5   14    7    1    5
   14   10    2    7    6
    2   21    5    2    7
    4    3   10    5    6
    4    2    9    6    7
   28    1    1   11    6
   23   24   12    3    5
    7    4   12   10    5
    6    6    4    5    9
    5    8   10    7    8
   14   17   10    8    7
   17   25    6    1    6
    3   20    5   11    6
   29    6    7    8    1
   14   29   12    2    1
   19   22    6    6    4
   13    3    6   12    5
    9   29   11    1    4
   26   21    7   10    7
   12    4    4    9    8
   22   12    1    5    7
   20   30    3    6    6
   20    6    3   10    6
    1   24    3    1    5
   23   21    5    1    4
    6   11    7    9    7
   25   10    8    6    5
   22   17   10   12    4
   12   19   11    8    5
   28   15    2    1    6
    5   24    2    5    2
    5   13   12    6    6
   29   11    2    7    4
   25   16   12   10    6
    1   13    7    5    7
   28   28   10    6    8
   25   26    6   12    9
   12   13   11    1    7
    5   11    8    6    4
    4   20    2    5    3
   16   27    3    4    7
   19    6    6    7    6
    1    7    3    5    3
   21    6    3   12    9
    5   12    1    7    6
   17    6   12   11    4
    8   27    3    1    3
   11    4   12    2    4
    6   15   12    2    1
   30   12   11    5    1
   14   11    5    4    6
    3   30    7    1    3
    8    1    6   10    4
   10    1   10    8    3
   20   19    6    3    6
   19   26   10   10    6
    7   30    4   12    6
   12   24    2    9    6
   22   24    6   12    4
   22   16    2    6    4
   12    9    3    5    6
   11   27   12    5    7
   23   16    5    6    4
   11   10    4    3    6
   17   26    8    2    3
    4   24    1   10    7
   15   21   11    9    1
   28    6   10    5    9
   16    2    1    7    3
    7    6    2    8    7
    9   25    1    6    2
   24    2    2   12    4
   24   20   12   10    3
   27   25    5    6    6
   15   19    1    5    8
   22   22   11    3    4
   13    4    5    9    3
   17    8    7    3    5
   30   10   11    6    7
   29   21    6    8    3
   24   18    7    7    6
   21   18    8    2    5
   30   29    3    6    7
    1   18   12   10    5
   16    8    8   10    6
    3    3    3   10    8
   25   30   12    4    8
   16   30   10    9    5
    2   11    1    7    5
    7   11    2   10    5
   30   30   12   10    5
   22   11    4    8    6
   20   29   11    4    6
    8    8    8   10    7
   14   25   10   11    4
   27   18   11    6    5
   19   16    7    2    6
   14   13   10    9    7
   15    9    2   12    6
   29   12    7    9    2
   15    2    1   10    2
    7   24    1   11    5
    2   13    3    3    6
   21   12   12    3    7
   10   10    9    5    6
   14   21    4    5    7
   25   24   10   11    3
   18   22    5    1    3
    4   27    9    7    6
   10   28    4   12    4
   16   11   12    2    7
    5    7    3    1    6
   12   23    2    1    8
    2    1    8    3    6
   17   18    8   11    4
    7   14    5    1    4
   18   20   10    8    5
    8    6   10    6    5
   16    5    7   10    4
   17    2   11   10    4
   21   11   10    3    6
   10    2    2    5    4
   16    7   10    7    5
   25    4    9   11    6
   30   27    4    5    7
    6   10   12   11    5
   16    6   12    8    4
   20    1    4    7    5
    2   20   12    4    7
   17   29    1    3    4
   17    5   12    8    4
   30   28    1    7    4
    5   23   10    9    4
   27   21    1    7    5
   25   13    3   11    3
   19   27    6    2    2
   23    8    8    3    4
   17   27    8    6    3
    7   28    2    6    3
    8   14    5    1    6
   17   15    7    9    4
   26   26    7    5    7
   19   24   11    8    6
   13   10    9    9    3
   22   21    1    2    2
    3   26    3    7    7
    5    5    6    8    8
   16   17    3    6    6
   30   11    5    5    4
   18   18   12    4    4
   14   26   11   12    3
   23   18    5    5    5
    5   10    1    7    6
   29    2   10    3    5
   11   26    5    6    5
    3    8   10    5    6
    9   30    7   10    4
    7   22   12   10    6
   20   11    2    8    4
   23   13    6   11    4
   10    3    2    3    6
   12    7   12   10    1
    5   15   12    3    2
   21    4    7    7    3
    1   14    2    7    4
    9   10    1    8    6
   17    7    4    4    7
    3    7   11    4    7
   29   23   11   10    5
   22    5    6    5    4
    8   11    4    5    2
   21   19    7    8    3
   24   27   12    4    4
   12   14    7   11    6
    3    5   10    7    8
   21    3    5    1    6
   26   28    6    6    4
    8   13    7    3    6
   29   22    9    7    6
   28   18    6    2    5
   15   18   10    7    7
   20   23    8   11    1
   15   14    5    7    2
   28   14   11    5    3
   17    3   12    8    5
   29   29    6   12    7
   23    6   11    9    8
   22   20    2    8    5
   11   17    5    1    4
    7   23    8    6    4
   27    2    6    4    4
    2   18   10    7    6
   30   21    9   10    6
    5   20    2    4    5
   11   11   11    6    4
   10   15    6    3    3
   15    1   10    2    6
   15   12    2    6    3
    8   15    8    4    2
   13   22    6    5    3
   14   27    3    8    6
    6    4    7    8    4
   30    8   11   12    4
   17   20    2    8    3
    8    4    9   12    7
    2   25    6    2    5
    4   16    2    3    3
   25   21    6    6    4
    7   25    5    9    6
   14    2   11    2    7
   30    4    8    3    6
   16    3   10   10    6
   21   21    7    2    7
   13   11    2    3    5
    1   27    6   11    6
   10   26    3    3    5
   21   10   10    7    7
   13   26    9    3    6
    8    9    8    9    4
    6   22   12   10    2
   21   24    8    6    4
   11    9    6    6    4
   19    2    3   11    5
    5    6    7    8    4
   25   25   12    1    8
    1    1    8    9    8
    1   23   12    9    4
   27   20   10    7    3
    9    6    5    7    2
   12    1   11    9    4
   13   13    4    3    9
    5    9    8   11    7
   22   10   11    8    5
   16   21    4    1    6
   13    6    8   10    6
   13    7    1    3    6
    5   21   11    8    4
   17    1    9   11    4
   14    3    1   12    4
   26    8    6    7    5
   23   11    5   10    3
    8   10    8   11    2
   30   17    5   11    5
   13   17    4   12    6
   25    1    3    2    6
   24   24    9   10    6
   17   28    6    4    5
    9   22   10    3    7
    7   10    7    7    3
   19   19    8   11    7
   12    2   11    1    7
   28    8   12   11    1
   24   17    5    4    1
   15   16   11    3    3
   30   13   11    3    4
    3   11    6   12    5
   22    2    8    5    3
   18    4    5    8    5
   17   12   11   11    6
   16   12   11   11    5
   25   20    2    8    6
   17   17    4    7    7
    7   20   11    7    3
   18   26    4    1    6
   23    9   10    4    2
   19    5    8    8    5
   19   29    3    9    3
   11   15   10    7    3
   12   20    5    9    3
    7    8    3    6    6
   29    5    8    9    4
   21    9    4    5    3
   23   26    9   11    7
   12   28   12    1    7
   28   19    3    2    7
   18    8   10    1    4
   30   26    8   12    3
   23   17    1    9    5
    1   22    3   12    3
    5    1   11    1    5
   27   27    4    8    8
    6    3    3    2    5
   26   29    3    5    2
   12    3    6    4    4
   23   14    7    2    2
   24    9    4   10    3
   27   13    4    4    1
    5   25    6    4    3
   26    7    3   12    6
   27   10    2    8    5
    3   19    8    8    4
    6   27    1    5    5
    2    6    8    9    6
   28    2    7   12    3
   21    1   10    3    2
    9   17    3    6    3
   25   12   11    4    3
    5    2    4   10    3
   15   24    4    8    3
   13   16    8   11    6
   12   12   10    7    8
   26    6   12    1    1
   24   10    6    6    3
    8   22    5    6    5
   30    6   10    5    2
   10   20    1   10    4
   16   10    8    7    4
   27   28    1    9    5
   27    5    3    3    6
   28   29   10    9    5
   27    7    1    9    5
   26    1   10    4    4
   13   18    4    8    6
   18    9   12    8    5
   18   30    3    9    6
   12    6    7   12    8
   16   26    3    7    6
   11   24    5   10    3
   24    8    3    6    5
   15   13    2    2    3
   29    4    6    2    6
    4   17    8    7    2
   19    7    4    6    4
    7   15    7    4    3
   23   27    6    2    6
    9    1    1   12    7
   15   30    1   10    5
   16    1   11    3    3
    9    2    6   12    5
   19   10   12    1    5
    8   12   10    2    6
   24   29    7   12    4
   18    5   10    9    6
    1    6    9   10    4
   29   15    9   12    1
   27    9    4    9    2
   17   21    2    3    7
    7   29    7   12    2
    8    2    4   10    3
    1    4   11    9    5
   22   14    7    5    3
    9   20    1    9    4
   20   14    6    6    5
   19   11    6    7    2
   18   10   10   11    2
    9    9    7    8    7
   24   16   12    9    6
   17   10    5    1    5
   20   28    2    2    5
    3   27    6    7    5
    4   28   10    3    4
   26   22    2    4    8
   13   28    7   10    3
   12   10    4    1    1
    7    9   11    9    1
   14   19    2   10    6
   14   30    9   11    4
   19    4    8   12    5
   22   28    6    5    6
   27   15   10   10    3
   11   28   10    5    3
   16   29   11    5    2
   15   22    9    4    6
   23    4    7    1    2
    8   29    1   11    7
   24   28    4   11    3
