   22    9    4    3    3
    5   11    3    9    1
    6   24   12    6    1
   16    4    3    7    1
   24    5    1    7    2
   24   20    3    6    4
    2   30    9    5    7
   25   21    1    7    6
   25   11   11    4    8
    3   26    5   10    6
    6    6    2    3    8
   17   25    3   12    7
    5    4    1    4    6
   28   23   12    6    4
   25   12   10    2    5
   23    9    5    5    4
   10    1   10    1    7
   27   28    1    7    8
   15    1    1    3    4
    6    9    8    2    1
   28   29    1    7    1
   12   28    8    5    2
    5   23   10   11    1
   10   24    4    8    1
    6    1   11   10    3
   10    5    3    1    1
   23    2    1   10    6
   29    5   12    8    2
   23   30    2    9    3
   30   24   11    7    2
   10    8   10   12    7
   15   26    9   10    4
    6   28    2    9    5
   10    7    4    7    2
   29    7    8    8    2
   12   17    5   10    4
   28    7   10    5    1
   26   30    7    3    5
   14   17    1    8    7
   26    8    4    1    4
   30   29    6    1    4
   16   16   12    5    8
    3    8    7    6    2
   24   26    8    6    2
   22   13   11    4    1
   10   19    2   10    3
   30   14    9    4    9
   27    3    1    3    3
   29    3    6    1    2
   16   24    9    7    1
   24    7   10   12    1
   21   22   10    9    5
   18   25    1    1    7
    6   22   12    5    1
   24   24    1   12    1
    9   17   11   11    2
   16   20    6    7    1
    5    3    7   10    9
    1   23    1    4    1
   19   13    6    8    3
   19   17    7    5    1
    2   16    4    5    6
   20   11   12   11    1
   21    7    3   10    1
    1   27    5    5    3
    5   12   11    7    1
   10   28   12    8    1
   23   27   10   10    1
   20   25   11    4    1
    4    1    9    5    5
    2    6    9    5    2
   21    9    5    3    1
   28   19    2    6    8
    1   12    7    4    1
   16    8    3    6    1
    3   18    5   10    2
   10   16    7    4    5
    6   25    2    1    1
    1   28    4    8    1
    2   10   10    2    1
   15   23    5    5    1
    1   29   10    5    1
   21   18    2    1    1
    5   16    7    1    5
    5   21   12    2    1
   29   29    8    5    3
   21   17   12    3    4
   30   27    2    1    1
   27   21    4   12    2
   20    5    5    3    2
   28   26   11   11    2
   19   18    2    6    5
   18   28    2    5    3
   13   29    3    3    3
    2   26   10    8    5
   16   30   12    2    8
   20   20   12    5    3
   30   21    3    9    2
   13   27    4    1    3
   16    7    4    1    1
    1   21    7   12    5
    9   24    1    3    8
   27   18    8    6    8
   15    9    4    3    2
   10   26    8    4    2
   17    1    1   11    8
   16   18    3    3    4
   13    9    8    7    2
   18   30    2    1    8
   27    8   11    1    1
   23   25    9   10    3
   25   25   11    9    5
   14   26    2    1    3
    1    5    5    3    7
   27   26    4    2    2
    2   15    5    6    1
   10   29    3    8    1
    1   22    6    5    7
   26   22    8    9    3
    4   15    7   11    6
   14    9    6    5    3
   29   16    9   10    1
    8   29   10    2    1
   17    8    5    7    1
   19   20   12    9    4
   17   20    1    7    2
   25    1    8   11    1
   13   15    4   10    1
    3   13   10   10    7
   10    6    6    5    1
    4    4    9    7    3
   11   11    5    8    8
    2   27    8   10    1
   14   21    1    4    8
   28   21    4    5    1
    7   18    1    7    3
    5   26    7    5    5
   14   28   11    4    1
   17   15    8    9    1
    5   14    5    1    1
   24   22    2    4    6
   27   20    9    7    1
   23   23   12    5    2
   22    4   12   11    1
   30   22    6    5    1
   15   12    2    1    1
    1   24    6    2    7
   15   16    8    1    1
   12   27    5   11    1
    6    5   10    8    1
    5   19    9   12    4
   20    4    1    3    1
    7    6    8   11    7
   10   22   10    3    8
   10   30    3    1    3
   14   25    7    6    1
   12   21    2   10    9
   28   22    3    9    8
   13    1    4    6    8
   10   11   12   10    7
   18   10   12   10    7
    3    3    2   11    9
   13   11    9    7    8
    3    7    4    6    6
    3    6    6    4    4
    7    8    2   11    1
   11   30    5    9    1
   17   11   10    8    2
   28   13    3    7    2
   27   22   10    9    1
   11    8    2    8    8
    2    4    8    2    9
    5   25    4    5    1
   13   13    2    4    9
    8   18    2    2    1
   30    9    3    4    1
    1    3    4    2    3
    9   11   11    9    6
   10   21    6    2    5
    7   22   10    3    6
    3   25   11   11    1
   30    5    4    6    1
   24   29    7   10    1
   24    8    9    6    9
   26   18    2   12    8
   15   28    9    2    9
   22   23    7    1    4
   13   21   10    8    2
   15   25    7    9    2
   24   15    1    6    4
   23   29    8    5    4
   19    2    3    9    6
    3   30    1    6    5
    2   22    7    4    2
   27   27    9    4    8
   15   21    8   11    2
   14    7    1    4    4
   30    4    4   12    7
    9   26    5    1    6
   26   23    5   12    8
   17    3    8   10    3
    5    9   11    7    6
    2   28   10    1    7
    8    9    5    2    7
   12    6    2   11    8
   15   30   12    1    6
   25   16   12   12    9
   23   21    5    9    2
   24   18    1    2    2
   22   18   11   11    4
   12   23   10    9    3
   22   15   12    8    2
   19   26   11    1    1
   25    4    9    8    1
   14   14   10    6    1
    4   12    8    5    9
   13   12    7    2    8
   10   20   10    1    7
   14   11    6   11    4
   11    4   12    6    2
   24   19    3    2    2
   19    6   10    5    1
    3   14    1    9    5
   16   27    8    7    3
   29    6    2   12    1
   16   23   10    5    1
   29   15    7    3    1
   21   29   11    7    1
   11    7    6   12    4
    8   30    2    5    1
    7   15    4    3    1
   17   10   11    8    2
   26   16   10    1    4
   26    1    1    4    5
   25   27    1   11    5
   18   18    4    5    8
   28   25    7    4    3
   29   25    2    8    6
   26    7    7    7    3
   19   29    6   11    3
    1    2   10    7    9
   23   24    5    2    7
   23   17   11    9    1
   10    3    3   10    1
   17   17    3    1    2
   16   22   12    5    2
   25   26    9   12    5
   14   29    6    2    3
   16    9   10    1    3
    4   18    4    3    3
   28   16    3    8    4
   21   19    3    8    4
   12   22    9   10    7
   16   13   12    6    9
    3   15   10    2    2
    5    5    8    5    6
    2    3   10    6    3
   26    4    6    4    2
   12   14    1    2    5
   11   27    7    8    5
   10   13    9    3    6
   20   14    5   12    2
   17    6    1   10    6
   25   13    9    3    2
    9    2    9    6    2
    4    7   12    9    1
    4   19    5    7    7
   22   20    4    1    2
   23   14    6   10    1
   29   27    9    1    1
   27   15    6   12    8
   22   29    4    2    4
   23   11   11    7    7
   15   20    5   11    7
   21   21   10    1    8
   27    4    2   10    2
    7    9    8   12    2
   27    9    7   11    2
    5   13    1    6    2
   28   17   10    6    2
    2   20    6    2    3
   14   19    8    4    3
    8   14   11   11    2
    4   14    6   12    7
   17    2    5   12    5
    7    1   11    3    3
   22   11    5    3    6
   27   10    4    5    2
   26   21    5    6    8
    2   11    2    2    9
   12   24    2    6    8
    2    2   12    5    9
   13   30    8    4    4
    8   13    2    2    9
   17    7    1   11    6
   13   24    6   11    6
    8    2    1   11    4
   10   10    9    4    4
   24   21   11    2    1
   13   18   12    2    3
   29   17    8   10    2
   22   17   10    5    2
   29   18    1    1    4
   25   24    6    9    1
   12   16    5    6    1
   19    7   12    7    9
   12   19    6    8    9
    2   14   12    1    9
    7   20   11    1    1
   10    4   11    6    7
   18   11    6    7    3
   11   24    7    8    3
   29   11    8    4    3
   19    8    6    6    8
    3   12   11    5    1
   16   17   10    9    2
    7   13    4    9    5
    6   15    3    9    2
    9    1    4    7    1
   18    9    7    7    1
   23    4   11    1    1
   14   15    9    3    1
   16    1   12    4    4
   27    6    8    9    8
   28   30    2    5    6
    4   21    1    5    6
   19   25    3    2    4
   14   10    3    4    5
   16    6   10    2    1
   17   26   10    8    7
   11   12    8    1    9
   23    3   12   10    2
   30    1    1   11    2
    1    1    6    1    4
    5   27    8    4    7
   23   18   10    6    9
    3   24    1    2    5
   24    4    8    3    4
    2   21    3    3    8
   24   28    3   10    4
   29    2    4    6    4
    5    8    2    4    2
   24   17   12    2    6
    9    3    1    4    7
    1    8    9    3    8
    8   20    1   12    9
    6   26    6    4    7
   28    4    9    6    7
   18    6    3    2    2
    4    3   12    2    3
   30   20    4    1    5
   23   13    1   12    3
   12   20    2    5    1
    5    2    2    6    2
   27   17    6    6    4
   13    6    9    4    4
   25    7   12    1    2
   16   11   11    7    6
   14   27    1    7    3
    8    4    6    2    2
    2   13   12    6    2
    5   18    6   10    3
    9   20   12    8    1
    5   22    9    6    9
    2   24    5    7    2
   21   20   12    1    2
   12   26    5    2    2
   29    9    4   12    8
   18    1   11   12    3
    9   10   10    5    1
   25   10   11    2    2
   19    1    4    7    1
   18   14    2    6    2
    9   25   11    8    6
   12   29   11    7    1
   16   19    7    7    2
   28   28    4   12    9
    5    7    2    8    6
   27   24   11    9    2
    8    8    2    9    2
    4   17    7    2    2
    5   17    7   11    6
    4    9    4   12    4
   17   30    3    8    7
   12   18    9    6    2
   22    3    2    6    3
   11    1    7    4    8
   15   10    2    6    2
   29   26    6    4    1
   27    7    5    6    1
   19   22    2    5    7
    5   15    5   12    3
    3   19   12   11    2
    7   30    6    5    2
   14   22    7    1    1
   14   24    4   10    2
   19   11    5    6    6
   15   11    8   12    1
    5   28    9    8    1
   13   14   10    2    1
    1   20   11   11    7
   20   13    5    5    3
   18   20    2    4    5
   20    3   12    4    3
   28   11    1    1    7
    8   25    6    2    1
   29   20    4    5    1
   26   26   10    1    3
   19   15    8    3    5
    7    7    6   11    4
    4   29   12    9    2
   23   20    8    6    1
   27   19    9   12    3
   12    8    9   12    4
   28   20    3   12    1
   12   12   10    9    9
   17   18   10    5    9
   12    9    6    3    4
   11   21    5    7    5
    2    7    8   10    1
    6    4   12   12    1
    9    9    1    4    7
    2   25    7    8    8
   11    6   11    6    5
    8   22   10    8    3
   14    1    3   12    1
   21    6    8    4    1
   26   11    4    8    1
   14    6    1    3    9
   12    7    7   11    3
   30   25    5    8    3
    6   20    5    4    1
   22   22    9    6    3
   30    6    3    9    1
    3   16    7    8    2
   26   20    9    9    6
   12    2   10    6    8
   18   15    2   12    6
   13   17    5    9    8
   12   30    9    9    7
    9   28    4    8    2
   28    3    6    1    4
   25   22    5   12    4
   23    8    7    2    1
   28    8    1   12    1
   30   30   11   10    1
    8   15    2    1    7
   19   23   12    1    3
   11    3    2    2    2
   13    4    3    9    1
   19   19   12    5    6
   23   10    2    5    2
   21    8   11    2    1
   21   16   12   11    1
    7   23   12    9    3
   14   16   12    7    3
   23    6    7   12    1
   15   15    8    9    3
   10   12   10    3    1
   13   26    7    3    2
   19   30    5    1    4
   18    2    7    2    7
   21    3   12    4    4
   19    9    1    3    2
    8    6    6    2    2
