   27   27    9    3    6
   29    7    4    4    2
   28    9    9   11    2
    6   25   12   12    1
    4    4    2    7    3
   14   19    5    6    3
   22   26    4    9    6
   11   10    2    4    1
    4   11    7    7    2
   16   30    6   12    1
   27   20    5   10    6
   18   13    2    2    5
    3    1   11    1    3
    1   15   12    9    1
    8   22    5    6    1
   30   19    2    7    6
    2   25   11   11    8
    3   11    6    8    4
   27   19    6    3    2
   11    2    8    3    1
   20   10    7    8    1
   20    2   12    2    9
   14   14    2    5    8
   26    7    8    6    4
   16    8   12    7    4
    3   23   12   11    1
    9   27    9    1    2
    9   21    1    3    1
   14   29    3    6    1
    4    1    2    6    2
   16    9    5    7    1
    8    2    5   10    3
   27    7    1    8    1
   12   30   12    2    6
   29    5    4   10    3
   13    3    8    2    7
   11    5   10   10    4
   16   26    3    8    2
   23   21    9    6    5
   18   23   12    9    2
   24    5   12    7    2
   15    7    1    4    9
   16   21    3    3    1
   29   15   10   11    6
   21    4    8    3    3
    5    3    5    6    5
   22    9    4    2    3
   15    2    4   12    7
   17    2   12    8    2
   12   12   12    4    9
   18    1    5    6    8
   23   23    1   11    9
    7   30    8    9    7
   19   23   12    7    4
    1   28    5    9    1
    4   12    7    7    2
    4   25    8    9    6
   19   18    7    6    6
   11   20    1    1    4
   19   16    7    9    9
    1   26   11    4    3
   20   20    8   12    7
   21   18    3   12    1
   30   28   10    7    1
   17   22    2   11    1
   22   23    5   10    2
   19    9   11    3    5
   29   28    8    7    2
    1   30    3    2    4
   27   30    3    9    2
    9    3    3   11    5
   12    8    4   10    4
    9   14    9    7    4
   17   19   10   10    7
   24   13    2    3    3
    7   24    4   11    9
    8   15   10   11    8
   26   26    9    1    6
   28    4   11   10    1
   24   20    7    1    2
   20    5    4   11    1
   22   18    2    4    6
   17    6    4    7    2
    6   26    5   11    2
    8    3    3    6    8
   25   23    1    5    8
   18   14    9    2    8
   27   16   10    8    6
   18   12   11    3    1
   21   25    5    3    2
   24   29    8    4    4
   24   21    3    3    1
    1   29   10    7    2
   10   21    8    5    2
   15   21    2    8    1
   21   27    9    7    2
   11   29    5    5    1
   15   15    2    3    9
   15    5    3    1    1
   20   25    6    6    1
   17    4   11    5    8
   27   28    6   12    7
   22    1    6   11    6
    6    9    3   10    1
   22   13    9    8    1
   14   25    5    8    2
   20    1   11    5    7
    9   26    3   12    6
   28   17   11    7    2
    7    1   12    3    6
    3   19    3    8    6
    6   18    9    5    1
   24    1    1   12    8
   26   29    2    7    2
   25   12    6    4    1
   15   26    8    6    7
    6    6   11    7    6
   18    5    5    6    6
   27   13   11    1    4
   10    2   10    8    3
   25   19   12    5    5
   18   28   10    2    7
   15    4    5    2    5
    6    3    6    6    2
   10   14    3   12    6
   24   26    5    4    6
   14   23   10   10    6
   12   24    8   12    7
   16    3    2   11    7
   10   17    1    6    5
   29   22    6    5    6
   13   30    5    5    6
   16   23    6   11    4
   25   30    6    9    2
   26   12    2    7    1
   16   28    3   10    3
    2   23    4    3    5
    3   17    8   12    6
    1   12   12    4    3
    3   25   11   12    3
    8   17   12    8    2
   15    9    8    3    2
   21    6   10    7    6
   25   28    5   11    2
    9   12   12    1    1
    8   11    5   12    6
    3    2    6   10    5
    5    9    7    8    6
    2   14    1   12    7
   29   23    8    9    7
   15   23    1    3    4
    2   27    3   12    4
   29   29   10    7    5
   16   16    9    1    5
   22   22    6    1    5
   27   12    9   11    6
   12   21   10   10    8
    5    5    4    1    7
   11   22    9    8    4
    7    3    5   10    7
   17    5   11    5    5
   25   16    8   10    4
   23   27    8    6    7
   11   14    6    1    8
    8   30    2    1    2
    6    1   12    8    1
   23   11   10    8    3
   16   22   12   11    2
    2    4    4    2    8
    1   23    7    3    3
   24   18    4    9    2
    6   14   10    4    4
   21   30    4    4    7
   20   22    2    5    8
   15   30    8   12    7
   19    7    8    7    5
    4   20    7    2    3
   24   19    3    3    6
    4    3    8   12    6
   14    8    6   11    4
    4    7    7    4    6
   25   26    1   12    7
   23   10   10   12    6
   29    3   12   10    6
   24   23    6   11    7
   21   19    6   10    7
   10   30    9   11    7
   24    6    1    9    1
   16   18    2    5    5
    2   30   12    3    2
   26    5    2    9    2
    8    7    7    8    3
    6    8    3    4    1
   14    5    7   11    2
    3   20    9    3    3
    4    9    9    2    2
   25   11    1    6    2
   19   10    3    1    6
    8   26    6   12    3
   30   20    6    8    7
   16   29    4    8    1
   17   26    7    3    2
   30   11    6    3    4
   24   24    3    8    7
   12    2    8    8    8
    1   10   10    5    7
   23   12    6    5    1
    8    4   12    5    7
   18   18    1    9    9
   18   29    5   11    8
   23    5    9   10    4
    1    9    2    5    3
   28   14    8    3    2
    5    8   11    7    6
   22   25   12    2    3
   20    6    8    7    2
   30    5    7    5    2
   25    8    1    2    3
   11   11   10    2    8
   11   27   11   11    2
    7   11   11    8    3
   10    8    5   12    3
   18    3    4   10    6
   24    3    1    9    2
    8   28    7    8    2
    7    7    8   10    6
   28   24    1    5    2
   24   22   10   12    6
    2    9    9   10    1
   15   25    1    7    1
   14   27   12   10    3
   13   16    5    9    8
   28   26    6   10    1
   17   16    8    5    2
   28   15    7    1    3
   12   28   12    7    1
   10   16    4    4    2
    9    9    6    4    9
   17   18    7    6    3
   11   17    8    4    1
   23   26    7   12    2
    1   17    7   12    1
   12    3   10    8    2
   24   14    9    3    4
    4   10    2    2    3
    4   22   12   11    2
    7   28    6    9    3
   21    2    3    5    5
    6   28   10    6    4
   30   17    7   10    6
   17   12   11    5    5
   22    6   12    5    4
   21   17    3   10    6
   27    1    2    9    6
   18   30    4   11    5
   14   16    7    1    3
   25   27   10    7    3
   13   13    1    6    7
   26    3    5    1    7
    8   21    4    6    3
   24   27    4   12    1
   13   19    8    2    6
   22   27    2    6    2
   17   15    5    9    4
   19   15    9    1    2
    4   29   11    5    1
   22   15    2   12    3
    9   18    2    6    2
    3   30   11    3    2
   24    9    6    8    2
   10    7    2    7    2
   19    1    6    7    3
   21   26    3    7    1
    9   17    7    5    1
    2    2   12   10    2
   22    2   10    5    3
   24   15    1    4    2
   14   12    7    8    6
   29    8    5   11    2
   11   19    5   10    7
   26   19    7    9    7
   21   20    8   12    7
    1   11    6    6    7
    3   21    9    6    6
   23   20    2    6    6
   13    8    4    2    3
   29   19    8    5    2
    8    8    5    3    3
   29   20    9    5    9
   10    9   11    6    5
   13    6    7    8    1
    6   29   10    5    1
    7   17    4    6    3
   27    5   12   10    3
   16    7   11    1    6
   13   23    7    6    2
    1    1    6    9    8
   10   24   12   10    7
   18   11    9    7    7
    3   10    3    6    6
   26   30    7   10    6
   18   10   10   10    2
   15   27    9   11    6
   17   13    3    1    5
   20   26    3    1    4
   20   28   11   11    2
    5   25    3    4    3
    6    5    2    3    1
   21   29    4   10    1
   24   25    3   11    4
   21   28    2    5    1
   28   23    2    4    6
   30   30    8    6    7
    8   20    1    2    3
   29   12   10    6    2
    5    4   10    8    6
   11   12    9    3    4
   26   13    9    4    4
    9   20    5   12    1
   22    5    5    2    2
   14   30    5   10    8
   25   13   11    6    7
   13   15    1    6    2
   29   17    6    5    2
    6   19    4    7    1
   22   21   11   10    1
   19    4    6    1    5
   10   22    7   10    2
   24   30    4    9    4
    5   12    8   10    6
   22    3   10   10    2
    2   13    7    3    3
    7   14   10    5    1
   24   16    9    2    3
   26   11   10    4    5
    2    1    8    6    1
   23   30    5   11    6
   20    7    9    1    3
   13    1   10    6    7
   20   17   11    2    7
    5    7    4    1    4
   17   23    3   12    6
    3   28    5    7    3
   14   20   11    5    2
   16    1    3   11    7
   12   10    7    1    2
   29   10    3    1    6
   20   13    8    9    2
   20   16   10    3    8
   18   25   11    3    5
   17   25   12    2    1
   27    8    1    1    1
    5    2    1    4    1
    6    4    4   12    1
   15    6    2   10    1
   16   12    4    7    4
    2   28   11    3    3
   18   20    6   11    2
   28   28    9    7    9
    4   14    2    2    7
   24    4   10    8    6
    4   13   11    1    3
   18   26    8    6    7
    9   29    6    5    2
   29   27    2   11    3
   11    9    3    1    1
   29    2   11   11    4
   27    6    6    8    1
   19   19   10    2    7
   23    7    5    6    6
   13    7   12   11    1
   15   20    1    9    1
   27   17    2    2    2
   10   13    8    5    2
    5   19   11   12    6
   21    5    2   10    1
   24   11    1    2    2
    1   21    7    4    1
   22   19   11   12    1
   14    1    4    7    4
    2   26    1   12    5
    6   23    7    7    2
    8   18    7    6    4
   13   28   12    6    2
   21    7    4    4    5
    7   22    6   12    6
    4   18    1    5    7
   28   11    6   12    6
   12   22    4    6    3
   24    2    8    7    2
    6    7   11    8    1
    1    5    8   11    2
   13   11    8    7    2
   15   12    5    1    1
   13   14    8    1    2
   29   13   11    4    5
   18    2   11    5    1
   10   27    9   10    1
   15    3    2    1    1
    4   30    5    7    4
    9    8    2    7    2
    9    7    2    7    2
   28    5    8    3    3
   16    2    4   10    3
    5   10   11    2    2
    9   13   11    2    5
   20   12   12   12    2
   25    9    9    6    4
    8    1   10    3    5
    4   26   11    8    6
    4   23   12    4    6
   28   19    6    9    7
   15   18    9    7    5
   21   11    9    1    3
    3    3    2    3    8
    6   12    9    4    9
   20   19   11    3    3
   27   18   10    5    7
   30   22    8    5    4
    6   30    7    9    3
    6    2   12    2    3
   10   26    7   12    6
   17   14    2   10    8
    7    2    6    9    3
   15   16   11    6    2
   16    5    4    3    2
    6   10    5   10    2
   21   14    7    4    6
   25   25    1    5    7
   11   16    8    9    6
    8   19    6    8    3
   15   14    5   11    2
   25    7    9    4    2
    8   23    6    9    2
    9   23    4    6    2
   14   22    9   12    2
   30   29   12   11    4
   12   19    3    8    2
   29   25    7    6    1
   13   12    1    6    4
   21   21    8   10    9
    6   11    1    2    8
   15   11   12    1    3
   24   17   12   11    6
    7   18   10    5    3
   24    8    2    3    9
    5   13    5    5    4
   10   15   11    3    3
   27   26    3    8    5
    6   16   12    2    1
   19    2   10    1    4
   16    4    4    4    5
    7   12   10    3    1
   10   28    2    3    8
   28   22    3   10    3
    4   27    8    9    2
   25   10    4    7    4
    1   25    7    3    2
   10   10    4   10    1
    3   27   10    9    1
   13   21   12    8    4
   14    3    6    1    2
    9   30    3    4    1
   26   14   12    3    1
   17   17    6    1    8
