    7    9    9    1    3
   21   21    7    8    7
    5    5    4   12    7
    7   23    5    8    2
   26   26    5   10    6
    6   28    2    3    2
   27   27    9   10    7
   17   17    6   10    6
   19   18    1   10    6
    5   22   10    9    1
   18   11   12    8    3
    3   18   12    5    3
   17   14    9    3    5
   25   11    5    5    3
   26   12    9    2    6
   28   20    7    2    5
   23    8    7    8    3
   11   11    7    4    7
   26   20    3    2    8
    5    3    6    4    8
   16   16    2    4    5
    5   10   12    1    7
   26   30    7    5    5
   24    5    5    6    3
   12   12   12    4    8
   13    7    7    7    5
   30   10    7   12    4
   12    7    2    1    6
   24   11    4    9    5
   14   24    5    7    2
    7   24    6    4    3
   13   12    6    1    3
    3    6   12    3    3
    1   12    4    6    6
   19   15    2    6    7
   15    2    6    2    6
   20    2   10    2    7
   23    1    6   12    5
   26   24    6    4    4
    4   19    1    6    8
    9   29    1    1    2
    4    7   11   10    3
   21   26    7    7    5
   17   15    4   12    5
   25    6    8    9    3
   10   22    7    8    3
   11   20   10   12    4
   19   14    4    2    3
    9   17    6    1    5
   29   23    6   12    4
    1    1    3    7    7
    9   10    7    3    6
   26   22    5   12    6
    8   18    1    3    6
   16    8    3    8    3
    4    1    4    7    7
   11   22    6    3    5
    5   28    5    2    6
   15    5    6   11    5
   16   29    4   10    3
   18   13   12    9    7
    2   10    7   12    7
   27   29    5    4    4
   11   19    3    3    6
   10   16    5    8    7
   24    8    1    5    7
   18    2    4    5    7
   23   20    5    8    6
   25   21    8    2    4
   15    3    8   11    4
   30    1   10    8    7
   11    2   10    8    6
   18   14   12   10    7
   20   22    8    5    4
   16   15    2    4    5
    3   24    7    1    7
   25   13    4    4    3
    3   28    4    4    2
   25   15   10    8    5
   17    3    2    5    5
    2   24   10    8    4
    5   20   10    7    4
    8   15    7    8    6
   27    9    8    7    4
   22   24    2   10    8
   29   14    2    2    8
    8   11   12    7    9
   30   12    8    6    8
   30   25    1    2    7
    5   14    5    5    5
   16    6    6    6    8
    5    6    9    6    4
   14   25    4    8    8
   21    6    4    6    7
   16   21   11    7    8
   19   28    4    9    4
    2   22    6   12    4
   18   17    8    3    7
    7   30    9    5    4
   19   27   11    5    7
   27    4    7    6    7
   17   11   12    8    6
    8   20    3    6    4
    2   26    1   12    7
    2    1   10    5    4
    1    7    3    6    3
   23   28    6    4    3
   14   15    5   10    6
   16   25   11   11    7
    6   22    1   11    4
    8    4    3    4    8
    9   28    7   11    3
   29    8    8    4    3
   29    6    8    4    3
   25   23    2    3    7
    8   21    4    7    5
   14   12    3   10    7
   20   25   11   12    8
   21   13    3    6    7
   10   15    8    8    7
   10   21    7    1    8
   20   30    4    6    8
   19   17   10   12    8
   30   30   10    1    9
   14   22   10    8    4
   25   26    5    8    7
   22   22    1    3    9
   27   12   11    6    8
   28   25    7   10    4
   29   29    7    4    6
    7   28   10    3    7
    1   11    9    5    7
   25    9    8   12    6
   16    5    7    5    8
    4    9    3    1    6
   13   13   10    8    9
   15    9    6    3    7
   12   21    7    2    9
   28    1    9    2    6
    9   12   10    6    5
   18   22    1    4    5
   21    9   10    9    4
   16   18    1   11    8
   23   14    9    4    3
   24   16    3    3    2
   29    2    9    5    7
   19   19   12    1    7
   16   28    6    8    4
    6    6    1    8    9
   29   28   12    4    5
   29   20    3    5    8
   14   30    1    6    7
    8    1    5   11    6
    1   10    1    8    4
   23    3    9   10    4
   18    6    8   11    4
   13    1   12   11    6
    3    3    6    1    8
   23   21   10    6    7
    2   30    7    3    3
   13   17   11    5    8
   30   17   12   10    8
   25   27    5    7    8
   10   26   12    1    6
   15   20   11    1    3
   20   19    2    6    5
   13    3    4   11    3
    7   26    5   12    5
   26   19    1    3    4
   21   20    2    2    8
   22   16    4    5    7
   29    1    1    6    2
    5   21   12   12    6
   12    5    5   10    4
   24   12   10    1    1
   24   27    3    6    1
    4    4    3    5    9
    8    2   10    7    8
   22    8    3   12    8
   19   29    6    4    4
   21   15    4    8    6
    2    4    3    4    6
   28   24    2   11    8
    3   14   10    2    6
    9   22    9   11    3
    4   21    4    4    7
   16    9    2    2    4
   13   28    9   10    4
   29    3    8    5    6
   13    6    8    1    4
   17    8    7    7    6
    7   10    9    2    7
   20    1    3    8    7
    1   19    4   11    8
   18   21    1    9    4
   17    7    4    7    7
   20   17   10    1    4
   10   17   11    3    8
   29   15   10    2    4
    4   11    3    3    8
   21    7    2   10    6
   25   17   12   10    7
   14   28    7   11    7
   15   18   12   10    8
    7    6    1    6    7
   29   11   12   11    4
   13   24    2    7    6
    8   14    3    1    7
    9    9    8    7    8
   10   28    3    7    1
   17    5    2    6    5
   29   17   10    4    4
   30   16    9    9    8
   20    9    6   12    2
    3    1   11    5    8
    5   11    6    5    9
   10    8   12   12    7
   26   11   12    5    4
   14   21    9    1    8
    2    6    5    7    6
   19   12    2    7    5
   21   28    8    2    8
    6   11    4    4    7
    7   22    1    8    8
   15   23   10   12    5
    9    1    6   11    5
   16   19    3   12    4
    2    7    8   12    4
   18    5   12    9    3
    3   30    3    5    4
   18    7    6    2    4
    4   25    8    3    7
    8   12   12    5    7
    1   15   12    8    7
    4   20    3    9    4
   14   11    6   11    6
   26   28   12   12    5
   30   13    5    8    4
   20   20    6    8    9
   10   23    8    2    8
    2   16    2   10    8
   24   29   10    2    6
   22    1    4    3    7
    6   26    7    6    2
   19   10    6    6    5
    8   26    6    8    4
    5    1    8    5    8
   20   14    8   12    8
   17    6    3   12    6
   14    2   12    7    5
   14   13    6    8    4
   11   16   11    1    4
    7   19   12   10    5
   27   30    2    7    7
   16   12   10    2    6
   30    8    5    2    4
   10   10    7   11    7
   12    4   12    2    6
   10    4   12    6    5
    6   27    8    1    2
    4    5   11   11    6
   15   13    6    1    3
   25    3   11    5    8
   26   17   12    4    6
   12   11   12    1    9
   26    5    8   11    7
   16   20    1    2    7
   25   18    6   12    6
    3   20    2    6    3
   26   15    6    6    6
   28    2    4    9    2
   12   15    4    3    5
    6   12   10    6    7
    2   19   11    6    8
   16    7    7    8    3
   13   16    4    8    8
   12   18   11   12    7
   18   26   11    9    6
    3   26    7   10    1
   22    3    1    1    4
    1   26   11    6    8
   21   29    1    3    2
    2    2    9   12    7
   23    2    6    1    4
   30   22    9   10    4
   16   23    2    6    2
   22   17    8    8    1
   24    6    6    9    4
   19   22    6   11    5
    1   24    1    9    6
   13    5   12   11    5
   26   13    1    6    5
   23    5    6    2    6
   15   15    8    1    7
   23   24   11    4    4
    5   30    1   12    3
   10   12    8   10    2
    8   19   12   12    8
   27    5    7    9    2
   23   27   11    4    5
   23   22    9    9    7
    7   27    8   12    7
   12   29    6    5    3
   30   23    5    9    5
   24   24    9    1    8
   27   14    6   11    5
   19    5    1   12    4
    7   25    4    5    3
   17   27   11   10    4
    1   21    7    8    2
   25   12    8   12    2
   23   18    5    8    8
   17    1    8    6    4
   24   15    4    4    6
   16    3    6    3    7
   17   23    7    1    7
   24   20    5    5    1
    1   18    7   11    4
    1   16    1    9    5
   29   18    3    9    5
   27   18    5   12    6
   21   30    4    1    7
   28   30   11    2    7
   25   19    7    4    7
    9   13    8    3    4
   14   26   12    9    8
   29   22   10   12    6
    4   13    9    3    4
   27   11    9   12    5
   18    4    7   10    5
   30   18    9    9    5
    8    3    5   11    6
   15   28   12    7    5
   19    9    1    9    4
   10   25    9    9    7
    2   25   10    8    6
    6   30    9    4    7
    1   14   11   11    8
   24   21    3    1    5
   30   29    9   11    7
    4    6    5   11    7
   28   18    8    9    6
   13   27    8    2    5
    5   29    5    1    6
   22   13   12    7    3
   11   23    2    4    7
   13   11    9    3    7
   14   16    4    6    7
   10    3    4    7    3
   21    2    3    3    8
    9   23    8    5    6
    8   28    4   10    5
   24   25    5    8    4
   16   26    8    3    5
   23   26   12   11    7
    1   25    5    3    7
   23    4    2    1    3
    9   11    7    5    8
   17    4   10    8    7
   11   21   10    9    6
    3   19   11   11    4
    9    6    7    5    1
   26    4    7    5    6
   27   22    8    2    6
   15    4   12   11    6
    9   26    7   10    5
   19   30    2    3    7
   29    4   12    8    7
    4   16    5   12    6
   29    7    3    6    5
   29   25    6   11    2
   11   28    2    2    6
   17   24    5    6    5
   12    2    6    4    7
   26   27   12    9    6
   22   28    1    5    6
   14   10    6    8    6
   14    4    6    6    7
   11   10    5   11    6
   21   19    5    6    8
    8   25    2    4    4
    3   12    9   10    4
   23   23   12    8    7
    7    7   12    4    8
    4   30    3   10    7
   15   11    7    8    6
    3   27    7    3    1
    2    9    6    4    2
    7    5    9    4    4
   15    6    1    7    5
    3    7    5    2    4
   25   25    7    3    8
   13   19   12   10    8
    6   23    9    9    7
    2   27    9   11    6
   28    4    5   12    5
   22   25    1   11    5
    2    3    8   10    4
   10    6    7    6    6
   26   29   12    1    5
   15   27    8    6    6
    7   15    6    2    6
   18   18   11    2    6
    8    8    4    3    7
    2   17    3    4    8
   29   10    4    5    7
   13   20   10    4    7
   16   17    4    1    7
    5    2    7   10    3
    8    5    1   11    5
   18   24    7    9    5
   23   12    5   11    7
   19   23    4    9    3
   20   12    9   12    8
   24   30    7    9    6
   15   30    7    3    4
   10   18    2    9    7
    9    5    7   11    6
   21   17    4    7    7
    3   21   11    3    4
    8   27    3    1    2
   14   14    3    6    8
   27   20   11    7    2
   12   28   12   12    7
   30    9    3    9    2
   23   13    9    6    3
   15   22    5    7    6
    1    6    8   12    6
   24    9   10   10    4
    6   20    1    5    5
    3   11    8    1    6
   14    9    5    7    6
    8   13   10    5    9
   18    9    5    5    7
   11    7    4    4    7
   27   28   11   12    9
   12   17    4    2    7
   27   21    8    4    8
   10   24    2    1    8
    8    9   12    6    8
    6    8   11    7    4
   14    7    4    3    6
    7    8   11    1    3
   17   28   12   10    5
   27   16    7    6    3
   18   20    2    5    7
   25    5   11   12    6
   10   13    6   10    8
   27    1    9    9    7
   22   12    2    5    6
   20   10   10   11    9
   28   28    6    5    7
   13   29    1    6    7
   14    6    7   10    4
    6   19    7    3    6
   10   27   10    6    5
    9    3    6   12    6
   24    4    2    9    4
   20    7   11    7    3
   30   11   11    3    6
   22   21    2    2    3
    3    4    3    9    5
   24   19   12    6    4
    4   22    8    2    4
    2   13   12    9    6
