    6    3   11   12    4
    4   19   11   12    8
    3    1   11    1    7
   23   14    2    4    5
   21   23    4    2    4
    7   30    7    7    6
   30   13    4    3    5
    4   15    9    5    4
   10   13    2    9    9
   17   27   10    1    6
   10   15    1    7    7
    7    3    7    4    7
   20    8    8    8    3
   24   24    1   11    6
    6   18    9    8    3
    8   17   12    8    8
   20    4    7   10    9
    8   30    2    7    2
    2   26    3   12    3
    3   30    9    1    1
   26   25    2    3    8
   13   27    7    6    2
   11   10    8    5    2
    9   29   10   12    6
   10   22    4    7    1
    6    9    9    2    4
   18   10    8    4    3
    2   11    4    3    7
   22   12    5    2    4
    5   20    1    1    1
   13   15    9    9    4
   14   17    4    5    6
   14   13   10   11    7
   17   17   10    8    8
    2   14    4    6    4
   29   30    3    7    6
   25   21    8    4    3
   11   15    6   12    5
    5    1    2    4    7
   18   13   12   11    4
   29   26    3   11    6
    3   25    9    3    5
   26    8    1   10    4
    5   22    6   10    6
   13   16    7    4    5
    9   23    5    9    2
   30   19    9   12    9
    5   27   10    9    2
    4   26    7    3    4
   29   18    3    4    7
    5   14    9    4    5
   27   20    8    3    8
    5   21   10    5    4
   29   29    8    6    9
    9   28    2    3    3
    1    7    8    2    1
    6   29   10    6    1
   12   10    9    2    3
    6   16    9    7    5
   14    7    5    7    4
   29   17    7    4    2
    1   30   10    1    4
   10   21    6    9    6
    9    9    3    1    9
   20   11    4   10    5
    2    9   10    1    2
    6   22    1    1    5
   15   25    7    5    4
    8   10    4    3    3
   29   16   11   12    8
   12   25    7    6    5
    5   10    1    2    8
   25    2   10    8    7
    5   28    8    3    5
   20   21    6    4    8
   22    1    7    6    8
    6   23    4    5    6
   30   11    3    1    4
   17   20   11    3    6
    2    2    9   10    5
    2    5   11    6    4
   11   27   10    9    3
   26   16    9    6    2
    6   19    2   11    3
   25   19   10    1    7
    3    8    7    1    5
   29    2    7    8    4
    2    8    5    2    3
   23   25    1    4    2
   15   27    9    5    7
   12   12   10    5    9
   20   16   11    4    4
   26   18    7    7    8
   24   19    2   10    6
   26    9   11   12    7
   26    6    6    2    1
   30   16    4    5    8
   15   14    2    1    6
   19    2    8   10    3
   27   23    6    6    6
    9   16    1   12    4
   11    4    7   10    9
   12   17    9    5    4
   22   19    7   10    5
   25   25   11    3    7
   16   24    4    6    3
   28    7    2   10    6
   21    6   10   10    7
   15    1    1    4    8
   17    2    4    5    8
   20   28   10    9    2
    1    6    5    3    3
   25    5   11   11    6
   27   26   10    4    3
   22    7    9    9    2
    7   21    2    6    6
    9   10   10    6    1
   19    9   12    1    2
   12    6    1    8    9
   29   15   10    5    4
   13   11    1    4    6
   24   17    5   10    2
   27   18   12   11    2
    8    8   12    7    9
    3   21    1    6    8
   16    3    9    2    5
   24   11    5    6    3
   26    7    9   12    2
   30   23    6    7    5
   29   24    8    3    3
   28   25    4    1    1
    8   27    3    7    3
   26   23    1    5    9
   13   29    9   11    6
   23   23    3    4    8
    4   14   10    8    8
   23   28    4   10    5
   16   23    5    8    5
    7   24    3    5    8
    3   24    3   10    5
    9   12    4    6    2
    5    5   12    5    8
   15   26   10    2    3
   27   10    6    1    2
   19    5    9    8    6
   26    3    5   11    3
   12   14   11   12    9
    5   24    7    3    8
    6    2    1   11    7
   13   28    1    1    5
   14    6    1    2    8
    9   14   11    6    3
    4   16    5   12    7
   15    9    2    2    2
   13    8    6    1    5
   14   11    3    2    8
    6   30    6    3    4
   26    5    1    5    3
    1   12   12    6    2
   12   30    4    6    3
   11   28   12    3    7
    5   29   12    3    5
   30   30    9    3    6
    1   20    7    7    2
   22    8    9    7    4
   13    4    3   11    7
   22   17    1    1    4
   17    7    6   11    3
    8   16   12    7    7
    7    9   11    8    4
   28   17   10   10    2
    9   21    2   12    3
    2   10    9    2    2
   26   19    7    9    5
    8   11    6    1    6
    6   24    3    5    3
   11   16    6   10    8
   25   30   11    9    7
   11   11    5    7    8
   28    1    1    5    4
    5   13    6    6    6
   20   29   11    9    4
    4   29   12    1    3
   19   21    1    3    6
   29   12    8    1    2
   11    7    6    8    5
   23   19    9    3    4
   12   24    2    3    3
   26   28    5    2    2
   21    2    5    7    6
   20   19    8   12    4
   17   21   11    7    5
    3    5    4    5    6
    9    5    5   10    4
    7   12    5    2    6
    7   29   10   10    4
   21   28   10    5    5
   20   26   12    6    8
   30   28    3    8    1
   17   15    7    6    2
   10    3    3    5    6
   19   28    1   11    2
   27   24    9    9    1
    2   16    8    4    5
   12    5    9    5    4
   18   22    7    3    3
    2   15    1    1    2
   20   14    9   11    7
    3   15    3    1    8
   25   18   12   10    7
    6    6   11    7    8
   19   11    2   10    7
    8   12   11    8    2
   28   18   11    8    3
   11   23    8    2    3
   13   23    7    3    2
   17   30    8    2    8
    1   25    2    2    3
   22    9    1   12    1
   11   25    7    4    2
   10   16    6   11    8
   23   29    3    2    7
   26   12    3    9    5
   30   15   11    6    4
   18   16   12    2    3
   25    8    5   11    8
   25   14   11    5    3
    1   14    7   11    6
    7    2    4   10    4
    8    9    2    6    2
   15   24   11    6    6
   28   29    3    3    2
   19   18    1    9    8
   26   17    3    4    5
    8   14    7    2    4
   26   30   11    8    7
   18   18   11    3    6
   17   18   12    9    6
    5    7   11    2    5
   29   10    8    1    5
   15   16    6    4    6
   21   11    8    7    6
   10   30    7    5    8
    4   12   10    3    5
   28   16    9    3    4
   26   14    7    1    6
   17   19    6    1    9
    3    4   10   12    6
    8    4    9    6    8
    3    9   12   10    5
   19    3    7   12    6
   17    5    5    9    2
   15    6    8    4    1
   14   16    5    7    5
    8   18    5   11    6
   17   10    6   11    8
    2   20    8    5    6
   10   26   10    4    3
    7   10   11    5    2
    8   28   11    6    2
    1   24    7    7    8
   30   14    5    7    6
   11    5    8    4    4
   25    7   12   12    4
   22    3    8    9    6
    6    7   10    1    5
   24    8   11   12    7
   26   21    4    9    9
   28   28    4   12    8
    9   11    3    8    2
   24   30    4    1    2
   28   27    2    9    8
    3    2    9    4    3
   27   22    3   10    2
   28    3    2    5    3
   20    6    6    8    8
   16    1    7    7    6
   22   28   12    8    3
    4    1   10    6    7
   24   26    8    2    2
   29    3   12    1    3
   27   25    2    1    3
    4   25    2    6    2
   21   29    2    6    2
   23   22    1    1    4
   16   16   11   12    8
   29   19    1    7    4
    7    4    2    1    3
   14   14    3    2    8
    5   30    4    6    4
   12   21    2    6    9
   13   13    9    5    8
    4    2    3    7    5
   30   20    3    6    5
    4    6    7    6    3
    2   24   11    6    6
   18   21    5    5    5
   23   20   12    3    6
    3    3    9    2    8
    6   27    4    1    4
    7   23   12   11    3
   26   26   10    5    6
   18    5    4    2    6
   25   22   11    6    5
    5    8    5    9    6
   20   18    6    7    6
   12   18    6    2    6
   10   10   10   12    7
    2   27    3   11    4
   22   15   10   11    6
    9   13    1   10    4
   11   17    4   12    6
    8   23    4    2    3
   21   16   10    8    4
   16    5    8   11    6
    9   24    4    7    4
    1   11    6    1    4
   24   14   12    8    7
    1    2    9   11    5
    7    7    8    3    2
   21   15   10   10    6
   15   12   11    1    4
   16   19    1   11    3
   20   12    5    2    7
   10   25   12    9    4
   10   28    9   11    3
   27   27    5    9    6
   27   21    3   10    4
   17   23    8   10    3
   27    1   11    4    2
   22   11    6    6    4
    9   20    4    3    5
   19   15   11   10    4
    1   13   10    5    5
   28   14    9    2    1
   24   10    4   11    2
    6   13    7    9    4
   25   20    1   10    8
    3   23   10    7    3
    4   10   11    2    7
   15    8    7   11    4
   12   27    6    3    6
   21   30    7    5    7
   14   27    1    6    5
    9   27    9    7    4
    3   18   10    8    5
   30   18    7   11    4
   16    7    2    3    4
    3   17    1    8    5
   19   19    7    3    9
    7   13    4    7    6
   22   20    5    9    4
   13   19    4    1    8
   12    2   12    8    8
   13   12    3    9    4
    7   27    6    9    2
    7   18    7    9    5
   16   17    2    2    4
   11    6    4    5    6
   11    3    1   10    6
   13    3    6    2    5
   23   10   12    8    3
    9    4    3    4    2
   12   19    8    1    2
   15   28    3    5    6
   13    2   12   11    5
   10    6   12   10    2
   22   16   12    7    3
   25   17    1    3    7
   25   16    1    7    3
   22    4    8    5    5
   25   24    2   10    5
    2   28    2   10    3
    5   23    8   10    2
   14   10    5   10    2
   18   23    1   12    3
   18    4    2    2    4
    6   28    3   10    2
    2   18   12    5    6
   11   18   11    9    6
   21   22    5   11    1
   15   18   11   12    5
   26   11   11    1    4
    6   17    2    4    3
   19    7    3    5    7
   24   23    3    7    4
   21    4    6   12    7
    8   29   11   11    8
    1   21    1    6    8
    3   14    6    2    4
   24   18    6    7    6
   23    4    3   12    3
   25   29    1    5    8
   24    4    2   11    4
   17   13    5    3    6
   20    3   12   11    4
    2   23   12    5    4
   21   13    4    3    3
   24   21    4    4    3
   10   20    5    2    7
    4   30    6    5    5
    2   22   10    3    4
   12   16    4   12    4
    7   20    9    8    3
   11   12    2    9    8
   17    1    7    6    4
   15   15    2    5    8
   12   23   11   12    8
   20   20   12   10    9
    8   21    3    4    4
   22   26    9    3    5
   15   23    8   12    5
   20   24    6    6    4
    1    1    6    2    6
   13   20    1    9    4
   17    4    4    4    3
    1   26    1    5    3
   18    1    5    2    6
   28    4    1   10    4
   19    8    4    3    7
    7   15    8   10    7
    3   12    4    6    5
   11   29    5   12    2
   24   28    6    5    3
   22   29    5    5    2
   21   21    7    5    9
   29    1   11    7    4
   14   18    5   12    3
    1    9   12   12    2
   19   10    4    3    3
   28   12   12    7    6
   21   14    4    9    6
   22   22    7    6    7
    8    7    7    2    5
    4    4    1    6    7
   29   27    4    2    3
   27    3    7   10    3
    5    6    1   12    2
   30   22    6   12    6
   27   16   12   11    3
   19   27    9    2    2
    6    8    1    9    6
   13   25    8    1    5
   25    6    8    9    1
   22   14    6    6    7
    1   23    7    7    4
   25    9    6    6    3
    9   17    4    2    4
    9   30    7    6    3
    8    1    7    4    6
   13   24    6    8    4
   18    9    6    5    3
   26   13   11    4    5
   14   19    9    5    8
   30    2    7   10    8
   15    5    8    5    6
   10    1    9   12    7
   22   13    9   11    5
    4   27    2    1    4
   29   14    5    2    6
   24   22   10    4    5
   27   30    4    4    4
   15   20    7    8    3
    4    5    8    5    5
    1   19    2   12    6
