   16   21    4   12    6
   15    6   12    9    4
   26   15   11    5    8
   16   16    2    5    9
   29   14    6    3    3
    9   11   10    3    4
   18   11    9   10    7
   12   21    7   10    9
   11   27    2    1    7
   24   25   12   10    8
    1   17    9    2    8
   16   12    8    9    4
   10   12    5    7    3
   24    1    2    4    7
   17   22    3    7    1
   20   25    6    4    1
   15    8    9    9    7
   11   16    6   11    8
   27   18    7    4    7
    5    6   10    4    2
   22    4    3    8    3
   15   11   11    8    2
    8   30    6    9    3
    8   24    6    7    5
    8    6   11   11    1
    2   26    9    5    5
   29    3   10   10    5
    5   21    8    6    2
   10   20   12    9    1
   24   20    8    1    1
   19    5   11    4    3
   16   20    8    2    3
   11   25    2    4    3
    6    6    9    1    9
   21   21    1    4    8
   13   22    4    7    1
   16    6   11    5    7
    2   18    8    7    7
   13    9    4   12    6
   13   21    2   12    3
   15   21    8    3    1
   11    5    1    4    7
    3    7    8    5    7
    2   17    9    9    6
   13   27    9    7    5
   23    2    8   12    4
   13    8   10    1    3
   25   21    5    4    3
   23   29   10    1    5
   21    1    9    4    3
   13   29   12    2    2
   29   29    5    1    7
   19   27    4    9    4
   21   11    8    4    9
   18    1    3    2    7
    7   29    6    5    1
   26   24   10    9    2
   24   16    7    4    1
   11   17    4    6    7
   22   15    5    4    3
   11   22   12   11    1
   23   23   10   11    1
    3   16    4    8    7
   26   27    5    1    7
   10    7    3    2    1
   19   13   12    1    6
   29   12    3   10    1
   28   17    9    2    4
   25   27    5    6    3
   22   16   11    3    1
    9   14    5    7    7
   28   22    4    7    6
   24    5   12    9    8
   25   26    9    8    7
    2   11    7   11    4
   29   16    9    7    7
   25   15    7    5    8
    7   20    5    9    4
   12    2    8    9    5
   25   25    3   12    5
   17   12    4    9    4
   30    5    8   12    5
   27    2   12   10    2
    4   13   11    1    3
   22    2    9    3    1
   14   24    3    4    2
   14   30    7   12    6
    4   14    4    9    6
    4    2   12    8    7
   18    3   10    9    7
    2   30    5    7    8
   16    7    9   12    7
   11   26    3   10    5
    5   14   12    5    2
    6   18    5    3    3
   26   22    6    9    1
   22    1    1   11    3
    7    5    9    4    4
   27   24   10   12    7
   21   22    7    3    4
    3    6    4    4    3
    8   16    9    3    5
   23   21    1    9    1
   21   27    5    5    8
    5    3    7   10    8
   22   25    6    5    6
   19   30    9    5    5
    8   11   12    7    7
   17   25   11    1    2
   15    4   10   11    3
   25   10    8    9    1
    5   13   12    5    6
   14   14    2    6    7
   17    9    2    2    1
    3   24    6    9    5
   23   24    4    1    1
   19    8    2    3    8
   23   17   11    8    1
   18   10    2    7    9
   27    1    4    1    1
   23   30    2    2    2
   15    1    1    9    7
   14   22    3    9    6
   28   13    5    8    1
   17   14    6   12    2
   21   28   11    5    4
   21   18    4   10    4
    4    1    2    9    6
   20   20    6    9    7
   10   22    4    9    1
   24   28   10    8    8
    6   21    8    8    7
   28   15    3    3    3
   15   23    4   10    3
   29   20    8   11    4
   17   24    2    8    2
   29    4    9    4    1
   25   12    4    1    1
   18   17    1    6    6
   14   28    1   11    2
    4   12    4    8    8
    4    3   12    2    8
    8   17    9   11    8
    6   26    2    5    1
   19   28    7    8    1
   22   22   10    7    7
   25    8   11    2    4
    3   23    7    7    2
   12   24    9   10    2
   30   21    6    1    5
   30   30    8    6    7
    5   20    2    2    1
    6   24    2    2    1
    7   15    3   12    2
   17   10    5    8    5
   10   10   12    4    3
   21   10    9    5    1
    4   11    2   11    1
   30    3    1    5    2
    9   30    8   11    3
    5    2   10   11    6
   24   19    9    5    3
   27   17   11   10    2
   10    1   11    1    1
   28   16    6    8    2
   27    9   11    4    1
   17   19    4    6    3
   24   24    1    5    7
   19   12    3    9    8
   13   10    7   12    4
   23   25    4    6    8
   14   11    4    4    8
    8    9    8    5    8
    6   11   10   10    4
   26   16    3    6    4
   17    4    8    5    3
   26   26    2    3    6
   14   13    2    4    2
   20   19    3    7    3
   30   26    4    3    4
    2    9    9    9    1
   13   11   12    3    7
   12   22    3    3    4
    9    3    2   11    5
   11   29    7    9    1
   25    5   10    6    1
    9   23    4    9    3
   10   26    3    4    3
   30   29    6    5    6
   30   28    8    4    2
   29   18    2    8    8
   19   19    1    9    6
   28   28    4   10    5
   12   12    8   11    9
   18    4   11    7    6
   11   10    3   12    2
    8    7    6   12    7
   23    1   12   11    5
   20   30    8    8    8
   14   15    8    8    6
    8   23    9    2    2
   20   26   10    1    4
   20   11    4   12    1
    3    1    8    5    6
   10    5    2   10    7
   15   12    7    4    2
   24    7    9   11    5
   29    1   12    6    1
   12    7    4    8    4
    9   24   12   12    3
    9    5   10    5    7
   25    3    7   11    2
   21    2    5    8    9
   20   17    7    5    7
   12   13    4    3    2
   28    2    5    7    4
    3   19   11   10    6
    3    8    3   10    6
    9   26    3   11    7
    1   28    4    4    4
   26   29   10    6    1
   23   12    9   10    8
   27   15    5    9    5
    2    8    3    8    7
    9    4    3    6    6
   25   19   12    4    2
    7   19    2    6    1
   14    8    1    1    7
   15   19   12    8    7
   15    2    1    2    3
    7   14   11    1    2
   23   16    9    1    5
   30   10    8   10    3
   18    5    1   10    6
    6    7    6    6    1
    6   28    7    7    1
   13   18   10    1    4
   10    9    2    8    6
   26   23    2   12    3
   19   26    6   12    1
   17   17   12    8    2
   29   25    9    4    1
   15    9    9    3    4
   30    1    3   11    3
    4    6    8    8    1
   21    3    3    3    2
   14   21   12    8    8
    2    6    5    4    5
    7    4    9    6    4
   20   23    2    7    5
    9   29    4   12    5
   14   26    6    6    7
   28   10    9    1    2
   14    1   11    8    7
    3   11   10    2    6
    9    7    4   12    3
   14   16    3    2    5
   23   22    9    9    8
   11    1   12   12    7
   27   12    9    8    7
   28   20   12    4    5
   28   18   10   10    3
   13   24    9   11    1
   17    7    1    1    4
   24    4    8    6    3
    1   16    3   11    5
    9    9    4   12    6
   10    3    7   11    2
    9   22    2   10    3
    7   22    2    5    2
   27    8    8    7    1
   27   23    3    1    8
    8    8    7    2    8
    1   12   12    9    4
   13   13    2    3    9
   28   26    8   11    2
    4   25    6    8    4
    3   14    8   12    1
   10   23    5    8    3
    1    8    2    6    3
   20   21    6    4    2
   25   30    2    6    7
    6   27    5    7    1
    4   23    8    9    2
    1   25   10    1    2
   20   13   10    1    3
    2   16    2   10    2
   30   16    5    2    4
   27   28   11    2    1
    4   28    7    4    6
   25    9    9   10    5
   20   22   11   11    1
   27    7   11    5    2
   10   29    8   12    8
    9   18    8    7    6
   28   29    1    4    3
   15   17    7    7    3
   30   11    5    5    1
   17   13    1   11    7
   18   19    6    4    5
   19    1    7    8    4
   18   25    3   12    3
    7    2    8    9    2
   14   20    5   11    3
    1    7    5    3    5
   14   25    1    6    7
   10   24    2    4    7
   21   29   11   11    6
    5   23    3    9    1
   18   26    1    8    2
   17   16   11   11    4
    8   18    1    8    7
   22    5    4   11    6
   22   24    4    4    5
   26   13    2   12    4
   21   26    7    1    6
   20    4    1    7    1
   11   28    9    1    1
   12    5    2    9    7
    7   25    8   10    7
   20   18    6    5    3
   18   14    8   12    3
   13    2    9    9    4
   26    8    1    4    5
   27   10    9   12    2
   11   11    4    3    2
   20   12    2   12    7
    6   12    1    6    4
   19    4   11    3    7
   27   14    4    8    4
    9   19    1    9    6
   28   12    5    7    7
   28   25    1    6    3
    6   10    4    4    1
   14   12    3    6    5
    6   14    5    9    3
   15   20    9    7    3
   13   15    3    9    2
    4    4    3    7    4
    3   20    3    3    3
   19    6    3    9    8
    2    3    3    9    3
   19   22    9   10    3
   29   15   10    1    2
    9   20    7    4    1
   18   24    4   12    7
   24   15   12   12    4
    5   17    4   11    5
    5    1    2    7    7
   27    4    1   11    7
   27   29    4    1    1
    7    7    8    4    2
   19    2    4    9    3
    6   17    9    9    7
    6   23    4   11    8
   23   18    8    6    7
   24   30   11    1    2
    5    5    6    9    3
    3   28   11    1    1
    4    5   10    2    4
   28    5    3    9    6
   28    8   11    1    1
   11   12    5    7    3
   29    5    6    2    1
   29    6    1   11    1
    5   16    7   11    6
   27   16    6    5    3
   22    6    1    9    2
    7   30    3   10    3
   20    6    6    4    4
   19   11   12    5    6
    3   12    2    5    2
   15   18   10    4    4
   26    1    5    5    2
    3    3   10    5    8
   18   22   10    7    6
   22   27    9    4    6
   21    4    4    4    7
   14   23    6    4    7
   30   13    4    1    2
    6    1    9    1    7
   11   24    4    7    3
   16   15   11    7    5
   25   16   10    4    1
   17   21    9   10    5
   21    8    3    6    3
   18    7   10   12    4
    1    9    7    4    6
   14   10    9    7    8
   15   15   12    4    7
   26   12    9    8    7
    8   29   10    8    1
    8   10    7    6    2
   12   30    4    3    3
    7   11   11    3    1
    8   20   10    5    3
   14    2    4    7    6
   23    7   10    8    1
   15   10    2    4    3
   13   16    6   10    4
   13   23    9    9    3
   17    3   10    9    4
   19   21    5    7    7
   27    5    8    6    4
    3   27    4   11    3
   18   12    5   10    3
   13    3   10   12    8
   20   27   12    4    1
   18   18   10    3    7
   26    4    1    5    3
    7   26    1    7    3
   25    6    1    6    1
    2   25   12    2    4
   15    5   12   12    5
    5    8    3    4    7
    3   15    3    3    2
   18   16    7    2    1
   26    5    2   12    1
    8    4   12    4    8
   29   19    5    4    2
   10    2    7    9    7
   18   30    4    2    6
   23   19   11    5    4
   27   30    5    5    6
   10    4    6    9    2
    2   24    8   11    1
   17   26    2   10    7
   28   23   11   12    7
    2    2    2    6    8
   16   19    1   11    2
   30   15   10    6    2
   27   27   11    2    5
    1   20    6    6    3
    9   21   10    4    2
    1    1    1   12    8
   29   22   12    8    1
   24   21    2    5    1
    9   28    6   11    1
    2    1    9    2    4
    6    9    4   11    1
   26    3    1    4    4
   30    4    5    8    3
    9   12    4    7    3
   24   29    2    7    1
   14   19   11    4    7
    8   12   12    2    7
    9   16    4    6    5
    4   16    3    6    4
   17   29   11    4    2
   22    3    1    3    1
   21    7   12   11    2
    2   29    9    8    9
   17   30    9    1    4
    6   13    5    3    2
   25   13    1    4    6
   28    7    7    1    8
   13    1    8    8    7
    6   30    3    4    4
   20    2   12    5    5
   13    7    1    7    3
   22    8   12    9    6
   22   30    2    5    4
   16   10    6    5    5
   11   23    9    5    3
   19   10    7    7    4
