   28   12    5    9    7
   14   12    1    1    8
    6   24    8    4    2
   10   10    9    3    6
   14   17    2    8    5
   22   25    4    6    7
   12   10    7    6    7
    5   24   11   12    4
   15    4    6    2    6
   27   18    9    9    8
   17   17    8    3    2
   25    2    1   11    1
   16   30    7    6    6
   29    1    1    3    3
   11   17   10    2    5
   28    3    6   10    6
   17   25    2    5    7
   28   22    8    4    9
   16   19    6    8    8
   18   18    2    6    8
    1   23    5    9    5
   18   14    7   10    4
    7   23   10    8    2
   22   14   10    2    3
   12   22    6    1    3
    3    8    2    3    1
   11   18    1    2    2
   29    5    3    1    1
   22   10    9    3    4
    4   25   12   10    6
    7   17    1   12    5
   13   25    9    2    4
    4    3   10    4    6
   27   23    5    6    5
   24    9   10    6    7
   13   13   10    2    7
   22    4   11   10    2
   12   29    9    9    3
    6    6    1   12    9
    8   11    9    3    7
   23   29   11   12    2
   30   25    5    9    5
   25    1   11   10    4
   30   27    4   11    2
   21    7   11    9    4
   14   19    5   12    8
   12    5    1   10    3
   11   27   12    8    2
    1   12    1    4    9
   14   13    7    3    6
   11   10    4   11    8
   29   22    5    2    2
    2   16    2    5    8
   23    6    4    7    5
    2    2    8    6    8
   21   21    5    7    9
   19    1    9    3    7
    5    6    4    6    2
   22    6    6    6    3
    1   24    8    9    5
    9   20    6    6    3
   28   10    8    7    2
   20   17    4   10    5
   27   13    1   11    4
    9   25    4    6    7
   30   15    3    3    4
   10   17   10    7    2
    7    2    1   12    6
    3   29    5   11    7
    6   10   11    3    2
    8    9   10   11    7
   27   29    3    3    3
    9   10   10    7    5
   23   22    8    3    5
    8   16    5    1    6
    3   11    4    2    6
   11   11   12    7    4
   25   11   11    1    3
   14   20    1   11    6
   19   29    5   11    7
   19   20   10   11    6
    6    7    1    4    3
   28    4   10    8    2
   14    5    2    3    6
   23   26    1    8    9
   26    4    2   12    7
    6   21    1    2    8
    6   30    2    5    5
   28   28    2    8    4
    7    5    4    7    8
    2   12    9    3    4
   16    9    9    7    7
   24   25    3    5    1
   30   26    9   12    8
   19   19   11    5    9
    3   15    6   12    8
   23    4    9    9    9
   16    5    8   10    8
    6    8   12    4    5
    8    8    1    8    8
    5   22    2    2    5
    5    8   11    4    5
   10    1   11    5    3
   13    6    1    4    8
   22    8    2    3    8
   26    5    2    3    9
   28    1    8   10    3
   27   14    6    8    5
   13    1   11    9    9
   26   13   12    7    8
   26    6    6    8    3
   18   10    4    3    6
   20   12    6    1    9
   14    3   11    2    5
   20    7    9    6    3
   13    4   10    5    9
   24   28    1   10    8
    8   26   10    3    8
    6   25    3    6    6
   12   11   11    8    9
   29   29   10    5    3
   16   24   10    9    8
   22   30    3    7    5
   23   14   12   12    8
   17   21    4   10    8
   19    5    6    6    9
    9    6    8    5    9
   19   28    3    8    8
   26   10    2    2    9
   16   16    7    3    8
    4   12    3    4    9
   29    9    8    2    5
    1    7   12    8    3
    3   20    4    9    1
   15   11    7    3    8
   23    3    5   11    6
   30   10   10   12    5
    3   24    3    6    5
   27    1    1    2    6
    4   19   10   10    3
    7    9   12    1    8
   24   24    9   12    8
   24   22   12   11    5
    4   21    6   11    5
   12   21    7    6    9
   15   10    5    3    5
   13   24    5    8    4
    4   18    8    5    5
   18    2    6    5    3
   23   17    1    8    7
   14   10    2    6    8
    3   10    2    8    4
   11   14    9    8    6
    4   11    6    9    5
   23   15    5    4    4
   13   29    1    4    3
   10    5    9    4    5
    5    4    3    5    6
   17   13   12    4    7
   21    8    7    5    2
    6   18   10    4    8
   11   29    1    1    4
   13   16    4   12    8
    2    8    8   10    9
   16   26    3   10    7
    8   28    3    9    6
   25   14    2    5    4
    9    9    7   12    7
   24   18    2    8    7
   17   30    1    9    2
   25    5    5    2    1
   25   15    1   11    4
   27   19    4    8    3
    7   15    4    6    5
   20   24    8    1    2
   11   26    2    3    2
    2   17    2    9    7
    1    4    4   10    5
    4   20    1    5    3
   16    4   11    4    9
   20   13   11   12    3
   17    6    3    6    1
   13    9   10    1    6
   19    8    8    1    5
   12   23   10    9    2
   25   20    7   12    9
   27    2    9    4    3
   28   23    9    5    4
    6   11   12   12    6
   29   30   10   11    5
    1    5    9   10    4
    2   22    9    9    7
   28    2    4    6    5
   30   23    3    8    7
   23   24    5    6    8
   26    9    8    9    9
    1    3   10    4    4
   23   16    1   10    5
   23    8    7    7    3
   15   20    2   10    7
   15    5    1   10    5
   12    3    1   12    4
   17   12   11    5    8
   25   27   10    8    6
    9   22   12    8    2
    7   24   12    5    9
   11   19    4    4    7
   26   15    6    4    9
   21   11    1    1    6
   10    2   11   12    9
    6   14    4    2    3
   19    2    2    9    6
   18    5    7    4    4
   22   15    6    3    2
   22   11    8   10    1
   24   27    9    3    4
   15   12    8    9    3
   12   12    1    6    7
   29   17   12    4    5
   30   11    5    4    8
   30    1    4   12    4
   21   26    4    2    6
    5    5    7    6    9
    1    2    1    5    6
    8   29   11    2    4
   25   25    2    4    3
   23   23    9    2    9
   14   14    8    1    9
   12    6   11    2    7
   24   17    1    1    3
    8   15   12    6    6
   16    6   11   12    2
   23   20    6    7    1
   18   21   11    2    1
   21   23    7   12    7
    9   27   11    6    4
   20   30    6    1    6
    2    6    1   11    7
    7   11    7    4    3
   18   17    9    7    9
    2   14   10    5    9
    8   24   12    1    5
    3    3    3    8    6
    1   26    8    9    4
    8    4   10    1    9
    7    7    8   10    6
    7    8    5    8    9
    4    9    6   11    6
    9   30   10    7    5
    3   13    2    3    6
   13    7    1    5    6
    2    5   11    6    4
   27   27   11    4    7
   20   10    1    1    2
   15   14    8    9    3
   30   30   11   12    7
   23   11   10    1    3
   28   17    2   11    7
   23   25    1    4    4
   22   27    4   10    9
    3   21   10    5    2
   15   24   10   11    3
   30   18    3    8    4
   29   24    4    6    5
    6   27   10   12    2
   21   19    4    5    4
   19   25   11   11    9
   27    8   10   10    5
   20    5    6    5    6
    2   11    8    6    8
    4   10    3    6    3
   25   18    3    5    8
   26   22    9    6    4
   20   20    1    4    7
   14    9    1    8    8
    9    2   11    9    6
   17    4    7    3    7
    7   14    9    5    6
   22   20   10    1    4
   24   19    3   10    3
   16   22    9    7    3
   25    8    9    9    7
    2   15    9    2    3
    4   29    2   12    4
   13   21    2    8    9
    1   22    5    9    4
   24   11    7    5    8
   28    9    1    8    5
    1    6   12    8    4
    5   11   12   10    4
    8   12   12    1    5
   29   10    6    1    8
   15   28    7    5    6
   14   21    1   12    9
   15   18    4   12    6
    9   21    1    2    3
   16   12    1    9    7
    3   17    5   12    6
   26   24    2    4    7
   22   22    3    1    8
    2   23    7   12    9
   11   28    7   11    5
   12   24    9    7    6
   15   29   11    2    6
    7   12    7    2    6
    2    4    5   11    7
   30   14    1    3    9
   22    7    1   11    9
   30   24    4    7    6
   12   19    9    3    5
   18    9    9    4    3
   10   23    5   12    5
   28   14    8   11    3
   15    6    6    3    5
   21   25    7    9    7
    7   27   12    5    8
   15   27   11    4    7
   13   23   10   10    8
    9   23   11    7    5
   13   15   11   12    8
   18    1    6   12    8
   26   17   10    9    5
   21    1   12    2    3
    9   17    9    6    3
   27    4   12   10    3
   20   16    3    3    6
   16   21    4    7    3
   21    2   12    4    5
    7    4    3    4    7
   15   17   11    7    5
   20    6   11   12    3
    4    4    9    6    9
   15    1    5    6    7
   22   17    2    6    5
   29    7    1    7    4
   21   29   10   12    2
   11    9    1    9    2
   14   26   11    2    5
   29   26    6    3    5
    3   16    1    8    7
    5   27    2    7    5
    9   19    5    2    7
   30    2    1    4    9
    2   13   10   11    7
    5   21    4   11    5
   21   22    2    8    3
    3   27   12   12    7
   10   13    1   11    4
    4   30    1    3    5
   16    1    1    6    9
   28   13    2   12    9
   25   26    8    3    7
    7   26    1    2    8
    9   12    4    8    4
    1   20    1    8    3
   30    3    6   10    2
   19   26    9    3    5
   16   27    6    4    8
   19   10    1    1    7
   27   17   12   12    5
    6   28    6    8    3
    7   18   10    8    4
   12   13    8    9    3
    9    1    8    5    5
   29   20    9    6    3
   15   15    4    2    6
   16   15    8   10    7
   15   19    9    4    6
   18   28    8   11    7
   11   13    2    7    6
    3   22    5    9    7
   26    3    3   10    8
   10   24    2    4    3
   12   26   10    6    5
   28    5    4    9    5
    7   19    2   11    6
   30    8   12    8    7
   20   27    7   11    4
   19   17    6    9    1
   18   23    1    9    2
   26   18   11    6    6
   19   13    2    2    8
   21   30    6    3    4
    8   14    9    6    3
   13   30    7    1    4
    2   29    7    6    4
   18   16    4    9    2
   21   28    9    4    4
   17    1    2    4    6
    6    3    3    7    4
   19   22    7   11    1
   20   11   11    9    1
   16   10    2    7    7
   17   16    5    2    9
   28   27    6   12    6
    3   19    3    8    7
    7   30    5    6    6
   26   28    4   10    4
    8   17   12    4    3
   11    1    2    4    4
   21   10    2    8    1
   24    4    9    3    2
    8    1    2    3    2
   30    5    9   12    2
    7   25   12   10    4
   16   28    8    9    3
   27   10    9   12    2
   12   30    2    6    5
   13   22   12   10    6
   24    2    5    2    4
   21   15   10    2    5
    3    5    3   12    6
    4    6    9    9    7
   16    7    8    4    5
   26   27   11    4    3
    5   17    3   12    5
   26   26    2   10    6
   16   11   12    5    7
   25   16    3    4    4
    9    3    7    4    8
   28   20    8   12    1
   19   30    9    4    5
    2   20   12    6    4
   13   18    9   12    4
   16   14   11    2    4
   20   26    4    2    7
    1    1    9   10    7
   29   14    2    6    8
    7   10    1    5    3
   12   25    4    6    1
   10   25    6    8    1
   12   18    6    4    6
   14   24   12    7    4
   19   18    6    7    6
   28   25    8    4    1
   29   18    2    4    5
    9   15    2    2    4
   23    5    8    2    3
   29   16    7   11    6
   28    7    1    4    3
   28   29    8   11    4
   27   12   10   10    2
   20   21    9   12    6
   14    1    8    5    4
    7    3    8    4    6
   18    8   12    5    5
   13    8    2    3    4
   22   18    6    7    6
    5    9    8   12    4
    2    3    2    2    5
   24   21    1   10    6
   21   27   10    2    3
   18    3    2    6    7
    8   20    9    9    7
   18   20    8    1    7
    6   19    6    6    1
    8   10    3    1    9
   26    2    9    1    9
   30   28   10   12    7
    3   25    8   10    3
   29   25    9    1    7
    5   13    1    9    4
    4   14    4   11    3
    6   29    5    3    2
   23   19    2    2    6
