   23    4    6    6    4
   13   25    5    7    5
    8    2    8    8    3
   17    6   10    1    2
    3   13    5    5    8
   30    6   11   10    2
   27   27    6   10    8
   29    3   12   12    2
   29    9    4    4    6
   24    7   11   12    9
   28   27    3    4    9
   15    2   10    6    2
   21   18    1    1    2
    5   24    4    2    5
   20   23   10    1    3
    9    4    1    8    6
    4   17    4   11    8
   27    4    4    2    3
    8   21    7    6    4
    9   24   10    6    6
   25   29   11   12    4
    8   14   11    1    5
   12   15    9    9    3
   28   13    6    8    5
   25    7   12    4    4
    4   21    3    4    3
   28   26    9    7    2
   15   21    2    5    2
   27   10    8    9    2
   15   22    8    4    3
    8   24    8    8    7
   12   12    1    8    9
   18    2    4    3    7
   27   23    7    4    8
    6    3    1    6    5
   10   26    6    3    5
   28   20   11    6    4
   27   24   12   12    7
    7    1    1    3    5
    9   15   10    8    4
   15   16    6   12    3
   16   30    9    7    4
    3   16    5    3    3
   18   26    2    8    7
    2   28    7    6    4
   28   28   10   11    9
   17   17   12    8    9
   27   21    3    2    7
    5   23    7    1    4
   15   24   11    8    3
    8   29    4    9    3
    3    9    2   11    4
    3    4    4    2    4
    8   11    9   11    7
   17   18    9    4    6
    3    3   10   11    9
    2    7    1   12    5
    1    3    9    9    8
   26    6   12    4    4
   18    8    5   12    5
   10   20   11    8    7
   27   16   12    8    3
   17    3    2   12    2
    2    3   10    7    3
   19   25    5    8    2
   22   23   11    9    5
   26   20   10   11    9
    1    8    3    4    5
    6   24    5    1    2
   15   27   11    5    6
    5    4    8   11    7
    1   26    8    7    8
   12   30   10    2    8
    1    1    4    6    9
   29   24    2    8    4
    7   27    6    9    4
    4   16    9    6    4
    7   23   11    9    7
    7    9   10    7    4
    8   27    5    6    4
   22   26    7    7    4
   18   24    5    3    4
   11    6    3   10    8
    5    3    5   10    8
   24    2    8    7    6
   18    4   11   12    8
    2   19   11    1    8
   15    1    8    8    7
   13   13    9    6    9
   22   12    7    7    7
   18   11    3    1    8
   16   13    2    5    8
    5    8    6   10    9
    5   27    6    9    4
   13   12    4   10    3
   26   13    1    2    5
    7   18   12   10    7
   16   18    2   11    8
   20   24    8    4    5
   16   22    4    5    4
    2   17    4   12    4
    5   16    3    4    6
   11    2   11    7    4
   12   21   10   10    9
   14    1    6    2    7
   15   10    8    8    7
   25   27    8    6    3
   23   17    8    9    6
   29   27    4    8    3
    8    9   12    1    3
   29   22    4    3    3
    6   23    3   12    8
   24   26    1    3    7
   20    1    9    2    4
   27    9    6    4    4
   21    9    9   11    4
   10   19    3    5    6
   22    6    6    6    4
   28    8   11    5    4
   14   24    2   12    9
    2   10    8    8    5
   29   16    4   12    4
   16    6    8    3    4
   21    2    1    1    7
   11   26    6   10    3
   22   18   12   10    4
   26   30   11   12    8
    9   10   10   11    3
    4   13    8    7    8
   13   11    4   10    9
    7   28    3    4    9
   17   27    5    3    8
   26    9    1    9    3
   11   30    8    1    8
   26   19    7   10    6
   30   18    8    1    8
   16   23    2    9    8
   30   25    2   11    3
   19   29    2    4    4
   30   13   11    8    3
    5    6    5    3    3
    5   30    9    2    3
    5   12    8    6    4
   23   23    6   12    7
   22   13    8    7    3
   21   20    6    6    8
   21    3    4   11    6
   18   19   12    3    3
   24   19    2   11    8
    1    5    6    3    8
   21   21    5    1    8
   15   25    4    8    3
    9   22    8   11    3
    7   29    1    7    1
   15   26   12    9    1
   20   13    6    9    3
   18   14    9    7    3
   28    6    3    1    4
    9    1    7    5    3
   28    3    2    3    4
    7   12    6    5    3
   28   18    4    5    4
   27   19    4   10    4
   19   17   10    8    4
   12   17    6    7    7
   25   25    6    2    6
   24   21    1    8    5
    8    3    2    4    8
   23   13    2    3    4
    4   11    1    5    8
   11   14   11    1    4
   12   27    6    6    4
    5    5   12    2    9
   30   30    7    5    9
   29   15    6    2    4
    6   14    2   10    6
   11   16    5    2    5
   10   11    6   10    7
   22   11    3   10    1
   22   24   12    2    9
   26   23   12    4    9
   28   17   10    9    6
   29   29    8    6    9
   25   12   10   10    6
   12    8    1    8    4
   14   10    3    7    8
   19    5   12    7    8
   10    1    7    1    7
   23   18    8    3    6
    6    2    8   11    5
   20   18    6    3    4
   13    5   11   10    5
   22   17    4    6    5
   18    6    6    6    4
   11    5    4    5    7
    1   11    8    3    7
   21   25   12    5    4
   15    3    7   10    7
   11   25    2    7    6
    1   23    3    8    5
    8    8    3    9    8
   14    4    1    5    8
   26   26    1   10    9
   25    6    5   12    4
   30    4    8    7    6
   28   11    4    8    8
   19   19    4    1    7
   16   28    2   12    5
   22   22    2    8    9
   14   14    9    2    8
   22   30    2   12    4
    3   27    3    7    3
    4    4    1   11    8
   10    6    7    9    5
   11   20    2    8    3
   25   24    9    9    3
   18   29    5   12    4
    3   14   11   10    6
   25   22    9    4    2
    2   12   11    6    7
   20   27    2   12    4
   15    6    7    1    3
   29   13    9    8    3
    9   12   10    7    2
   15   20   12    8    1
   18   10    7   12    3
   19    6   11    4    2
    6    6    8    9    9
   15   14    3   11    2
   30   23   10    2    2
   11    7   11    9    7
   28   24   10   12    4
   19   22   10    5    3
    4    7   12    5    4
   17   25    5   11    2
   12   24    7    3    1
   18    1   10    7    6
   16   12    5    6    7
   28   30   10   11    6
   30   14    2   12    8
   12   23   12    4    4
    3   26   12   11    5
   29   26   11   11    5
   23   19   11    6    3
   12   26   10    9    7
   17   26   10    8    7
    1    2    9    9    8
   26   14    7    3    2
   15   28    2   11    7
   11   29    2    3    3
   15   13    5    8    4
   27   13   12    9    4
   28    5    4   11    7
   20   30    8    2    7
   13   10    1    7    8
   20   20   11    7    9
   22    2    9    8    6
   26    5    9    9    4
   11   11    5    3    8
   10   17    9   10    6
   16   26    1    6    8
    7    6    4    6    8
   14   22    9    7    6
    4   12    8    7    6
   15   17    7    3    4
   16    9   11    3    4
    9    6    9    9    4
   30    9   11    6    3
   23   29    4    9    3
    7   10    3    1    4
   10   21    6   10    3
   17   14    2   10    6
   23   25    2    1    7
   28   10    7    4    4
    1   24   11    8    6
   23   10   12    5    7
   19   20    7   10    4
   15   18    3   11    3
    6    8    9    8    6
    8    4   10    5    7
    5   18   12    7    4
   23   28    2    7    4
   11   23    6   11    3
   22    4    5   11    3
   17    9    8    8    2
   14   25    2    9    2
    9    9    9   11    8
   22   20    7   11    4
   30    7    7    3    6
   28   12    2   10    7
   22    5    2    4    7
    4   15    5    6    5
   16   14   11    7    3
   14    5    8   10    3
   19    9    5    2    4
    2   30    5    1    8
    9   18   10    5    7
   10   10    7    3    7
   17    7   10    1    7
    6    1    2   12    3
   14   23    1    3    7
   20    8    9    8    2
   27    6   10    3    8
   17   30    9    2    9
    6   12    6    3    7
   21   17    6    4    9
   25    5    6    9    3
   22   10   10    2    4
   23   24    5    3    3
    1   17    6    8    5
    4   29    7    8    5
    4   20    9   11    4
   19   15    3    1    6
   11    3   12   10    5
    1    4    3   12    7
   16   16    4    7    8
   29   12    3   10    4
   19   13   12    3    4
   16   17    8   11    5
    7   14    5    5    3
   13   17    2    9    7
   23    3    3    8    6
   20   17    3   10    8
   13    6    5   12    7
   24    4   12   12    7
   20   12    9    6    8
   12   10   12   11    6
   13    1   11    5    5
   22   21   11   12    4
    7   20    5   10    5
   27   18    2    2    5
    7   22    6    1    7
   16    8    8    6    6
    2   29    9    6    4
   23    9    4    8    3
    2    5    9    8    5
   11   19    3    1    4
   30   19   12    1    6
   14    2    3    5    7
   30    1    4    3    6
    1   29    5    2    5
    8   19    6   11    6
    7   21    2    8    4
   10    8    6    8    4
   16    2    5    4    3
   15   23    4   12    2
    8   30    1   11    2
    6   20   10    8    2
   15    8    1    3    6
   13    2    7   12    4
   10    3   10    7    6
   27    2    7   12    4
   19   28   11    8    1
   14   21   12    5    6
   21   28    9    1    5
   19   14   11    5    3
   25    2    1    2    4
    1   21    7    9    2
   29   20    3    6    2
    8    7    8    1    4
   28    9    8    8    3
   15   15    9   10    7
    9   14   12    5    4
    8   22    4    3    7
    2    9    2    3    5
   13   14   12   10    6
   20    2    9    2    4
   16    7    2    4    3
   16   25    3    9    7
   10   29    2    8    6
   11   27    3   10    7
   29    5    6   11    5
   16    1    1    7    4
    8   17    3    7    4
   26   27    4    2    6
   21   13    3   10    5
   25   18    2    9    7
   19    7   10    5    6
    9   20    8    5    5
   17   11   10   11    6
   19    1    9    7    4
   30   27   12    4    5
    2    2    7   10    4
    4   25   10    1    7
   20    5    5    8    4
   21    5   11    2    3
   12   11    4    5    7
   24   11    2    4    4
    3   12   11    8    6
   10   25    3    4    5
   24   16    3    4    7
   19   12    1    5    6
   29   21    2    6    4
    4   19    7    3    8
   14   20    9    6    8
   10   16    8   11    3
    9   11    8   12    3
   26    4    8    2    5
   11   15    3    4    7
    3   25   10    4    4
   24   30   10    4    5
   25    1    7    4    4
   27   22    8    4    7
   14   12   12   12    7
   29   14    2    5    3
   25    8    5   12    3
   24   13    2    9    3
   28    1    6    4    4
   13   18   10    3    6
   30    3    5    9    7
   14   28    8    4    6
   18    3    5   11    7
   10   24    4    8    8
    7   15    9    4    5
    9   25    9    9    7
   13    7    3   11    5
   26    7    3    6    7
   10   30    2    3    3
    7    7    4   11    5
    3   20    5    6    6
   18   12   11    6    4
    7    3   10    9    8
    4   10    8    2    6
    9    5    9    7    5
   30   29   12    3    8
   13    8   10   10    5
   24   17    5    2    7
   19    3    4    1    5
   28   25    4    5    7
    1   27    7   12    6
   21   16    9   12    9
   24   24    7    2    9
    4    6    3    4    7
   15   30   12    7    6
   26    8   12    9    6
   17   29    4   12    4
    5   15   12    9    6
   21   19    7    5    8
   26   25   10   12    6
   16   19    8   10    4
    4   28    3    7    8
   27   14    5    8    6
   12    1    9   12    8
   16   20   11    4    4
    5   10    9    2    4
   13    9    7    4    4
   26   21    8    3    5
   29   28    6    8    6
   21    6   10    8    8
   17    5    2    7    6
   22    1   10    5    5
   24    3    6    4    4
   18   18    5   12    4
   21   11    6    8    5
   22   28    3    1    5
   23    2    4    3    3
    6   29    7    3    3
   23    8   12    5    3
   21   23   10   10    1
   21   30    9   10    7
   25   20   12   10    7
   22    3    5    7    7
    5    7    5    8    7
    4    2    5    6    7
    2   26    5    2    5
