   24    1   11    1    6
    9    7    2    2    5
   26   23    3   11    3
    3   18    6   11    7
   15   28    2    6    7
   30   27   10    9    4
    1   13   10    4    6
   12   29   10    8    5
   18   29    1    3    5
   15   15    9    1    5
   25   25    5   12    7
    4    4   10   12    8
    4   27    8    2    5
   19   30    6    8    3
   14    9    9   11    7
   15   18   11   10    9
    3   14    3    8    7
   24    6    6    8    4
   19   16    9    7    7
   30   20   11    3    8
   30   30    5   11    8
   13   17    8   11    8
    3   11    4    8    8
   19   21    7   12    7
   22    4    7    4    9
   12   18    2    7    8
   20   16   12    6    5
   13   23    5    4    6
    1    4   10    9    8
    4   23   12    3    7
   30   14    5    5    8
    5   14    7    5    5
   17   19    5   11    1
    7   23    9    5    7
   13   18    7    7    7
   25    7    7    2    1
   26   30    7   11    1
   11   15    1   12    8
   10    2    5    8    7
   22   22    5    3    9
   18   27    4    7    9
   13   13   12    1    9
   20   28   11   12    5
    1   16    1    4    5
   10   24    4   12    6
   17   23   12    9    4
   15    4    6   10    6
   24    4    8    5    8
   16    9    6   12    8
   16   30    4    5    7
   27   15    6    3    9
    5   16    8    6    9
    7   30    6   11    9
    1    8    8    7    9
    5    6    3    2    2
   11    6    6    3    2
   22    3    4    9    7
   26   13    3   12    5
    8   26    7   10    4
   30   18    6    4    3
   10   25    3   12    3
    8   11    9    3    7
   29    3    2    4    3
   17   17    2    1    3
    1   23   11   12    8
   28   30   11    4    4
   24   25    5    7    1
   17   25   10   10    9
    4   29    8   10    6
    1   22    4   11    6
    3   19    3   10    9
    1   27    3    3    7
    7   14   11    1    2
   27   27    7    5    9
   25   15    9    3    6
   21   22   10   10    9
   20   17    5    7    6
    6   29   11    7    2
   28   28    9    5    8
   13    3    8    2    9
   26    9    2    4    3
    7   22    8    1    3
    6    1    4    7    3
   21   20    8    8    1
    1   15    2    4    1
   18    5   10    6    7
   24   27    2    1    4
   14   22    4    2    3
    9   20   11   10    4
    4   11    5    5    7
   17    6    9   10    4
    5   21    9    2    4
    8   14    3   12    3
   15    9   12    1    4
    9   22    7    8    4
    8   19    6    3    7
   29   30    7    8    1
   22   10   12    9    6
   20    5    6    9    4
   15   13    1    5    6
   28    7    2    3    7
   24   24    1   12    2
    9   13    8    5    6
   24   16    3    2    8
   11   12   11    7    3
   20   15    9    8    5
   15   14    9    9    5
    7   17    5   11    6
   29   21   12    6    7
    6   26    1   11    1
   22   12    7   11    1
   30    6    4   10    1
    4   12   12    2    1
   28    4    1    3    1
   23   16   12    9    8
    6    6   12    9    9
   20    3    5    5    7
    6   18    7   10    7
   10   29    6    6    7
   13   14    1    8    7
   23   19    9    7    8
   26   16    7    8    8
   24   28    9   11    6
    1   17    6    7    4
    3   15    7   12    8
    9   28    8    7    1
   11   24   11   10    7
   21   25   11    4    4
    9   21    5    2    1
   10    9   11    5    4
   11   20   11    6    3
   13   29   11   12    4
   24    9    3    4    3
    5    9    2    3    7
   23   24    5    6    7
    6   14    9    1    5
   18   26    5   12    8
   19   20    6    5    4
   29   15    9    8    6
    5   15    5    2    3
   14    1    6    9    4
    9   12    7    8    4
    1    2    5    2    6
   18    4    1   11    7
    8   28    7    2    6
   23   25   12    6    8
    8   29    3    5    6
   16   25    3    6    7
   20   20    1    8    8
   10    5    1   10    9
    9   29    4   11    7
    2   26   10    1    7
    4    8    6    3    8
   15    7    4   11    7
   10   30    1    4    7
    3   24    9   10    8
   24   14    1   11    8
    1    7    5    8    4
    9   18    6    9    3
    9    9   10    8    7
    9   19    2   11    2
    9   30    3    8    6
   20   18    1   11    7
   12   23    7    6    8
   10    8    9    9    6
   19   12   10   11    7
    3    8   10    5    8
    8   17    4   12    7
   17   10    7    3    3
   27   13    6   12    6
   30    1   10   12    8
   10    7   11    7    5
   18   16   12    3    6
   12   12    2    6    7
   21   27    3   12    4
    8   21   10   12    8
   21   18    6    1    7
    9   23   11    4    7
   14   11    6   11    8
    1   29    4    5    1
    8    5    3    2    9
   12   30    8    6    8
   27    6    4    9    6
   24    5    7    2    4
    9   25    1    9    4
   22   23    6    1    5
   18   28    2    9    2
   17   29    6    4    4
   18   10    8   10    5
    2   18    5    5    6
    4    2    1    1    5
   11   22    3    8    6
   28   17    5    2    4
   19   27   12    2    1
   18   22   10    2    5
   17   18    1    5    6
    3    1    7    4    6
   28    1    3   12    5
    8   18    2   10    4
   12   21   11    2    9
   12    8    8    8    1
   12    5   11    6    3
   13   11    7   11    2
   14   20    5    7    6
   21   28    2    6    4
   15   19    7    9    7
   28   29    3    2    4
   26   22    1    8    3
    7    4   12    3    7
   14   29    7    3    3
   13   20    3    7    1
    5    5   12    1    7
    1    1    6   12    8
    5    4   11    6    5
   21    4    4    7    3
    1   21    9    7    6
    3   17    1    1    4
    2    9    7    7    1
   28   14   10    9    1
   27   25   10    1    2
   20   24    2   10    3
   19   14   11    4    4
   26    4    1    1    3
    7   21    2    5    6
   13   24    9    1    4
   10   21    9   12    7
    5    2    6    5    3
   30    8    8    8    2
   10    3    7   11    2
   13   16    3   11    8
   30   23   11    4    6
   10   20    8    1    7
    9   17    6   11    6
   12   13    9    5    2
   20   22    4   11    1
    6   25    1   12    2
   10   13    9    6    2
   21   30    5    9    5
    3    5    5    9    4
   27   20    5    1    6
   10   27    4    6    7
   19   19    3   11    4
    2    8    4    6    4
    4   30    6    9    6
    1   25    1    3    4
   12   14    7    9    4
   26   27    8    4    7
   26   21    6   11    3
   14   25    6    7    6
   30   22    6    4    4
    9    6    2   12    2
    2   16    6    7    3
    6   22    4    2    4
    2   14    7   10    6
   17   12   12   12    2
   25   30    8   10    5
    8   20    7   12    5
   10   16    1    9    8
   28   16    8    3    3
   13   19    1    6    3
    9    8   10   12    2
    8   24    8    3    6
   16    8    5    1    6
    4    6    9   11    4
   15   24    9    4    2
    5   29   10    4    1
   29   25    3    3    6
   26   19    2    7    7
   14   14    3    9    8
   18   18    6    5    8
   24   26    7   10    1
    1   20    7    9    2
    6    3    1   12    1
    6    8    2    6    1
   19    6    5    9    3
   18   24    3    9    7
   19   25    3    4    1
   23   29    1    3    2
    3   12   11    3    2
   13    6    8    8    2
   28   11    1    2    2
   12    7   12   10    3
   26    1    2    5    3
   13   28    8   10    3
   25   12    7    8    3
   16   29   10    6    6
   17    5    5   11    4
    2   22    4    5    4
    5   30    1    1    4
   11   29    1    5    4
    2   15    5    2    6
   26   26    6    3    8
   25   22   12   12    6
    6   10    7    8    4
    1   11    3    4    7
    6    7    4    6    3
   16   12   12    3    6
   23    3    5    2    2
   23   14    9    6    6
    8   15    7    4    2
    2   13   11    3    2
    2   12    2    1    8
   20    2   12    5    9
    7   16    6    3    2
   12   20    9    4    2
   26    5    9    1    2
   21   21    8    6    9
   27   28    1    7    9
    7    8    5    5    9
    3    3    3   12    9
   14   16    6    4    6
   18    7    4    4    1
    2    7   10    5    5
   29   29   11    3    7
   17   14   10   11    8
   17   24    4    2    3
    5   13    3   10    8
    8    8    8    5    6
   26   29   12    7    4
    7   11   11    3    6
    7   13   10    1    6
    2   25    3    5    4
   25    4    2   10    6
   16    6    6   10    1
   21   11   12   12    1
   19    5    6   10    5
   27    9    5    8    4
   12   15   10    6    4
   23    2    1    4    5
   21    2    6    6    6
   14   18    4    3    9
    9   11   11   12    5
   11    2    8    9    4
    2   19    9   11    7
   21   14    4   10    4
    5   28    2    9    4
   27   17   10    6    4
    2   29    9    3    8
    6   12    9   11    9
   22    8    4    5    6
   19   18   10    5    7
    4   17    5    2    7
   25   18    2    6    8
   28    3    9    7    4
   27   22   10    6    7
   17   22    8   11    7
   15   22    2    8    3
   20    7    2   10    3
    6    2    2    1    5
    9    1    8    1    3
   24   19    5    4    7
    1   12    8    6    8
   26   28    5    3    7
   15    6   10    4    3
    3   30    7    6    3
   23   23   10    5    7
   13   22    9    2    3
    4   13    1    5    7
   23   28    9    7    8
    4   20    8   10    7
   19   11   10    4    3
    7   24    9    1    3
   15   23    2   12    3
   26   10    5    3    7
   16   11    6    4    7
    7    3   10    5    8
   30   17   10    2    7
   29    7    6   12    3
   23   21   10    9    3
   13   25   12    3    8
   22    5    1    9    9
   19   10    5    9    7
   11   25   10    4    3
   23   11    5    5    3
   15   17    2   11    3
   10   12   11    3    2
   11   26    3   10    2
    8   13   11    8    7
   21   15    4    7    4
    5   11    3    6    7
    2    2    3   12    7
    9    3    9    7    2
    7   26    3    1    2
   18   11    4    2    2
   26   14    7    6    7
   28   22    2   11    8
    6   20   10   11    2
   25   26    9    9    9
   23   10   10   10    2
   30    2    7    9    7
   24   12   10    8    2
    2    3   11    9    3
   30   13    6    1    8
   16   15    3    9    7
    2   24   10   11    2
   14    4   11    7    8
   20   25    2    8    2
    7    5    2    6    7
    1   10   10    6    7
   28   12    1   10    2
   17   21   12    3    7
   11   10    9    4    2
   16    3    9   10    8
   17    2    7   10    6
   28   10    5    9    5
   23    5    4    2    4
   10   10    3    6    7
   23   27    8   11    8
   10   15    5   10    7
    1   19    7    9    8
    3   21   12    4    4
    8   27    3   11    4
   24   29   11    9    4
   27    3    2    5    3
   10   14    3    5    6
    8   25    2    9    7
   27   16    7    5    7
   25    3   11   12    7
   19   22    4    8    4
   29   20   11    9    8
   22   24    9    3    2
   26   20    7    1    8
   30   11    5    8    4
   16   16    5    9    7
   25    5    9    8    2
   11   11    3    4    2
   23    8    4    5    7
   16    4    6    4    8
   16   17    8    8    6
    2   28    8   11    2
   27    2    8    5    3
   12   26   12   12    2
   23    6    1   11    2
    7   19    6    9    2
   28    6    7    1    2
   21   13   12    4    7
    5   27    4    7    5
   11   17    4    1    6
    4   10    9    4    2
    4    9    8    7    6
    6   21    4    4    7
    3    4    3    4    8
    4   19    4    8    8
   22   16   10   10    8
   11   27    8    6    6
   20   23   11    6    4
   22   29    4    2    4
   23   18    6    6    6
    5    1   10    1    6
   17   26    4    1    6
   26    3    6    6    5
   19   28    3    1    4
   15   30    3   12    6
   30   24    4    8    4
   27    7    8   10    3
    7    7    4   12    7
   19   29   11   10    8
   15   26    1    6    7
   21   24   12   10    7
   12   27   11    4    3
   16   21    4    5    4
   27   14   11    2    3
    1   18   12    7    3
   25   28    5   10    4
   27   29    1    8    3
