   24   17    5    8    4
   20   18    7   10    6
    3   29    7    7    6
    9   13    4    1    4
   20   30    5   12    8
   20    3   10    9    7
   10    5    3   10    4
   13   15    8   10    6
   12    7    3    9    9
   10    2    7   12    7
    6   27    5    1    6
   29   17    8   10    3
   10   12    8   10    1
    9   22    9    5    5
    5    1    5   12    7
   13   13    8    2    9
   16   29    4    3    7
    3   13    5    5    5
   15   20    3    6    7
    7    7    8   12    6
   13    7    1    3    7
   21   29    3   10    6
    1   28    1   11    3
    4    1    7   10    8
    1    1    8   11    8
   12    6    5    6    8
   20    1    7    4    6
    6   18    9    9    4
   22   18    6    7    2
   16   19    9    9    7
   18   28    3    1    1
   10    4    3    9    4
   10   28   10    5    4
    7   16    8   11    6
   17   26    5    8    4
   11   27   10    3    5
    7    3   12    6    7
   17   20    6    7    4
   16   21   12    2    1
   18   18    3    5    5
   13    2    5    5    4
    1   16    9    9    7
   29    6    5    5    1
   30   11    7    7    3
   16    2    8    3    8
   13   19   12   12    8
    6   17   12    3    3
    4   24    4   11    5
   19   23    5   10    2
    4   21    4    2    8
   25   24    1    1    4
    2   29    3   12    9
    6   23    4    3    6
   30   25    5   11    4
   11   26    8   11    5
    1    8    2    2    8
   21   15    9    5    5
   29    8    4    2    7
   12   13    9    3    2
   23    7    6    2    8
    7    8    7    9    7
    4    2   11    7    7
   29   20    1    6    4
   28   25    8   12    4
    4   28    7    3    6
   30   10    5    6    7
    4   30   12   10    5
   20    9    2    3    3
   29   13    7    3    7
   11    2    5    5    4
    8   23   11   11    3
   22   15    8    8    6
   27   20   10    6    4
   19   24    1    9    1
    2    7    4    6    7
   26    8    1   11    6
    6   20    3    4    3
    5    9    9    7    5
   23   30    9    8    4
   19    2    8    5    4
    8    5    1   12    3
   25   13    8    9    4
   11   29    1    3    6
    9   26    1    2    7
    9   17    7   12    6
   13   28    6    6    3
    6    8   12    3    2
   21    9    9    7    2
   17    2    9   11    7
   18   15    4    3    6
   29   15    3   11    4
   24    8   12    7    5
   17   18    8    7    8
   15   26    6    3    8
   16   15    7   10    4
   11    1    8    7    4
   25   19    7   11    8
   18   12   12   10    3
   26    4   11   10    7
   27   24    5    6    9
   20   14    5    3    3
    3   26   11    7    3
   27   12    8    6    7
    1   10    6    9    8
   10   13    4    8    7
   11    5    2    3    7
   12   22    6    3    4
   23    3    2    1    1
    9   16    1    4    4
    9   28    4    5    3
   16   23    1   11    3
    1   19    9   12    8
   12   28    1    2    6
   29   27    5    4    3
   26   28    5    5    8
   16   20    5   11    9
   12   16    8    2    6
   16   13    9    9    9
   26   12    3    8    1
   30   13    1    3    4
   16   26    1    7    5
   16   30    7    2    7
   11   25   11    6    4
    4    5    8    7    8
   19   30    2    9    3
    7    9    3    4    4
   24    7    6    9    7
   24   18    4    6    4
    7    6   11   12    7
   22   24    9    2    3
    3    8    2   10    7
   26   25    9    7    7
   29   28   11   10    5
   14   28    9   12    3
   21   25    8    7    6
   24    2   12    5    9
   15   17    6   11    6
   23   21    1    4    3
   16   25    2    2    6
   27    1    2    5    3
    1   26    3    5    3
   16   24    3   11    2
    5   12    3    4    3
   14   13    2    3    8
    5   27    6    8    3
   28   30    7    1    2
    9    9    6   10    8
   17   17    8    1    6
    8   12    4    9    2
   14   12    5    2    8
   22   10    4    3    6
    1    3    5    3    8
   17   16   11    5    6
   22   29    7    3    3
   27    4    3    5    1
   17    8   10    5    3
   30    3    8    5    3
   21    5    2    1    4
   17   19    5    6    8
   14   19    6    7    1
   15   15    8   11    8
   23   26    7   12    8
   12   24    8    2    1
   23   24    1    3    2
   13   18   12    2    6
   19   29    7    6    1
   24   26   11   12    3
   16    8   12    5    6
    9    1    7    7    3
    7   29    6    5    4
    7   27    4    5    4
   18   11   11    9    7
   27   21    2    2    7
   23   17   10    1    3
   22    3    5    5    7
   10   29   12    3    2
   30   21   10    4    3
   26   30    6    1    9
   30    2   12    2    9
   18   14    2    8    7
   24    5   10   11    6
    6   22    8    4    7
   15    6    2    1    6
   16   14    8    6    5
   28   23   12    4    3
   22   16    5    4    4
   10   17    1    7    4
   25   25    2    6    7
    4   12    9    8    4
    6   13    5    8    4
    7   21   11    7    8
    3    3    5    3    7
   27    8    1    8    5
   15   19   10   12    3
   27   28    8    4    7
   24   15    4    3    4
    1   12    6   10    5
   16   11   10    2    8
   21   24   12    4    9
    5   29    8    6    3
    5   15    1    6    4
   23   23   11    4    2
    7    5    8   10    3
    8   15    7   12    6
   22   30    5   10    3
    7   25    1    8    3
    6   10    7    3    7
   17    7    8    7    4
   28   15    3    6    8
   22    8    8    3    8
   12   21    2    6    9
   30   12   12    4    4
   25   22    9   10    5
   24   13    8    9    4
    4   25    4    5    3
   13    4   10    2    6
    3    4   11   11    6
   11   28    4    7    4
    5   22   11    8    7
   16   16    3    1    7
    4   16    3    4    7
   13   20    1    6    6
   28   24   12    7    3
   30    1    6    2    5
   18    3    4    8    2
    2    3    5    6    4
   24   20   10    8    4
   18   21    6    6    8
   19   11    3   10    6
   29    1   10    7    7
    7   28    4    6    6
    4    6   10    3    4
   28    3    3   12    4
   20   25    7    5    7
   21   20    5    1    7
    5   20   11    1    7
   23    5   10    5    4
   30   27   11    3    6
    2   27    4    8    3
   12   15   12   12    5
   27   13    6    3    5
   19   22    9   10    8
    8    2    5   11    9
   14   15    1    2    7
   19   19    2   10    9
   18   25    4    9    9
   13   23   10   12    6
   22   27   12    2    3
    9    2    8   10    4
   26   19    9    4    4
   10   18    9    9    4
    6   21    9    8    4
    3    6   12    5    7
   25   17   10   10    4
   14    9    4    4    7
    8   13   10    7    8
   16    6    4    9    5
   11    3    5    6    9
    4    4    5    9    6
   18   27    4   12    5
   19   18    3    8    8
   20   20    3   12    6
   18   16    6    7    8
   26   27   12   10    9
   15   11    5    2    4
   25    9    7    5    4
   22    7    3    2    7
   29   12   11    8    3
   15    4    3    6    6
   24    1    6    6    6
    3   27    6    7    3
   22   23    5   12    6
   25    8   10    5    3
    7   11    5    3    7
    6   28    3    4    6
   14   27   10   12    4
   28   21    3    9    4
   30   18    1    9    8
   23   12    7   10    3
    1   17   10    5    3
   14    6    3    1    7
   17   28    6    5    7
   10    3   12    5    7
   15    3   12   10    4
    5    5    7    2    9
   11   13    4    1    7
   13    1    5    4    6
   22   11    1    3    1
    6   26   10    5    6
    2    2    4    3    7
   17    3    2    2    4
    5    6    5    2    1
   22    2   12    6    4
   25   29    4    6    6
    5   17    4   12    3
   17   11    8    4    5
   18   26    6    4    6
   25   27    5    1    6
   14    7   10    9    3
    7    1    4    2    4
   30    8    1   11    4
   17    4    8    6    5
    3   25    8   11    6
   12   20    1    1    5
    8   10    5    3    3
   13   21    5    8    5
   25   12    1   11    2
    1   15    7   12    4
   19    5    5    6    3
   15    2    6    9    5
   25    5    3    4    7
   14    8    8    1    6
   18    5    8    5    8
    7   10    8    9    4
   22   28    5    3    5
   26   13    3   10    4
   12    2    2    9    3
   10   27    7    9    3
   21   26    8    3    8
   10    9   10    1    7
    8   18    7    5    5
   19   10   12    5    5
   21    8   11    6    8
   10   10    3   12    3
    5   16   11    8    6
   14   11    6    7    4
    6    1   10   10    1
   15    9    8    4    6
    9    3    8    2    6
   11    4   11    8    6
   14   23    7    9    3
   25   10    2    5    6
   22   13   11   11    7
   11   12    6    3    4
   18    9   12   10    3
   29   30    9    2    7
   19   20    1    4    7
   30   15   12    1    4
   10   23    7    1    5
   20    8    1    4    3
   24   29    2   12    5
   14   22    1    8    3
    2    6    6    2    4
   12    9    8    4    5
   23   29    5   12    6
   24   24    5    1    7
    9   29    6    1    3
   24   10    8    9    4
   26   26    1    5    6
    3   12    5    2    4
   28    5    1    4    1
    1    2    3    6    2
    4   22    8    7    7
   19    9   11   11    8
   25   23    5   10    4
   11    6    4    8    4
    4   19   10    5    9
    7   18    3    5    4
    1   21    1    6    1
   17   14    2   12    4
   22   26    2    4    7
   12   12   11    3    8
   21   21    3    7    9
   17   12    2    9    4
   14   30    2    2    7
   17   21    4    5    3
   14    3    9    2    5
   25   15    5    1    2
   29   26    1    1    6
    2   23    2   10    2
   24    6    3   11    2
    2   20    9    6    7
    3   16    5    1    7
   11   10    1   10    3
    9    6    9    6    4
   22   22    5    9    3
   20   23    9    4    7
   14   26   11   10    4
   10   16    7    3    8
   19    7    8   11    5
   14   14    4   10    7
   11   20    7    5    5
   24   14    5    2    3
   16   27    8    2    3
   28   19    4    5    4
    9    8    7    9    8
   12   19    5    9    7
   23   18    6    3    5
   29   18    7    9    7
   26   10    6    5    8
   26    2    7    8    9
   11   21    9   12    4
   25    1    4    6    4
   14   25   10   11    5
    7   20    8    6    2
   24   30    4    4    2
    7    4    1    5    8
   30   30    9    7    7
   22   20    8   11    6
   26    7   11   11    3
    8   19    2    8    7
    3    5    7    1    7
   18    4    4    9    7
    2   21    3   12    6
   20    4    4    3    4
   10   15    1    9    8
   29   29    1    4    4
   23    1   12    3    8
   21   22   11    7    3
   16   28    5    9    3
    5   26    2    6    7
    4   23    8   10    3
    2   14    5   10    9
   15    7    6    7    5
    2    5   11    2    7
   30    5    4    1    4
   22    1    8   12    6
   10   14    3    7    8
    6    6    9   12    9
   23    9    4    8    7
    9   24    3   10    5
    3   24    6    9    5
   13   17    5    6    6
   14    1    4    8    4
    4   29    3   11    8
   23   15    2    7    3
   30    7    9    1    5
   28   20   12   11    6
   27   27    6    7    9
   17   22    9    7    5
   21   10    5    4    7
    4    8    3   12    7
   11   23    9   12    4
   27   15    6    3    8
   19   21    1    9    6
   17   27   10   10    4
   11   24    3    1    8
    6   30    2    1    6
   18    1    1    2    8
   14   29    4    7    4
   21    3    7    2    8
    2   18    6    2    8
    3   19    5    1    8
    8   28    1    8    3
    9    4    7    6    8
    9   30   11   11    4
   14   21    2   12    8
    8    8    8    6    9
   17   30   10    6    9
   27   19    6    3    6
   25    6    6    5    4
    2   28    1   10    7
   11   11    3   12    4
   13    5   11    5    6
   20   26    1    7    8
   14    5    6   12    6
   27    9    7    9    4
   28   28    3    7    8
   14    4    5   10    7
   11    8   10    6    8
   10   20    5   11    3
    2   25   12    5    1
   27   23   10    4    9
    9   11    9   11    2
    6   19    9    1    2
