   12    8    4    1    7
   14   30   10    3    3
    7   14    8    9    7
    6    6   11    7    7
   11   23   11    3    3
   25   20    7    7    7
   24   21    1    4    5
   29   28    5   11    7
    1   28    8   12    7
    5    6    4   11    3
   19   21    8    3    3
   12    2    2    8    7
   30   22    7    8    3
   11   15    1   11    3
   27   28    2    6    3
   26   10   11    1    5
   12    5   10    5    5
   23   27   11    6    5
   30    3    3    9    3
   11    8   11    2    3
   27    6    8    5    5
   29    4    7    7    3
    5    9    8    5    3
   16   23    7    8    3
   24   18    8    8    3
   28   18    1   10    3
   18   18   12    7    7
    6   10   10   10    3
    7   22    6   10    3
    2   16    1    1    3
   16   12    4    9    5
    3   16    6    8    3
   24    7    6    1    3
    2    9   12    5    3
   11    3   10    2    5
    5    4    3    5    3
   13   15    4    6    3
   17   12   11   12    5
   26   20    4    8    5
   20    7    1    9    7
    2   19    9   10    7
   21   14   10    4    7
   16   24    1    1    3
   27   21    1    4    3
   20   13    8    5    3
   18   27    6   10    5
   25    5   12    1    3
   22   26    1    2    3
    1   19    7    7    3
   14   20   11    2    3
   29   24    5   11    3
   27   20    2    8    3
   16   16    9   10    5
   16   25   11    1    3
   12   18    7    4    5
   24   14    4    7    7
   21   16   12   10    5
   21    1    2    8    3
   20   22    5    6    5
    2    2   10    7    3
   30   16    9    1    3
    7   11    5   10    5
   22   25   11   11    3
   22   17    9   10    5
   26    9   12    9    5
    7    6   12   10    5
   25   12    2    5    5
   14   13   10    5    5
   15   27    5   11    5
   16   18    5    8    7
   27   13    7    5    3
    7   17   12    6    3
   17   17    5    1    3
   29    6    9    4    3
   10    5    5    6    5
   26   16   10   10    5
    8   19    7    9    7
    2   26    3    5    5
    5   18    2    5    7
   25   23    3    1    7
   10    4   12    8    5
   30    9    5   10    3
    8   20   11    9    3
   24   17    2    5    3
   17   15    3   11    3
   25   26    9    7    7
   14    8   11    1    8
   10   12   11    9    5
    8   17    4    2    5
   29   16    1   12    5
   23   29    5    9    3
   16   19    3    5    7
   25    1    8    1    3
   15   23    1    6    3
   11   12    2    7    8
   11    5    8    4    5
   14    1    8    5    7
    3   27   12   12    3
   29    1    7    7    3
   16   15    7   12    3
   30   24    6   12    7
    2   18    4    4    3
   15    9    5   10    3
   27   16    1   11    3
   25   19    5    3    3
   26   26    4   10    3
   25    7    5    7    3
    8   16    7    1    3
   18    8    4   12    5
   20   11    6   10    5
   16   17    9    6    3
   21   20   11    9    3
   25   10    9   12    3
   18   25    1    9    3
   27   24   12    2    3
   26   11   11    8    3
   22    2   11    9    3
   29   27    9    6    3
   25   25    3    5    3
   23   19    6    6    3
   14    3    1   10    3
    6    3   10   11    3
    4   14    1    1    7
    4    4    5   12    7
   19   17    9    1    5
   27    7    3    6    3
   25   28    2    4    3
   29   11    3    2    3
   14   14    2    6    3
    9   21   11    4    3
   18   15    6    8    5
   22   22    5    7    5
   10   22    6   10    3
   14   29    1    1    3
    1    7   10    8    3
   29   12    2    2    3
   12    1    5    1    8
    5   13   11    6    5
    6   11    6    7    3
    8   30   11    5    3
   21    4    9    8    3
   13   13   11    4    7
   12   30   11    7    5
    4   28    9    9    5
   28    2   12    2    3
   15    3   10    2    3
    7   21   12    2    5
   30   18    4    8    7
   30   19    7   12    5
    1   22   10    6    3
   28   15    8   11    5
    5   21    3    9    3
   12   14    3    4    5
   19   26    4   12    5
   12   27    4   12    3
    3   17   12    6    3
    9   11    8    5    3
   14   28    3    5    3
   28   28    4    1    7
   14   26   10    6    7
   14    2    4   10    8
   11   18   10    1    8
    1   18    4    3    7
   27    9    9    5    3
    2   17    9    1    3
    4   12    4   12    7
   11   28    2   10    3
   10   16    9    7    3
   10    2   12    8    3
   22    6    2    9    3
   20    3    3    7    3
   23   30    7    9    5
    6    2    9    4    7
   10    7    2    5    3
    1   11    1    8    8
   11   14    9    2    5
   24   10    6    2    5
    8   15    3    3    3
    3   13    2   10    3
    5   20    1    5    5
   27   30    1    1    3
   23   13    1   11    3
   11   27   12    4    3
    7   16    8    3    3
   23   24   12   10    3
   21   26    4    6    5
   30    2    1    2    7
    8    7    1    1    3
    8   23    9    8    3
   29   10   11    1    5
    6   23    4    5    3
   20   12    5   11    3
    2   27    3    5    5
    5   14   11    8    3
   17    6    6    4    5
    9   24   11    1    3
   26   30    7    9    3
   19   13   12    8    5
   20   28   12    8    3
    2   25   12   12    5
    7    9    1   11    3
    1    4    2   10    5
   12   19    2    2    7
    9    4   12    4    3
    4    7    5    2    5
   11   30    8   12    3
    8    2    3    2    5
   25    3    6   12    3
   30   10    7   12    5
   11   17    9    1    3
   25   14   12    4    7
    9    1   10    1    3
   16   20    3    4    3
    5    7   11   10    5
    9   29   10    9    3
    2    4   11    9    7
   10   20    1   10    3
   25   29   12    2    5
    1   15    8    4    5
   18   22    7    7    3
   22   19    8    1    3
   20   30   11    1    3
   20    1    2    4    5
    3   28    4    7    3
   28    5    4    6    3
   17   18    4    6    5
   17   28    7   12    3
   27   25    7    2    3
   17    1    3    4    7
   28   24    2    4    7
    1    1    8   11    8
   27   14   12    7    3
   29   21    7    8    3
   29    2    7    6    3
    7   26    1    1    3
    1   13    7   10    5
   20   24   10    1    3
    6   28    8    5    3
    3    3    1   12    5
   23   21    5    3    3
   13    6   10    2    3
   29   29    3    5    3
   24   13    6    9    3
   12   12    4    5    9
   27   27    5    9    5
   29   20    6   12    3
    3    8    5   12    8
   21   28    8    9    3
   11   21    6   11    5
   18   19    6   10    3
   22    3   12   11    5
    3   12   12    7    3
   30   25   10   11    3
    6    9   12    4    3
   23    7    2    5    5
   10   18    1    4    7
   18    9   12    8    7
   29   13    1    1    7
    1   30    3    2    3
    2   11    7    2    5
    8   22    7   10    5
    9   28   10    5    3
   20    6   10   12    5
   17    9    1    8    5
   23   23    5    2    7
   14   10    4    1    3
   19   24   10    5    3
   19   14    3   10    5
    9    9    4   10    5
    5    3   12    9    9
   13   11    8    1    5
    5   29    6    4    3
    6   18   11    9    5
   21   25    9    1    3
    6   19   12   11    3
   29   18    1    3    5
   10   28    3    3    5
   29   19   11   11    5
   23   22    2    1    3
   30   17    2    3    3
   10    8    8   10    3
   19    7    9    5    5
   27    1    2   11    5
    3   24    3    6    5
   15   19   10    5    3
   27   19    7    8    5
   12    6    7    3    9
   21   22    5    8    3
   21   15   10    1    3
    8    4   11    6    5
   19   19    6   12    7
   24    1    8   12    7
   16    6    4    5    3
    6    4    9    3    3
   15   14    2    3    3
    1   26    5   11    3
   23   12    8    5    3
    9   20    2   10    3
   29   15   11    6    5
   15    7    7    7    3
   19    3    6   10    7
   23    5   11    4    3
    8   27   12   12    3
   30   29    6   10    7
    8    1   10    4    7
   26   27    1    5    3
   24   22   11    6    5
   27   17    1    1    3
   12   26   11    6    3
    8   13    2    2    7
   23    1    9    4    3
   26   28    8    9    7
    7   13    3    5    5
   15   22    8   11    5
    6   26    9    8    5
   11   11    1    5    5
   24   24    1    2    5
   30   21    3    2    5
   18   13    2    7    7
    5   19    2    2    8
   22   28   10   11    5
   22   12    6    6    3
    4   26   11    1    3
   15    4   12   11    3
   24   25    7    4    3
   10   21    3   12    5
   24   15    1   10    5
   26   17    6    3    7
    4   24    2    1    3
   13   12    9    3    5
   15   20   12    8    3
   10    1    2    4    7
    8   24    9   10    3
    7    7   10    9    5
   20   17   11    9    5
    8   29    5    8    3
    8    6    8    1    3
   13   21    2    4    5
   14   18    7   11    3
   24   26    7    5    3
    2   23   10    6    3
   29   22    2    6    3
    5   26   11   10    3
    3    4    4    6    7
   17   21   12    8    3
   10    9    9    9    3
   12    9    5    3    3
    4   11    7   10    3
   23   18    8    1    3
   10   13   12   12    3
   23   14    3    2    3
   28   16    9   11    3
   13   25    6    2    3
   28   13    1   11    3
   22   11    7    1    3
    7    3    8    9    3
   27    5    8    7    3
    9    8    4   11    5
   10   10    7    8    3
   30   13    3    3    3
    6   25    7    5    3
   15   30    1    8    3
    7   12    8    3    5
   28    8    9    1    3
    3   23    1    3    3
   13   16    3    2    3
   23   26   11    8    5
   17   13   12    5    5
   13    9    3    3    3
   25    4    8    8    3
   20   18    3   10    3
   17    4   10    4    5
   19    4    7    3    5
   19   28    9    2    5
   16   14   12   10    5
   29   17    2    6    3
    6   24    2   11    3
   22    4    6    2    3
   27   10    3   10    3
   16   11    9    3    3
    7   18    1   11    3
   17    5   11    1    3
   30    7    4    4    3
    3    9    8    4    7
    2   13   12   10    5
   18   21   11    6    3
   10   17    1    5    5
   19    9    8    6    3
   15   12   10   12    3
   27   22    3   10    3
   12   24    1    5    3
    3   29   10   11    5
    4   20    9    8    3
    3    2    2    8    5
    2    5    2    9    3
    5   16    6   11    3
    6   14    8    3    5
   10   23   12    7    5
   18    4    2    3    5
    8    5    6   11    7
    1    3    9   12    3
   15    5   11    4    3
   28   30    2    5    5
   12   21    3    8    5
   17   14    8   11    3
    5    5    4   12    5
    1    2   11    1    7
   13    4    2    2    5
   18   26    3    5    5
    7   29    5    8    3
   14   22    1    5    3
   30    6    2   10    5
   10   11    3    2    5
   21    2    2   10    5
   28   23    1    8    5
    8    8    4    7    3
   12   28    1   12    3
    7    2    6    7    3
   30    4   12    5    3
    4   16    2    4    3
   24    2   11   11    3
   26   15    2    9    5
   21    6    4   11    5
   26   13    1   11    3
   23    9    5   10    3
   15    6    7    7    3
   21   21    3    8    7
    8   21    7    5    5
   24    5    3    2    8
   25    9   11    2    7
   19   20   11    7    5
    3   18    8    5    3
    6    1    8    1    5
   26    8    6   12    3
   20   20   12    8    3
   11   25    3    4    3
   17   23    7   11    3
    4   27    7    9    3
    3   10    1    1    5
    4   23    3    4    3
   30   30    1   11    5
    2   20   11    1    5
   25   15    6    5    7
    2   15   11    6    5
   24   11    1    5    3
   26   29    8    6    5
    9   16    5    2    3
   10   19    4    4    3
   22    9    7    1    3
   30    5   12    9    3
    3   26    6    2    7
   22    5    4    9    3
    5    1    2   10    3
   20   23   11    4    5
   28    7    2   10    3
   11   19   10    5    5
   16    1    9    9    3
   15   15    6   11    3
   21    3   11    3    3
   14    9   10    1    3
   25   17    2    5    3
   16   22   12    1    3
   25    8    6    5    3
   10   15   10   10    3
   22   13    2    1    3
