    7    5   11    4    1
   14   27    9    5    4
    5    3   11    3    6
   13   28    1    4    2
   11    7    7    9    2
   28   15    1   10    4
   25   16    9   10    4
    7    7    1   11    3
   19   12   10    2    2
   19    7    6    6    3
   27    9   11    9    1
   12   12   10    6    8
    3    2    2    6    6
   14   20    3   10    8
    5    8    3   12    9
   15   23    2    4    5
   13   17    4    4    4
   30    4    5   12    2
   21   20   10    1    3
   17    7    3    7    2
   15    7    2    8    1
   30   19    7    6    2
   19    5   12   10    5
   22   21    3    7    3
    4    9   11    8    4
    8   27    9    6    3
   10   23   10    6    2
    1    8   10    1    6
   30   20    8   12    7
   11    8   11   12    8
   22    3    2   11    5
   15   14    7    2    5
   12   14    2    3    7
   24   23    7    4    4
    8   23    9    9    3
   16   16    1    6    4
    1   16   10    6    5
   29   29   11    8    7
   20    7   10    7    4
    1    5    3    2    3
   10    8   10    9    4
   24   16    8    5    3
    3   26   12    7    2
   18   10   11    5    5
    8   24    2    8    4
    4    6    5   11    2
   13    4    7   12    3
   10   22    8   11    1
   20   29    6   11    3
   20   16    2    7    2
   25    1    3    7    3
   13   10    2   11    4
   14   26    3   11    5
    1   24   12   11    3
   14    2    2    1    8
    4   10   11    2    7
   23   17    5    7    6
    3    3   11    6    9
    9   15   12   12    7
   25   30   10    8    5
   24   15    4   11    6
   29   17    4    4    3
   16   17    2    2    6
   16   19    8    2    8
    7   10    8    9    4
   12   22    7    2    3
    8    6    9    9    4
   21   23   10    6    3
   29   26   12    8    3
   21    2    6    1    6
    7   13    2    8    2
   27   21   11    5    2
   19   26   12    1    3
   20    3   12   12    2
    7    4    9    6    7
   27   18    1    8    5
   22   30    1   11    6
    7    2    2   11    3
    8   19    4    2    5
   11   15   12    2    3
   21   26   12   12    2
   24    6    2    5    2
   10   15    6    9    2
   27    3    3   11    1
   24    9   11    8    1
    4   15    1   12    3
   26   23    3   12    3
   25   22    5   11    2
   21   13    5    4    2
   11    1    5   11    4
   22   13   12   10    3
   30   13    3    6    2
   16    6    4    7    5
   21   24    7   12    4
   14   14    7    6    7
    5    4    5    6    7
   28   10    5    4    8
    6   21    4    6    8
   12   25    4    6    6
   13    9    6    4    7
   11   20   10    1    8
   16   11    2    3    6
    8   22    3   10    8
    8   29    5    2    5
   26   13    4    1    4
   12   30    2    8    4
   29    4   10   11    5
   10   10    8    4    6
    1    6   10    2    3
   13   29    8    1    3
    2    1    4    7    2
    6   23   11    4    4
   14   10   10    5    7
   23    7   12    7    4
   16   28   12    9    2
   24   11    2    4    3
   25    3   12   10    4
   19   11    3    1    5
   16    5    4    8    4
    5   20   12    2    3
    2   26    3    4    3
   28    4   10    2    2
   27   15    5    9    3
    9    7   12    1    2
   28   26    7    2    3
    6   20   12    9    2
    1   28    2    3    4
   26   30    6   11    3
    5   24    1    1    6
    3   11   12    4    6
    9    2   12    1    5
   15   15    8    2    3
   23   28    1    8    8
   20   20    4    7    8
   24   20    3    4    4
   26    5    9    8    4
   30   16    9    3    4
   27   11    4    5    3
   21   15   12    2    4
    5    6    5    2    2
   30    5    6    8    3
    2   13   10    5    3
    9   10   11    8    7
   24   25    8    2    4
    4   23    5   10    2
   22    9    7    1    2
   22   16    2   11    4
   21    5    3    8    1
    2   29    7    3    3
   29   16    7    1    3
    1   21    7    1    3
   29   27    3    2    2
   12    4    8    6    2
    6   28    6    8    4
    3   17    8    3    2
    2   25    6    9    4
   18    5    7    5    3
   26   18   10    9    3
   18    8    5    1    3
    9    1   10    2    5
   25   28    7    8    2
   21   14    7    7    9
   13   13    7   11    9
   19    3   12    3    9
   17    6   10   11    3
    6   15    7    1    4
    9   11   11    6    6
   26    7    3    3    3
    9    6    5    1    2
   17    4    2    9    3
   22    7    9    9    4
    2    2   12    1    4
   27   19    3    5    4
   24   27   12    9    3
   22   22    2    8    5
   11   14    3    4    4
   21   21    3    9    6
    1   27   11    4    4
   12    2    3    9    3
   10    6    1    7    3
    7   30    1   11    6
   15    1    6    6    5
   15    5    7   10    8
    3   16    7    3    4
   18    4    2    9    4
   27   30    6    7    5
   12   13    9    2    3
    2   24   10    4    4
   20   22    6   12    3
    4   20    4    5    2
   27    5    6    7    4
   11   18    2   10    3
   14   28   12    3    5
    7   24    1   10    4
   16   10    3   11    7
   16   21    3   12    6
   25    9    2    6    3
    8   20   11    7    2
   24   14   11    2    2
   12   28    1    4    1
    5   28    6    2    2
   26   16   11    8    7
   22   18    6    7    3
    4    3   11    6    3
    8    9   12    6    2
    1    3    5   12    5
    3   14    2    4    4
   19   21    1    7    5
   20   17    3   10    9
   25    7    8    4    2
   17   11    8   10    2
   14    4   12    5    3
   27    6   10    1    6
   23   23    6    1    4
   24   28   12    3    3
   30   30    4    1    8
   18   28    3   11    2
   15   13   12    1    3
   23   30    6   12    2
   12   29    2    2    2
    8   15   12   11    7
    1   20    3    8    2
   25   17   12    8    2
   14    6   11    6    4
   26   20   12    6    4
   11   30    3    6    3
   13   20   10    6    3
    8   26   10    9    3
   27   27    8    7    5
   21   12    4    3    9
    7   18   11    4    4
   30   28    1    9    2
   17   19    8   10    3
   10   29   10    4    4
   18   12    5   10    2
   27   28    8    4    5
   20   27   12    7    2
   21   18    1    7    2
   18   18    3    8    8
   19   29    2    3    5
   17   28    4   10    3
   17    5   12    9    2
   22    6   12    1    2
   23   11    3   10    2
   14   17   12    4    7
   23   18   12   11    1
   13   27   10    3    2
   29   28    5    2    1
    7   14    7   12    2
   24    4   10    8    4
    9   19    8    1    4
   27   17    9    5    3
   18   29    1    6    4
    6   18    7    5    2
    8   13    1    4    4
    9    9   12    6    2
   16   15   12    4    2
    6    2    3    3    4
   21   11    9    6    4
   26   25    8    9    4
    4   19    1   11    3
   20   25   10   10    3
    1   14    4    4    6
   12   20    2    8    2
    8    8    6    9    6
   29   23    1    1    2
    7    1    2   10    1
   14   30   12    9    3
    2   17    3    4    7
   30   24   10    4    3
    6   26    9    9    3
   30    6   10    9    3
   11    6   11    6    1
   24   22   11    1    7
    5    5    9    1    7
   19    6   12    1    5
    2   10   10    5    6
    3    6    9    7    1
   14   22    7    8    2
   23    1    5    4    4
    2   18    7    8    6
   10   30   12    3    5
   12   26    7   11    4
   27   22    2    8    2
   28   28    4    1    6
    8   30    9    2    7
   19   18   12   10    7
    2   23    1   11    3
   26   17    3    5    7
   14   13   10   12    4
    2   11    7    7    3
   25   14   10    3    4
   10   21    3    4    3
    4    2    5   10    3
   23   14    7   11    2
   10   20    6    4    2
   17    9    7    9    1
   16   18    6    8    3
    3   18    3    7    2
    2   28    5    4    1
   22   17    9   11    2
    9   23   10   10    1
   19   28   12    6    3
    7    8    3    1    2
   15   17   10    2    2
   25   19    8   11    3
   30   17    5    8    2
   22    1   11    2    1
   12    8    4    6    2
   20   19   10    9    3
   13   25    2    2    2
   23   25   10   10    1
    3   29    6    4    2
    4   16    3    3    4
    3   23    2    2    2
    6   29    3    6    2
   24   24    8    7    9
   10    5    4   10    3
   26   15   10    7    4
   22    5    5    4    3
   13   11   11    8    2
   10   12    6   10    4
   19    2   10    2    3
    4   25    3    8    3
   17   24    5    6    2
    9   16    1    6    1
    8   14   10    8    4
   28   20   12    4    1
   29   24   11    2    3
   28    3    1    6    1
    9   29    7   10    5
   28    7    2    1    6
   29   11    7    8    1
   14   16    3   12    4
    7   29    7   10    3
   26   10    8   12    3
   24   19    8    3    5
   13   24    1    4    4
    1   12    6    9    3
   17    1   11   11    7
   19   23    7    6    3
    3   15    1   12    3
    5   12   10    5    2
   25   18   10    7    4
    3    8    2   10    4
    9   12    6    9    1
   28    9   12    2    1
   18    9   10    4    3
   21    8    5    6    4
   17   21    7    6    3
   23   16    7   11    2
   12   27    9    9    6
   24   10   11    6    3
   25   29    9   10    6
   20   23    3    5    6
    2    8    3    6    4
   29   14    7    9    3
    3   30    4   10    6
   15   18    4    7    2
   24   26    6    6    3
   22   26   12    9    3
   15   19    5    5    2
   15   25    9    5    2
   11   26   10    9    2
   12   23    7    3    1
   19   13   11   12    4
   10   11   10    9    8
   10   27   11    8    4
    1   13    5   10    6
   27    2    6    6    3
   21    3    2   12    3
   22   19    5    2    4
   29    5   12    7    3
   20   18    2    7    3
   25    5    7    2    3
   14   18    7    3    3
   25   21    9    8    2
    3   13    6   12    3
    2   30    7    3    2
    7   27    8    1    2
   18   17   10    8    1
   15   30    6   10    2
   16    7    9    4    4
    8   16   11    4    3
   17   17    1    3    4
   29    1    1    9    3
    7   12    7   12    3
    5    2    4    2    2
   30    9   12   11    6
   25   25    4    7    7
   27   25    8   12    4
    6   12    6    2    7
   29   22    2    7    3
   30   18    3   11    8
    4   21    5    2    3
   21   29   10   10    2
   13   23    3   11    1
   28   22   12    9    3
    6   25    9   12    3
   16   12    5   10    2
   15    2    9    6    2
    1   30   10    8    2
   21    9   12    6    1
   18    1    8    2    3
   26   27    3    3    2
   21   28    1    4    4
   28   11   10    6    1
   12    3    2   12    1
   20   15   10    4    2
   17   12    4    5    1
   12   11    8    9    2
   12   24    9    3    1
   19    1   11    9    2
   16   27    5    9    1
   22   11   10    2    2
   23   22    1    1    1
    9   26    4   11    5
   13    5    2    2    9
   24    3    8    7    7
    4    8    6    4    5
    4   26   11   10    4
   25    8    8    1    4
   17    8    1    9    2
    4    4    2    1    2
   17   10    8   10    2
   15   22    8    4    1
   13    6    1   12    1
    1   10    3    5    4
   16   13    3    1    6
   10   25    4    2    3
   23   27    8    5    3
   19   14   12   10    3
   20    9    2    2    1
    8   28    8    5    2
   19   19    5    6    6
   11   11    4   11    6
   23    5    7   12    3
    9   14   10    4    2
   20    2   12    5    8
   26   26   10    9    8
    1    4    9    8    8
    7   21   12    5    3
   10   19    1    7    6
    6    7    6   12    2
   29   30    3    5    2
   21   30   11    1    2
   11   25   10    8    2
    5   11    6    4    2
   18   13    1    4    4
   15   12   11   11    1
    9    5    1    5    1
   22    2    2   10    3
   10    3    6   11    1
   15   29    5    5    1
    1   26    6    3    3
    2   16   10    2    2
    1    1    2    7    1
   27    4    9    9    2
    6    6    4    6    7
    3    9   11    9    1
   18   24    2   12    3
    4   22   10   12    2
    4   11    2   12    2
   14    5    3    4    2
    7    3    9    2    1
