    8   26    6    1    4
   14   30    4    3    7
   13   17   11    2    8
    4   16    2    6    5
    2   22    3    7    6
   21    7    1   12    5
   11   17   10    3    4
    6   21    1    8    4
    7   20    1   12    2
   13   28    7    6    3
    8   24    9   10    3
    6    1    5    4    7
   29   19    6    3    3
   10   10    1    7    2
   24   24    1   12    3
    5   29    7   12    2
    3   16    3    5    6
   15    4   12    4    6
   21   11    8    2    9
   25   19    6    3    4
    7   12    9    9    3
    4   14    2    5    8
   12   13    1    1    3
   13   27   11    2    2
    2   28    6   12    2
   30    4    7    6    2
   24   30   12   11    4
   10    7   12   11    2
   27    5    2    3    2
   24   25    2    7    3
   12   14    3    8    5
   11    8    1    3    8
   18   28    3    8    5
   15   19    5    4    3
   12    1   11   12    3
    4   12   11    6    7
    6   24    1   10    2
    5   15    5    3    1
   15    9    8    5    3
   12    3    3    4    7
   26   30    6    7    8
    2    7   12    9    3
   26   11    3    4    3
   13   25    9    3    3
   24   12    2   10    3
   27    4    9    9    4
   18   18   12    5    6
   22   17    2    5    3
    5    1   12    8    2
   21   12   10   11    8
   26    2    3   12    7
   30   19   11    2    5
    5   17    4    6    4
   19   12    3    6    3
   14    6    9    4    2
   11   24    7    2    4
   15   30    9    3    2
   16   20    9   11    2
   11    4    9    6    5
   18   24    7    8    5
   27    7   11    9    2
   27   12    7    8    2
   20    6   12    8    1
   28   20   10    9    3
   23    1    5    2    4
   16    5    1   10    3
    2    5   11    3    2
   15   20    2   11    6
   10   21    5    5    5
   30    9   12    6    8
   15   24    4    8    4
   27   30   11   11    2
   13   15    6    2    6
    8   15    8    7    4
   16   22    5    4    7
   29   21    7    4    3
   10    9    7    1    2
   29    4   11    2    6
   24   13    4    2    2
    7   11    9    2    4
   28   23    3    1    1
   18   12    3    2    2
   14   20   11    5    1
   17   27    7   11    3
    9   19   12   10    2
    1    8    7   10    6
    9   20    5    9    4
   20   27    6    8    5
   28   12    7    4    3
   24    4    6    4    3
   24    5   11   12    6
   25    5    1    3    3
   21   18    2    6    2
   17   17    7    3    6
    4   19    6    1    6
   12    8   10    5    6
   19   24    3    1    3
   23   30    2    7    8
    6   28    2    5    4
   10   23    5    3    3
   29   29   11    2    7
   29   17    4    7    7
    2   10    9   12    2
   25    1    4   11    2
    6    4   12    1    4
    1   11    2    2    3
   28    5   10   10    4
   17    7   10    9    2
   19    3    9    4    7
   15   16    4    6    3
    5   10    1    6    1
   26   12    8    3    5
    8   22   11    1    5
   11   20    6    6    8
   13   18   11    5    2
   24    3   10    7    2
   10   30    4    1    2
   11    9    4   10    2
   10    3    8    3    4
   21   27    2    1    1
   21    5    9    5    2
    5   26    3   10    2
   15   29    2   11    6
   21    2    5    4    8
   16   17    3    5    3
   25   11   10    7    3
   13    7    3    5    7
    5   30    7   12    2
    1   17    8    1    6
    1    3    4    3    6
   26   20    8    9    4
   11   12    9    6    2
   15   18    9   11    1
   20   18    4    3    2
   20    2    1    7    1
   30   29    9    3    2
   22    5   11   11    6
   11   14    2    2    8
    5    4    4    4    6
   12   16    8    6    3
   19   21   11    7    4
   16   25   10    9    3
   30   17    2   11    6
   11   19    5    8    2
   28    3    8    5    2
   29   13   11    9    2
   10   29    1    4    6
   14   26   12    3    3
   19    7   12    7    8
    1   14    2   12    1
    4    3    5   10    6
   13    9    6   11    5
   26   21    2    6    3
   29   28    4    3    3
   18   26    8    5    2
   19   19   11    6    8
   14   25    8    1    4
   29   18   12    6    6
    8   17   10    4    7
   24   14    1    6    7
    3   15   11    9    4
    5    9    6    1    6
   26   16    1   10    3
   23   14   12    4    4
   28   10    7    8    2
   29   16   10    2    2
   25   26    5   12    2
   23    5   12    9    3
   25   25    2    4    1
   27    9    5   11    4
    9    4    6   12    3
   14   18   10   11    3
   13   16   12   10    6
   25    2    2    7    1
   29   22    5    1    1
   11   23    7    5    3
   30   13    3   12    2
   28   30   12   11    2
   15   15    2    9    8
    9    6    4    5    4
   24    7   10   10    3
   14   17    4    1    4
   26   10    9    7    5
    1   26    9    5    5
   15   17    7    5    4
   13   10   10   12    6
   14   28    6    9    3
   28   26    3    1    3
    6    3    1    4    4
    8    8    6    1    3
   22   10   11    9    5
    2   14    5    8    6
   18    3    7    3    3
    5    8    2    7    3
   30   30    7   10    2
   21    3    8    1    6
    6   23   11    4    4
   12   12    6    2    4
   16   18    6    9    4
   25   20    9    8    2
   28   21    1    5    4
    1   30    7    8    1
   14   15    2    6    2
   25   10    2   12    4
   26    3    3   12    3
   26    4    7    7    3
   10   20    1    6    3
    1   24    1    6    2
   27   10    3   11    7
   17   10    7    6    3
    3   13    8   12    2
    9   29    7    2    2
    9   18   12    1    5
    2   11    2    1    4
    7    5    1    7    2
    6    2   11    3    4
    5   18   11   10    2
   17   20    9    2    2
   27    1    3   10    2
   15    6    8   11    1
   12   17   11    8    8
   28    8    9    2    2
   18    6    8    4    5
    1   22    1    6    3
   19   17   12    3    3
    1   18    2   10    2
   29   20    5   12    2
   11   11    5   10    8
   22   30    6    7    4
   17   26    3    5    5
    9   14    5    8    3
   21    1    2   12    2
   29   14    7    8    1
   11   22    1    6    2
   19   27   12    6    2
   27   18    4   11    1
   20   21    5    9    3
   23    4    7    2    4
   18   10   10    7    3
   16   19    2   10    7
    3    3    4    7    6
   20   30    4    6    2
   27    3    8    8    2
   25   15    3   11    3
    6    6    8   12    8
   14   13   10    9    8
   23   16    1    7    2
    9    8    3   11    8
   27   22    7    3    2
   13    6   12    7    2
   16   24    2   10    2
    8   20   10    2    2
   28   28   10    7    7
    6   26   11    1    3
    5   11    4    5    8
   18   11    3    1    6
   14   27   10    7    3
   29   12   11    2    3
   23    8    5    9    3
    5   13   10   10    7
   17    3    2    1    7
   30   16    8    7    3
   29    2    3   12    3
    3    7   10    5    4
    3   29    9    2    2
   10   19   10    1    2
   13   22    6    6    2
   16   10   11    9    1
    8    3    5    8    2
    4   28    1    7    1
   24   27    7   11    1
   22   19   12    7    6
   23   17    7   10    6
    7   14   11   10    2
    1   29   10   10    2
    7   16    5    6    2
    7   18    1    7    2
   19    8    5   11    4
    4   25    8    3    4
    7   23   10    4    2
   28   22   10    6    6
   11   13    3   11    6
   25   29   12    8    6
    4   10    1    5    3
    8   16    9    2    6
   11   27    1   12    4
   11   16    6    6    4
    3   14   12   11    2
    4   18    2   11    1
   25    3    7    9    2
   25    7    2    3    1
   22   14   10    2    2
   23   23    5    6    8
    9   12    4    6    6
   28    9    3    7    5
    5   14    3    6    4
    2    8   11    4    2
   16   27   12    5    1
   20    5   12    5    1
   16    6    3   10    6
   20    4    5    9    2
   15   22    9    7    2
    9    2   11    9    3
    7   29   11   10    6
    8    7    1    9    4
    6   29   12    2    3
    7    6   11   11    3
    6    8   11    2    3
   21   21    8    9    8
    1   10   12    5    7
    6   19    8    3    4
   12    6    2    7    6
    2    2   11    8    4
   24   23    4    7    4
    7   26    4    2    5
   23   27    4   10    7
   24   29    3    4    4
   25   27   10   12    3
   20   20    1    2    2
   27    6    8    3    4
   27    8    8    8    3
   23   12    8   10    2
    4   22    9   11    1
   20   19    7    8    1
    4    1    2    1    4
   10   15    2    8    2
    9   25    8   11    7
    4   17    4   10    5
   30   11   12    3    2
   18   23   10    9    5
   26   15    2    9    6
    6   22    6   11    2
    2   18    8    3    2
   25   23    1    6    4
   24    2    2   12    3
   20   12    4    6    6
    4   13    5    2    8
   15   12    7   10    4
    6   25    9    1    1
   27   27    8   12    2
   21   16    6    1    2
   18    8    7    5    2
    7   22    2    4    4
    4    4    8    7    2
   19   18    5    6    2
   27   28    1   11    4
   20   13    5    1    2
    2   16    3   12    5
    9   24    3    3    6
   24   17    9    2    2
   16   14   10    6    1
   22   21    6    2    1
    1   20    5    8    1
   15    1    9    2    2
   13   21    1    2    4
    5    5    8    7    9
   21   14    3   10    6
    1   16    9    6    3
   28    7   12    1    2
    8   10   11    1    1
    2   19    8    6    1
   29   26    6    7    3
   30    3    7    6    2
    3    9    5    6    2
   13   13    6   11    6
   17   21    8    3    4
   30    7    4    5    2
   17   28    6    5    1
   12    2    3    2    6
   15   23    4    3    2
   28   11    5    3    1
    1   13    9   11    6
   11    3    4   10    2
   27   15    7    6    8
   19   23    9    3    3
   29   27    2    1    2
   12   22    8   12    2
    9   22   11   12    2
   22   26    7    3    2
    9   16   12    3    5
    7    7    1   12    7
   20    3    5    9    3
   13   26   12   12    2
    2   30   10    4    7
   20   24    1   10    4
   22   22    4    8    7
   10   11    1    1    3
   18   17    8    5    3
    8   13    7    8    4
   14   14    9    8    8
   24   10    3    3    2
   30    6    9    3    4
   26    9    1    9    1
    9   17   10   12    2
    4    7    1    3    2
   24   26    2   12    3
   24   28   12    2    4
    2    4   12    7    2
   26   26    7    2    3
   23   20    9   10    2
   27   26    1    7    2
   22   25    1    3    2
    1   19   12    2    2
   12   25    2    3    5
    2   27   11    2    2
    1    1    1    2    6
   25   21    7   12    3
   30   18    3   11    8
   22   24    6    6    6
    2   17    1    9    2
    5   19   11    7    4
   28    1    8   12    2
   13   23   11    4    3
    2   15    6    8    2
   23    3    8    6    1
   10   14    2    4    3
    9   21    4    6    4
   29   23    9    7    4
   29    8    3   11    4
   28   25    1    4    1
   21    4    2    4    7
    3    2    1    6    7
    3    5    7    3    7
   28   15    2    8    3
   22   18    3    9    2
   21   23   10   11    4
   25   18    9    3    2
    9    7    5    2    2
   12    5    3    1    2
   20   22   11    6    1
   23   22    6   12    2
   23    9    5   10    3
   21   24   11    7    4
    8   25    9    3    3
    9    9    1    6    4
    1    9    1    4    3
    2   23    9    2    2
   10    6    1   10    1
   12   30    5   12    3
   11    6    7    9    5
   17   25    9    2    2
    7   15    1    9    2
    8    4    4    6    2
    3   22    6   10    3
   16   16    2    9    3
   19   28    9    6    7
   17    6    3    7    1
   10   12    9    1    2
   19   26    3   10    2
   15   11   10    7    4
   14    8    9    5    5
   19   14    5    4    5
   25   30   10    6    4
   13   19    1    6    2
   21    8   11   12    2
    8   30   12    5    3
   13    2    2    6    2
    5    6    5   10    1
   26   23    4    9    6
   11   29   11   12    2
   16   28    5    9    1
   21   15    3    4    6
    2    1    1    4    5
   30   21    9    5    4
    7    1    6   10    6
