   21   13    4   10    1
    1    7    4    4    6
   10   10   12    8    3
   30   10   12    6    1
   10   28   11    1    1
   11   17   11   11    7
    5   20    1   11    1
   29   26    9   11    1
   22   18    1    7    2
   20   19    4    5    3
   15   30    4    8    2
   26   17    1    5    7
    9   27    4    1    4
   23   11    6    3    1
   22   22   10    4    2
   26    7    1    9    1
   23    9   10    7    1
    7    7   10    3    3
   15   26   10   10    1
   22   11    6    3    1
   12    7   12    1    1
   28   23   10    5    6
   16   27   11   12    5
   25   16    5   11    3
    8   20    3    2    2
   12   12    8    4    8
   16   30    7   11    3
   20   20    6    8    6
    3    6    3   12    2
   18   14    7    5    6
   10   20    1   10    3
   11   21   12    1    5
   23    6   10    7    2
    1   12    8    2    3
   17    7   12    7    2
   26   22   11    1    2
   14    7   11    3    6
   25    5    3    2    7
    8    8    5    2    7
   17   29    7    9    2
   26   25    8    5    5
   27   27    7    5    5
    9   19   11    8    6
    3   30    6    7    3
   18    1    8    8    9
    5   18   11    7    4
   29   27    9    5    1
    6   24   10    1    1
    5   27    3    1    3
   29   14    2    6    2
   13    4    8    2    2
   28   22    6    8    1
   29   24    3    1    1
   10    6   10   10    1
   28   29    3    7    1
   28   27    6    8    6
   13    1    1    3    6
   30   25   12   12    7
    4   19    7   11    7
   29   21    5    8    3
    6    4    4    6    4
   14   23    1    2    2
   17   15    7    8    1
   16   13    4    7    9
   17   19    7    2    5
    2    2   12    4    6
   21    8    6    6    7
   14   21    5   12    8
    4    9   11    7    8
   20   16    6    8    7
   28   18    9    3    3
   17   18   10   11    1
   21   17    2   12    3
   13   10    8    6    5
    6   12    7   10    4
   23    5   11   10    3
    5   29   11    6    2
   13    7   10    7    2
   19   19   11   12    2
    9    6    6    8    1
   26    3    8   11    1
   11   12   10    9    2
   18   29    8    8    1
   27    2    6    8    3
   16    4   11    2    2
    5    3    3    9    8
    5   21    1    1    6
   30   20    2    6    8
   21   18    3   10    2
   29    1    1    9    1
   14   14   11    4    7
    2   16    8    4    3
   24   24    3   11    3
   16   29    9   12    1
   16   19    4    9    4
    3   18    3   11    2
   10   24    1    5    4
   15   18    4   12    3
    8   30   12    7    3
   21   23    2    9    4
   11    8    2    7    6
   30   11    4    3    5
   13   26    6    5    3
   27   19    8    6    6
   13   15    6   10    2
    9   14    9    9    1
    2    3    4    9    1
    9    9   11    1    9
   14   10   11   10    6
   27   14    7    3    6
   19   26    8    8    2
    1   27    8    8    2
   27   11    7   12    1
    5   17    7    6    1
   28   17    1    8    6
   21   16   11    6    2
   23    4    3    3    1
   14    8    4    4    1
   12   16    9    9    1
   13   11    7    8    1
    9   11    1    1    1
   16   28    3    7    1
    6   16   10    9    1
   17    4    4    9    7
   26   24   11   10    3
    9    1   10    2    6
   20    4    1   12    7
    4   21    8    8    8
    4   26   12    4    5
   25   21    1   11    1
   24    3    3    4    6
   11   16    5    5    3
   12   27    2    3    4
   14   26    3    2    4
    8   28   10    1    2
   29   25   11    2    1
    5    1    7    8    2
   27   30   11    1    4
   12   30    8    7    7
   18   18    1    6    8
   17   10    3    4    4
   15   15    7    5    4
   25    2    5   10    3
    1    1    9   10    7
   21   26    8    2    4
   23    2   12    4    7
    2   20    7    1    3
    9   12    1    7    2
   18    9    3    9    2
   23   26    4    5    6
    6   11   11    2    7
   29   29    1    7    9
    6   17    6    6    4
    2   15   12    6    2
   25   11    1    2    1
    8   24    9    7    1
    2   18   12    5    2
   25   14    2    3    1
    5    5   10    4    9
   24   25   11   11    2
   11    1    6    5    6
   16    8    1    5    3
    3    3    5    1    9
   29    4    6   10    2
    3   22    1    8    2
   20    7   10    8    1
   30   17    2    6    3
    9    2    2    8    1
   22   27   11    1    1
   17   14    2    8    6
   10   22   11    1    1
   24   15    2   12    2
    9   15    2    6    1
    6   13    9    3    1
   25   13    9   12    1
   12   13    8    6    2
   22   16   12    3    1
   24   20    3   12    1
   11    3    2    9    1
   10   16    6    8    6
    7    3    1   11    4
   13   23    2    3    3
    2   22    1    8    1
   11   20    3    8    1
    5   13    5   12    6
    2   29    1    7    1
   25   28    9    9    2
   13   24    8    1    1
    1   24    7    5    6
   25   25    2    6    6
   15   27   10    8    4
   25   15    8    8    3
   30   26   11    3    5
    1   14    5   12    3
    6   29   10   10    2
   26    9    4    6    2
   19   29    2    6    1
    8   18   10   10    6
    5   11    1    8    1
   13   28   11    5    1
    5   26    5    7    2
   21   27    4    8    8
   30    2    8    8    9
   25   27    9    9    4
   28    9    7    8    2
   29    3    7    2    2
   22    5    2    3    4
    9   25    8    9    4
   17   17    5    2    8
    7   25    4    1    2
   14   19   12    9    7
    7   30    7    2    4
   21   28    3    5    2
   23   18    9    9    6
   15    7   10    2    4
   19    6    5   12    6
   28    7    4    2    6
   12   29    4    8    2
    8   15    5    6    6
   22   17   10    8    3
   25   17    2    8    2
    8   22   10   12    2
   20   25    8    4    4
    8   23    3    1    4
    5   15    4    6    3
    2   14   11   12    6
   28    1   10    1    4
   28   30    3    4    3
    3   12   12    6    3
    6   15   10    4    2
   10   23    4    4    3
   16    7    2    4    4
    3   14    2    3    2
   24   22    2    7    6
    9   20    9    4    4
   19   30    2    8    5
    1   22   10   10    3
   16   15    3   11    4
   12   24    9    1    2
   24    5    6    9    4
   21    3    2    5    2
   27    6   10    6    1
    1   26    9    2    6
   26   18    8    3    5
   19   11    6    6    6
   23    3   10    8    2
    4    4   11   10    7
   15   28    2   11    6
    7   23    3    1    6
   17   24    8   12    5
   15   10    4    2    6
    5    2    1    7    4
   12   21    6   10    8
   30   29    5   12    6
    4   11   12    2    7
    1   19   10    4    7
    5   10    3    9    5
   27   18    2   11    4
    2   24    9   12    7
   25   18    5    4    4
   15   12    7    5    3
   19   13    6   11    6
    8    4    8    6    6
   26   11    7    2    4
    7   22    2    5    6
    8   26    5    2    3
   30    1    3    3    3
   18   24    3    8    2
   25   22    5   11    1
   14   12    6    7    6
   26   26    4    8    6
   14   11   12    8    6
   14   28    1    5    4
    6    6    2    7    3
   12   26    8   10    3
   23   23   10    8    7
   29   10   10    3    4
   14   15    1    7    3
   14    4   10   11    8
   28   11    8    9    2
    9    8    4   10    4
    3    1    1    8    7
   23   30   11    8    4
   22   20   10    6    3
   28    5   10   12    2
   20   23    3    4    7
    2    6   11    3    4
   17    1    5    6    4
    9   22   11    8    2
   14   30    4    4    6
    5   16   12    8    7
   13   14    6    7    3
    7    2   10    9    1
    5   14   12   10    2
   17    8    1    3    6
   16   16    9   12    3
   27   24    6    1    2
   15   29    5    4    2
   18   16    5   12    2
   22   29    9    2    1
   13   29   10    2    2
    7   21   10    7    1
    4    7    6   10    1
    3    4   11    4    7
   11   15    5    3    2
    8    7   12   12    1
   21   20    9    7    4
   11    2    8   11    5
   12   20    9    5    3
    7   27    4   11    4
    7    6    4    2    2
    8   29   11    1    1
   29   20    9    4    2
   30   22    3    6    5
   19   21    6    1    6
   15    1    3   11    3
    2    4   10    6    6
   24    4    3    5    6
   20   17    8    5    3
    7   24    8    1    3
    2   21    2    6    6
    8   19    8    8    6
   22   19    9    4    2
    6   25    6    6    2
    1    2    6    4    4
   21   10    8   11    4
   26   16    4    1    4
   16   17    1   10    6
   30   30   12    1    6
   30    4    2    7    3
    1   16   11   10    2
   24   11   11    8    2
   12   25    3    1    1
   30    5    4    2    1
   15   19    5    2    2
    6   20   12    5    2
   27   10    5    9    2
   26    6   10    8    1
   13   30    3    7    2
   19   28    7    9    2
   14   20   11    9    4
    7   11   10    8    1
   17   12    9   10    2
    6   14   12    8    4
    9    3   11    8    4
   27   20    9    6    2
    5    6   10    2    2
    2   12   10    8    6
   18    4    8    4    6
   29   23    4    7    7
    4    1    6    7    2
    6   21    9    9    8
   13    3   11   12    4
    7    5   12    5    2
    1   21    7    1    3
   29    7   10   12    2
   24   14    9    3    1
   28   28   10    9    7
   10   26    7   11    4
   19    2    3    5    4
   18   12    7    3    5
   19   10    5    6    5
    3   28    7    4    4
   13   17    4    2    6
   26   20    1    8    4
   29   11    7    7    2
   24   30    6    5    2
    2   10   11    4    1
   24    9    1    8    1
   22   12    9   10    7
   12    4    3    5    6
   10   25    8    9    4
   26    2    9   11    4
    5    4    1    7    6
    2   28    1    2    6
   17    9   11    2    3
   21   21   11    8    9
   22   15    8    4    2
    2   17    2    9    5
    1   10    7    3    4
   20    3    8   10    3
   20   28    8    1    2
    7   18    4    2    4
   21   15    6    9    3
   22   23    3    5    3
   10    7   12    3    2
   23   17    6   10    1
   16    3    9    4    7
   18   19   10   12    6
   13   20    9    6    6
   24   19   12   12    4
   29    9    7    7    2
   12   28    6    1    4
   13    2   12    1    3
   12   19    1    2    4
    8   10    4   12    5
   11   11   11    7    8
    4   25   11    1    5
   27    3    1   11    4
   26   28    5    6    3
   25    1    6    3    2
   15   23    4    8    7
    2    8   11    7    8
   19    5    4    8    3
   23   25    5    6    4
    3   15   10    1    6
   17    3   12    7    4
   10    4   12   11    2
   20   15    4    2    2
    6   28    3    7    1
    9    7    1    8    1
   22   14    1    9    3
   10   11    6    4    6
    4   27    1    6    4
   30   21    6   10    3
    8   25    7    8    2
   20   18    8   11    2
    1   20   12    4    1
   19   25    1    9    6
    5    9   11    1    4
   30   18    9    7    3
    8   27    8   11    2
   23   24    3    2    2
   16    9    5    9    2
   10   12    4   11    1
    8   13   12    5    7
   19    7    4    5    3
   27   23    6    8    7
   13   13    3    8    8
   27   26    6    8    8
   14   16    2    8    6
   18   11    7    9    4
   13   18    2    2    6
   23   12    9    3    6
   10    3    6    7    2
   12    8   11   12    4
    5   12    1    9    3
   24   21    8    1    2
    3    8    5    1    6
   30    6    6    5    4
   24   28    3    9    3
   23    1    8    7    2
    6   22    8   10    1
    1    6    2    7    1
   30    9   10    1    1
   27   13    1    8    3
   22    4    8    4    2
    5    8   11    9    2
   15    4    3    4    3
   23   19    8    1    3
   21    9    2    8    2
    8    6    2    5    1
   18   10    1    2    2
   10    9    7    9    3
   16   23    3    1    4
   21   22   10    4    6
    6   18    3    5    4
   28    4    1   11    6
    8    1    1    4    4
    3   19    3    7    7
   22   13    8    3    2
    3   25    3    4    1
   24   16    2    2    2
    9   13    1   11    1
   17   27   11    4    1
