    2    4    3    5    5
    4   27    8    9    4
   28   21    2   11    6
    8   29    7    1    2
   21   30   11    2    6
    6    2    1   12    3
   26   21   12   12    4
    4   18    9   11    2
    7   30   12    9    4
    9   19    7    4    7
    9    8    8   10    6
    3    3    6    5    5
    7    6   12    8    2
   16    8    3    6    3
    1   25   10   12    4
   20   20   10    6    8
   21   21    3    1    9
   14   17    6    1    4
   16   28    8    3    3
    7    7    2    8    7
    3    8    9    2    6
    6    6    4    2    9
   26    8    7    8    4
   16   12    3    7    1
   26    1    1   10    6
   19   28    6    6    9
   10   21    5   10    7
   26   28    9    9    5
    4    3    3   12    7
   24   27    3   10    2
   15   25   10    5    2
    7   27   12    4    4
   30   16   12    5    3
   30   27    6    5    3
   15   10    8    2    3
   29   20    5   11    3
   20   22    3    6    3
    9   15    7   10    3
   29    5    8    9    3
   12   23   12   10    2
    9   27    6    7    7
   28   11    6    1    6
   14   10    4    8    5
   11   23    5   11    2
    3   17    2    6    2
   10   24    7    2    4
   22   12    1    9    3
   23    7    4    9    4
   12   17    1    9    2
   12   28   12    2    8
   15   15    1    3    5
   24    8    3    6    6
   20    7    6    3    5
   25    2    4    1    3
   13    8   11    5    3
   14   20    2    1    8
   13   11    9    3    7
   29   16   11    7    5
    2   16    8   11    6
   22    1    7   10    5
   14   12    8    5    6
   16    3    7    8    7
   10   13    8    9    8
    6   10    2    5    5
   30    5    8    1    6
   28    7    6   10    4
   19   17    7    9    4
   25    8   11    3    5
   20   24    7    9    2
   15    8    5    9    6
   18   19   10   11    6
   19    2   11    4    6
    5    7    3   11    7
   29   23   11   12    4
   13   26    6    9    2
    2   30   10    8    9
    1   17    1    6    7
   27   17    2    5    8
   28   24    5   11    6
   12    5    3   11    4
   13    5    3   11    4
   29   11    2    1    3
   20   17    5    3    5
    9    7    5    2    3
   28    3   11    3    1
   23   10    1    4    3
   28   17   10   11    1
   14   24    4    9    8
   17   21    7   10    7
   26    5    5    7    6
   18   27    3   11    3
    8    4    4    8    2
   20   10   11   10    6
   24    4   12   12    6
   16   21    2   11    3
    5   11    9   10    6
   16   16    6   10    1
   28   15   11    1    1
   17   11    8    4    7
   30    6   10    7    5
   25    4    1    2    6
    2    5   12    9    2
    1   11   11   12    8
   24   23    2    6    2
   17    9    9    1    4
    2   23   10    7    7
    3   18   10    3    7
   29    4    1    6    4
    4   15    8    7    7
   13    2   11    3    6
   19   22    2    8    1
    7   17    8   11    1
   12   12    1    5    8
   10   25   12    4    6
    7   18    8   10    5
   25   18    4    7    6
    2   20    6   12    8
   17   18   12    3    8
   15   11   12   10    5
    8   22    9    2    3
   26   26    9    6    9
    1   24   11    7    7
   22   24    6    7    7
    1   29   12    9    7
   10   19    7    8    3
   20   11    8    8    4
   23   19   12    7    8
   19    4    3   12    8
    1   20    8    9    8
   29   25    9    8    3
   30   20    4    8    7
   24    3   11   12    3
   13   13    3   11    7
   24   29    4   11    2
   22   14    5    3    1
    6    8   12    1    4
    9   18    3    7    6
   22   25   11    7    1
   15    1    6   11    6
   30   14    9   11    6
   19   15    1    5    6
   22   17   12    1    4
   11   30   10    9    2
   21    5    3    7    3
   27   12    4    5    4
    1   10    8    1    6
   22    6    5    1    3
    3    6    9   12    1
   22   28   11    8    1
    7   16    4    1    8
   10   28    9    7    1
   10    2    3    1    4
    9    4   11    6    4
    6   13   11    8    3
    8    5    1    7    6
   23   16    6   11    2
   11   27    7    1    2
    5    6    1   10    1
    3   13   12    3    2
   21   12    8    7    7
   21    4    7   12    7
    5   23    2    4    6
   24   21   10    5    3
    6   26    7   11    1
    3    9    8    8    1
   23    8    9   11    1
   29    2    4    5    2
   25    3    5    9    3
   17   24    5   11    4
   18    8   11    9    2
   24   30    8   10    2
   21    6    9    2    9
    3   26    2    2    3
   10   11    5    7    3
   28    1    9   12    3
   15   21    3    3    3
   25   28   11    9    4
   13   22    9   11    1
    3   27   11   12    6
    1    2   10    1    9
    6   23   10    4    3
    4   10   10   10    1
    3   20    1   10    8
    5    5    1   10    8
   26    7    7    2    4
   28    2    9   10    1
    5    9    7    2    2
   12   19    1    1    2
   20   18    5   10    7
   15   17    7    6    5
    2   26    1    6    8
    4   26    4    2    7
   13    4    4    9    4
    9   12    2   12    1
    1    7    4   11    1
   21   27    9    4    1
   29   30    6    7    7
    1   21   10    6    7
    7   24    4    2    7
   26   27   12    3    7
   24   11    2    2    4
   30   17    9    7    4
   26   16   10    5    3
    6    4    8    6    1
   22   22   10    7    4
   25   24    6    6    3
    8   17    1    9    7
   25   26    2   10    7
   20   26    1   12    6
    2   22    8    4    2
   12    2    8    7    2
   11    2    2    4    2
   10   17    3    1    2
   21   29    2    7    2
   14   28   12   11    1
   10    9   10    5    8
    1   18    4    3    6
   13   16    4    2    7
   13   28    7    2    7
    2   27   10   10    6
    4    5    4    2    7
   10   29    3    7    1
   19   21    4    4    1
   12   20   12    1    4
    2    2    6   11    6
    2   21   10    4    5
   29   17    3    1    4
   11   11    1    2    6
    7   14    8    7    1
   30   23   12    4    6
    5   19    6   12    7
   24   18    7    9    4
   17    2    2    1    8
   24    5    8    1    6
   18   30    7    7    9
    4    4    8   10    9
    6   14   11    4    2
   23    3    3    8    1
   11    7    7    5    4
   11   21    3    4    3
   19   14   11   11    5
   28    5   12   11    1
   27   16    3    6    2
   15   16    4   11    2
   15   30    4    6    2
    4   11   12    5    7
   15   27    6   12    6
   18   18    8    6    6
   22   21   11    4    3
   15    5    4   12    3
    9    2    2    5    3
    3   14    2    5    2
    1   12    3    9    4
    5   22    5    9    2
   10    8    1    4    2
   22    7    5   12    2
   25   23    7    9    2
   14   18    2    1    3
    5   10    8   11    2
   13   21    3    2    2
   19   29   12    7    2
   13    9    7    5    6
   23   13    5    2    3
   28   30    1   11    4
    3    7   12    2    2
   20    5   10   11    1
   18   23    9    7    2
   19    1    7    8    4
   21    9    5    5    3
    6   17    7    5    1
   17   26    2    7    6
   16    1    9    1    6
    6    1    3    1    6
    5   25    2   10    4
   28    9    3    1    4
   20   28   11    8    4
   19   16    4    9    2
   22   16   10   10    2
   18   15    2    4    6
   15    2    5   12    3
    1   30    5   11    2
   26   24   12    3    2
    4   30    9    3    2
   15   13    6    7    7
   18   21    4    1    7
   30   12    2    4    6
   15   22    8    5    5
   26   10    1    4    4
   13   20    8    8    2
   24   12    8    8    1
   14   23    1    6    1
    9   24    8    5    1
   29   26    4    6    9
    6   18    6    7    1
    5   17   10    3    3
    4   16    8    8    7
    2   18    2   10    6
   14    4    6    5    5
   30    3    4    3    4
    3   22    2    6    7
    3   29    8    8    3
    1    4    7    8    2
    6   27   12   12    3
   10    3    9   12    1
   26   23    8    3    6
   24    2   11    8    2
   10   16    9    6    2
    9    1    6    8    3
   25   14    9    5    3
   12    4   11    4    7
   16   17    9    8    7
   16   20   10   10    7
    8    7    4    9    3
   27   20    3    7    7
   19    3    4    4    6
    2    7    3    7    3
    9   16    5    6    6
   25   21    3   10    6
   11    9    1    9    1
   26   18   12    4    7
   18   10   12    2    7
   14   26    8   11    3
   15   26    3   12    7
   21   14    7   11    9
    9    9   10    1    9
   22   18    8    1    1
   30   30    9    1    7
   10   27    1    5    5
   23   23    8    7    6
   14    9   12    5    3
   13   30   12    8    3
   23    1    2    7    3
    4    7    8   10    2
   22   27    3    6    1
   10   10    7   11    8
   22    9    1    4    5
   27   13   10    2    3
   13   17    8   12    2
   14   11   10    1    2
    9    6    1    3    1
   28   18    5    6    6
   14   16    2    1    6
   15   24    3    6    1
   22   23    4   10    6
    6   29    1   11    7
    6   16    3    2    2
   29   15    4    3    6
   30    8    6    1    6
    4   28   11   11    1
   19   30    7    1    3
    8   28   11   10    3
   30   25    3    6    1
   27   29    3    9    1
   21    3   12    6    6
   15    6   12    2    2
   15    7   12    7    2
   17   17    7    4    6
    1    1    8   10    7
   25   11    3    5    7
   14    8    5    8    8
   29   22    1   12    7
   13   29   11    4    1
   29   12    9    4    1
   25   25    1   10    8
   16   11    6    3    1
   26   30    3    8    1
   23    9   12    9    1
   18    5   11    6    1
   14   15    6    7    2
    8   21    1    1    8
   23   15    3    1    2
   11   26    8    3    1
   23   27    1   12    2
   12    8    6    2    1
   15    3    8    7    2
   27    8    1   11    2
   28   23    5    3    6
   12    6    1    4    1
   16    5   10   12    2
   14   27    9    6    2
   14    1    1    5    8
    7   10    5    5    3
   11   19    6   10    7
    8   20    9    8    3
    2   14    8   12    7
    4   22    4   12    2
    4   20    7    2    1
    6   28    5    5    1
   14   14    6    1    6
   20   19    8    6    6
   16   25    1    1    6
   22   26    1    4    7
   24   13   12   11    3
   20   23    6    9    4
   22   30    9   10    6
   11   18    9   10    6
   21    7    8    1    4
    6   25    9    3    3
   12   18    2    1    3
   19   26    4    4    3
    6   19    1    2    3
   24   24    6    9    7
    1   27    6    2    7
   11    8    2    1    7
   22   10   11    3    6
    6   20    2    5    1
   12   13    6    4    2
    5   27    7    5    6
    3    5    8    8    6
   15   20    4    9    7
   19   13    4    9    7
   11    3   11    4    7
    7   13   10   12    1
   15   12   11    4    1
   28   28   12    8    9
   27   28   10    3    9
   27   27   11    9    8
   25   12    1    8    1
    7   29   11   11    1
   30   10    4    1    1
    2    8   10    6    6
   14   29    1    6    1
    4   17    9    8    1
   19   24    4    3    7
   25    7    9    7    6
   18   29    5    9    1
   11    6   11    1    1
    1    8   11    5    1
   25   27   12   12    1
   21   23   10   12    7
   12   11    6   12    6
   13   25   10    5    6
   16   24   10    2    8
    3   12   10    7    4
   25   17    3    4    2
    5    1    3    1    2
   19   25    2   12    7
   29   29   11   10    7
    9   20    5    7    7
    8    8    9    4    3
   23   17    4    7    8
   24    6    6    7    9
    9   30   11    4    6
   12   26    9    5    4
    3    2    1    5    7
   12   10    5    4    1
   14    5    6   12    4
   19   19    9    2    7
   13   14    7    8    8
   23    4    6    7    9
    8   19    7    1    4
   12    7    1    7    3
   18   13   12    5    7
   19    7    8   12    4
    9   29    9    8    1
    1   13    7    5    9
   11   22    3    6    1
   18   16    6   10    4
    3    1    9    1    7
   28   29    2    6    1
   20   25    1    7    7
   27   19    2    7    8
    9   26    7   11    1
   20   21    6    5    8
    9   25    1    8    1
