    6   16   10    4    4
    4   24   10   10    5
    6   27    2    2    5
   22   16    8   10    7
   10   16    7   10    7
   18    8   10    8    8
    2   26    8   12    4
   22   11   10    8    9
   16   16   10    6    8
    2    1    3    9    9
   24   22   11    5    7
   22   23    7    7    7
   10   26    8    9    7
   17   24   12    4    5
   18   17   11    5    6
   20   18    8    1    7
   21    9    2    5    6
   13   13    7   12    5
   11    3    1    7    6
   11   25    4    5    4
    9   30   10    1    4
    6    3   12    1    2
   21   30    2    1    4
   16   24    5    1    4
   22   26    8    4    4
   13   26    8    4    4
    4   11   12    9    5
    6    6    9    6    6
   30   20    9    9    6
    4   25    3    7    6
   23   23    2    6    9
   22    1    4    1    6
   12   24    1   11    5
   30   17   11    9    7
   16   20   10   10    7
   15   20   12    9    6
   29   25    7   10    4
   16   29    3   12    7
   21   17    5   10    6
   25   10    9    3    6
   30    1    8    6    5
    9    9    1    4    9
   11   30    7    5    8
    5   26   11    9    7
    7   17   10    9    7
   18   15    9    6    8
   17    6    3    6    4
   16   12    2    2    8
    6    7    1    1    5
   15    3    4    7    7
   21   22    1    9    7
    2    9    7    8    9
   10   18    3    7    5
   11   26   10   11    5
    2   23    9    8    4
    3   23   10    3    4
    7   29    7    3    3
    9    1    8    4    8
    5   19    6    4    7
   29   13    7    3    6
    7   14    8    2    4
    4    3    9    1    9
   10   24   11    6    7
   10   17    5    1    6
   18    6    6    9    6
    6   14    7    4    4
   10   14    9    4    6
   18    7    1   12    7
   28    9   11    7    5
   30   22    8    5    5
   22   22    1    6    4
    6   21   10    4    6
   28   20    1   12    3
   12   13   11   11    6
   29    4    1   10    5
    4   14    1    9    6
    5   27   11    2    9
   28    2   11    9    5
   29    5    1    5    6
   29   28   10    4    6
    6    2   10    1    6
   22    5    4   12    3
   22   27    9   10    6
   24   11    7   12    8
    6    4    1    7    7
   29   29    6    5    7
    8   12    2    5    8
    7   10    4   10    7
   25    7    2    6    6
    7   11    4    8    6
   19   21    2   12    8
   30   14   10    7    8
    5    2    7    8    4
   27   25   10   11    9
   18    4   12    6    7
   26   19    6    8    8
   15    8    8    7    4
    7    9   12    2    5
   19   10   12    2    6
   21   24    9    6    5
   30    7   12    7    6
   13   18    4    1    7
   29   17    6    5    7
   24   24    9    5    8
   15    5   12    6    8
   27    8    8    5    7
   22    6   11   10    4
   19   16    4    2    7
   22   15   10   12    6
    6   15   11    5    4
   19   12    5    3    9
    1    4   10   12    7
   29   14    6    2    6
    2   29   10   12    4
   27   16    6   10    6
   17   23    5    2    8
    6   12    1   11    8
    8   29   11    7    4
   13   25   10    5    3
   16   14    8   11    7
   23    1    6    4    5
   27   14    3    6    2
   30   30   10    6    6
    3   14   10   12    5
    5   12    1    8    2
   25   14    9    9    7
   20    5    8    3    5
    3    3    6    4    7
   19   24    1   11    8
   24   25   12    8    7
   11   13    2    9    8
    6   10    6    8    4
    4    4    8    2    8
    5   30    5    5    5
    8   24    7    6    7
   21   20    7    8    6
   10   11    6    5    5
   12   30    7   12    7
   30   23    2    3    5
   10   10    6    8    5
   25    5    5    3    6
   19   13   11   11    6
   10    2    8   12    7
   30    2    7    3    5
   28   11    2    1    6
   12   18    4    6    3
   15   14    7    9    7
   28   22   11    7    6
   15   29    6   11    7
   23   16   12    9    5
   20    2   10    5    6
   27    9    3    2    4
   11    9    2    9    4
   12   26   12    9    4
    6    9    1    8    3
   26   26    7    1    8
   30   18    3    5    7
   18   21   11   11    4
   17   17    9    3    9
   28    6   12    2    7
   23   19    3    1    5
    9   29    7    8    6
   15   12   11   11    7
    5   21    4    2    3
    2   16    8   11    6
   20   25    7    1    8
   17   27    6    6    7
   10    8   11    4    7
   20   12   11    9    7
   15    7    7    4    7
   27   19    1    9    6
   23   13    1    6    5
   18   18    1    4    8
   28   18   10    4    7
   11   18    3    8    6
   22   14    3    3    4
   12   29    7    2    6
   11   20   11    8    2
    7   24    7   11    8
   12    9    6    8    7
   24   23    6    1    8
   23   14    4    6    6
   24   26    6   11    6
   11   12    2    8    9
   20   27   11    1    6
    2   14    9   11    8
   21   29    5   11    7
   14    9    5   10    6
    9   23    9    9    3
   21    1    5    1    9
   11    5    3    4    3
   17   20    6    9    4
   23    7    7    9    3
    3   17    2   10    5
   29   23    6    9    4
   18   22    5    1    2
    6   19   12   10    4
   20    6    5    5    5
    4   26    6   12    5
   14   20    7    7    5
   20   20    5   12    6
   10    9   12    4    7
   10    5    4   10    8
    8   14    9    5    9
   20   26    8    2    7
    8   28   10   11    7
   21    4    5    6    8
    3   21    7   12    8
   10    4   12   12    9
   16   25    5    2    8
   25    1    5    5    3
    8    8    8    4    9
    3   30   10    1    7
   17    5    5   10    5
   25   17    5    1    4
   29    6    8    8    2
    5   18    3    4    8
   30    8    8   11    5
    8    2   12    8    3
   15   25    6    5    2
   10   30   12   11    9
    4    9    4    8    8
   19   19    7    8    9
   21   11    7    1    9
   24    5    2    5    8
    4   15    9    6    7
   27   30    4   12    6
   10   12    4    9    6
   12    1   12   12    5
    6   13    5    5    5
    3   24    6    6    6
   23   26   10    5    6
   14   19    3    7    6
   15   23    9    5    4
   17    1    8    3    6
    1   11    2   12    7
   28   26    1    1    4
    2   27    7    8    7
   19   25    6    7    6
   15   13    9   10    6
   14   21    1   11    9
   17   28   11   12    9
   12    3   11    9    4
    6   25    9    9    7
   13   28   12    3    6
   19    1    5   12    3
   29   19    5    4    4
   20   24   12    4    1
   16   30    5   10    9
    1    1    7    4    9
   20   29    3    1    8
   22    9    9    3    2
   27    7    8   10    6
   11   27    1   11    5
   14   28    6    6    6
    8    1    2    3    6
   19    7    5    9    7
    9   20   12    5    8
   20   19    5   11    7
    4   12    7    5    7
   18    2    5   11    8
   21   25    7   10    8
    9    5   11    4    9
   21   27   11    8    7
    5    4    8    5    6
   14   11    2    5    7
   14   26    2    8    6
   16    5    9    9    6
    1    7    7    5    6
    1   16    9    4    8
   27    4    2    2    7
    3   28    6    7    2
   27   23    7    8    9
    5    8    8   10    8
    8   26   11    3    7
   19   28    4   12    7
    4    8    1    1    8
   12   12    7    4    9
   10   15   10    1    7
   17    4   11    4    7
    5    1    6    3    8
   19    3    6   11    6
    5    7    8    8    5
   29   10    4   11    8
    2   25    7    1    4
    4   22    5    2    7
    7   12    6    1    6
   13    2   11    6    6
    6    1   11    9    6
   28   25    4    4    1
   25   30    2   11    9
   10   22    1    1    7
    9   16    8   10    7
   27   15    8    5    8
   20    7    9    6    5
   20    4    2    4    7
    2    3    1    9    3
   12   28    5    4    4
   17   22    7   12    4
   27    1    6    9    9
   21   26    1    4    7
   25   12    3   12    6
   18   14    7    3    8
   28   10    1    3    3
   22    2    4    9    9
    2   19    9    2    8
   30   29    8    1    9
   19    4    7    6    8
   14   12    2    9    7
   19   11   10    6    8
   21    7   11   10    3
   29    3    6   10    7
    3   18    7    5    9
    1   13    3    5    7
   11   23   11    4    7
   29    1   12    5    2
   12   27    4    2    1
   24   13    7    1    1
   24   14    1    4    5
   21   21    2    8    7
   28    5   10    1    6
   27    3    8   12    4
   13   22    3    7    4
   25   23   12    2    7
   25   26    2   11    4
   23    6   10    1    1
    1   28    2    7    1
    6    5    6    2    5
   20   10    4    2    6
   15   28   11   12    7
    8   19   10    8    8
   30   24   11   11    3
   13   27    4    4    8
   27   26    9    5    4
    8   20    2    6    5
   28    4    5    5    5
    5   23    1    2    1
   24    1   12    8    9
   10   21    3    7    5
   16    8    5    1    9
    4    2    8    9    8
   16   21   10    1    8
   24   27   10    1    6
   21   23    7    6    1
   16   17    3    7    6
   22   20   10    4    1
    3    5    7   12    8
   19   17    8    8    5
    3   26    9    3    6
   23   28   12    5    7
    7    7    7    8    9
    5    5    4    7    9
   18    9    2   12    8
   13   20    2    5    7
   26   30    9    7    9
   14    1    9    9    8
   18   29    3    7    5
   15   24    8   11    5
    9   24    8    7    5
   12   23    7    8    6
   11   16   12    4    6
    3   16   11    4    6
    3    9   10    7    8
   30    4    4   10    9
   12   21    4    7    9
    8   11    4    6    5
   30   15    2    1    5
    6   24   12    2    1
   26   15    3   10    6
   20   23    3   11    4
   26   16    6    5    6
   27   18   11    9    9
   28   27    2    9    8
    7   28    6    4    5
   15   11    7    7    8
   21    2    7    5    9
    2    7    1    8    8
   28   21    1    5    8
   24   29   12    1    5
   13   16    9   11    6
   17    8    1    6    6
   11    6    3    9    9
    7    3    5    1    6
   11    2    7   11    8
   13   30    5    5    7
   16   15    4    7    9
   26    9    1    4    3
    4    7    8   11    2
   13    9    4    8    1
    8    6   10    6    1
   18   26    7    7    9
    2    2    6    4    9
   30   19    7    7    8
   28   28    4    3    9
   26   29   12    9    6
   15    9    9   10    7
   29   11   10    9    5
    1    3    1    8    8
    8   25    7    1    6
   16   18    7    4    7
   10    3    3    3    7
   17    2    2    3    9
   25    9    4    5    9
    5   14    9    9    6
    1   15    5    7    7
    3   22    8   11    8
   16    7    7    6    6
   26   17    3    1    3
   19   15    3    9    4
    1   26    9    5    7
    9   17   10   11    7
    1   10    8    7    7
   21    8    6    2    8
    8   22    6    3    9
   13    8    2    9    8
    2   12   10    2    9
   13    3    9    8    6
   23    8    5    9    1
   18    1    8   12    1
   13   10    2   10    9
    5   13    5    1    8
    9   19   12    1    9
   17   15    5    1    9
   27   27   12   10    8
   28   16    2    7    9
   17   12    3   11    1
   24   28    6    7    1
   26    7    5    8    3
   25    3    1    8    1
   13   17    2   11    9
   23   10   12    1    7
   22   12    1   12    4
   15   21    7    9    5
   13    7   12    2    1
   30   28    5    6    9
   26    6    5   11    2
   30    6   10    9    9
   15    2    8    4    5
    3    8   10    2    6
    8    7    2    9    6
   11   17    2    5    3
   20    3    9    5    7
   22   25    9    1    3
   13    4   10    8    8
   18   23    1   11    3
   15   15    3   10    7
   24    2    8    7    6
   13   14    9   10    8
   22   19   10    1    7
   14   14    8    5    7
   23    4    4    1    6
   25   25    6    1    7
    4   16   11   10    7
   18   24    6    7    8
   29   27   12   11    1
   10   27    5    9    1
   19   18   10    7    3
   21   13    8    4    7
   25   18   11    1    9
   20    1    6   10    9
   11   11    2   10    9
    9    8    4    6    8
   22   29    3    6    5
   17   14    6   11    8
   22    7    2    6    9
