   26   16   10    7    3
    6   14    1    6    8
   17    5   11   10    4
   19   20    5    7    5
   16    3    8    9    3
   11   22   12    5    4
   19   12   12    4    6
   21   10    9    9    1
   20   25   12    5    3
    4   28    2    4    2
   18   13    7   10    2
   13    6    3    5    3
   21   21    3    4    7
   20   11    3    4    6
    1   26    1    5    4
    6   30    5    5    2
    3   30    2    7    1
   24    3    2   10    6
   24   24    8   10    8
    4   15   10    4    2
    1    1   11    1    2
   28   23    9    1    5
   28    6    9    5    1
   16   13    3    4    1
    4   11    3    8    4
    6   26   11    4    7
   23   27    1    3    2
    9   12    5   10    1
   24    1    6    9    3
    3    6    1    6    1
   14   14    5   10    2
   19   13    3   12    2
   28   28   10    7    3
   29   21    1   10    2
   11    9    6   11    3
    4   14   12    1    6
    1   23   12   12    2
   29    6    1   11    1
   24    6   11    9    1
   18    3   11    9    1
   24    7    2    7    3
   18    1    5    3    2
    9    3    6    1    1
    1   29    6    2    2
   19   21    2    1    5
   14   24   10    7    2
   22    8    4   12    2
    8   12    9   11    7
    1   25    8   11    8
    4   18   11    2    5
   15    1   11   10    2
   28   14   11   12    4
   30   19   10    9    3
    4    9    1    1    2
   26   24    4    5    1
   27   15    2   11    5
   29    8    3   11    7
   22    5    4    8    4
   25   14   12    7    4
    5   25    2    1    2
    9   18    9   12    2
   23    7   12   11    1
   20    6    7    1    2
   19    5    5    5    2
   17   30    6    4    5
   27   30   11   12    2
   13   22    4    7    3
   17    1   11    9    7
   27   17    3    1    4
   13   10   12    5    3
   11   30   11   10    1
    1    8   11   10    2
   28   29    5    2    1
   14   30    4   12    3
    2   23    6    6    2
    7   10    6    1    4
   18   15    6    2    3
    4   12    9    6    7
   19   11    4    6    5
   28   18    5    1    3
    1   14    6   11    5
   20    1    2   10    3
   17   29    6    5    1
   20   24    6    3    3
   11   26    1    2    2
   19    2   12    1    3
   17    7    3    2    1
   26   25   12    4    5
    1   16    7    9    4
   26   15    1    3    2
    6    6    3    5    1
   28    9    4   10    1
   21   15   11    4    1
   22    6    1   10    2
    4   19    2    8    1
   18   16   10    5    3
   30    4    4   12    4
   11   25    9    5    3
    2   30    9    3    5
   21   18    3    7    3
   25   25    7    4    2
    4    6    1    1    1
    4    5    6    2    1
   15    2    1    5    3
   15    5    8    1    6
    7   27    6   12    3
   10   28    4    6    1
   28   17    3   12    8
   19   10   10    3    6
   30   28    7    6    3
   16   11    6    4    5
    3   29    7   10    3
   11   11    8   10    3
   15   19    5   11    4
    2    6   10    2    8
   14    2   12    7    6
   29   30    1    4    1
    5   28    3    7    1
   13   12    2    4    1
   11   29    1    8    2
    8   17    9    9    5
   29   20    5    5    7
   10    2    8    3    5
    9    7   10    5    4
   29   18    5    9    3
   24    8    8    5    4
   29   13    8    1    3
   26   18    5    5    6
   23   16    5   11    4
    9   10    2   11    4
   25   29    2    5    7
   21    7    3    7    6
    7   25   12    1    5
    2   27    2    3    6
   16   22    4    2    3
   19    7   12   11    9
   16   28    5    4    7
   26   26    1    9    7
   15   17    7    5    6
   26    3   12    4    7
   17   16   11    7    4
   28   11    4    7    3
   13   11    9    2    6
   12   12    2    5    8
   18    8   11   12    6
   29   22    2    4    4
    6   25   12    6    3
   28   15    4    5    2
    4   13    9    5    6
    3   28    9    3    5
   14   23   12    1    4
   24   19    9    8    3
   27   16    6   12    4
   26   20   12   12    6
   27   21    6   12    4
    3   21    4    2    4
    3    3    9    5    3
    9   23    7    6    2
   30   30    2    7    7
   12    2    9    7    4
   14   10    3   10    6
   30   20    7   10    3
   14   11    4    2    8
    9    2    2    9    7
    2   11    5    1    3
   16   16   10    6    6
    3    5    9    7    4
   16   25   10    3    8
   19    9    5    4    7
   25   12    8    3    2
   29    4   11    1    7
    5    1    1    4    6
   14   19    6    8    4
   28   19    7   12    3
    1   12    9    9    6
    7    2    8   11    3
   22    7   12    5    7
    3   22    3    9    5
   11   23    1    8    3
   13   15    5    6    5
    7   28    3    3    3
   24   13    8   11    4
    1    6   12    5    2
   25    8    3   10    8
   24    2    6    2    6
   22   26    9    8    4
   28   13   12    8    4
   23    5   10    5    7
    2    8    5   12    3
   12   15   11   11    2
   24   28    4    6    3
   24   17   11   10    4
   29   29    5    7    8
   27    5    4    1    4
    4    7    8    8    6
   25   27    8    4    2
   20   23    2    4    7
   28   12    4   11    4
    6    7    6    4    3
    7   12    9    5    3
   23   23    2    7    6
   24   22   11    2    4
   27   27    3   12    2
   12    3    8    2    3
   25   30   10   12    6
   23   22    7    5    4
   11   27   11    1    3
    8    6   11    4    3
   27   13   12    8    5
   25   15    8    5    4
    9    6    1    2    3
   10    6   10    7    2
   21    2    5   10    7
   19   16    1    7    4
   13   13    2    7    8
    5   10    7    6    7
   16    6   10    5    4
   22   30   11   12    2
   14    7    5    5    2
   20    4    7    3    2
   10   17    1   12    3
   23    3    9    4    3
    7   29   11    5    3
    9   20    7   10    6
    8   10    8    4    2
   23   15    7    9    2
   19   25   12   11    3
   26    5    1   11    2
   25   10    8    7    1
   12   22   11   12    3
    1   11    4   10    2
    1   27    4    7    3
   14   18    6    5    1
   13   26   10    7    2
   21   14   10    9    6
   30   13    4    1    3
    3    1    8   12    1
    3   19   10    3    3
   10   22   12   11    6
   16   15    1    7    7
   10   23    6    8    3
   30   15    7    7    4
   12   30   12    4    6
   20   15    4    1    3
   16    8    2   10    4
   27    9    7    4    6
   24   25    7   11    2
    2   16    6   10    3
   10   10   10    5    2
   24   23    3    1    1
   23   29    3    3    1
    7    1    5    8    3
    8   30    8   12    4
   23   25   12    1    2
    5   30    8    8    3
   20   17    3    5    1
   27   19    1   12    1
   17    2    7   11    7
   15   14    2   12    6
   20    7    8   12    3
   19    1    3   12    4
   28   20    2    2    2
   13   25    6    8    3
   21   28    4   12    7
   19   26   10    2    8
   18   24    4    9    6
   12   27   10    7    3
    7    7    1    3    8
    3    2    1    1    8
    8   28    3    7    3
   19   23    7    3    2
   10    1    2   11    4
   25    9    9    9    3
   22   22    7    1    2
    3   13    1    2    7
   27   29   11   10    2
    9   21    7   10    3
   18   22    8   12    2
   15    8   11    9    4
   27   26    5    5    2
   30   21    5    7    8
   18    2   12    2    6
   18   25    7   10    8
   12   21    4    4    7
   23   12   10    4    4
   13    8    3    9    5
   17   17    6   10    7
   20   27    7   12    4
    8   27    1    4    3
    6   15    8   10    2
   14   17    5    7    4
    5    5   10    1    8
   26    7    1   11    7
   25    2    1    5    6
   11    7   12    9    4
   26   12    7    8    5
   27   28    6    7    4
   23   30    9    7    8
   23    8    4    5    8
   12    6    9    5    7
   18    7    5    5    6
    9   30    5    9    5
    2   20    4    1    5
   25   28   11   11    4
    3   15    4    6    2
   27   10    5    2    3
   18    5    9    9    4
   15   11    7    2    5
   21   25    4    6    4
    1    9    8   11    5
    6   17    9    1    3
   17   12    3    9    5
   18   30    2    8    6
   14   29   10   10    4
   17   23    1    8    5
    7    8   10   12    6
    9   15    4    2    5
    3   25    9    7    4
   21   13   12    1    3
   26   30    1    2    4
   29   15    3    5    6
    8   19    5    1    6
   19   22    4   11    7
    4    3    9    3    5
   12   29    1    9    4
   23    6    5    5    3
   13    2    7    7    4
   26    2   12   12    6
   13    1    9    2    5
   23    4    2   12    3
   23   13   11   10    2
    9   29    4    3    6
   18   19    3    5    7
   10   29    4    9    7
    5   12    8   10    5
   12   18    4   11    1
   26    4    5    6    5
   24   27    8    1    4
    5   14    2    4    4
    9   24    2   12    3
   17   22    2    1    2
    5    6    8   12    2
    4    8    1   12    4
   11   12    6    2    5
   12   14    9    1    9
    2    2   11    9    8
    4   27    9    1    5
   14    3    7    6    4
   18   11    8    2    4
    4   17   10    1    5
   21   22   11   12    2
   17   26    5    4    6
   21   20   11    4    4
   30   24   10   12    7
    6   27    7    8    2
   24   21    9    9    1
    1   30    7    3    3
    3   17   11   10    2
   10   26    8    7    6
   26   29   11    8    4
   21    5   12    3    2
    9   14    5    7    2
    8    3    4    5    4
   18   10    5    3    1
   24   12    5    8    1
   18    6   10    9    2
    5    2    3    4    3
   20   20   11   10    7
   20    5   11   12    1
   22    4   12    4    3
   11   21   12    7    4
    1    4    6   12    6
   27    3   11    2    2
   17   11    3    9    3
    2    4    1    5    4
    5   29    2    3    3
   16   14    8    3    2
   22   14   12   10    3
    2   28    5    8    2
   28   26    5    9    4
   30   10    4   10    1
   22   20    2    5    2
   17   21    6    3    3
   21    1    7    4    4
   16   21    9    5    2
    5    8   12    1    2
   20    3    9    3    1
   16   20    5    6    3
   24    4   10    3    2
   13   17    3    4    4
   21    8   10   10    5
   18   23   10   12    2
   24   10    1    1    3
   22   15    4    1    2
    8    8   10    3    4
   21    6   11   12    7
   16   30    4   12    6
    5    7    4    6    5
   10   11   10    9    7
   25   22    1    4    4
   20   14   10    1    8
   16    7    8    5    7
    7    3    1   10    6
   26   21    8   10    3
   20   13   11   11    2
    5   13    8    8    6
   24    5    6    4    6
   16    5   12    3    3
    8   11    9    1    5
   12   16    3    5    2
   13   14   12    8    8
   18   18    5    1    9
   24   29    4    8    7
    1   28    5    4    5
    3   10    6    9    2
   19   29    1    5    2
   19    6    2   11    1
   26    9    8    5    2
   24   16    2    1    3
    5    9   12   12    2
   17   18    8   11    1
   11    6    2    2    8
   11    3    8   12    5
   15   24    8    3    2
   28   22    4    9    2
    2   22    8    6    2
   26   14    4    2    3
   26    8    4    8    6
    7   30    2    7    3
   22    1    1    9    2
   20   12   11    1    2
    7   15   12    6    3
   10   20    9   10    1
   10    4    7    1    2
   17   19   12    8    3
   27   14   10   10    3
   18   20   11    2    1
   10   16   10   10    2
   15   15    2    8    2
    7   13   11    3    3
    9   13    7   10    2
   19   19    6    3    5
   27   18    3    6    2
   24   11    6    2    3
   25   17    7    7    1
   16   29    3   10    2
    1    2    3   10    4
    8   14    4    1    3
   25    4   11   11    6
   22    9    9   11    2
    4    4    9    3    7
   27   22   12    4    5
   11    5   10    3    3
   23   21    6    9    6
    8   20    5    5    3
    2   29    6    6    2
    9   17   12    7    1
    9    9   11    8    7
   23   26    5    3    5
    8    9    3    4    4
    9   16   10    6    4
    4   21    2    9    7
   16    4    5    6    6
   12   10   10    1    4
   10   15    3   12    4
