   26    8    9   12    2
   23   19    3    3    4
    6    6   11    8    7
   11   23    4    1    4
    8    5    2    4    7
   18   12    5    7    3
    9    7   11   10    1
   10   22    3    5    8
   21   30    3    6    4
   13   26   11    5    3
   23   20    8    6    4
    1   30    4    3    3
   20   14    8    2    2
   10   21   12    1    6
   20   18    1   11    3
    5   27    2    1    6
   12   28   11    4    1
    3    7    9    3    9
   10   17   11    6    4
   20   29    8    8    4
    5   28    3    2    2
   23    9    7    2    1
   23   17   10    7    3
   17    6    8    9    9
    7   18    3    2    1
   12    2   10    3    7
    2    9    3    4    4
   21   15   10    2    1
   23    1    2   10    4
   14   14   12   11    8
   21    8    9   11    4
    7   12    5    8    3
   30   17    4   10    8
    3   10    2    7    1
    8    6    5    5    4
   21   17    2    7    3
   21   12    5    5    9
    3    2    3    8    6
   21   22    5   12    5
    5   22   11    5    7
   11   22    3    8    5
   13   11    4    5    6
   23   26   12    3    4
   23   15    3    3    6
   16   20    2    3    9
   27    1    8    1    4
   17    4    8   11    8
   11   17    3    9    4
   14   30    6    5    7
   26    3    6    6    4
    9   21    4   11    5
    1   11    9    9    3
   19    4    7    2    5
   27   12    7    1    1
   23   10    9    7    1
   11    5    7    3    5
   13   30    2    2    4
   15   15    1    2    7
   11   28    3   10    1
   27   10    6    1    3
   20   25    5    4    1
   26   17   10   11    4
   21    2    2    7    7
   19   11    9    5    9
   29    4    9   11    3
   13    1    3   12    6
   30   27    3    8    4
   14   21    9    1    9
    8   14    9    7    7
   12   19    3    5    9
    9   30   11    7    8
   12   30    6   10    8
   13    9   10    9    7
    8   16    7    1    4
    4   15    9    1    3
   11   30    3   10    8
   15   14    7    3    6
   11   11    4    7    9
    2    8    7   12    7
   12   11   10    4    9
   20    5    2    8    6
   25    3   10    5    4
   18   30    6    1    6
   30   28    7    8    7
   29   26    6    7    6
    1    1    1    2    4
   29    3    7    7    1
    6   14    3   11    9
   10   14   11    7    4
    4    7    1    5    8
    2   20   12    1    7
    5    5    3    4    8
   25    1   10    4    6
   26   15   10    2    4
   14   25   10    4    4
   10   30    4   12    4
   18   28    8    9    2
    9    5    7    6    8
   23    3    2    9    6
   24   10    7    2    4
   25    4    9    7    5
   15    1   11    4    6
    2    6    2    7    6
    2    1   11    3    7
   19   29    4   11    6
   13   19    6    4    4
   29   13    8    3    4
    6   30    7    3    7
   18    8    7    7    4
   20   19   12   11    3
   28   28    8    3    9
   14   17    7   12    4
    3   21    5    8    7
    7    7    5   10    7
    9    4    3   12    6
   16   25   12    1    5
   16   15    7   10    2
   25   12    8    5    1
    6    4   12   10    9
   28   27    4    7    6
    6   18    5    1    3
   22   13    9    2    2
   16   16    8   10    7
   24   13    1   11    1
    1   28    6    3    9
    3   20   10    1    6
    5   13    1    6    4
   12   17    7    2    7
   27    2    7    1    6
    1   29    3    1    3
   22   18    5    9    9
   29   12   10    6    3
   25   21    9   11    3
   28   26    3   10    4
   14    5    3   10    3
    4   20   11    5    1
    2   26   12    8    3
    8   30    4    2    3
    9   19    4    9    4
   23   18    6    1    5
    2    2   11    7    6
   24   16    1   11    2
   18   26    4    3    7
   18    3    6    3    4
   26   12    7   10    3
   11   25   12    8    4
   30    3    5    1    7
   12   12    4    9    9
   13   14   11    5    6
   19   10    2   12    4
   12    4    2    8    6
   27    7    2   12    7
    7   23   12    6    6
    2   15    9    6    7
    4   10    8    4    2
   25   26   12    3    9
    7   14    8    9    6
   19   28    1    7    4
   28   10    3    1    8
   10   25    9    2    6
   28   25    8    5    6
    6   29    2    4    1
   13    2    4    9    6
   30   26    9    3    5
    7   11    4   11    6
   15    7    8    9    1
   21    6    9    8    9
    4   16    1    7    9
   20    1   11    1    5
    4    3    6    5    7
   13   12    4    2    6
   30   30    5    9    7
    4   27    3    1    4
   16   12    4    8    1
   10   16    1    3    3
    5    3   11    7    9
   13   16    1    1    4
   20   13    9    5    4
   25   19    3    6    6
   23   29    2    6    7
    2   24    1    6    8
   25   18    7    8    8
    5    2    2    1    4
    8   17   10    2    4
   11    3    7    8    8
   23   21    3   10    1
    8   25   10    9    6
   23   30    7    1    6
   17   13    5    5    7
    9   17    2    9    4
   14   27    1    9    6
   11   10   12    7    5
    8   28    9    7    3
    9   16   11    8    4
   19   27   12    7    3
    8   23    9    5    1
   25   25   11    7    7
   15   25    8   12    1
    6    3    9    1    9
    3    9   12   11    8
   20    7   11    3    6
   15    8    8    9    1
   25   24    9    7    9
   16   22    2    1    9
    7   30    2    9    7
   26   26    5   11    8
   18   21    8    3    3
   23   25    6    4    9
   15   13   11    2    6
    1    9    1   10    2
   23   22    2    8    1
   19   19    3    6    3
    9   18    8    4    6
   23    6    8    9    3
    7   22    8    5    8
   13    6    2    5    3
   13   10    3    2    4
   14   12   11   12    9
   24    6   10    3    3
   12   23    5    1    6
   27   15   10    1    8
   18   18   10    8    6
   17   20   12    1    3
   13   28    3    8    4
   13    3   10    6    7
   25   17    1   11    4
   18   24    3    1    3
    3    1    6    9    4
   22    4    6    2    4
   20   11    6    1    7
   21   21    1    4    7
   30    5   12    2    6
    1    5    4    9    5
    2   28   12    1    7
    3   24    5    5    3
   29    7    1   11    3
    2   11    7    9    4
    1   16    7    7    7
   22   30    5    9    6
    8   20   11    6    3
   18    4    4    9    8
   27   11    5   11    4
   21   27    9    4    2
   24    1    1    3    2
   22    8   11    4    7
   26   27    2   12    6
    8   10   12    8    4
    3    3   10   11    9
    1    6    2   10    4
   11    4    4    9    9
    9    9    2   10    9
   19    6    8    6    2
    3   19    2    1    4
    8    9    9    9    4
    1   12    5    8    3
   17   17    1    5    3
   23   14   12    7    8
   29   10   11    3    1
   21   13    6    5    3
   21   19    2    7    3
   19    7    7    6    4
    5   21    5    3    2
   26    1    1    5    3
   14    4    4   11    8
   30    4    5    6    6
    2   30    5   10    9
   24   23    6    2    6
   20   20    3    5    2
   20   28   11    2    2
   28   23    4    8    8
   20    9   10    3    4
    6   11    4    3    7
   13    4    1    9    6
   16   28    3   11    1
   27    8    2    1    2
   19    1   11    8    5
   18    2    5   10    4
    7   10    5    9    1
   18   19   10    5    2
   22    2    2    8    1
    7    2   10   11    1
   23    5    4    5    3
   18    5    8   10    3
   27   23    3    6    2
   16    5    5    7    6
   22   24   10    3    7
   21   26    6    4    9
   10    6   10    5    6
   27    9    7    3    6
   17   19   10    4    6
   23   16    7   11    4
   28    9   10    3    6
   12    3    4    1    8
   12    8   10    4    3
    5   19    6    5    4
   16   18    5    4    4
   21    4   10    3    8
   22   28    2    8    8
   17   27   11    5    6
   17    5   10    3    4
   28    7   10    4    2
   24   15    8    8    2
   28   21    7    4    5
   17    1   10   11    4
   15   28    4   11    1
   25    9    9   11    6
   26   10    3    9    3
   15   19    3    6    4
   10   20   12    2    3
   19    2   11    1    7
   17    2    5   11    3
   19   16    9    3    4
    4    5    8   12    4
   24   26   10   10    3
   29    8    4    7    6
   22   17    9    1    6
    6   20    9    6    7
   26    9    8    1    7
   22    9   11    5    1
   20   22    1    3    2
   24    9    7    3    6
   26   22    2    2    6
   25   27    1   12    4
    9   11    2   12    6
   23   23    3    7    8
   27    6   12   12    6
   24   20   11    6    6
   28   24    5    9    8
   24   24    5    8    9
   26   14    2    4    9
   11   18    8    4    6
    7   24    1    9    6
   28    6    8    1    4
   26   16    7    3    6
   18   15    5    1    6
   26   20    8    3    7
   17    3    1    6    4
    4    8    5   12    8
    4   28    7    4    8
   19    8   11    6    9
   11   26    3    1    2
    2   29   12   11    8
   14   16   10    7    8
   27   24   11    2    3
   24    4    3    8    8
   20   27    7    2    3
   22   15   12    9    2
   20   30    7   11    1
   15   17    3   10    4
    2    4    7   12    8
    6   22    4    3    1
    3   28    3   11    1
   30   15    9    9    4
    9   14    2    3    1
    6   16    3    8    6
   18   27   10    2    3
   25    6   12    4    2
   25    5    8   12    4
   13    8    4    9    8
    8    8    2   11    9
   28   17    3    7    6
    2   16   10    1    4
   19   24   11    6    7
   10    2    1    5    4
   22   19    5    8    9
   15    3    4    2    6
   17    7    7    8    7
   29    5   11    4    7
   27    3    8    9    4
   27   29    7    4    8
   11   15   11    7    4
   21   20    4   11    3
   24    5    4    6    8
   17   29    1    9    2
   29   16    2    6    3
   21   16   12   12    7
   15   29   12    9    3
    1    8    6    6    8
   26   19    7   12    4
   10   18    8   11    8
   24   11   12   10    6
   29   25    3    6    6
    3   14   10   11    6
   24   30    7    4    3
    7    5   11    7    2
   13   13    2    3    9
   29   29    2    5    4
   21    7    5    9    4
   29   28    9   12    1
   26    7    6    8    3
    5   15   11    5    7
   25   13    9   11    4
   10    9    9   11    4
    1   21    4    4    4
   27   27    5    4    3
   19   30    3   10    8
   19   14    9   12    7
   29   22   10    7    6
   26    6    2    8    6
   12   15   10    3    1
   12   10    9    8    1
   14   29   11    8    1
   29    9    3    5    9
   18   13    3    4    4
    6    9    7    3    6
   30   16    1   10    8
    1   14    9   12    6
   12   20    7    3    8
   13   23    9    1    8
   15    6   11   12    3
    2   23    1   12    9
   11   14    2    3    9
   28   14    5    3    1
   29   30    8    4    1
   11   29   10    6    3
   11   16   12   10    7
   22   22    5    6    8
   16    7   10    9    6
    8    3   12    9    9
   21   29   11    1    1
   14   18    6    1    3
    9   12    5    5    1
   12   22   10   10    2
   18   29    9    7    1
   13   27    5    8    3
   24   21   11    7    2
    4    4   11    2    8
   14    2    1    4    9
   12    5    1    1    1
   18   17    5   12    7
   29   24   12    6    5
    5   10    8   12    6
    6    5   12    5    6
   30   25    1    1    4
    8    7   10    8    4
   13    7    7    5    3
   25   22   11    5    7
    2   25   10    7    7
   12   24    1    9    6
    8   11    8    4    8
   25    7    7    1    3
   10    1    8    5    2
   27   22    8   11    1
    6   12   11   11    8
   21   11    5    3    8
   15   20    5   10    8
   22    1    1    1    6
    7    6    1    7    7
   14   22    1    6    6
   14   24    1   11    4
   10   10   10    8    7
    1    7    4    1    8
    9   15    7    5    8
   16   17    2    5    8
   15   10    4   12    4
    4    1   10   10    9
   24   17    4    2    6
    4   26   11    8    6
    1   18    7   11    4
    8   24    2    1    6
   23    4   12    2    7
   16   27    3    5    4
    3   22   11    7    8
    3   16    1    9    5
    5   26    2    5    6
