    8   13    6    1    4
    4   24    3   10    3
   24    1    8   10    3
   29   27    5   12    2
   25    1   11   11    6
   29   20    3    7    1
   22    3   12    9    4
    3    9   12    5    4
   12   19    1   11    3
   19   23    7    3    2
   13   23   11   12    3
   25   19    3    2    2
   24   30    6    2    3
   19   15   10    5    4
   20    7   10    1    2
   28   20    9    3    1
   19   17   12    2    1
   21   23    5    8    1
    6   27   11    4    6
   12    8    5    8    3
   14   22   12    5    5
    8   20    1   10    4
    7    2    1    8    3
   26   11   10    8    3
   20   24   12    9    3
    4   12    4   12    5
   24   17    1   11    3
    2    3    8    4    5
    2   29    1    6    4
   14   21    5    7    3
   19    8    5   12    3
    9    4   10    4    3
    1    6    6    1    3
   13   20    3    5    4
   11   29   12   10    4
   18    4   10    2    2
    3    8   12    6    6
   13   13    6    4    8
   22   20    7    5    4
   16    3    5    9    3
    4   10    7    5    4
   30   30    6    1    5
    1   10    5    6    5
   23    6    3    8    7
   18   19    4    3    4
   12   29    1    8    2
   12   18    8    2    3
   23   26    6    5    5
   26    1    9    3    4
    7   29    2    4    4
    6    8    9    5    5
    5    7    9    4    5
   18   30    8   12    3
   22   30   11    3    4
   11   22   11   10    7
   22    6   10    5    6
   26    7    6   11    5
    8   22    2   12    4
   17   15   10   12    4
   25   27   12    3    6
    9    1    1    2    6
    1   16    8    2    5
    2   11   10    7    4
    9   15    9    6    5
   18    3   11   12    3
    6    2    5    7    5
   26   29    5    9    3
   29   18    7   12    3
    5    8   10    7    7
   17   16    7   12    3
   16   27    2    7    3
   30   10   12    7    3
    6    7   10    1    5
   28   18   12   10    6
   19    6    2    5    5
   30   20    8    7    5
    8    4   11    7    3
   10   10   10    4    5
    6   12   12    5    8
   28   30   12    5    6
   15   13    2    6    5
   30   23    2    8    5
   13   11    9    5    6
    5   15   12   11    6
   19   28   10   12    4
   29    1    1    4    3
    6   26   11    7    3
   24   28    7    9    1
   26   15    7    7    3
   23    4    9    2    4
    3   20    3    9    4
   19   27    7   11    3
   28    3    5   10    4
    1   21    6    4    4
   28   29    7    1    3
    2   24   11    7    4
   20   16    1    8    2
   14   13    5    4    3
   25    3    9    2    4
    2   22    2   11    2
   29    5    3    4    2
    3    4   10    5    4
   21   11   12   10    3
   22   29   10    6    2
   27   27    6   10    9
    6   15   12    4    7
   17   30    9    5    5
   20   18   10    2    6
   12    2   10   10    5
    6    3    8    2    5
   15   23    9    8    5
   28   13   11    2    4
   15    7    2    4    6
   18   23    5    8    5
   19    2    1    7    4
   17    1    3   12    4
   26   30    6    6    3
    7   25    4    5    2
   28   11    2    2    5
   26   14   10    4    4
    8   23   12    3    3
    9   30    1    5    5
    9   22   10    2    3
   22    7    8    7    7
   10   26    1   11    3
    1   19    6    8    3
   26   26   11    7    4
   18   15   11    3    2
   29   10    5    4    3
   10   13    6    7    3
    5   16    7   12    5
   30   25    6   12    4
   12    3    3    3    5
    6    6   10    8    4
   12   20    5    8    4
   14   16    8    7    6
   18    1    8    7    4
   13    7    3    1    3
    8   29    3    1    4
   12   21    7   12    4
   27   15    5   11    3
    2   10    2    7    4
    6   25    3    2    5
   17    8    6    5    6
    5    6    3    2    5
   28   28    8    6    7
    2   17    4   11    3
   19   16    7    8    7
    5   14    6    8    4
   25   23    5    1    7
    4    4    5    2    4
   24   18    1   11    5
   25   12    7   11    4
   18   22    7    1    6
   14   25    5    6    3
   17   14    2    2    3
   14   19    3    4    4
   11    3   11    3    2
   12   10    6   10    3
    2   26   12   12    5
   26   22    8    4    7
    4   30    8   10    6
    6    4    5   11    2
    9   20    3    2    3
   15    4    6    1    3
   10   18    6    9    3
    3   13   12    2    5
   19   19   10    5    4
   17    9    8    3    2
   22   27    4    4    2
   22   24    8    8    7
   19   20    2    9    5
   20   17    4    9    4
   27   12    2   10    7
    8   24    1    5    5
    8   14    4    6    4
   13   29    2    1    6
   18   26    2    5    5
   20   20    3    5    4
   30    3    4   12    3
   29   19   12    6    3
   20   14   10    2    4
   28   23    6    4    3
   20   21    5    6    5
   28   15    4    6    3
   12   12    7   12    9
   18   18    5    6    4
    8    2    4    8    5
   21   29   10    8    4
    2    5    1   10    3
   25   22   12    2    5
   14   14    1   10    3
   21   13   11    9    4
   26   25    1    1    7
    1    8    3    9    5
   10    8   11    8    2
   29    6    4   11    2
   14   18    9    1    5
   14   30    2    3    3
   27   21    5    7    4
   26   24    9    8    5
   29   16    6    9    2
    7    4    8    7    2
    5    1    1    3    1
   21    7    8    4    3
    9   12    6    9    1
   25   17   12   12    4
   30    5    3    2    3
   17   22    7    6    2
   18   13    1    1    2
   21    6    8   10    5
   13   26    8    2    5
   23   11    6    7    3
   11   30    1    2    3
   11   17    5   10    3
   14    3    1    3    4
   30   21    5    4    4
   14    4    1    4    5
    7    3    5    3    4
   21   22    7   10    3
    1   22    6    3    3
    3   23    6    1    3
   29    3   12   11    4
   11    4    7    2    3
   12    5   11   12    2
   14   15    9    4    4
   18   25    1    4    3
   19   24    1    9    2
   13   16    5    6    3
   28    9    5    8    4
    6   16    1    7    5
   23    1    1   11    5
   25   20    9    4    3
   30   12   10    1    4
    5    9    6   12    2
    2    1    9   12    3
    2   14   12    4    5
   29    4    3    4    2
   16   18    5    2    2
    5   23   11    2    4
   14    7    6    8    6
    6   30    9    9    5
    2   13    5    5    8
   22   13    4   12    5
   15   22    9    9    4
    6   18    1   11    7
   10   23   10    7    3
   14   11   11    3    5
   13   30   12    9    3
   25    9   10   11    2
   28   17    6    9    3
   30   29    2    5    2
   17   26    1    6    1
   11   10   10   10    1
    7    9   10    9    2
    9   16    9    1    5
   14   24    9    9    5
   19   21    9    1    5
   12   15    4   12    1
   10   20    9    2    1
   26   19   11    9    3
   28    7   10   12    5
   23   27    7   11    2
   28    2    3    5    3
   17   12    6    5    2
   11   20   10   11    4
    3   21    4   11    3
   16   10    1   11    5
   20   23    4    3    2
   22   19   10    1    5
   16   23    6    2    2
    5   25    6   10    3
    9   29    4   12    2
   29   14   12    4    4
   23   23    4   11    5
   15    3    1    7    3
    2   27    6    9    2
   13    4    2    4    2
   15   20    6    6    4
   24   23    6   10    2
   23   29    2   12    2
    5    3    1    9    3
   20   27    2    1    4
    3   24    3    2    2
   24   16    2    9    4
   27    3   11   10    2
   14   10    4    5    1
    1   14    9   11    5
   20    1    8   11    1
   16   16   12    4    7
   16   12    1    3    5
   12   13    6   12    7
   21   26   12    7    2
    8   28    8   12    4
   18    5    4   11    5
   17   23    6    8    7
   11   11    8    2    7
   24    6    8    9    6
   16    2    7   12    3
   19   10   10    2    5
   28   14    2    8    3
    6   11    9    2    2
   15    1    1    2    2
   14   23    9    4    3
    1    1   11   10    5
   22    4   11    3    4
   10   24    2    4    5
   25   10    3    8    5
   21   17    2    7    1
    3    3    3    8    1
   27   14    8    8    4
    9   24    5    1    5
   20    2    5   12    3
    9   18    3    8    2
   25    4    7    6    5
    5   11    1    5    6
    5   17    1    7    1
   25   21    7    1    3
   27   26   11    6    3
    9   27   12    3    3
   27   28   10    8    9
    5    5    5    8    4
   13   19    3    1    5
   30   15   12    4    4
   25   16    2   11    3
   28   16    7   10    3
   23   12    3    3    8
    7   17    6    8    4
   25    2    6    8    6
   26   16    8    6    3
    4   19    6    3    4
    2   23    8    4    4
    7   23    6    5    5
   29   29   10    1    4
   15   25    8    8    3
   13    6    9    7    4
   21   21    7    4    2
   26    4    5    8    4
   12    1    1    9    3
   19    9   12    5    5
   20    5    3   12    4
   22   22   11    1    5
   28    6    2    8    9
   21   16   12    6    6
   24   15   12   11    3
    4   17    5   10    2
   30    8    3    2    3
   27   18    4   10    5
   28   21    3    7    4
   11   15    7    7    6
   21   15    3    4    5
    8   25    6    9    3
   17   10    9    9    2
    9   13    3    7    4
   15   15    7    9    7
   27    7   10    2    1
    9    9    8    7    7
   27   11    4    3    4
   29   17   11    2    6
    7   10   12    6    4
   30    2    7   10    5
    3   10    5    4    1
   22   16    6    6    2
   20    6    1    4    1
    8   27    6    1    2
   28   26    3   12    5
   25   29    8    6    3
    7   16    7    1    1
   15   29    8    1    5
    7    1   12    7    5
   25   13   11   12    2
    5   13    8   12    3
    6    9    2    7    4
    5   24   11   11    5
   12   11   10    9    4
    5   27    9    1    3
   28   22    8    2    3
    9   23    5    7    5
   22    5   10    7    2
   21   10   10   11    3
   24    7    2    1    5
   25   11   12    9    6
    6   14    4    2    6
   10   27    2   11    4
    8    8   10    1    4
   11    1    9    7    6
   12   26    4   12    5
    4   28    5    5    3
    2    2   12    7    5
    2   15    6    5    1
   28   12    2    4    8
    2    4    6    6    5
    3    1    7    5    4
   20    4   10    7    5
    4    1    6   10    6
    4   16    2    5    7
   14    9    4    9    7
    8    9    6    7    3
   11   16   12    7    6
   27    1    3    8    7
   13    1   12   10    5
   10    5    8    7    4
   26   20    6    8    5
   18   17    8    1    3
   19    3    1   12    3
   13   17    9   10    3
    9    2   12   12    4
    3   17    6    6    7
   22   10    7    1    4
   27   24   11    8    5
   24   21   11    7    5
    7    8    7   11    4
   16   15    8    5    5
    9   10    1    6    4
   24   29    4    5    3
   27   13    1   11    4
   27    4    9    4    8
   21   18    2   10    8
   27   17    6    5    5
   18    7    1    3    5
    8   15    5    3    4
   12   22    1    5    3
    9   11   12   10    3
   25   25    3    9    6
   21    5    4   11    3
    7    7   12    9    7
   28    1    2    2    4
   21    2    5    4    8
   17    6    2   12    5
   16   30    3   11    4
   28    5    5   12    4
   24   24    9    3    7
   12    7    3    5    7
   10   28    1    4    5
   21    4   11   11    3
    5   26    7    7    4
   30   27    3   10    3
    8   21   11   10    1
   10   15    5   11    2
   24   13   10    5    5
   22   23    5    4    7
   11   18    7    3    5
   18    2    6    9    3
   25   28    2    6    2
    8   26    7   10    1
   12   14    4    2    3
    8   18    8   12    3
    8   11    2    7    5
    9   21    9    6    3
    5    4    8    6    4
   11   24    3   11    2
    1   30    1    2    5
    9   26    6    2    4
    3   26    9    7    3
   24   12    9    6    5
   11    7    2    3    3
   17   17    1    3    5
    7   19   10    5    4
    7   30    8    9    5
    5   19    8    9    5
   10    6    1   11    3
   16    8    6    8    2
   19   30    1    1    3
   11   19    3    1    2
   24   25    3    1    3
