   12   10    8    9    3
    5    5    4    1    8
    2   28   12    3    6
    8   15    2    6    4
   16   29    3   10    4
   22   20   11   10    2
   26   11    9    4    4
    2   24   10   11    4
   27   23   10   11    4
   17   16    6    7    7
   16   12   10    1    4
   16   19    2    9    7
   27   26    4    3    5
    3   17    7   12    3
    1   20    6    2    4
   20   20    9    7    6
   21   26   11    4    4
   21   13    9    4    3
   30   16    6    3    5
    3   25    5    8    4
    6    5   12    6    3
   29   10   10    6    3
    9   16    5    2    3
   21   22   11    8    3
   15   18    7    3    6
    3   29    4    3    5
   17   15   10    8    4
   14    6   10   12    3
    9   13    2   11    5
    4   23    3    5    4
    8   19   11   10    3
   23   30    5    5    5
    6   19   11    3    6
   28   10   12    2    4
   25   20   10    8    4
   15   11    1    4    5
   21   18   12   12    4
   22   19    1    2    4
    6   20    7   12    4
   28    8    8    8    2
    7   15   12   11    4
   24   13   10   12    2
    9   18    3    5    5
   29   27    1    6    2
   16   18   11    2    3
   26   17    8    4    2
   14   26    6   12    2
    5    9    5   12    3
    2   22    5    4    3
   21   28   12    1    3
   28   15    9    4    6
   15   13   12    4    7
    1   15    5    8    4
   19    2    5   11    7
   11   28   10    3    6
    6    8   10    5    4
   21    6    5    1    7
    4   13    6    5    5
    4    4   11    1    7
    7    6    3   10    4
   30    2    5    8    7
   29   17    3    9    5
   13    1    7    4    3
   15   20    4    5    2
   30   27   12    1    2
    2   25    3    9    3
    9   24   10    1    3
   27   11    8    9    3
   20    9    8    5    3
   13   12    4    1    3
   14    3    1    8    3
    2    9    2    9    3
   30   11    2    9    5
    6    4   11   12    3
    1   25    2   11    8
   24   22   12    8    4
   23   16    4    8    7
   18   25    4   12    5
   11   12   10   10    6
   21   27   12   12    5
   20   24    3    4    2
   24   12    8    8    3
    5   15   11    3    3
   12   26    9    7    2
   26    2    8    5    2
    4   21    7    8    2
    9   30    4   11    2
   22    3    2   11    2
    4   22    4    9    7
   21    8    1    6    6
   14   10    9    6    5
   20   19    3   12    4
    7   29    4    2    2
   23   20   12    8    2
    3   10    9    2    5
    4   10   10    7    7
   17   17    2   10    7
   28   22    1    7    3
    1    3   10    5    7
   28   30   12    7    4
    8   22   12    4    3
    8    3    7    3    6
    3    3    2   11    7
   18   18    8   10    6
   17    1    5    6    4
   30   21    7   12    3
   25    8   10    4    3
   16    5   12    5    5
   12   28    7    7    3
   23   22    3    9    6
    9   15    9    7    4
   27   16   12    8    2
   23    7   11    8    3
   12   25    9    2    3
   18   30    6    2    3
   26    5    7    7    3
   24   18    3    9    3
   12    2    3    3    8
   24   25    8    4    2
    7   18    1    5    2
    3   13    5    9    7
   21   19    5    1    2
   22   14    9   12    4
   12    9    6    9    2
   25   22    9    4    3
   11   11    2    3    3
   26   23    2    4    6
   25   17   11   11    3
   12    3   12    9    2
   22   22   10    2    7
   21   12    4   12    6
    2   13    2   10    3
   30   24    7    1    2
   16   16    8    5    8
   14   17    2   10    5
    5    7    2    6    7
    5   30    2    8    2
    7   16   10   11    2
   10   21    8    8    2
   26   20    5    5    6
   24    1   10    7    2
    8   12   12   12    2
    4   19    3    4    6
   23   17    4    4    3
   25   14    2    9    7
   16   24    4    8    3
   19    9    6    7    7
   13   25    6    6    6
   16   25    2    3    6
    1   23   10    5    2
    7   27    8    1    3
    9   17    8   10    2
    9   23    5    4    2
   12   20    8    6    6
   19   13    5   11    6
   17   27    4    7    3
   22    7   11    8    2
    9    8    5   10    2
   27    9   10    3    2
   25   25   12    9    6
   20   27    3   10    3
    1    5    2    8    3
   11   20    1    1    2
    4    9   12    5    2
    9   22    1    7    2
   16   10   12    1    2
    5    8   11   11    2
   23   11   12   10    2
    4   24    2    7    2
   25    5    8    8    2
    7   25   11   10    2
   14   15    2    9    6
   23    6   11    2    7
    1    8    6   11    7
   29   12    7    9    3
   13   28    4    9    3
   30   29    6    1    5
    9    9    5    9    7
    9    3    9   12    5
    8   29    9   11    4
    3    4    6    3    8
   23   21    6    9    5
   27   12   10    2    5
   18   22   10    5    5
    2    6    5   12    5
    8    2   10   10    2
    8    7   12    8    2
    5   18    4    3    6
   25    9    5    8    2
    9   11    8   11    2
   15   25    1    6    2
   17    7    2    1    2
   15   15    4    9    8
   19   26   11    3    4
   26   26    5    3    7
   10    1    7    2    2
   17    8   10    2    2
   22   16    9    5    2
   30   10    2    4    2
   19    3    4   11    2
    7   10    9    1    2
    2   15    3    9    2
   21   14    2    8    7
   13   13   10    7    7
   15    4    2   10    4
    3    7    9    5    4
    5   11    2    6    3
    6   24    5   11    3
   11    4    3   12    3
   28   27    9    2    7
   22   30    2    5    3
   18   23   10    3    3
    3   24    2   12    3
    3   11    3    4    5
   24   10   11    2    6
    1    4    4    3    3
   17   13    5   11    5
    8   23   12   11    3
   15   10    7   12    3
    7   21    7    7    5
    8   10    3   10    6
    8   27    1    4    3
   23    2    1    8    3
   15   22    1    3    3
    3   26    8    5    3
   24    8    8    8    4
   19   28   11   12    2
   17    2    8   11    2
    6   29    9    9    2
   26   22    1   10    2
    2    1    4    9    2
   14    7    7    4    2
   22   29    1    5    2
   23   23    4    7    5
    2   27    4    6    4
   20   29    4    2    2
   11    7    1    8    3
   20   10    2    7    2
   29   11    9   10    2
   20    7    3    1    2
   14    9    7   11    2
   24   24    6   11    5
   22    1    2    4    5
   14   16    5   11    4
   26   28   11    8    2
   29   29   12    4    6
   29   28    2   11    2
   25   30    5    1    2
   11    6    1    2    5
   16   21    3    9    3
   20   30   11    8    3
    1   30    9    5    3
   28   28    5    1    2
   21    3    5    3    3
   19   15    2    4    5
   28    4    9    1    2
   25   29    1    8    5
   23   25   10   10    2
   30   12    7   11    4
   26   13    4    6    2
   18   12    3    3    5
   14    2   12    7    4
   27   13   12    2    4
   18   13   11    6    2
    8   26   10    4    2
   24   23    1    3    2
   10    2    4    4    3
    8    8    7   10    9
   11   18   10   12    2
   25    6    3   11    2
    9    6   11   12    2
   19    1    6    4    6
    4   25    2    3    5
   13    6    5    8    2
    8   20   11   12    2
    7    7    4    5    2
    9   29   11    7    2
    7   28    5    1    2
   15   24    2    2    2
   18   29    1    6    5
   23    3    9    1    2
   21   11    8    7    5
    6   15    8    5    3
   29    5    1    7    2
   28   25    3    4    2
    1   11    9   11    5
   17    4    2    5    3
    7   26    1    2    2
   30   30    8    6    3
   18   28    1    4    2
   23   12    7    1    2
    1   29    9    1    2
   19    5    8   12    3
    9    7   11   11    2
   25   10    5   11    2
    2   16    3    1    3
   27    5    3    4    2
   11    8    3   12    3
    4   26    2    6    3
   16    4    8    6    2
   19   29    6    9    2
    6   27    1    1    2
   14   14    3   11    9
   26   29   10    7    2
    1   16   11    8    2
    3    5    5   11    8
   29    4    6   10    3
   28    3    8   12    2
   27   22    6    1    2
   23   19    9    9    4
    3   20   12    3    2
    8   13    2    8    2
   29   21    1   11    2
    4    8    8    6    2
    9   28    3    9    2
   28   20    1    5    2
   16    8   11   10    2
   12   12   12    3    7
   30   15    6    6    2
   22   11    6    7    2
    5   24    6    6    2
    5   13   12   12    2
    3   30    3    1    2
   16   15    9    9    2
   13   22    4    6    4
    7   24    4    4    2
    4    7   10   11    2
   17   20    4   11    2
   18    6    6   10    2
    7    1    8    6    2
    1    1    9    7    2
    5   20   10    8    2
   12   22   12    5    2
   15   23    7   11    2
   26   16    3    9    2
   28    6   11    3    2
   19   10    7   12    2
   19   11    2    5    2
    2   20    3    7    2
   19   24    8    8    2
   16   13    3    4    2
   30   19   12    2    2
   27    1    4    4    2
   11   24    3   11    2
   26   30    6    7    8
   27    3    6    7    2
   18    2    7    5    6
   14   19    3   10    3
   23    5   11    2    2
   21   20    7    6    7
    3    6    3    4    2
   10   27    7    9    2
   14   11    5   12    5
   24   28   10    1    5
   28   14    1    3    3
   19    7    2    1    3
   26   15    6   11    2
   13    7    3   12    2
   10   13    7    6    6
   30    4   11    8    4
   14   18   12    1    6
   27   24    2   12    3
   26   10   12    4    3
    1   21    1    9    3
    2    7    7    4    2
   18    8   11   10    2
    2   21    9    3    3
   21    9   12    1    2
    9   26   10    7    2
   25   26    1    6    9
   21   25    3    5    2
   17   21    6    2    3
    6   26    3    4    6
   12   14    8   11    6
   19   25    2    3    7
   21   21    7    4    6
   10   17   11    1    4
   14    4   11    4    4
   29   15    2    9    4
    1    9    7    6    4
    6   17    9    1    3
   15    3    8    4    3
   18    3   12    2    4
   13   30    2   11    4
   27   15    3   11    4
   13   20   11   12    4
    1   12    6    7    4
    5   14    1    9    4
   10    9   12    7    5
    1    6    3    6    4
   13   14   10   10    4
    5   22    6    4    4
   27    4    7    7    4
   24   26    8    6    4
   24   29    8    1    4
   18   19    8    6    3
   19   17    1   11    6
   17   30    4    1    4
   27   27    7   12    3
   20   14    9    1    3
   26   18    6    5    7
    2    4    2   10    6
    2    3   11    5    3
   22   17    8    7    2
   10    6    8    1    2
   28    1    1    5    2
   14   23    1    4    3
   26    1    6    6    5
   22   10    1    3    2
   22    6    4    3    4
   20   16   10   12    7
   12    4   12    4    3
   23   29    1    3    2
   30    6    4   10    2
    5   12    9    6    2
   11   10    6    6    2
   19   27   10    7    3
    1   18    8    3    2
    5    2    7    8    2
   18   20   10    7    2
    3   16   10    7    2
   24   14    4    8    2
   18   27    1    1    2
   13   29    7    9    2
    1   14    8    7    2
   24   17    2    8    2
   13   23    4   12    2
   17    5    7    1    2
   18   17    7    9    3
   14   30   11   11    2
   11   25   11    5    2
   21   24    9   12    2
   10   23    5   11    2
    4   20    1   10    4
   10   10    4    6    3
    4    5   10    2    3
   21    5    3    9    3
   23   28    6    3    3
    6    6    4    3    9
   29   14    9    7    4
   12   17    3    7    3
   28   16    5    7    3
   27   14    8    5    5
    2   11    3    6    4
    8   14    9    4    6
    4   18    4    2    4
    7   12   10    9    3
   15   12    7    9    3
    2    2    9    4    8
   16   11    7   12    5
   19   19    2    1    7
   21   15    1    9    4
   12   19    5    9    8
   17   11    2    1    4
    5   28    7    4    4
   25   27    9    4    4
   16    6    4    7    6
    2   29    8    1    3
   11   13    2   12    3
    5   10    6    8    3
    6   12    7    3    3
   17   28    5    4    3
    8   30    5    6    3
   30    7    8   11    3
   18   10    2    9    3
