    9   29    5    4    5
    6    3    6    8    2
   16   16    5    2    8
    2   17   10   11    7
   17    3   12    1    7
   13   16    4    8    4
   10   27    6    9    3
   13   26   10    8    5
   17   29    8    8    2
   28   22    9   10    3
   15   18    4    1    8
   21   14    2   12    8
   18    5   10   12    7
   19   21    5    9    7
   23    4    8    8    5
   18   25    9   10    5
   18   16    9    5    6
   20    3    1   10    5
    6   23   10    7    3
   17    4    1    3    6
   21   12    3   11    9
    7   27   12    2    8
   22    5    7   12    6
   20    7    7    5    1
    6   12    5    9    6
   18   18    1    2    7
   15    2    6    8    4
   16   12    5    1    4
   25    5    2    1    5
    4    8    3    6    5
   14   20   10    5    3
   20   26    2    3    6
    2    8    8   12    5
    3   25    7   12    3
   18   14   10    7    4
   14   28   11   12    4
   14   10    8    9    2
    7   28    3    6    6
   30   11    4    4    8
    3   27    5    2    7
   12   12    3    7    6
    1   27    7   12    5
   27   24   11    8    3
   15   15    8    1    1
   12   18    5    7    3
    7   10    4    3    4
    5   13   10   11    4
   29   23    5    8    2
   15   29    1    8    4
    8   22   12   10    5
    6   29    4    9    3
   11   28    6    7    3
   29    1    1    9    4
   23   23    6   12    2
   21   21    6    7    8
    1    5    4   10    7
    7    8   10    6    4
    7   30    7    2    4
    4   26    3    2    4
    8   25    2    8    6
   10   10    4    9    4
    6   25    1    5    4
   27   26   10    2    7
   30   16    5    9    6
   21   28    3    5    2
   29   27    5    4    1
   16    2    7    3    6
    8   17    1    4    6
   14    5    6    6    5
    6   21   12    4    8
    8   13    3    9    7
   28    4    4    2    4
   17   26   11    6    5
   14   26    8    8    5
   26   16    6    2    4
   14    1    8    9    6
    7   11    9    4    5
   17   12    3    3    7
   24   23    3   12    5
   19   23    5    1    6
    8   18   11    5    4
    7   22    2   12    6
   22   12    8    5    3
   16    4    9   11    6
   20   27    4    6    7
   12    3   12    7    3
   25    4    5   10    6
   23   18    6    7    7
   25   28    9    7    7
   10   13    2    3    6
   24   12    3    8    6
   17   19    7    2    6
    4   14    7    3    5
   14    2    8   11    7
   17   10    8    5    4
    3   18    8    6    2
   18   10    7    7    4
   24   13   12   12    7
   26   28    8    1    5
   16   23    1    4    6
   18    9    5    4    7
   14   24   11    3    7
   14   16    3    2    8
   30   17    3   12    3
    3   16    4   11    6
   11   11   12    8    5
    8   19    1    2    5
   24   21   12    2    6
   23   13    8    5    4
   20   13    7    7    4
   23   14    4    7    5
   10    6    7    3    6
   14    8    7    1    6
    2   24    6    8    4
   10    4    9   10    3
    4   24   12   11    4
   22   30   10    6    5
   27    8    4    3    4
   10   26    3   11    3
   13   15    1   10    2
   17   27    6   12    4
   20   20    9    2    5
   12   26    9    3    4
   27    5   11    3    2
    2    7    7   11    3
   23   22   12    8    3
    7   18    4   10    6
   15   20   11    2    3
   30    9    2   10    3
   24   24    8    3    6
   10   24    2    5    4
    3   30    2    5    4
    9    6   10    5    3
   11   24    3    6    4
   21   25   12    3    6
   17    9    9    7    4
   18   30    7   10    4
   20   22   12   12    3
   26   23    5    8    5
   27   14    8    2    6
    8   29    6    8    4
   18   13    9    9    7
   18   20    5   10    7
   12   27    6   11    6
    2   29    4    3    5
    3    3    2    7    4
   23   27    6    6    4
   25    1   11    8    7
   24   26   11    6    3
    7   12    4    2    4
    9   12   10   11    4
    5    6    8    1    4
   15   28   10   12    4
   24   29    6    1    4
   30   28    6    3    5
   27   22    4    5    5
   10   22    8    7    5
    8   20    2   12    5
   29   12    9    5    3
    3    5    3    1    3
   19   28    4   10    4
   30   23    9    7    5
   27   28    2    8    5
    9   21    7    3    4
   20   30    6    7    5
    1   20    7    1    4
   18   21    3    2    3
    6   30    6    3    4
   19   18   12    4    5
   13   11    2    5    5
    5   29    9    1    5
   13    6    5    9    4
   19   30    4    2    5
    2   10    4    3    4
   22   18    7    7    4
   30    2   10   12    5
    9   13    6    2    6
   23    5    1    3    4
   21    5    4    4    4
   14    6    2    7    4
    5   16    1    7    3
    2    6    6   12    7
    2   27    7    5    5
    1   28    3    9    4
   28   10   11   11    2
   25   12    9    1    4
   28    3    7    4    4
   29   30    4    1    4
    2   25   10    3    4
   29   22    2   11    2
   15   26   10    2    3
   12    4    6   10    7
    8    9    6    5    6
    6   27    4   12    5
    3   26    1    1    4
   19    4    7    2    4
   30   13    4    4    4
   13   13    5   11    5
    6    7    7    3    4
   10   29    4   11    3
   17   13   12    9    7
   13   19    3   12    7
   21    2    7    1    7
    3   15   10    6    4
   13   12    1    4    4
   11    6   11    9    6
    8   24    6    6    3
   26   21    1   12    3
   21   20    5    9    3
   24   28    1   12    3
    9    3    8    4    6
    5   20    4   12    6
   20    6   12   11    6
   22   17    7    9    3
   16   27    8    8    6
    5   30   11    3    3
   30   26    7    3    4
    1    9   11   11    4
   25   11    2   12    3
   17   17    9    4    4
   17   15   10    3    3
   15    1    1    8    4
   25   17    9   11    4
   12   14    1    2    4
   15   12    6    8    4
   12    2   10    1    4
   24    9    6    2    4
   26    1    7   12    4
   21   15    7    5    4
   17   23    3   11    3
    3   22    6    8    3
   16   22    7   11    3
    8    5    8   12    4
   24    3    2    9    4
   19   10    4    7    4
   11   17   10   11    4
    2   22    6   11    3
   21   16    3    9    3
   21    7    9    4    3
    2   18    8    5    3
    3    1    6    2    3
   22   14    4    5    4
   26   11   12   10    3
   10   23    4    9    2
    6   18    9    1    3
   19   19    1    4    3
    5   10   10   10    3
   30   12   11    1    2
   29   25    5    7    1
   27    4    2    5    3
   13   29    6    8    3
   23   28    6    2    2
   12   20   12    7    2
    3    4    2    4    3
   23    1    7    1    3
   11   27    6    4    3
    4    1   12    6    4
   23   15   12    3    2
   21   17    3    3    3
   14   19    8   11    5
    1   24    6   10    5
   15   11    5   12    4
    5   12    9    3    3
   12   23    4    1    4
   11   12    2    3    4
    4   13   11    2    5
    6   24    9   12    5
   27   15   12    9    4
   21   30    1    4    5
   21   29    8   11    5
   25   19    7    7    5
   26    8    4   10    4
   17   24    5    9    3
    2   11    9    8    6
    1   17    2    9    5
   17   14    5    2    4
   15   10    2    4    3
   25    9    3    6    5
   28   28    2    8    5
   10   30   11    6    3
   22   19   12    9    3
   15   19   10    4    4
   27   30    8   12    4
   12   28   12    4    4
   23   11   12    6    4
    7   25    5    4    5
    2   23   12    4    5
   16   10    5    5    4
   24   30    5    2    4
   24   15    7   12    3
   11   10    6    2    3
   11   21    7    8    6
    4    4    6    5    6
   21   10    8    2    4
    8   21    5    7    4
   30    4   11    6    3
   14   15    5    5    3
   19   27    5    1    3
   12   10   11   10    3
   28   29    8   11    4
   20    9    2   11    4
   11    8   12    8    5
   26   19    4    8    4
   28    8    9    6    4
   10   20    5    2    4
    1   11    9    7    5
   11   16    9    9    6
   14    9    5    8    5
    9   27   12    6    7
    7    4   11    2    3
   18   17    4   10    6
   27   13   10    4    6
   11   29    4    7    3
    4   20    9    4    6
   25   30    6    2    4
   13    3    3    6    5
   18   28    1    4    5
   11   18    1   12    4
    3   14    7    1    4
   22   15    9    3    2
   22    9    2    7    3
    7   13    2    2    3
   26    7    9   10    4
   11   14    7   11    6
   20   23    9    5    4
   16   28   11    4    3
   13   14    4    3    3
    7   29    7    3    3
   30   15    3    7    3
   19    7    4   11    4
   16   15    9   11    5
   26   26   12    7    5
   29   29   11    2    5
   11   22    9    5    4
    2    1    4    9    6
   27   27   10    9    6
    8   15   10    5    4
   10    1    4    7    4
    9    2    4    2    6
    1   19   12    6    3
   29   19    9    1    3
    3   19    7    4    4
    7    7    7    4    4
   24   19    8    6    3
    2    5    9    2    3
   30    1    4   12    3
    5   17   12   10    5
   16   24   10   10    5
   25   20    5    1    4
    4    9    6    4    5
   11   20    6    3    5
    9   28    1    6    4
   13   28    5    4    4
   19   11    8   12    3
   21    4    3   11    6
    3    8    8    4    2
   13   25    6   12    6
   19   16    3    5    5
   11    4    8    5    6
   25   16    8    3    3
    8    6    6    9    5
   26   29   10   12    2
    6    6    3    5    6
    3   29    4    3    5
   25   25    5    9    7
   15    6    5    2    4
   18    1    8    9    7
    1   21   12    2    4
   15    9   11    9    4
    1    8    5    3    4
   18   26   12   10    2
   20   17    5   12    2
   20   19    6    1    6
   20   16    4    2    6
   29   18    7    6    4
   10    3    2   10    5
   19    6    5    5    5
   23    8    9    2    5
   30   30    8    3    6
   26    2    9    5    6
    7   14    9    4    6
   25   26   11   12    7
   25   22   10   11    4
   22   26   12   11    4
    4   18    4   10    3
   19    9    4    9    3
   25   15    9    6    3
    4   15    5    1    5
    2    2    9    7    7
   12    8    9    3    7
    9   11    4   12    4
   27   18   12    1    6
    4   29    4    5    3
    5    9    4   11    6
    4    5   10    3    4
   14   30   10    4    6
   24   22    5   10    6
   22   22   12    2    7
   13    1    9    7    6
   23    3    4    3    6
   13   22    1    6    4
    1   16   11   10    6
    7    9    3   10    3
   16    7    2   11    2
    4   22   12    2    3
   28    2    8    1    3
   21   22    8    9    6
   10    9    4    4    2
    3   21   12    9    3
   24   20    5    4    3
    7    1    4    8    4
    5   15    8   11    4
   21   27    3    5    5
   24   18    5    5    3
   26    6    3    4    3
   19   12    2    4    4
   11    5    7    7    5
   10   25   12    8    3
   25   27   11    6    6
   29   16    9    2    2
    5   19    7    4    4
   28    6    5    8    3
   22    6    4    9    4
    1   12    2   12    4
   22    1   11   12    3
   23   21    4    2    3
   17   16    3    6    4
   24   25   12    5    4
   20    2    8   11    2
   14   14    4    5    6
    2    3    7   12    4
   14   25    3    6    4
   26    9   11    5    4
    4    6    6    6    3
    4    2    4    3    6
    5    5   11   12    6
   28    5    6   10    6
    5   24    8    7    5
   19    2    7   12    4
    7   23    1    5    6
    7    5    2    4    4
   15    7    1   11    4
    6   17    9   10    4
   23    9    2   10    4
   30    8    5    4    4
    1    6    5    3    4
    3    7    1   11    4
    9    9   10   12    7
   20   28   10    8    6
   17   28   12    6    5
   13   21   12    2    5
    8   10    2    5    5
   16    8    4    1    5
    1    1    5    1    5
    3   11    1   10    6
    7   17   11    9    4
   16    9    2    9    4
   29   14   11    9    6
    2   13    7   11    5
    8    8    7   12    7
    5   26   10    3    4
    7   24    4    7    4
   25   23    6    1    4
   16    6    8    3    4
   29   20    1    4    4
