   29    3    9    2    1
   17   13    3   12    6
   18   16    7    7    4
    5    3    2    5    8
   20   20    4    8    7
   26   15    4    3    2
   12   28   11   12    4
   18   20   12    2    6
    3    2    9    2    3
   28    5   12    5    1
   30   21    9    2    4
   10   10   11    6    3
   19    3    2    2    5
    6   30    7    8    3
   25   19    9    8    6
   28    2    2   12    6
    8   18   11    3    6
    7    7    9    5    6
   12   13    2    9    4
   20   17    7    8    3
   24   23    2    1    6
    1   19   10    9    7
   12   11    8    7    5
    7    6    3    8    8
   20    8    7    8    2
    8    2    2   11    7
    1   30    8    9    5
   29   29    8    9    7
    1    1    8    3    8
   20   26    9    2    7
   16   23    7    2    3
    5    4    3   11    7
   20    1    3   12    5
   14   30    6    3    9
   21    8    5    2    8
    5    7    3    5    4
    3   28    2    5    1
    4   21    3    8    7
   12   17    8    3    3
   25   16    9    9    6
   11   28    2    6    7
   30   25    5    3    7
   21   12    4   11    6
   27   10    9    9    2
   16   10   12    8    3
    2   27   11    6    8
   16   14    9    2    4
   29   21    8    4    1
    1   12   11   10    6
   17   23    7    5    5
    2   11   11   11    6
   27   30   11    9    3
   10   25    2    6    6
    2    1    5    7    3
   23   14    4    8    7
   20   15   10   11    2
   19    7   10    9    2
   24   18    3    2    7
    5   24    6   12    7
    3    3   12    4    9
    7   28   12    2    9
   25   15    5    4    8
    5   26    1    5    2
   28   21    9   10    4
   11   10    7    6    5
   20   22   12    5    4
   29    8    8    4    3
   29   17   10    7    3
    3   24    9    2    4
   15    5    9    1    1
   25   25    3    1    4
   30   11    2    6    6
    4    3    9    9    5
   11    3    8    8    7
   27    6   12    3    4
   22    9   10    8    2
    1    3    7    5    1
    4    8    5   12    8
   12   29    4    2    3
   30   29    1    6    8
   16   26   12   11    9
   25   21    2    9    3
   13   20    6   10    6
    7   10    2   10    1
    1    4    1    6    5
   12   12    6    8    5
    2    9    9    5    4
   21    9    1   11    6
    6    8    6    3    7
    9   29    6    6    8
   13    2    7    7    8
    6   11    3   12    7
    1   26    1    2    3
   30   28   11   10    7
   15   12    1    4    4
   23   25   11    1    1
   27   21    5    9    6
   19   27    7   12    8
   19   19    5    9    9
   17   26    2    6    8
   16   22    5    2    5
    8   10   11   12    6
    2   17   12    9    4
   30   30    6    1    7
   22   25    8   12    2
   18    5    1    6    4
   18   11    3    2    5
   14   14    8   11    9
   11   15    4    4    4
    1   23   12   12    3
   20   16    1    8    7
    8    8    8    7    9
   15   19    3   12    2
   22   15   10   11    8
    1   27    7    5    4
    2   30    8   12    6
   27   16    4    6    7
    6   13   11    2    4
    2   20    4    2    7
   28    6    1    7    7
   11   29    9    3    7
   26   11    7    3    3
   15   24    2    9    4
   18    2   11    8    6
   20    6    2    9    3
   18   23    6    2    8
    6   17    8    4    8
   26    8    9    8    6
   13   13    6    5    8
    4   30    6    5    6
   28   18    5    9    6
    4   24    4   12    6
    7   11    1   11    7
    9    8    1    1    4
    1   24    9   12    3
   15   15   12    1    8
   24    2    5    2    2
   13   24    8    7    2
   17    4    2    5    6
    1    6    2    4    3
   18   15    3   12    5
   29   14    6    6    5
   22   10    4    7    7
   20   25    8    3    3
   12   10    1   11    6
   11   23    9    3    1
   16    7    4    4    7
    4   11    5    7    7
   30   26    8    9    8
    9   30    2    6    4
   28    4    3   11    2
   23   23    5    8    7
   25   29    2    9    8
   14   26    9   12    6
    3   22    3    9    2
   27   27   10    4    8
   22   26   12   10    2
   19   23   11    5    3
   22   24    8    7    8
   21   14    2    2    2
   25   24    6    3    2
    6   19    5    4    6
   22    8   11    4    6
   30   15   12    7    5
    6   24    4    6    6
   16    8   10    2    6
    5   16   10   11    3
   28   22    1   10    4
   28   24    6   10    4
   22   29    1    8    2
    5   10   11   11    2
   10   20    4    3    4
    8    5    3    5    7
   25   14    7    3    8
   26   24    5    1    2
   22   22    4    1    8
   14   19   11    7    7
   17    7   12    8    5
    5   13   12   10    9
    4   15    9    1    6
    5   22    3    1    8
   10   17    2    3    8
    6   15    9   12    7
   24   27    4    8    8
    4   22    8    9    4
    4    2    9    8    8
   26   12    1   10    4
    5    6   10    5    4
   24    8   11    9    5
    8   28   12    2    6
   14    1    1    5    5
   17    8    5    1    4
   15    8    4    7    3
    3   21   11    5    2
   28   19    3    4    7
   19   29    6   12    3
   17    5    7    3    4
    9    9    4    3    9
   23   26   10    8    4
   22   30    3   11    5
    3   13    5   11    8
   20   11    6    8    8
   16   30    5    2    8
   16   11   11    3    8
   19    4    3   10    8
   12    3   12    9    4
   18   22    6   11    2
   14    3   10    3    6
    8   19   11    8    4
   30    8   12    7    4
    4   10    2   10    5
    6   10   10    7    3
   29    1    4    1    3
   19   13    4    5    5
    7   29    7    6    3
    9   20    2    1    3
   26   21    3    6    3
    1   10    7   10    7
    7    1    3    2    5
   13   21    6    8    3
    3    9    8    1    4
   22   21    2   11    4
   11   25    5    5    2
    9   23   11    7    5
    6    4   11    8    4
   27   29    3   11    3
   20    4    3    5    4
   17   18   11   12    5
   17   11    5   11    3
   23    2    8   11    3
   10   13    2   12    5
   24   14   10   10    7
   21    7   12    8    8
   29    5    6   11    5
    2   10    6    8    5
    3   30   10    4    4
    6   29    5    1    3
   18    6    3    4    4
   21   21    4   11    5
   17   22    4    7    3
   18   13   12    2    6
    2    7   12   11    3
   14   17    1    6    7
   22    2    3   10    4
    5    5    9    5    8
   12   30    6    5    7
   29    4    6    7    4
   13   26    2   10    2
   19   12    2   12    6
   30    5    2   10    3
   15    3    2    4    3
   28   23    4   12    4
    1   15    7    7    2
   15   28    2   10    7
    4   14    5    2    6
   22   12   11    5    3
   16   19    3   11    5
   28   10    8    6    6
    4   18    6    1    7
    5    2    7    8    3
   25   26   10    7    6
    9    4    9    5    7
   12    5    6    9    3
   15    2    1    6    2
   28   29   12    8    5
   30   24   12    9    6
    3   18    7    9    2
   27    8    3   11    7
   18   18   10    6    9
   13   28   11    6    5
    7    8    3    9    6
    7   13    7    4    8
    8    3    4   11    7
   23    6    2    6    3
   14   15    7   12    3
    6   26   10   12    3
   22   27    2    1    7
   29   24    7    4    5
   29    2    6    9    6
    9   26    3    2    8
   24    9    7    6    6
    7   27    4    1    7
   18   29    9    9    2
    9   19    7   11    6
    9   14   10   11    3
   13    1    4    6    5
   24   24    6    2    4
    2   25    7    7    8
   27   13    5   11    7
   19   20    1    2    8
   19   26    7    9    6
   17   21    6    8    5
   12    4    1   12    7
   10    3    6    1    5
    1   21    4   12    6
   17   17   12    5    4
   24   12   12    7    7
    9   13    7    2    7
   30    7   10   10    3
    2    2    3    2    7
   16    9    4    3    6
   15   23    3    5    4
   17   15   10    7    3
   25   18    2    1    2
   12   16    5    3    2
   15   13    6   12    2
   25   27    4    1    8
   23   20    5    2    7
    5   21   11   10    2
   29   10    5    9    6
   25    5    7    4    3
   10   26    3    3    3
   22   14    5    8    7
    6   22    6    9    4
   10   14   11    3    6
   20    3    7    4    5
    6   12    7    1    7
   21   19    8   11    7
   13   25   12    4    5
    9   12    2    2    4
   12   27   11    5    6
   28   16    4    4    5
   11    8    6    3    6
   11    9   12    8    5
   30   10    4    1    5
   26    3    2   12    5
   27   14    2    9    2
   20   14    6    5    8
   19   24    1    8    4
   10   23   10    9    2
   27   20   10   10    5
   14   18   12   11    4
    6   16    7    7    3
   23   27   12    2    4
   14    6   10    7    2
   22   19    9    4    1
   23    8    8    4    3
   30   20    8   10    4
    3   25   10    8    3
   13   29    2    2    3
   25   12    8    8    3
   23   21    8   10    4
   12   18    5    5    3
   18   21    1    9    3
   12   14    8    1    7
   13   23   12   11    7
    2    6    5    8    6
   30   18    3   11    9
   25    9    7    1    4
    6   25    7   11    2
    3   17   12   11    8
   26   26    4    8    7
    4    4    3   12    9
    7   25    1   12    4
    4   25    1    7    6
   24   17    2    5    5
   30   19   10    4    6
    5   20   11    6    3
   13   16    6    2    7
   23   30   12    8    7
    5    1    6    1    6
   15   21    4    1    3
   21   24    7    2    3
   26    2    8    1    5
   27   28   11    8    9
   16   17    3   11    9
    2   12   10    2    8
    5   11    4    8    7
   17   25    8    5    3
   21    6    1    6    3
   19    2    2   11    7
   11    1    7    5    7
   15   27    1    4    5
   15   16    9    1    5
    3   27    5    2    5
   28   14    7   11    2
   23    4    3   11    2
   15   29    6    5    2
   21   10    8    2    3
   21    2    9    1    9
   17   19    5   11    7
    9   28    4    1    8
    8   14    5   10    9
   17    1    5   10    5
    4   26   10   10    4
   18   19    3    1    7
   24   20   12    7    5
   24   10   11    2    6
   21   11    1    2    9
    9   17    4    7    8
    5   27    5   10    4
    5    9    3   12    6
   18   10    6   12    5
   18    9    7   11    3
   30   17    3    4    3
   25   28    1    4    1
    4    7   10   12    4
   29   16    5   11    2
    8    1    8    7    2
   25    1    7    6    4
   24    7   11    6    6
   12   20    7    9    4
   18    7    9    3    2
   15    9   11    2    1
   14   11    9   10    7
   27    4   10    2    3
   27   17   10    9    4
   20   28   11    6    2
    8   12    1    9    7
   23    3   11    1    3
    9    1   12   12    8
   16   21   11    5    7
   10   15    7    3    4
   11   11    2    5    4
   18    1    9    1    4
    7   15    9    3    6
   20   21    4    8    6
    2   14    4   10    7
    7    9   10    4    4
   23   22    9    2    7
   13   22    1    6    7
    5   19    6    7    6
    1   28    6    7    4
    5   14    9   11    4
   16   16   10    5    7
   24   11   12    8    8
   12   23    6    5    4
   29   20    4    4    6
    9    6    9   10    3
    7   20    2    1    2
   22   11    2    9    3
    4   16    4    9    8
    6    3    4    6    6
   28   28    8   10    9
    7   22   11   11    7
   28   26   10    1    5
   26   29    1    3    7
   27   26   11    9    3
   13   11    7    7    7
   13    4   10    9    5
   16    3    6   11    7
   13   30    3    2    5
    8   25    4   11    5
    6    6    2    3    8
   26   18    3   11    1
    2   16    1    9    4
   22    1    8   11    7
   27   18    6    2    6
   11   19   10    9    9
   17   28   10    2    7
   13   14    8    1    4
   23    5    7    9    6
    8   13    5   10    6
   23   29   10    2    2
    1   16    9   12    3
    9   27    1    1    4
   14    7    3    7    8
   27   11    7    9    4
   16   24    4   11    7
    7   23    2    7    8
    3    7    1    3    4
    7   26    1    3    6
    7   12    8   12    5
    9   10    3    3    3
   10   19    4    4    6
