   11   25   10    3    1
   12    9    8    1    1
   10   12   11    2    2
   26    5   12   11    4
    1    2    7    5    3
   29    8    1    4    1
    3    8    5    5    7
    8   21    6   12    4
    1   27    9    8    3
   16    4    6    5    2
   10   10   11    5    7
   16   25    8    2    2
   17   23    1   12    4
   26   20    4   11    7
    2   25   10    2    3
   23    2    8   11    1
   19   25   11    9    1
   26   16   10    4    4
   21   21    6    7    8
    1   13    5    5    8
   26    4    6    3    4
   19   22    2   12    8
    1   15    7    7    2
   28   30   11    9    7
   25    3    4    9    4
    7    5    8    4    3
   30   13    9    9    3
   18    5    5    3    3
   22   24    9    9    1
   26   12   11    4    1
   17   11    3   11    3
   25   14    1    6    7
    9   15    3    7    5
    3   21    7    6    3
   10   30   11    1    9
    1    4   12    3    6
   21    7    3    2    5
   15   20   12    1    4
   20   24    5    3    2
   12   29    1    9    4
   29    6    2    6    4
    8   24    7    7    1
   27    5    4    5    2
   24   11    1    7    4
    6   27    8    3    6
    4   22    9   10    2
   30   26   12    9    8
    3    9    4   10    6
   13    5    8   12    5
   21   23    9    1    8
   17   26    9    7    7
    5   24    9    5    8
   29   18    3    8    8
   16   30    3   11    7
    9   22    3    7    2
   19   14    2    8    7
   28   21    9    9    7
   17   15    6    4    6
    2   15    6    2    7
   15    8    5    2    4
    9   16    5    1    1
    3    6    8   11    1
   21   15    1    9    7
   10   16    4    3    3
   12    3    2    4    3
   22   12   10   12    3
   26   24    5    1    3
    4    6    3    4    2
   23   16   11    8    1
   28   25   12   10    1
   28    3   11    8    1
    5   21   12    5    2
   18    6   11    6    1
   24   13    7    4    1
   23   26    8    5    2
    5   12   11    8    1
   16   16    2    6    7
   16   19    3    2    2
   17   24    9    6    2
   29   17   12    9    6
    7    7    6    4    2
   13   10    9    4    2
   27    8    8    5    2
   11   19    6   11    8
    5    4   11   11    4
   30   24    4    5    1
   17   17    8    6    8
   21    2    2   10    6
    5   28    2    3    4
   29   24    4    5    1
    6   21    6    9    8
   13   29    9    2    8
   20   10    8    7    6
    4    4   12    9    2
   17   20    6    6    6
   23   10   12    7    7
    3    4   11    5    8
    9    5    2    9    7
    8   19    6    2    6
    7    8    1    2    7
    5    8   12   11    6
   29    3   10   12    5
   25   13    4    3    6
   19   13    6    1    4
   20   28    6    4    2
   20    7    1    7    1
    4   12   10    3    7
   26    2   11    5    8
   14    7   10    6    5
   27   11    9    2    4
   22   18    6   12    1
    3    3    4    3    9
   10    6   10    8    1
   20    9    7   11    3
   10   25    3    5    3
   15   15    7    8    3
   27   17   11    1    8
   26    9    3   12    7
   26   18    5    6    6
    2   13    6    3    4
   18   18   12    4    3
    1    7    5   10    3
    4    9    3    6    3
   27   10   12    5    3
   17   25    8   12    4
   14   22   11    2    3
   14   18   11    9    6
    8   17    3   12    4
   30   19    2    2    7
    6    6   11    2    9
   30    2    7    4    8
   28   28    1    6    6
    2   22   11    5    3
   12   25   11    3    3
   30   17    2   10    7
   30   18    5    9    4
   10   21    8   11    1
   30   14    3    7    3
   15   30    7    7    3
   19   27    6    9    7
   14   24   12    3    3
   19    7    6    5    8
   12    2   12    5    4
    5   20    9    7    1
   26   25   10   11    6
   27   16    5    6    7
    7   18    4    4    3
   20   29    7    8    7
    9    7    4    5    1
    1   23    1   12    4
   15   16   10    1    6
   22    7    2   11    5
    7   30   10    4    1
   23    5    2    7    1
   16    3   12    7    2
   18    8   10    4    6
    1   30   10    3    2
   24   21    3    9    1
   30   30   11    3    7
    2   19   11   10    4
   26   29    5    2    4
    6   11    7   10    5
   27   14    4    5    6
   26   22    7   12    1
   19    4    5   12    8
   10   19    1    9    4
    9   17   12    9    5
   18   19    4    7    6
   23   23    6   11    3
   13   13    4    2    6
   19    3    3    7    3
   11   28    1    4    1
   24   25    8    3    1
   24    2    9    7    3
    4   14    9    4    5
   12   18    3    2    1
   24   24   12   10    3
    6    2    2    9    4
   18   11   12    7    3
   24   27    4   10    1
    4   23    1    9    2
   13    7    6   11    1
   27   30   11    6    3
   19   28    3   12    6
   15   25    9    4    7
   14   15   12    1    2
   24    7   11    8    4
   15   23    8    6    7
   22    6    5    5    6
   18   20    2    4    7
   27    3    9   10    5
   15   11   11    3    6
    6    9    9    7    1
   18   17   11    7    8
   29   28    4    3    1
   13   18    8    6    4
    1    1   12    2    8
   12    6    6    4    8
   23   27   10    2    4
   28   24    9    7    3
   30   12    3    3    2
   25   29   11    4    6
   16   29    8   11    5
   24   23    3    5    1
    4   25    7    6    1
   14   26    4   11    6
   21    9    9    3    2
   18    9    9    7    4
    6   30   10   10    5
   17   12   10    4    5
   21   13    1    1    4
   17   28   12   12    6
   18   25    3    6    4
    1   20    9    4    4
    9   19   10   11    3
    2    7    5   10    4
   14   14    9    6    7
   17    1    2    3    2
   18    1    2   11    2
   21   19    9   10    2
   21   26    9    2    2
   14    2    8    4    6
   11   30    4    8    5
   14   20    2    6    7
   15    4   10    6    6
    9   25    4   12    1
   15   24    9    3    6
   20   22    1   12    1
   10   24   11    9    1
   30   23    5   11    1
   11    2    1   10    1
    4   20    2    5    2
   17   14    9    1    6
    6   19    6    9    5
   29    1    1    2    1
   23   29    2    2    7
    9   14    6   10    6
    8    8    6    2    7
   10   29   11   12    6
   11   29   11    7    1
   11    1    5    9    6
   21   14   12    6    5
   28    2    1    8    1
   18    2   12    7    1
   30    5    7   10    1
   30    8    5   12    1
   23   11   12    1    1
    7    3   10    8    1
    6    7    8    5    6
   22   23    9   12    6
    8   20    9   10    8
   10    2   12    2    6
   27   21    1    1    6
    8   10    6   10    6
   13   28    4    7    1
   13    9   10   10    6
   18   10    9    1    6
    3   22    8   11    8
   25    5    2    5    7
   28   16    1    3    1
    7   25   12    1    1
   15    7   11    2    4
    2   16   12    5    4
   30   20    9    5    3
    5    2    1   12    5
   14    3    3   11    2
   19   26   10    8    1
    5   29    1    5    4
   11   16    1    9    6
   27   13    3    4    1
   20   13    6    5    3
    7   11    7    3    1
    7   16    8    4    2
    8    4    6    1    6
   10   11    5    9    4
    1   16    1    1    3
   19   19    9    6    6
   28   26    5    5    5
   29   29    5   12    7
   13    8    3    3    3
   11   14    9    8    3
    9    2   11    7    7
    1   21    9    6    8
   24   19   10    1    3
   18   27    4    8    6
    5   17    2    6    1
   17   21    7    8    1
   22   29    6    6    1
   25   30    1   10    6
   30    4    3    6    4
    9   30    4    3    1
   16    8    2   10    4
   27   27    9    5    3
   17    4    7    3    1
    3    5   10   10    7
   12   12    3    4    9
   26   26    7    9    6
   18   23    6    9    7
   18   16    2    9    3
   24    1    1   10    5
   26    8    2    5    6
    4   21    2    5    7
   11   11    2    6    5
   25    6    1    1    4
    6   20    7   11    3
   16   21    4    2    1
   10   17    7    9    6
    5   11    4    1    6
   10   28    6    8    5
    5   14   10    4    3
   12   21    4    6    7
   12    8    5    9    4
    2   29   11    5    2
    7   28    8    3    6
   10    4    7    2    8
    5   16    6    6    6
   11   13   10    8    4
   15    3    7    4    6
   11    4    4    7    4
    1    9    1    3    6
   16   20    3    7    6
   20   20    6   12    6
   16   24    1   12    5
    1   25    2    7    4
   19   15    8   10    6
   14    8    3    5    3
   20   21   12    6    1
    1   14    6    9    2
    5    5    6   12    8
    8    6    7   12    1
   26   11    4   12    4
    6   26    4    4    8
    8   11    4    9    6
   16   22    5    8    1
   20   12    8    3    1
   18   21    9    5    5
   26    7    7    3    4
    5   10   12    4    2
   28   15    4    2    1
    4   24    9   11    6
   25    8    9   12    4
   20   27    1   11    3
   20   25    8    5    6
   25   23    3    7    4
   26   27   10    1    4
   28    8    3   10    6
   22   28    4    6    7
   29   15   11   12    4
   18    3    3    2    4
    1   12    2    9    1
    1    3    9    8    3
   13   26   12    6    5
    9   27    2    2    3
   17    7    5    6    5
   23    9    8   10    1
    7   23    2   11    4
   28   27    5   12    7
   15   18    1    3    6
   24    9   11    1    1
    8    9    8    2    6
    9   10    8   12    5
   18   28    8    7    4
    9    9    6    2    7
   15    6    3    3    6
   19    5    1    7    4
    3    2    9    2    3
   26    1   12    6    2
   24   18    2    8    3
   10    7    5    7    2
   12   28   12   10    1
   11   21   12   12    3
   21   30    7    7    6
   29    7    2    2    4
    4   29    7    1    3
   22    8   10    9    2
    7    4    3    9    4
    3   13   11    4    3
   26   15    9    2    5
   22   21   11    2    6
   22    1    8    7    3
    1   10    8   12    2
    3   23    4    9    5
   19   20    1   10    6
   12   14    1    9    5
    4    2   11   10    4
   11   22    6    2    4
    4   18   10   11    4
    6   24    9   10    1
    6   16    8    9    2
   23   28    7    1    1
   22   15   11    2    1
   14   16    4   12    3
   27   25    8    6    1
   28    6   12    4    6
   29   19    4   11    6
   23   13    6    9    4
   10   26    8    8    3
   12   13    3    5    6
    2   17    7   11    6
   10    3    6    3    3
    2    2   11   12    7
   19   17    4    2    7
   20    2   12    9    6
    9   11    8    6    6
    7   27   10    4    5
    6   23    7    1    4
   29   14    8   10    6
   13   16    9   10    8
   15    5    6    4    4
   17   13    4    8    6
   11   20   10   10    4
   12   23    5    1    6
   20    3   12    3    4
    1    6    1    1    6
    8    1    1   10    7
   12   15    3    8    2
   19    1    6    7    6
   17    6    1    9    7
    3   26   10    2    6
   17   22   10    7    3
   29   21    6    3    3
   30    3    2    5    3
   23    8    3    9    7
   13    4   10    1    7
   28    4    5   12    6
   28    9    7   10    1
    9   29    1   11    5
    1    5    7    5    6
   27   15   11    2    7
   27   12    8   12    6
   13   22   11    8    1
   12   16    9   11    5
   13   15    9    2    5
   14   28   10    9    1
   10   15   12    5    3
   14   10    4    8    6
    4   27    6    8    6
    1   28    8    1    4
   24   12   12    5    6
   16   17    7    2    5
   17    3    6    4    6
   10   22    2   11    6
    3   24    5    9    6
   20   23    7    2    7
   12   19    5    7    7
    5   22    9    7    6
   30   29   12   11    7
    6   13   10    9    1
    3   11   12    5    6
   30   22    2    2    7
    7   12   12    6    3
   27   22    4    4    6
   22   25    3    9    6
   27    2   11   10    4
    8    2    7    8    6
   23   19    9    9    2
   14   13    9   11    5
   12   11   12   11    5
   25   21   11    4    5
    5    6    3   12    5
   29   27   12   10    4
   22   22   10    4    6
   25   25   10   12    6
   23   14    5    8    6
   14    6    3    4    7
