   24   13    5   12    1
    6   24   12    4    2
   12    6    8    6    4
   23   15   12   12    3
    6    7    4    7    2
    8   11    8    9    3
   10    2    9    2    2
   26   25    5    1    4
   13   18    3    3    1
   26   26    3   10    4
    4    5    9    8    1
   29   21    8    1    1
    6    8    3    3    2
   26    2   11    3    1
   15   22   11    7    2
   28    3    8   12    2
   28   11    9    8    2
   27   26    4   10    2
   30   27    7   11    3
    2   28   10    5    2
   13   20    6   11    3
    6    2    2    5    4
    4    4    1   11    5
    4   18    8    7    3
   14   25   12   11    2
    9    6   11   10    1
   20   19    7   10    2
    6   17    9    4    3
   22    7    5   11    1
    1   26   10   12    1
   11   16   10   11    4
   23    7    3   10    3
    4   27    5    8    3
   21   21   10   12    6
    1   16    5    9    3
   15    5    7    8    2
   28   21    2   11    4
   28   20    2    8    1
    4    3   12   12    3
   16    2    1    3    4
    4   10    4    7    4
   15   14    7    4    3
   25   29    1   11    6
   25   12    6   10    1
    8   14   12   10    3
    4   14    9    2    1
   30   30    7   12    6
    8   22    6    2    2
   16    5    4    6    2
   25   15    9    3    2
    6    4    1    5    2
   21   11    1    4    5
    4    7    8    5    3
   30    1    3    3    1
   27   19    5    2    2
   13    6    3    3    1
   14   13    5    9    4
   20   18   11    8    6
   15   10   12    5    2
   16   10    7   11    2
   12    5    8    4    2
   30   26    9    8    2
   13   15   11    9    3
   24   20    4    3    2
    3   12    9    4    1
   20   14    3   11    5
   29   16    1    5    3
    3   16   11   11    4
    4   20    1   10    6
    1   29    5    2    2
   19    3    3   12    3
    3   22    8    8    2
    3   25    2    3    2
   21   24   10    3    2
    5   22    7    8    2
   20    3    1   12    2
   20   23   10    6    1
   14    7    8    4    2
   16   16    4    3    8
   22   29    9    6    1
   11    7    7    2    1
    3   15   12    2    1
   11   23   12    9    1
   25   17   11    3    3
    9   25    3    6    2
   17   24    5    8    1
    3    3   12    2    3
   28   16    7    5    2
   19   25    8    9    3
   30   29    7    7    3
   26   28    4    9    1
   18   18    1    4    6
   14    5    2    9    2
    2    3    3    4    7
    3    7   10    4    2
   12   10    1    6    2
   23   23    1    8    2
   14   24    3   12    7
    6   14    2    7    2
   27   25   10    5    5
    3    6    9    7    2
   17    2    2    1    7
    9   18   12   10    3
   20   27    3    1    2
   22   19    2    2    3
   21    8    2    9    4
   17   17    6    1    6
   24   29    8    4    4
   26   11   12    9    2
   24   27    7    1    2
    1   14    3    1    4
   19   29   12    7    1
   25   24    4    6    2
   10   18   11   10    2
   24   16    5   10    2
    4   15    7    9    1
   13   25    6   11    5
   19    4    2    8    6
    3   13    1   11    4
   11   22    9    7    2
   26   21    4    4    2
   22    1   11    7    3
   13   19   12    4    1
    4    1   11   12    1
   13   10   11    5    1
    8   28   10    7    1
   24    2   11    7    2
   20   30    4    2    1
    7   27    8   11    1
    3   10    1   11    6
    9   13   11    4    1
   18   16    1   12    5
   16    6    4    5    2
    2    5    1   11    2
   19   19    1   12    2
   30   22    8    2    2
    5    9    9   12    2
   11    9    4    2    2
    3   30    4    4    3
   11   18    1    6    3
   12   14   11    8    6
   19   15    8    1    3
   17   19    6    1    6
    3   17    4    2    6
    5    6    9   10    2
   12   13   11    9    4
    2   15    2   11    2
   21    9   10    5    2
   20    1    3    8    6
   21   19    8    7    1
   10    7   12   11    1
   11   11    6    2    7
    8   26    8    6    2
   23   24   10    1    2
   12   20   11    6    5
   24    4   10    5    2
    4   23    4    7    2
   14   23   10   12    4
   17   10    2   11    6
   12   23    5    9    3
    1   24   10   12    6
    5   20    5   12    2
   30   11    7    9    2
   26    3   10   11    2
   12   28    5    1    4
    2    4    9    9    5
   25    1    7    2    3
    4   13    6    3    2
   18   15   12    5    1
   22   12    9    3    3
    9    3    4    1    3
    2   21    7    1    4
    9    7    6    4    2
   21   13   10    4    2
   28   28   10    4    4
   25   30    8    8    2
   26   20    9   10    4
   11   15   11    3    2
   28   30    5    5    2
   20    8    5   12    2
   14   28   12    6    4
   27   27    5    4    3
    1   28    4    1    4
   15   24    1    4    2
   19    1   11    6    4
   17   21   11   11    3
   13   13    4    2    2
    6   10    6   10    2
   19   30    1    8    2
    4   16   11    7    3
    9   26    1    6    6
    6    6   11    5    6
    7   16   10   11    2
   19   24    6    7    2
    9   12    3    4    1
   18   28    9   12    4
    2   25    6    6    2
   19    5    8    9    1
    6   29   10    1    1
   25    6    7    3    2
   13    8   10    6    1
   26   17    8    9    3
   25   21   10    9    3
   28   19    7    1    1
    9    1    8    5    1
   18    7    5    2    2
    9   16    9    1    1
   16   23   12    4    2
    3    1    2    2    3
   12   19    6    2    3
   12   15    3   12    4
   11   27   10   10    1
   27   18   10   10    4
    4    8   10    7    2
   26   12    7    2    4
   21    3    5   10    2
   18   23    3    2    2
    4   29    3    4    1
   21   30   10   12    2
   14   22   11    1    2
   24   22   10    4    2
   16   26    3    6    2
   22   18    1    6    2
   17   11    2   12    2
   29   29    4    1    2
   17   18    2   10    3
   12   21    9    2    9
    8   12    8    1    1
    5   21    1    8    1
   18    8    9   11    1
   22   16    1    2    3
    5   25    4    7    1
    6   11    2    5    1
   23   25    3   10    4
   22   20    8   12    1
    4   30   12   11    1
   14   26   11   11    3
    1    1    9    1    2
   19   18    9   11    1
   16   19    9    8    3
   24   18    7   12    2
   12   17    8   10    3
   28    9   12   10    4
   27    3    6   10    3
   12   11    6    4    4
   13    5    1   10    2
    2   13    1   12    3
   18   21    6   10    2
   12   12   10   12    9
    2    1   12   11    8
   11    4    2    3    6
    5   17    4    7    1
   17    7    2    4    1
   30   14    4    5    8
   26   29    4    3    3
   26   13   10    1    2
   10   19    4    9    1
   25   28    8    6    1
   17   13    9    2    3
   11    3   10   11    4
    2   20    4    1    2
   19    8    5   12    2
   13    7    9    9    2
    2   29    8    6    1
   16   13    4    6    5
   27   14    4    2    2
   12    1    5    9    5
    9    2    7    7    7
    4   22    4    5    1
   14   10    7    7    6
   16   14    4    7    4
    1    8    4   11    4
   26   24    2    2    3
   11   24   11    9    5
   21   10    9    8    1
   12   29    3    9    1
   23    3    3    8    1
   27   17    8    3    3
   30    2    3    5    1
   21    4    1    8    3
   23   30    8    8    3
    8   17    5   12    2
    9   27    4   11    2
   17   16    4   12    2
    5    7    7    7    1
    4   28    7    1    1
   14   18    3    2    3
   30   15   10    1    1
   22   21    7    1    1
   21   27    6    3    1
   22   13    8    7    1
   29   28    7    7    1
    7   19    9    5    3
   11    5   12   12    2
   18   26    1    7    7
   21   16    6    2    6
    2   22    7    7    1
   30   16    7   11    1
   20    9    8    8    1
   23    1    6   12    4
    1   15   11    1    4
    1    5    1   12    1
   14   29    9    9    1
   15   26    2   12    6
   26   10    8    9    1
   22   23    2    9    2
   17   23    7    6    1
   13   30    4    3    1
   29   18    9    3    1
   12   16   12   12    3
   30    8    9    1    2
   14   11    7    9    3
   27   10    8    7    3
    9    4   12    6    2
    9   22    9    6    4
   25   22    5    1    4
    8   29    3    5    1
   28   27    7    8    4
    7   21    3    2    2
    8   10   10    7    3
   26   23    6   12    1
    9   17   12    2    4
    3   24    3    1    2
    3   18    5   12    4
   29    7   10   10    1
   23    9    4    9    3
   13    1   12    5    4
    8    7    4    9    4
   25   18   10    8    2
   16    8    8   11    4
   12   27    9   11    2
   11   13    3    4    1
    1   21   11    8    1
    4   17    6   12    2
    6   30    3    3    1
   19    9    4    8    2
   27    1    8    2    1
   18    2   11    5    2
   23    5   11   12    1
   27   13    3    6    6
   27   29    6   12    1
    7   20    6    8    1
   30   24    7    5    1
   10   28    2    6    3
   17   14    7   10    6
   19    6    1    1    2
   24    8    5    4    2
   18   12    8   12    1
   14    9    5    3    1
   24    5    3    1    3
   15   15    8    6    1
   10    9   11    8    6
   20   15   12    7    1
   15    9    3   12    3
   24   10   10    9    4
   16   15    7    2    2
   27   15    3   10    4
   14    2    7   12    6
   14   14    5    6    6
    7   30    2    6    4
   20   29    2    3    6
    8    8    8    4    3
   30    5    7    7    2
   27   23    1    1    4
    8   25   11    8    6
   10   20    7   12    6
   17   28   10    7    4
    2    7    6    7    2
    6    1   12    7    2
    6   27    3    4    2
   22   22    9    4    3
   25   25    6    4    4
    1   18   11   11    1
   17   29    4    5    1
    6   28   10   10    1
   22   10    5    6    1
   29    3    3    7    1
   26    4    3    6    2
   19   14    2    3    6
   23   19    2    1    3
   22   28    4    4    3
    5   28    8    9    1
    2   11    1   11    1
    7    7    8    2    4
   23   10   10    3    1
   10   10   10    9    4
   11   10    8   11    6
    2    2    2    3    7
   12   30   11    3    4
    8    9    6    5    4
   21   23    7   12    3
   10   25   10    9    6
   29   11    7    1    1
    2   12   11   11    3
   26   19    3    4    3
   27   22    1    5    3
   15    8    7   10    2
   20   11    2    7    1
   25   20    9    6    1
    5    5    4    3    1
    5    3    7   10    1
    9   24    8    5    1
   23    2    2    9    1
    2   27    3    6    3
   17   30    8    2    3
   10    1    3   12    3
    5   10    9    3    2
    7   25    1    2    1
   13   29    5    2    4
   23   13   11    6    1
   14    3    8    4    2
   17   20    5    4    6
   11   19    3   10    6
   29   10    1    8    4
   10   30    5    8    8
    5   26    1    3    1
   15   21    1    9    1
   21   14   10   10    4
   29   23    1    5    1
   22   26   10    4    2
    6   15    9   10    1
    6   18    9    2    1
   27    8    6    6    1
   17   22   10   10    4
   23    6   11    8    7
    9   29    9    7    1
   11    1    3   11    2
   16   20   12    3    4
    1    7    2    9    1
   25   16    8    8    3
    9    9    9    7    6
   27    5    4    5    1
    6   20    5    5    1
   24   24    2    3    1
   25    4    3    5    1
   26    6    6   10    1
    7   26    8   10    1
    8    3    6    9    2
   15   17    3    3    3
    5   29    7    7    1
   30   18    7    7    4
   13   28    9   12    2
    8    5    6    3    1
   28   15    6    2    1
   28    7    8   10    1
   18    5    8   11    3
   21    6    5    4    6
   12   24    5    3    2
    6   22    3    9    9
   20   21    2   11    6
    2    8    1    5    4
   20   20   11    5    1
   28   23    3    5    1
    9   30    7    3    2
    7   15   12    7    3
   11   25    2    1    2
   27   16   10   10    2
   24    7    5    4    2
   24   28   12    9    2
    1   17   12    9    2
   15   29    3   11    4
    7   12    1    3    6
    8   23    7    8    5
   12    4    4    4    5
   19    2   12    7    6
