   20    9   10    7    3
   15   27    6    8    2
    5   27    6    4    2
   13   17    3    4    4
   15   28    4   10    7
    5   22    7    4    3
   14   21    1    5    6
   28    1   11    7    1
   30   30    5    3    5
   13   11    4   11    3
   16   26   10    5    3
    4    4    7    9    5
   22   22    3    9    4
    6   16    3    5    4
   18   18   11    8    6
   30    1    2    7    3
   18   22   10    8    1
   27   27   10    3    7
   13    5    2    2    6
    8    8    6    5    6
    7    6    4    9    1
   27   13    7    3    1
   17   22    3   11    1
   26   25    6    9    6
   29   20    5    1    5
    3   25   11   11    3
    5   19    2    2    6
   11   23    3    6    3
   17    7    5    8    3
   24   22    9    5    4
    3   23    5    6    4
   21   26    2    7    3
   11   19    1   10    4
   14    7   11    5    4
   26    8    8    7    2
   26   29    5    3    2
   22   27    6    7    5
   27    9    9    2    1
    8   17    4   10    2
   29   29    1    6    7
   28   23   11   11    6
   21   21    6    7    6
   28    6    2    2    4
   26    6    4    6    3
    3   28    3   10    2
   26   22    7   10    2
   17    4    3    8    4
   28   20    8    2    7
   29   22    1    1    1
   15   26    4   12    9
   13   12    9   11    6
    9    8   12    1    6
    5    5   11   12    9
   10   28    4    5    4
    1   24    3   10    2
   12   10   10   12    2
   24   24    5    2    6
   19   19    8   11    8
    8   28    8    9    2
    6    3    7    4    2
   10    7    4    2    2
   13   10    2    6    6
   14   14   11    7    7
    2   28    4    4    1
   22   12   10    5    4
   22   16    1    7    2
   29   25   11    3    5
   19    7   11    7    4
   20   19   12    5    3
   19   12    9    5    4
   30   20   11   12    2
   14   24    2    6    2
    6   25    4    3    3
    1   29    9    5    2
   22    9    8    3    2
   30    5    5    1    4
    4    1   10    1    5
   23   12    4    7    4
    6    4   11    5    3
    3   19   11    8    5
   29   15    6   10    5
   11   27    4    9    4
   29   27    1    2    2
   30   11    8    4    4
   23   18    8    2    4
   16   27    1    2    2
   25   12    6    3    2
   11    4    9    8    6
   27   17    3    7    4
   30   21    9   10    3
   17   30    7   12    5
   15    5    4   12    6
   12    3    8   11    1
   28   28   12    5    5
   19   13    4    3    5
    7    3    8    3    2
    9   29    9   10    2
   13   24    8    3    5
   16    4    7    6    6
   30   10    5    4    5
   24   12   10   10    3
   14   18    8    6    5
    2    5    8    9    1
   13    6   10    3    1
   12    7    1    8    4
   12   18    1    4    3
   29   18    5   10    3
    6   23    5    6    3
   19   24   12    5    3
   21    2   12    3    2
    9    5    9    7    1
   18   27    4    2    3
   18    7   11   11    2
    7   28    1    2    5
   12    1    6   12    4
   15   22   12    7    3
   11   12    6   12    3
   16   16    5    9    5
    2   30   12   10    4
   17   18    9   10    4
    1    9    6    8    3
   14   19    6    6    3
    4   14   12    7    4
    5   29    1    4    3
   28    9    7    2    2
   22    7    5    4    2
    3    4    6    4    7
   22   10    6    2    6
   20   16    8    6    1
   19   27    7   12    5
   27   14    1    4    4
    5   16   12   10    4
   24    5    3   12    6
   15   25    2    2    3
    5    1    1    7    6
   23   19    8    3    4
    3   24   12   11    2
   18   21   11    4    1
   21   13    5    8    1
    8    5    1   12    1
    4    9   10   11    7
   19    8    3   12    6
   10   11    1    1    3
    1    2    4   11    5
   16   13    7    7    6
    8   23   12    4    3
   23    2   10    3    1
    9   24    7    2    2
   22   14   10   10    2
   14   25    1    8    3
   25    7    1    4    1
    7   27    1   10    2
   16   11   10    9    2
   21   22    9    5    1
   24    8    8    9    3
    2   12    3    8    4
   20   15    6    1    2
   13   23   12    9    4
   20   17    3    8    2
    6   15    9    8    3
   13   30    3    7    2
   21    3    3    8    2
   14    6   11   10    2
    6   20    6    5    3
    3    2    4    2    6
   30   24   12    7    4
   13   14    6   10    7
   21   23   12    4    6
   10   17   10    7    5
   22   28    5    7    3
   13    1   11    7    3
    3   29    4    7    3
   12   28    6    9    2
    3    3   12    8    7
   12    5    7    9    4
   17   24   10    7    4
    4   13    5    9    5
   20    3    5    2    4
    9    9   12    7    4
   26    4   11    7    3
    4   29    7   12    2
    3   11    2    4    4
   16   21    8    2    3
    1   21    3    5    5
   25    1    6    2    3
   23   16   10    1    1
    6   11   12    9    1
   10    4   11    6    3
   10   27    9    7    1
    6   21    2    8    2
    5    6    1    4    1
   13    9   11    6    5
   17    9    4    9    4
   26   11    6    3    2
    8    2    4    7    4
   17   23   10    1    2
   12    6    4    6    5
   14   12    3    8    7
    2   24   10    4    5
   12   21    4    6    5
   28   24    8    7    3
    8    4   11    4    5
   18   25    8    9    6
   11   14    6    1    5
    9   16    7    7    3
   12   29    9   11    2
   15   14    7    3    3
   17   25    8    4    1
   14   23    7   10    1
   16    7   10    6    4
   28   27    5    1    5
   11    2    1    1    4
   20   13   11    6    2
    7   29    7    3    1
   25   24    5    4    1
    8   10    3    7    1
   27   30    2   12    1
    1   14    2   11    2
   24   27    7    5    1
   28   17    3    9    5
   26    2    6    8    6
   12    8   11    2    2
   25    2    6    8    4
    1    6    6    6    1
   14   17    2    4    8
   27    4    1   11    4
   25   30    4   10    6
   20    4   10   12    5
   18    6    1   11    2
   19   26    6    9    1
   23   27    6    8    4
    3   14    6   10    2
    6   22    5    5    2
   24    7    1   10    2
    8   27    7    4    4
   29   30    7    9    2
   12   15    3   10    2
    1   16    4    7    1
   29   21    6    7    1
    2   29    9   10    7
   30    4    6    8    2
   20    2    9    6    2
   28    4    1   10    1
    1    1   12   11    3
   26    3    9    4    2
   23   30    2    3    2
   21   20    2   12    3
   11   21    2    2    5
    5   17   12    2    2
   14   30   11   10    7
    5   28    5   11    5
   11   18    1    2    2
   21    7   12   11    2
   29    6   10    6    1
   16   30    2    6    7
   11   25    8    1    3
   19   30    5    5    4
   21    9   10   12    2
    8   22    1   10    1
    9   10   12    1    4
   10   29   12   12    4
   17   29   10   11    5
    3   13   12   10    7
    9    3    5    4    6
   23   23    9   10    7
   13   22    3   11    4
    3    5    9   12    8
    5   25    5    7    3
   15   15    6    2    9
   12   17    9    8    8
   16   12    5   12    5
   26    5    7   12    7
    7   23    8    4    4
   17    6    4   11    3
   21   27    9    4    2
   10   20    5    4    4
   21    8    9    7    1
   10   23    5    9    2
   19   18    9    9    4
   11    1    4   12    3
   16   24    3    4    1
   18    9    5    6    2
   21   25   12   12    2
   10   14    2    4    3
    6    2    9    5    3
   15   17    9   10    2
   23    9    6    6    4
    8   18    1   11    4
   12   30    1    9    3
   30    9    4   10    2
   20   11    1    8    2
    2   10    6    3    3
   20    1    1    3    5
   24   21   12    7    5
   16   10   10    5    6
   24   29    3    1    3
   27   26    6    7    4
    4   23   11    8    1
   19   28    4    2    1
   21   15    2    9    3
    8   11    6    2    2
   26   26    7    8    4
   10   21   10   12    2
    1   10   11    2    5
   25   16    5   12    3
    8    3   11    1    3
   18   13   11   10    4
   20   25    1   10    2
   24   18    5   10    2
   25   22    8    3    2
    5   18   11    9    3
   10   24    1    5    2
    2   16   11   10    3
   15   23    8    3    3
    7   13    1    4    2
   10   19   10    7    3
   14   29    2    2    4
    3   30    9    2    2
    4   21   10    1    5
    8   16    1   11    6
   29   28    9    3    2
    1    3    2   11    6
    1   17    7    8    3
   16   19    2    4    5
    1   19    1    9    6
   14    5   10    1    4
    9    6    8   12    2
   19    4    3    7    2
   28   11   11   12    3
   23   26    8    5    3
   22    3    9    3    2
    6   10    9    8    1
   10   10    7    4    2
   15   11   10   11    2
   24   11    4    8    3
   26    9    1    2    3
   26   30    4   12    4
   15   30    6    8    1
    4    5    6   12    3
   27   12    1    3    2
    8    7    7    7    3
    3   10   12    3    2
   15    7    5   10    2
    4    7    8    1    4
   27    1    4    3    2
    2   17    3    3    3
   20   12    1   11    2
    9    2   11   11    6
    5   11   10    8    4
   26   24    7    2    5
    8   25    1    4    4
   22    1   10    6    4
    9    7   12   12    3
    4   22    3    8    4
   16   29   11    2    4
   13   28    9    9    3
   18    2    8    3    3
    5   20    9    6    2
   12   12    2    9    9
   19   21    9   11    4
    7   30    8    8    3
   23    1   12   10    4
   16   14    3    2    6
   11    7    9    6    4
   20    8    3   11    4
   25   13    7    7    5
   26    7   10   10    2
    6    8    2    2    1
   30   28   12    5    2
    4   24    1    3    4
   17   17    6    7    5
   25   19    5    8    2
    3   17    1    9    2
    9   12    5    2    1
   20    7    2    3    2
   26   17   11    6    4
   17   19    4    4    5
   15    4    5   11    2
   18   26    3    9    4
   16   17    8    6    4
   24   15    3    4    4
   26   10   10    9    2
   11   11   12    3    4
    8   30    6   12    2
    6    6    4    7    6
   22    2   10    8    3
    1   18    7    5    3
   20   26    3    5    7
    9   14    8   11    5
   27   20    2   11    6
   18   28    1   10    5
    6   24    6    1    3
   18    4    7    2    3
   19   29    7    5    2
    5   23   11    9    6
   25   27    6    9    7
   16    3    5    3    5
    2   13    1    6    7
   29   13    1    9    6
   15    2    4    9    5
    3   15    4    7    6
    1    8   11    5    4
   19    6    5    3    3
   26   12    5    6    3
   24   20    8    6    2
   22   23   10   11    4
    8   13   12    5    3
   25   10    9    5    4
    4   25    4    5    2
   20   23   11    4    7
   15    9   11    6    5
   10    5    7    4    4
    8   14   11    8    5
   13   15    8    6    6
   29   23   10    7    6
    3   27    4   10    5
    9   11    3    3    3
   12    4   12   10    5
    5    7    9    5    5
   18   10    5    2    6
   25   23   10    2    5
   28   21    5   10    4
   14   20    6    6    5
   19   22   11    4    6
   25    9    4    8    7
   29   11   10    2    5
   28   16    9    9    4
    1    7    2    5    4
    7    7    2    4    4
   25   25   11    7    3
   30    6    6   11    2
   14   28    1    1    3
   14    2   10   10    6
   28   26    8    1    2
   21   17    1   11    5
    2   19   10    2    4
    2    2    8   11    4
   14   26   12    3    4
   30   22    4    9    4
   15    8    3    3    2
    3   18    2   11    3
    2    4    4    8    2
    1   15    5    2    2
   11   17   11    3    2
   13   13    1    6    5
   18   15    5    9    7
   19    9    9    7    6
   22   11    8    9    3
    1   26    1    2    2
   15   19    5    1    2
   20   20    1   11    2
   20   18    1    3    7
   23   24   10    6    1
   21    5    9    6    1
    6   27    3    9    6
   18   30    9    3    5
   10   15    8    2    4
   16   15    6    2    6
    7    2    6    1    3
   27    2    2   10    2
   13   26    7   12    2
   20   22   12    9    1
   28   25    5   12    2
   18   16    8   11    2
    8   29    8    8    2
