   25   23   10    1    3
   11   22    8   11    2
   17   22    7    9    7
   18   22    3    7    6
   14   15   11    1    5
   16    9    2    7    5
   11    1    9    6    7
   15   30   11    5    6
   26   27   10    3    5
    8   22    7    3    2
    7    9    8    9    7
   24   15   11    1    8
    8    7   10   11    6
    5    8   11    4    8
   24    1    4   10    5
   19   22    8    6    5
   24   24    6    7    8
   20   21    8    9    8
   10    5   10   10    4
    4   14    8   11    5
   28   20    1    5    5
   18    8    6   10    5
   24   18    6    4    6
   17    9   10    2    7
   21   30    5    9    8
   24    2    3   12    7
   13   13    2    7    6
   22   12    1    6    3
   22    6    7   12    8
    7   17   12    9    7
    5   13   11    8    7
   21    8   11    2    7
   26   14    2    4    7
   13   16   11    1    7
   16    8   10   12    6
   24   21   12    5    8
    5    3   10    7    7
   30   24    2    5    6
   15   25    7    1    4
   22   30    7   12    7
    9   10    4    6    6
   11   11    3    4    6
   11    9    2    5    4
   12   20    5    2    3
   14    9    5    5    2
   29   10    6    8    6
   26   21    8    1    7
   13   11    7    3    7
   25   29   12   12    6
   29   15    2    6    7
   26   22    3    5    7
   17   30   10    8    7
   22    7    7    7    8
   23   11    7   10    6
    5   22   10    2    7
   22   22    8   12    8
   25    3    1    5    5
   27    3    7    3    3
   22   29    2    8    4
   16   12    2    7    6
   10   23    4    8    7
   24    4    4    5    8
   26   26   10    4    3
   21    3    6    6    6
    6   18    3    3    7
    6    1    8    6    8
   10    1    7    9    7
   16    3    6   10    6
    6   12    5    3    7
   29   29    9    3    8
   28   27    1    7    8
    6   15    9    4    7
   29   12    4    7    3
   11   15    9    7    4
    9   26    1    2    1
   18   13    1    8    2
   19   17    5    2    7
    3    1    4   11    8
   17   23    5    2    7
   22   21    5    3    4
   16    6    9    3    7
   21    4    1    7    7
   25   22   12    4    4
    2   25    1    4    7
   17    4   12    5    2
    4   20    5    8    6
   25   16   12    1    5
    7   10    7    1    5
    6    6    2    1    9
   20    2    5   11    7
    7   18    5    6    5
   10   20    6    9    6
    6   21    9    5    8
   15    7   10    3    6
   28    9    4    4    5
   30   10   12    3    4
   16   28    3    6    3
   14   27    5    4    2
   20   22    8    7    3
    3   17   10    5    6
   13   29    8    8    5
   11    6   10    8    7
   26   23   10    4    7
   30   20   12    3    6
   17   15    8   12    6
   13   22    7   10    7
   25   14   11    9    8
    4   30   12    5    3
    8   28    3    9    4
    7   14    6    3    3
    1    1   11    2    2
   14   23    3    7    1
   14   30    5   12    5
   21    7    1   12    6
    6    8    4    4    4
   26    5    6   12    3
   27   10   11    7    2
   11   21    8    4    3
   13   25    9    1    7
   27    6    9    1    7
    5    2    2    1    6
    9   27   12    9    4
    4   27    1    7    4
    4    4    3    9    7
   13    9   11    2    7
   27   22   12    8    1
   12   21   10   10    8
    9    1    9    5    2
    4   10    2   12    7
    5    4    8    9    3
   20   19    5   12    3
   11    2    9    6    3
    2    3    7    9    4
    8   10    7   10    5
    2   16    5    3    4
    1   21    9    3    4
   18    3    1    5    4
   28   11    4    5    7
    3   26   11    4    5
   10   19    5   10    1
   10   25   10    8    2
   18   14    8   10    2
   10   14    9   10    2
   19   28    4    1    3
   27    5    3    8    3
   19   21    4    9    3
   26   24   11    7    2
   30   19   10    9    6
    2    8    6    4    3
   14   29    4    3    3
   22    3    6    5    3
   19   19    7    1    2
   11   30    3   10    7
   18   26   10   11    7
   24   13    1    3    4
   28    7    1    9    3
   24   16    9   11    7
    2   14    7   10    4
    9    9    5    4    3
   12   26    7    9    4
    7   24    9    6    3
   27   23    4   11    4
   26   17   11   12    7
   11   17    5    6    6
   16   20    6   11    3
   19   14    4    6    7
   20    5    2   11    4
   27    2    8    4    3
    3   19    9   10    4
    5    5    4   10    5
    8   27    9   12    3
    1   26   11    2    2
    1   22    4   10    3
   14   22    9    1    7
   18   12    4    2    3
   18   19    3    1    2
   27   12    6    4    1
   21   15    8    6    2
    9    8    8    9    3
   11   20    7   12    4
    7   23   10   10    1
    8   15    2    2    2
   11   10    5   12    7
    2   18    8   10    7
   15   23    5    1    3
   30    2    9   10    3
   11    7    2   12    7
    8   19   11    8    4
   28   12    7    9    3
   23   28    4    6    7
   24   19    8    4    8
   18    4   11    6    3
   23   30    3    8    7
    2    1    8    3    1
   18   11    6   11    2
   14   14   12    3    7
    6   19    8    4    2
   16   22    6   12    2
   27   17    7    1    1
    2   10    6    2    7
   21   27    7   12    2
   26   19    7    4    3
    4   19    2    3    2
   21   29    6    8    3
   20   23    7    9    2
   16   30    3    9    3
    7   13   11    6    7
    3   28    3    9    2
   29   18    7   12    3
   21   21    1   11    7
   10   26    6   12    2
   23   18    1    5    3
   29   19    9    9    2
    3   13    7    4    2
   10    3   12   11    3
   14   28    4   10    3
   17   25    6    5    2
   12   14    5   10    1
   15   26    1    5    5
   28    1    1    3    5
   15   18    8   11    5
    4    2    1   11    6
    9    4    7    6    7
   12   30    1   11    3
   28    2    2    2    4
    9   20    4    6    4
   19    2   12    4    4
   16   16    2    8    4
   27    7    4    8    6
   11   25    7    4    3
    3   20    1   12    2
   10   24    8   11    5
   14   20   11    8    3
    5   17    7   12    5
    3   11    7    9    5
   29    3   12    2    3
   15    4    8    1    7
    9    2   11   11    4
   23   22    7    1    4
    6   29    9    4    4
   13    6   11    1    2
    5   11    1    4    1
    3   14    1    6    3
   17    2   11    9    2
    5    1    3    8    1
   17   16   10    4    2
   10   17    4   10    3
   17    8    9    6    2
   15   27   10    7    1
    5    6   10    1    2
   30    6    7    8    1
   23    2    7    8    3
   24   28    5    7    2
   24    3   12   11    3
   12   25    2    9    2
   25   20    4   12    1
   10   15   12   12    2
    2   15    8    3    1
   27    1   10    5    3
    5   16    4    6    5
   15   15    9    4    4
    5   12   11    2    6
    1   15    6    9    6
    8   24    6    9    6
    7   25    2    2    6
    4   25    8   10    7
   26   28    8    8    7
    2   26    5   12    3
    8    8   10    7    8
   23    8    5   12    7
   11   19    7   11    3
    3   23    3    3    4
   11    4    6    8    7
    1   17   10   12    1
    8   14    6    6    2
   27   27   12    7    3
    5   14    8    3    2
   17   21    3    1    5
    6   25   11    4    2
   14   11    2    5    2
   30   26    8    1    3
   29    4   11    4    4
   13   17    3   10    3
    7   19    9    2    2
   20   29   10    1    3
    7   29    4   12    5
   13   26   12    9    1
   15   22    6    7    1
   21   23    4    3    1
   25   26    1    2    2
    4   26   11    1    3
   15   13    8    2    4
   22   10    7   12    8
    7    3    3   12    4
    3    3    4    7    5
    5   25   12    5    7
   11   24   12   11    7
   11   12    7    5    6
    9    5    7    9    3
    6   23    1    1    6
   21   18    3    4    7
   14   13   12    1    3
   28    6    7    4    5
   10   28    9    4    5
   24   22    5   10    6
   16   21    2    1    3
   15   19   11    8    4
   20   27    5    2    3
    1   12    4   12    4
   30   25    1   11    3
   12   15    5    3    3
    6    3   11   10    4
   28   28    9    7    2
    4   16    7    6    3
    6   20    7   10    3
   20   17    3    7    3
   29    8    4   11    3
    4    7    1    8    1
    8   11    8   11    2
   24   27    3    1    1
   20   18    5    8    2
   23   13    9    5    5
   30   18   11    3    5
   15   16   10    9    4
   11   26    5    3    3
   30    8   11    2    6
   24   14    6    8    6
   17   28   11   10    4
   13   21   11    8    5
   13    4   10   11    6
   27   13    7    8    7
    5   24    8    9    6
   12   13    3   11    4
   18   25    6   12    6
   10   12    1    8    3
    4    1    6    2    6
   25    8    7   10    6
   13   28   11    3    3
    9   22    1   12    4
    4   28    3    2    3
   25   19    8    4    3
    5   30    8   11    3
   10   13    7    2    2
   19   13    3   12    1
   15    9   12   12    3
    3    8    6    3    4
    6    7    2    1    3
   29   30    9    3    2
   26    7    5    7    3
   12    2    2    3    2
    5   19    7    8    3
    6    4    8    9    7
   13    2    5    3    3
    9   21    6    5    2
   16   18   12   12    3
   16   23    2    6    4
   21   28   12    3    4
   25   27    6    5    3
   23   19    1    5    4
   18    1    2    5    2
    8    4    9    1    7
    5   29   12   11    6
   17   12    7    9    6
   10    6   11   12    4
   30    7    8    1    3
   12   12    3    9    2
    4   12    9    5    7
   21   14    9    3    8
   12    8   11   10    4
    2   22    3    4    4
   21    5    6   11    3
    9   19    9    2    3
    1   19    6   11    3
   26    6    4    5    3
    9   25    2    7    2
   24   17    6    5    2
    6   24    3    3    2
   13    8    7    4    3
    3   30    8   12    2
   20    8    5    2    3
   30   13    9    4    2
   28   22   10    3    3
    6    9   12    7    2
   25    1    8   10    6
    5   23   10   11    3
    7   16    2    1    4
    1   16    2   11    6
   18    9    5    3    6
   24   25    7    2    3
   20   24    2    2    6
   18   28   12    8    6
   26   20   11    5    4
   13    1    1    3    6
   22    4   12    1    3
   11   16    5    6    7
    8    1   10    3    4
   25   25    8    9    8
   24    9    3   10    2
   25   28    3    8    7
   29   24    6   12    4
    2   29   11    2    3
   15    5    8    1    3
    5   18    9   12    3
    1   20   10    9    7
    7    2    5   11    3
   11   29    1    6    3
   16   27    4    2    6
   23    4    2   10    3
   15   28    9   11    3
    2    2    8    5    8
   23   24    4    4    3
    7    5    3    4    3
   26   16    5    5    3
    1   14    3    7    3
   16   29    4    3    3
   17   17    7    9    3
   18   18    9    4    3
    9   23    3    7    7
   11   27    9    7    7
   20    7    1    6    3
   28    5    8    5    3
    1   23    1    1    2
   27   19    4    5    3
    9   29    6    6    1
    9   30    2   11    2
   19   16    7    3    3
   29    1    5   12    2
    1   30    6   11    3
   28   29    2    7    2
    4    3    2    4    7
   12   19    9    6    7
    7    1    2   12    7
   20   13   12    8    3
   27   30    9    1    2
    3   15    8   12    3
   30   30    8    7    8
   18   17    5    3    8
   24   12   11    5    3
   14   17    7    1    6
   29   27   11    4    3
   10   18   10   10    3
   26    8   12    1    3
   15   20    6    4    4
    6   17   11   11    3
   26   29    5   10    3
   16   14    5    8    6
   17   29    8   12    3
    3    9    6   10    6
    7    7    2   12    6
   12    7   11   11    3
   20   20    3    9    3
   14    6    8    5    4
   12    9    8    9    3
   29   23   10    5    2
    2    6    5   12    3
   10   16    5    5    4
   23   12   11   11    3
   21    2    5    5    7
   10   10   12    1    6
   23   23    6    4    6
   27   18    9    8    6
   12    3    3    3    5
   25   21   12    5    5
   30   28   10    5    3
   21   10    2    5    3
