   17   27    4    6    3
   22    5    2    8    4
   29   13    2    1    5
   16   10    8    4    1
   25   21   10    5    4
   22    2   11   10    3
   14   14    3    1    7
    7   14   11    4    4
   12   30    7   10    6
   28   14   12    5    4
   22   24    4    9    3
   16   12    8    5    2
   21   13    8    7    3
   10    8    2    8    3
   15   18   12   10    5
   22   29    4    7    3
    4   18    2    7    3
   18    7   11    9    1
   17    2    6    7    4
   15   14   10    3    3
   29   16    7    1    1
   11   19    9    7    5
   11   25    1    3    4
   30   15    1    6    4
   28   11    8    9    4
   17   11    4    1    4
    5   28    8   11    2
   19    1   12   10    6
    5    9    4    7    7
   13   18   11    8    6
   11   24    2    9    4
   12   28    3    1    8
   28   15    3   12    7
   27    5    7    4    6
    1    6    2    8    3
   27   13    6   10    2
   27   27    8   10    3
   23   18   11   12    1
   12   22    8    5    6
   15   25    9    1    6
   29    1    7    5    1
   25    5    2    1    6
   28    9    7    3    5
   28   24    6    2    4
    1    7    4    9    4
    1    9    4    5    5
   25    3    3   10    7
   11   21    7    4    8
   14   30    5   12    4
   10   22    4    9    1
    4   28    8   12    4
   12    4    7    1    6
   25   12    1    5    1
   30    4    5    9    7
    7   17    6   12    2
    6   12   10    8    7
   28   22    7    2    6
   25   14    2    2    1
   29    3   11    4    5
   17   29    1    6    2
   29    7    9    3    1
   25   22    1    1    4
   18    1   11    1    1
   22    9    6    9    2
   18   26   11   10    1
   26   23    4   11    4
    4    7    1   10    5
    3   22   12    2    6
   12    2   10    7    6
    8    8    1    3    7
    9    9    3   10    7
   19   12    6   12    6
   20    9    8    3    3
   27    2   10    6    2
   19   16    1   10    9
   14    8   11   10    8
   16   30    6    5    4
   19   19   12    3    9
   17   13    4    8    6
   10   13    8    1    3
   18   22    3    4    2
   15    9   11    6    4
    4    6   10    7    4
   21   20   10   10    5
    8   29   11   12    3
    7    2    5    9    2
   20   29    9   12    2
   13    5    3    7    6
    1    8    2    9    6
   25   13    9    5    6
    1   21    8   11    4
    7   15    8    1    2
    3   13    3    7    4
    3    1   11   12    6
   20   27    1    6    6
   27   15    9    5    6
   24   21    6    2    3
   15   29    9    5    1
   29   29   12    5    6
   13   11    4    7    5
    7    3    4   12    5
   14   27   12    2    4
   28   19    4    9    3
   24    8    9    9    3
   14    1    8   11    7
   17   16    8    7    5
    8   16    1    1    4
    7   24    2    5    6
   20   10    7    8    4
    9    7    1    3    3
   26    8   12    9    2
   15    3    3    1    4
   27   10    1    6    2
   11    5    5   12    7
   12   13    3    2    3
    9   13   10    1    3
   30   30   12    6    6
   14    2    9    5    7
    1   16    6    5    5
    9   27   10    2    3
   26   11    3    1    2
   27   21    8    2    2
   14   19    3    2    4
   25   17   11    1    6
    9   24   10    8    4
    7   11    6    8    6
    9    3    1   10    5
   14    6    7    6    3
   13   13   10    3    8
   10   30    6   11    3
    2   10    6    3    6
    5   21    7    8    5
   15   12   11    6    4
   30   17   12    2    6
    8    2    3    5    7
   26   25    2    2    2
   13    1    2    3    4
   22   22    4    7    3
   16   16   10    6    3
   29   14    7   11    2
   28   13    3    7    4
   18   18   12    6    6
    9   12    2    3    1
   29   24   10    3    4
   17    4    2   11    7
   15   16    4    3    4
   24   18    3    9    3
    2   30    3    7    3
   14   16   11    6    5
   28   30    9    9    2
   19   24    6    1    3
    1   17   12    7    3
    9   10    4    2    6
    1    1   12    1    4
    6   27   12    1    2
   16   27    9    6    7
    6    2    6   12    2
   15   19    9   12    5
   14   12   10    2    3
   12   12    7    4    7
   20    6    4   11    7
    8    3    3    6    7
   23   21    4    8    8
   10   17   11   11    8
   21   15   12    7    7
   11   18    4    6    6
   12   18    9    9    4
   15    4    9    3    4
   20    5    4    3    3
   17   24   12    1    2
    3    2    3    3    7
   21   30    8    7    3
   10    3    6    3    2
    3    6    9    1    2
   29   10    6    7    3
    4    3   10   11    4
    5   10    8    6    3
    4    2    2    2    6
    7   22    6   12    3
    9   18    9    4    3
   20   28    1   11    1
    3    3    5   11    5
   26   30    8    3    5
   26   24    5    7    3
   12   27    4    9    7
   27    4    3    4    6
   11    9    6    3    5
   30   25    6    2    3
   23   24    3    7    8
   13    8    8   10    7
   26    5    8    9    3
   28    6    1    9    7
    6    8    8    6    4
   13   19    5    1    5
    6   17   12    2    3
    7   16   12   10    6
    8   23   11   12    6
    3   14    5    6    3
   14   23   12    3    2
   23   15    1    8    6
   19   25   12    5    4
   20   12    7   12    4
   10   12    6   11    4
   10    7   12    2    6
   20    1   10    1    4
    7    6    8   10    5
   26    6   12    6    3
   30   22    4    8    2
   21    7    9    5    4
   19    7    5    7    5
    1   23    4   11    4
    2    1    1    2    4
   25    1    5    2    5
   10   10    5   11    4
   24   14    7    5    3
   26   21    3    2    5
    9   14    6    4    4
   29   21    8    6    3
   12   17   11   10    6
   24   24    9    7    6
    6   30    8    7    5
   13   23    5   10    2
   11    1    9    7    7
   16   13    6    9    8
   10   26   12    3    5
    5   23    3    4    3
    6    6    9    6    6
   14   20    3    1    5
   18   19   12   12    4
   23   25    5   11    3
   15    2    2   11    3
   12    5   11    2    3
    8   28   12    6    7
   11   15    7    1    7
   19    9    9   12    5
   25   27    4    2    4
    4    4    3    8    6
    1   27    4    8    3
   29   12   11    2    2
    5   16    9   12    3
   21   16   11    5    2
   12    8    6   12    4
   24   25    2    4    4
   21   17   12    8    7
   25    2    5   12    2
    3   30   12    7    3
    4   11    7    3    3
   21    8    2    8    2
   24    6    1    2    1
   18    6    5    5    2
    2   24    6    5    2
    4   13   11   10    6
   21   28   10    4    2
   26   13    4    8    4
   18   28    4    1    5
    5   18    7    5    5
   14   11   11    8    4
    3   12   12    9    3
   14   22    6    9    4
   29   28    8   12    2
   17   28    5    9    1
    5    5   11    9    7
   25   18    1    4    8
   26   12    5    3    6
   10   23    4    4    6
   14   13    2   11    5
   23   20   10    3    3
   27   29    4    3    2
    4   24    8    4    6
   22   17   11   10    2
   10   28    7   10    2
   23   27    3    7    3
   22   23   11    9    2
   25   28   12    5    3
   20   22    9    8    2
   21   12    8    3    7
    2   28    7    6    6
   27   11    2   10    3
   11    2   10    9    4
    4    1   12   11    6
    2   23    7   11    3
   26   26    1   10    2
   25   29    4    8    8
    7   12    8   10    8
   19    5   12    8    8
    8    5    5    3    4
   20   13    9   10    3
   10   18    2    3    6
   16   18   10   10    5
    4   26   11    7    5
    7    5    2   11    7
    7   25    3    3    6
    2   20    4    1    7
   14   21    8    1    7
   26   20    2    8    4
    5    1    7    1    6
   30   29   10   10    6
   19   21   10    8    7
   29   11   12    4    3
   25   10    1   12    3
   13    6    9   10    4
    5   24    6   11    4
   11   11    5    4    3
   10   15    1    2    5
   29   19    9    6    3
    6   22    3    3    2
    8   19    2    6    6
    3   28   11    8    4
   16    3    1    4    6
   13    2    6    6    6
   21   21   11    2    8
    4   21    2   11    7
   26   19    9    3    7
    7   28   12    7    6
    3   17    7    3    5
   13   24    5    4    4
   14   17    3    5    4
    2    9    6    7    4
   26   27    2    5    6
   30   27   10    2    3
   16   26    7    5    5
    1   30    9    8    4
   15    6   10   11    4
   17    5    1    6    2
   28   28    8    6    7
   23   16   10    1    3
    1   10   11    3    6
    1   26    4    3    4
    8   22    1    5    3
   19   27    3    9    2
    4   20    3    3    7
    5    4   10    6    6
    8   17    7    5    7
   13   30    2    3    3
   11    8    9    7    6
    8   15    2    4    2
   23   29    7   12    7
    8   20    5    4    8
   22   19   10    4    9
    6   23    8    4    2
   17   20    5   10    9
   18   30    7    5    8
   20   30    8    3    9
   26    9    3    8    7
   29    6    9    4    1
   30    9    3    9    3
   18   17    2    4    7
    4   14   10    9    8
    9    8   12    1    5
   20   24    7    4    3
    7    8    3   12    6
   27   22   12    2    7
   18    8    4    1    6
   20   18   12    9    5
    3   19    1    2    3
   18    3    7    3    3
    7   13    3   12    4
   23   12   11   12    7
   29    2    5    9    6
   25    8    5    7    4
    6    9    4   10    2
   19   23   11    9    2
    5   14    8   12    3
   21   22    2   12    2
   13   15    1   12    3
    3   27    7    4    3
    4   16    7    4    2
    4    9   11    4    6
   14   10    9    2    7
   18   27    2   11    7
    5    2    5   12    4
   11   20    7    9    3
    5   30    3    7    6
   11   22    8    2    4
   30   23    7    4    7
   15   15    9    7    6
   15    5   10   11    4
   28    1    7    8    3
   22    4   12    6    5
    5    6   11    5    4
   25    6    6    3    3
   11   10    6   10    2
   20   15    6    5    5
   26    2    3    3    4
   19   10    1    7    6
    3   23   10    4    4
   22   26    8   10    2
    3    5    2    3    2
   25   25    6   11    6
    4   23    3    1    4
   21    6    6    3    5
   24    3   12    7    5
    2    2    9    2    8
    9   23    2    5    6
    7   27    1   10    4
    5   29   10    1    4
   30   24    9   12    6
   24   12   11   10    3
   27    8   10   11    3
    1   22   12    6    6
   11   16    9    8    7
   23   11    1    4    3
   16   22    8   11    2
   23   17   11   10    2
   23   23   12    8    6
    9   16    2   10    4
    7   23    2    3    5
   13   22    5    8    3
    7   26   11    3    4
   17   17    1    3    4
   26   15    7    6    5
   24    1    5    3    3
   19   30    9    9    5
   20   20    4    7    7
   28   26   12   11    3
   20   25    5   11    3
    4   25    6    6    5
   21   18    7   12    6
   18   14    1    8    7
   12   11    5   12    4
   15   22    2   11    2
   24   16   12    4    4
    9   25    6   10    3
   25   16   12    8    7
   28   16    4   12    4
   27   28    3    8    7
   20    3   10    9    4
   14   26    3   12    3
    4   29    3   12    2
   10    4   11    7    3
   10   24    3    3    3
    4   19    3    2    4
    8    4    6    9    5
   19    2    5    2    6
   16    6    7    8    6
   18    2    2   11    5
    3   11    6    2    4
   26   17    2    7    5
   20    7   11   10    4
   15   17    8    5    3
    9   17    9    8    2
    3   26   11    8    3
   23   28    6    2    4
   30    8   11    9    5
    6   10    2    2    1
   19   20    2    4    5
   12    1    3    3    6
   29   26    1    8    3
   21   10    4    6    2
   21    9    7   10    3
   27   24    2    2    2
   21    3    2    3    2
   15    1    9    5    4
    9   29    8   10    2
   16   20    8   11    2
   11    6    5   12    3
    7    7    4    1    8
   17   19    5    5    6
    2   21   10   11    7
    7   30   11    4    4
   29   18   11   12    8
   15   24    3    1    1
   30   11    1    8    8
   16    2    6    1    7
   19    6    3    3    7
