   19    5   11    9    3
   27    1    3    6    6
   27   10    5    2    3
   13   19    3   12    6
    8   22    2   10    5
   27    2    1    3    4
   23   11    6   12    2
   18    3    6    7    3
   24   12    5   11    1
   30   22    5    9    8
   15   30    4    8    6
   18   23    9    8    5
   28    4   10    7    4
   11   14    2    6    5
   16   30   10   10    7
    9   25    4    5    3
   29   15    2   10    3
    9   16    7    1    5
   17   13   11   10    3
    6    9    9    8    2
   16    1   10   12    4
    2   13    2   10    3
    6    2   11    6    7
    8   19    3    8    3
   23    2    9    7    7
   30    8    3    9    2
    7   14    1   10    2
   24    2   11   10    4
   30   19    9   12    8
   15   15    8    9    2
   13   23    7    6    2
    8    3    2    6    3
    9    5    7   12    3
   16    3    3    1    7
   10    4    4    2    3
    3   12    6    7    6
   27    3   12    4    6
    7    8    9   12    5
   18   16   11   12    3
    5    8    4    9    6
    5   18    5    2    5
   27    4    9    6    5
   18    2   11    2    6
    3    2    7    6    6
   20   11    9   11    4
   28    2    2    6    7
    6   14    8   10    3
   16   20    1   11    7
   15   11    2    1    3
    3   29    9   12    2
   23   16    6    2    2
   14   10   12   12    4
   17    4    1   11    4
    5   27   10    8    3
   12   21    2    8    9
   12   14    5    1    8
   12   13    2   12    8
   22    7    5    3    4
   25   10   12    9    4
    6   18    2   11    2
    5   23    2    8    3
   20   10    5   10    4
   19   12   10    6    3
   16   15    7    8    2
   26   25   10   11    4
   14    8   12    8    2
   18   14    5    3    4
   19   26   11   11    3
   11   19    2    5    7
    1   15    7    1    5
   21   11    2   10    5
   23   10   10    8    4
   14   14    7    1    6
    7   19    2    2    3
   14    9   11   12    4
   29   29    1    6    6
   22    9    7    8    4
   21   21    6    2    5
   20   23    3    1    3
   22   19    7    2    2
   24    9    3    9    3
   15    7    3   12    2
    3   21   10    7    2
   16   16   10    9    4
   10   29   12   11    3
    4   19    3    8    3
   24   25    3    2    3
   22   21    5    6    5
   23    4   10    5    1
    6   19   12   10    1
   15   13    7    3    4
   26   16    5    8    1
    9   19    1    6    2
    7    5   11    7    2
   29   20    4    2    5
   10   16    2   10    4
    1   24    1   10    2
   20    4   11    3    3
   20    6    9    7    2
    1    1    1   10    2
    3   11    2   12    2
   24   11    1   12    2
   19   28    4    9    4
    4   24    4    5    5
    3    9    5    7    5
   21   26    4    6    5
   30    4    4    8    6
   19   25    4    9    2
    4    8    6    3    7
   11    6    6    8    3
   18    1   12    4    5
   23   17   12    8    5
   24   27    6    2    4
   17    2   12    8    3
   19   10    7   11    2
   29   16   12   11    1
    5   16    7    3    2
    6    1   12    6    1
   26   27    8   11    6
   21    4    1   11    4
   19   18   11   12    2
   22   25   11    6    3
   28    6    4    8    3
   25   11    4    9    2
   12   12   10    2    8
    3   26    7    2    3
    5    3   10    9    5
    9   21   11    9    2
   13   29    1    3    4
    4    5    4    3    4
   13   20   10    9    3
   12    6    5    7    6
   14   20    5    7    5
   24   20    9   10    3
   22   28    5    8    4
    1    9    8    2    2
    8    8   12    3    4
    3    1   10    9    3
   20   27    1   12    1
   11   11    7   11    3
   28   10   12    9    2
    5   20    2    2    3
   18    4   10    5    2
   17   26    5    6    2
    1   14    7    8    3
   12   11    2    1    5
   10    2    7    5    5
   22   22    2    3    5
    4    9    3   12    3
   27    8    2    7    2
   11   30    1    7    2
    7   25    3    3    2
    2   26    9   12    1
   29   23    7    6    4
   20   20    7   12    3
    2   14    1    9    2
   26   15    9   10    2
   29    6    2    3    2
   17    5   10   12    6
    4   29    5    2    4
    6   23    1    2    3
    4   16    7   10    3
   25   28    1    6    3
    5   26   10    1    3
   20   28    8    8    2
   29   26    3    6    3
   21    8    3    7    2
    2    5   12    6    2
   11   13    2    6    2
   14   29   12    3    1
   15   28    4   11    1
   30   28    2    9    1
   30   20    5    5    1
   23   27    7    5    1
    2    2    8    7    1
   28    5    1    4    1
    5   15    1   11    1
   16   12   12    7    5
   30   27   12    3    1
   13    5   11   12    4
    9   11    8    1    3
    7    7    4    9    2
    7    3    6    8    1
   18   13   10   11    1
   26    1   11   12    4
   13   13    4    1    3
   21    7    3   10    1
   18   21   12    1    2
    1   25   11   11    6
   19   20    2   12    5
   25   16    4   11    3
   30   29    5    5    2
   17   10    7    4    1
   22   24    4    7    6
   12    1    7    3    3
   10    8    6    7    2
   26   28    5   11    1
   28   18    6    3    2
   27   13    7    2    2
   30   12    3    3    3
   26    8    2   10    2
   30   14    7   11    2
   13   10    2    3    3
   30   23    5    2    2
   12   18    5   11    1
   12    9    6    7    3
   11   18    6    4    2
   12   28   10    3    2
   28   13   11    3    4
   10   10    4    2    4
   13    4    8    6    4
   23   25    7    8    4
    7   26    7    1    2
   30    1    5    3    2
    8    1    9    8    2
    4   11   10    6    6
    8   13   11    9    3
   13    3    9    5    3
   20    1    7    9    2
   12    7    6   12    3
   23   23   10    4    1
   12   29   12    7    1
    7    6    4   10    3
    2   29    7   10    4
    5   25    2   12    2
   28   14    4    4    2
   22   17    4    3    3
   10   18    1    6    4
   14   27   10   10    2
   27   15    3    6    3
    8   23   12    6    4
   26   24    6   11    3
   15   12    4    6    3
    5    1   10   12    2
    5   24    2    5    3
    4   22   10    9    5
   18   18    1    8    9
    8   11    7    3    4
   24   14    5   12    3
    3   24    8    8    2
    4   14   11    2    6
   19   24    7    3    4
    9   30    4    9    3
    2   15    9    4    3
   26   18    5    7    2
    6    3   10    8    1
   16   22    1    2    1
    7   17    9    5    1
   21   24    7    9    2
   15   23    8   11    3
   25    3    9   11    3
   27   25    1   10    3
    1   23   10   12    3
   22   26    5   11    2
   18   29    4    6    3
    9    8    6    1    1
   28    1    5   10    2
    5   21    3   11    1
   19   16    2    2    2
   20   15   11    5    4
    7   28   12   12    6
   11   10    2    1    4
   27   27    5    2    3
    4    4   11    2    4
    6   22    8    7    2
   18   30    1   12    3
    6   30    1   10    5
   20   25    1    6    1
   19   23    3   11    3
   12    5    2    9    2
   15   22   11    5    2
   28   16    7    8    2
    5   10   11    4    2
    5    5    9    5    2
   30   13    5    3    2
   14   23    9    3    4
    9   17    4   11    3
   29   25    6    5    3
   29   21    1   11    2
   14   16    5    9    2
    1   11    3    5    3
   27   16   11    1    1
   12   10    8    9    2
    7   27    6   12    4
   11   26   12    8    5
   21   19    7    5    4
   26   26    2    4    3
   30   21   12    7    2
   16   24    3   11    2
    3   10    8    6    3
    4   26    8   10    1
   21   20    4   11    2
   13   22    9    6    2
    6   25   12   11    3
   27   12    6   10    2
   26   30    8    1    5
    2    9   11    6    3
   17   19    5    1    1
    5   29    6   12    2
    9    9    6    3    3
   26   13    3    9    2
   18    9    2    3    3
   29   24    9   11    3
   27   28    8    6    5
    4    2   11    1    2
    2   19    6   12    3
   10    6   11    1    1
   11   22    4    8    2
   20   22    1    5    1
    9    7    7    9    1
   27   11    7    6    1
   22   14   11    4    2
   29   17    7    8    2
   21    6    5   10    1
   24   17    1    9    2
    7    2    3   12    1
   20    3    8    9    1
   13   14    7    3    3
    8    2    5    2    4
    7   29    8    6    3
   27    9    5    8    3
   17   15    8   10    2
   23   26    6    7    3
   20   18   11   11    2
   25    8    1    6    3
   17    1   11    8    3
   15   24    9    2    3
   21   27    2   10    3
   30   24    5   10    4
   24   10   12    7    3
   20   26    4   12    4
   16   21    6   10    2
   16   11    3   12    1
   22    2   10    7    2
    1   21    7    4    2
   15    8   10    4    1
   28   24   12    7    3
    9   20    1    1    2
    6   17    1    8    1
   10   30    7    2    2
   17   12    6    5    1
   21   25   10    5    1
   24   23    5    1    2
   17   11    5    7    1
   22   12    1    9    3
   30   30    2    3    2
   30    5   12    4    3
   24   24    7   11    7
   16    7    5   10    5
   16   17   10    7    6
    6   16    2    7    4
    3   28   11   12    4
    4   12    5    2    3
   24    6    2    8    2
   18   24   10    6    8
    3    4   12    6    4
   27    6    4    9    3
    7    1    1    5    2
    9   28    6    4    2
    9   15   10    8    2
   17   18    4    7    5
   22    1   11   10    4
    3   23   11    3    3
   10    1    1   12    4
    8    6    8    6    5
   17   30    8    5    4
   23   28    3    7    3
   29   28    8   12    2
   15   10    3   11    4
   12    2    4   12    3
   27   18   11    6    2
   18   15    5    4    6
    2   25    8   12    1
   14   15    1   10    2
   14   19    7    6    1
    6    6    2   11    8
   12   23   11   12    6
   18   25    6    5    6
   19   15    1    1    4
    3   15    2    6    5
    3    3    8   10    3
   18    8   11    7    4
   25   25   10    8    3
    4    7   10    7    2
    5   22   12    8    5
   15    6    7    1    3
   29   11    7   12    2
    8   16   11    7    2
    7   20    7    1    1
    5   11    9    6    2
   12   26    5   10    2
   13    6    5    2    1
    2   21    2   10    2
   10   21    2    6    1
   13    7   11   10    4
   20    2    8   10    8
   19   29    1    7    4
    4    6    8    2    3
   17   27    7    8    2
   23   22    9    6    6
    2   16    9    2    5
   15    4    3    9    4
    1   29    6   11    3
   29   22    4    6    3
    2   11    6   12    2
   15   21    5    7    3
   24   13   12    6    4
    7   23   10    8    3
   17    3    3   11    1
   24    7   11    4    5
   25   15    7    5    4
   22   10    2    2    3
   13    9   11    5    2
   23   21    2    2    2
   28   28   10    5    5
    8   29    4    2    3
   29    9    5   11    4
   26   10    7    2    4
   25   17    6    2    4
   30   25    3    1    4
    1    2    8    8    4
   25   12    8   11    2
   19   19   12    4    7
   28    8    2    6    6
   20    8    1    5    5
   19    3    2    3    7
    8   12    6    3    2
   17   17    6    5    4
   21   13   12    4    3
    3   22    9    5    2
   14   21   11    3    7
    3   30    4   12    4
   30    2   12    3    3
    9   23   11    7    4
   26    6   12    3    2
   27   22    2    8    2
    7   10   10    7    2
   13   25   10    6    4
   17    8    4   11    4
    7   30    4    6    3
   20   12    9   12    1
   25   14    2    9    1
   26    9   11    5    1
    6    5    6    5    2
   21   17   11    4    3
   17   14   12    8    2
   17   20    9    6    3
   19    1   10    6    6
   28   11   11    5    4
    4    1   12   11    3
   27   29   12   12    5
   26   14    6    7    3
   14    3    1    5    2
    5   14    1    5    4
    8   24    4    7    2
    7   18    2    8    1
    9   10    9    2    1
   28   17    9    1    1
   16   13    4    9    4
   21   28   10   11    3
   22   18    3   11    3
   13    1    6    6    2
    7   11    7   10    2
   19   27   11    1    1
   25    4    9   11    4
