   24    9    9    7    2
   29   15    4    4    7
   22    5    4   12    4
   13   13    4   10    8
   16    4    1   11    5
   21   30    9   11    4
    8    8    8    1    6
   30    6    4   12    5
   30   13   11    3    3
   15    3   10   12    3
   22   15    5    2    6
    4   12    1   10    3
   14   10    3    4    3
   28   29    6    2    2
   18    4    9    4    6
    4   17   11    5    5
   20    5    2    5    1
   16   25   10    5    2
   15    2    8    6    3
   28   11   11    4    5
    4    1    1   10    7
   24   16    3    9    7
   12   21   11    8    8
   20   24    1    3    4
   22   17   11    3    2
   15   19   10    5    4
   21    2   12    8    6
   26   13   12   12    4
   23   21    4    8    6
    9   14    3   11    6
    7   13    3    5    6
   17    9    7    9    2
   23   11    1    3    2
   14   14    5    6    6
   24   14    8    4    7
    1    6    9   11    8
   12   15    4    8    4
    4   15    9   11    3
   29   24    9    7    1
   26   10    6   12    2
   25   25    1    8    7
    8    2    3    3    7
   24   21    6    2    4
   26    5    4    5    3
    9   10    5    8    3
   28   27    6    3    1
   30    2    9   12    2
   11   12    8    2    8
   17   19    6   12    2
   10   25    9    7    3
   13    1    5    2    6
   12   26    8    8    6
   10   18    9   11    7
   12   23    4    1    4
   26    6   10    6    1
   18   11    4    4    2
   11    6   11   11    4
   12    5   12   11    4
   17   20   10    3    9
    8   19    5    6    7
   26    2    9   12    4
   16   16    5    8    6
   19   20    8    1    4
   23   16   11   12    1
    4    6    8    4    5
    8   25   11    6    2
   15   23    5    9    7
   18   26    1   11    7
   20    7   10   11    3
   20    6    2   11    1
   27    8   12    2    3
   14    5    3    9    7
   13   22   12    6    4
   19   18   11   12    4
   15    8   11    5    3
   16   21    8   10    7
   13   23    1   11    7
    6    3    5   11    7
    7   17   12    4    6
    8    5    6    5    3
   11   20    6   12    2
   24   15    4    2    4
   30   27    6    1    3
   12    9    8    1    3
   17   30    1    7    3
   18   23   10    1    7
   26    3   10    9    4
   15    5    8    2    2
   29   21    7    5    3
   23   25    2   10    4
    2   17    7   10    6
   28    8    1    7    1
    6    5    7    2    1
   29    3    3   11    6
   25   21   11    3    6
   14   19    3   11    4
    2    9    4    8    3
   23   28    1    7    3
   19   16   11    2    6
   13   14   10    8    2
   22    2   10    2    3
   24    7    3    7    4
   19    1    1    5    6
   25   12    4    8    1
   11   15    3    5    1
   12    7    7    1    1
    6    8   12    4    1
   25    2    9    5    3
   26    4   11    3    2
   15   26   10    3    2
   16   27   12    1    6
   13   27    2    3    4
    8    7    6   10    8
    7   27    7    3    1
    3   13    7    8    7
   26   19    4   12    6
   26   28    5    3    4
   24   17    5    4    5
    7   18    4   11    2
    9   25    7    7    7
    5   25    1   11    2
    6   24    9    3    1
    4    5    4    3    6
   11    8    8    5    4
   11   21   10    8    8
   20   13    3   10    4
   21   18    8   11    2
    4    8    9   11    5
   26    9   12    8    6
   30   20    2    1    7
   26    7    1   10    5
   24   26    8    2    4
    1   16    1    1    4
   21   22    8    4    6
   28   16    7    8    2
   18    6    3   11    4
   21   19    7    7    6
   27   23    7    4    7
   25   26   10    3    5
   30    7    5    1    4
    8    1    1   12    2
   26   16   11    5    6
   11   24    4    9    5
   12   19    8    3    6
   11   30    7    7    4
   18   18    1   12    5
   24   25    8    2    3
    5    2    8    9    3
   10    3   11    4    6
   27   18    1   12    6
   19    3    8    1    5
    7   22    6    5    5
    5   19    5   11    4
   23   23   11    7    3
    1    2    1    9    4
   22   22    6    7    7
   14   20    8    4    7
    3    5    5    8    9
   28    9   11    8    3
    6   27    9    6    6
   13   24   11   10    4
   19    2   11    7    4
    7    7   11    3    6
   20   22   12    3    1
    9    1    5    2    6
    6   28    5    8    3
   15   18    3    8    5
   20    2   11    6    5
    8   12   11    5    4
   13    6    9    1    6
    9   27   11   12    3
   29    7    7    5    2
   26   14   12    8    4
    9    8   11    8    5
    4   10    1    8    3
    6    6   10   11    7
   29    9    8    6    8
   12   29    1    1    4
   23    8    4    5    6
    1   15    6    2    3
    2    4    4   10    4
   17   18    4    6    3
    1   24    1    5    3
   15   15   10    2    6
   17   16   12    6    5
   27   25   12    9    4
    3    4    6   10    4
   14   25   10    2    1
   10   16    3   12    4
   20    3    6    6    3
   29   11    9    5    3
   15    9    1   11    6
    1   20    9    6    6
   11    2    9    4    5
   28   13    3   11    4
    5   23    6    7    3
   15   30    3    3    3
    2   14    5   11    6
    4   19    2    7    5
   15   16    2   12    5
   30    3   11    6    3
    3   24    9    2    7
   21    9    7    7    5
   11   16   12    1    4
   20   23   11   11    3
   19   19    1    4    5
   29   10   12   12    7
    5   16   12    8    7
   21   13    3    9    5
   19   27    1   11    2
    9   18    1    8    7
   20   25    5    1    5
    4    4    4   12    7
    6    2   12   11    3
   17   23   10    1    5
   27   10    9    9    1
   28   21    4    9    6
    6   25    4    4    2
    9   23    8    3    4
    2   12    6    4    4
   24    5   10   12    7
    1   29    9    4    5
   25    4   10    3    7
    1   25    6   10    7
   17   17    2   10    7
   28    4    3    5    5
   27   26    2    3    6
   21   21    7   11    8
   28   12   11    2    5
    3    8    8    8    3
    2   10   10    2    2
   11   13    7    8    6
   27   29    6   11    2
   24   12    9    1    4
   17   29   11    1    6
   19   29   11   11    4
   12   18    7   11    1
   11   11    1    3    8
   21    7    6    1    2
   22    4    6    5    2
   23    7    5   12    1
   19   11    9    6    8
   22   28    7   12    1
    3   16   12    6    7
   11   17   10   11    7
   10    8   12    7    3
    6   23   12    3    1
   17   12    1   11    6
   18   20    7    5    2
   18    1   10   11    3
   14   29    3   11    2
   22   11    7    3    2
   12   30   12    1    7
   24   27   10    2    2
   22   24   11    7    2
    9    3    4    1    8
   29   30   10    3    4
   16    7    9   11    2
    1   27    3    3    2
   16    2    2    3    6
   23   26    5    4    3
    1    1   10    4    6
   19   13    6   10    3
   13    8    6   10    3
   24   23    5    9    2
    2   29    2   11    5
    5   30    7    1    3
   29    8   12    8    4
    1   23    5    3    2
   23   10    9   11    3
   20   28    6   10    2
   12   16   12    6    5
   11    7   10    6    4
    6   21    6   10    6
   16   13    7    2    6
   20   15    3    1    4
   14   12    8    6    7
    8   21    4   12    4
   24    2    7    9    2
   10   11    7    7    4
    8   18    1    2    6
   16    9    1    6    4
    3   17    5    1    3
   14   28    6    5    6
   26    1    1    3    2
   27    4   12    9    2
   13    2    7   11    6
   18   22    7    4    2
   23    3    7   10    2
   27   21    7    6    2
   14   23    1    1    3
   15   25   10    6    7
   23   19   11    3    6
   22   29   11    8    3
    7   14    2    9    3
    7   28    1    7    6
   25    3    6    9    7
    3   27    7   10    5
   19    7    5   12    7
   28   15    1    7    3
   20   20    8    7    7
   18   16    9   10    7
   18   29   11    5    8
   16   30    3    3    5
    1    5    7    2    7
   10    5    7    1    4
   22   25   10    2    7
   30    9    5    6    5
   26   30    4   12    4
    7    5    8    4    2
   22    9   10    1    3
   16   29    6    8    3
   18    2    8    1    7
    3   21    5   11    4
    7    2    7    8    3
    4   21   10    2    6
    9    9    6    1    7
   20   10    7    6    7
    1   28   12    7    3
   13   25   10    9    4
   28   10   12    3    2
   29   26    8    7    7
    3    3    1    8    6
   22   16    9    4    3
   29    5   11    4    4
   29   25   10    9    5
   12    3    7    2    6
    6    7    7    7    4
   12   10    4    8    2
    8   24    1   10    4
   26   17    4    9    6
   10   10   10    6    4
    3   18    2    9    5
   11   14    6    9    7
   28   28   11    6    3
   14   22    5    6    3
    6   14   12   11    7
    3   22    4   11    3
    9   11    7    6    7
   17   14   12   10    6
    8   14   12    8    5
   17   25   10   10    8
   30   10    1    3    5
   24   24    7    8    9
   12   12    8    2    9
    9    6    4    1    7
   13    5    4    7    6
    8   26    5    6    5
   27   27    9    8    8
   13    9    7    2    6
    9    5    6    3    7
   17   15    6   12    6
   23    4    4   10    6
   15   10    7    3    3
   29   20   12    8    3
   14   30    5    8    5
    4   13    6    2    3
   23   29   11    8    1
   17   10    1    5    3
   18   30    9   10    7
   15   27    9    7    8
   26   21    7    9    6
   10    6    6    9    5
   14   15    4    7    4
   28    2   11   11    2
   22    1    6    8    2
   17    6    2    8    3
   18   13    5    4    3
    1   10   11    8    3
   30    8    2   12    5
   30    4   11    9    3
   27   11    2   10    3
   29    4    8    7    3
   18   25    2    4    4
   28   19    9    8    2
    1   12   10    6    7
    9    7    7    9    4
   21    5    4   10    2
   20    9   11    3    4
    3   11    7    1    3
   24    4    7   10    3
    2   23    1   10    2
   10   19    3    9    7
   12   22    5    5    4
    8   20    6   12    2
   16   14   10    4    7
   10    7    3    1    2
    2   27    4   12    2
   26   26    8    7    7
   29   29    8    7    3
   22   10    6    1    3
   26   11   12    8    3
   12   27   11   10    7
   19   30   12    7    4
    9   19    4    9    6
    5    5   12    4    9
   30   28    2    3    4
   20   16    8    6    2
   30   25    2   11    3
   17   28    4    3    2
   29   13    7   12    6
   19   24    7    2    4
   14   18    1    6    3
   24   18    2    7    4
    5   17    5    6    2
    2    2    7    2    6
    7    1    1   10    2
    8   16   12    4    7
    3    1    8    3    4
   25   11    5    1    2
   21    1    3   10    7
    4   14    8    5    8
   20    4    4   12    4
   24   30    7   11    2
    2    3    6    1    7
   13   10    4    7    7
    7   25    3   12    4
   17    8   12    3    4
   27    5    7    7    6
   28   24    4   11    7
   27   14    1    5    6
   28    3   10    9    6
   25   28   11    7    4
   11    4    8    5    7
   13   12    9   12    5
   17   27    6    7    3
   21   10    7    6    7
   15   13    7   11    8
    6   15    2    3    2
    6   19    1    7    5
   28    5    2    9    3
   13   17    5    3    4
   20   21    3   10    5
   21   15    6   11    4
   16    6    7   11    2
   26   20    6    8    2
   19   25    3    3    8
   21   14   10    4    8
   22   19    5    5    6
    5   11   11   12    3
   30   23   10    2    3
   20   12    1    9    4
   22   30    6    9    3
    1   17    4    9    6
    1   11    3    1    4
   30   30   10    3    4
    7   15    5    3    6
    3    7    6    5    5
   10   24    8    6    4
    6   22    6    7    2
   26   22    3   11    6
   18   28    8   10    4
    4    7   12    3    3
    6   29    1    9    1
   23   22   11    1    2
   27   22    6    2    8
   30    1    4    1    7
   14    1    6   12    6
   17   21    5    5    4
   22    8    1   10    6
    9    4   12    6    4
   20   27    5    3    1
   12    6    1    7    9
    3   14    1    2    8
    5   18    9    8    5
