   26    2   10    4    6
   28    5   11    9    2
   25   25    1    8    6
   11    5    1   11    4
   23   24    9    9    2
   29   16    6    7    2
   20   12   12   12    5
    9   12   10    2    2
   19   20    6    5    2
   20   23    8    9    7
   18   18    6   11    2
    8   14   12    5    5
   29   24    7    5    3
   22   24    5    8    6
   30   19    6    8    3
   27   19    1    4    7
   12   28    7    3    6
   23    9    6   11    6
   29    2    4    2    3
    9   16    3    2    3
   20    6    1    5    2
    9    2    7    7    8
    3   20    5   10    5
   11   15    5    1    6
   28    3    5    4    3
   19   28    5    1    3
   25   24    7    5    3
   17   14    1    5    6
    3    8   12    3    3
   10   27    4    4    3
   12   15    1    6    5
   10    2   11    9    6
   28   23    5    7    5
   13   13    9   11    8
   19    9   10    5    4
   23   17    7    3    5
   13   15    5    7    3
   27    5   12    5    3
   22   23    5    4    4
   23   15   11    8    2
    2   22    4   11    1
   21   22   11    4    2
   23    8    1    6    2
   15   20   10    1    3
   11   29    5    8    2
   29   29    1   12    6
    9    6    5    7    2
   14   15    6   12    2
   20   18    4    1    6
   13   17    9    9    6
   18    6    4    3    3
   14   28   12    6    4
   28   28    7    8    6
   18   16    3   12    3
   15   25   12    8    3
   17   20    9    9    3
   20    4   11    5    3
   17   29    9    4    6
    5   21   10    9    2
   11    8   10    2    5
   23   30    6    1    4
    7   27    7   11    3
   10    1    3   10    3
   26   14    3    6    5
   20   20    3    1    5
   11   10    6    2    6
    7   10    6    1    6
    5    3    9    9    6
   25   11   12    3    4
    1   23    9    4    6
    2   19   10    2    4
    4    5   11    8    4
   17   21    1    5    6
   27   21    3    9    2
   16   16    8   11    6
   26   23   12   10    1
   30    4   11   12    3
   21   14    5   10    5
    2   12    8    3    5
    7   28    9    3    4
   21   21    7    1    7
   21    4    5    8    7
    8   13    8    8    6
   22   14    2    2    2
   17   28    2   12    2
   17   25    4    4    2
   18   12    3   11    2
   10   21   12    4    3
    3   16   11    3    4
   23   19    2    2    1
   21   15    7    8    1
    5   10    9    4    1
    4   23    1    5    1
   11   16    6    4    3
    6   28    9   12    3
   14    1    1   11    3
    9   25    6    3    2
   18   29    7    5    1
   24    7    3   10    1
   12    6    4   12    8
   25   16    5    9    6
   18    1    3   10    4
   18    9    8    7    5
   25   26    3    7    6
   13   12    5    9    2
   12    8    4   11    2
   22   16    5    9    6
   28   16    5    8    3
   26    3    1    7    4
   25   22    3    5    5
   18   23    9    7    2
   13   28    3    8    1
   16    2   10    5    3
   10   16    4   10    3
    6    6    5    4    8
   28   20    3    3    5
   15   24   10    4    4
   10    9   12    5    4
   23   12    9    1    2
   23   14    6   11    2
   11   26   11    1    3
    4   26    1    2    3
   13   25    7    4    2
    3   24   11    9    2
    5   17    3    9    2
   24   24    4    8    2
   24    2    1    1    3
   24   19    9   12    4
   27    1    6   11    8
   29   15    6   10    6
    9   21    4    9    5
   18    2   12    9    4
   17   17    2    6    7
    1   25   10    8    3
   13   22    1   11    2
   14    7   11    6    2
    8   21   12   10    6
   29   20    9    6    6
    8   10    9    4    3
   24   10    6    1    6
    1   13    7   10    5
    3    4    9    6    4
   25    3    7    5    4
   30    6   12    6    1
    4    4    7    9    7
   24   12    1   12    4
   12    5    7    1    3
   10    6    2    1    3
   30   30    6   11    8
    9   28    4   10    2
   26   26    8   11    8
   13   29    9    5    2
    8    7    5    6    5
   15   30    9    2    6
   14   30   12    4    8
    5    6    6   11    2
   24    5    6   10    6
    2   23    7   11    3
   24   14    9   12    3
   21   18   11    5    5
   12   19   11    3    5
   27   27   11   12    7
    7   17    4    8    4
   12   10    2   10    3
   22   22    4    5    6
   27   26    5    2    5
   25    2    3    2    6
   30    7    3    2    3
   15    3    4    7    3
   29    7    2    6    4
   10   29    2    8    4
   18    7    2    8    2
   27   30    3   12    3
   28    8    1    9    2
    3    3    4    7    6
   14    5    7    4    4
   24   18   12   10    7
    9    4   10   12    4
   10   23   12   10    2
   15    5    9   11    6
   13   23   12    2    4
    1   17    6   11    7
    9    5   12    9    3
    1    7    9    7    3
    3    2   11   10    3
   20   14    6    4    7
   10   15    4    2    5
   10   14    8    7    4
   15   15   10   12    3
    9   13    7    8    6
    3    6    9    1    3
    4   19    3   12    7
   15    7   12    3    4
   23   11   11    9    3
    1   16    6    4    6
    9    1    2    5    3
    8   30    6    3    3
    5   19    8    7    3
   13   30   10    7    5
   15   19    2    6    4
   14   16    2    3    6
   19    6   10    9    5
    7   23    3   12    5
   22   15    8    8    6
   12    4    8    7    3
   28   27    2    9    8
    4   16    6    6    7
   28   22    2   11    2
   16   19   10    8    4
   13    7    6    2    3
    5    5    5    1    8
   11   22    5    7    2
   26    5    8    3    4
   22   18    8    6    3
   28   30    9    8    4
    8   17    1    4    6
    4   13   12    2    7
   13    5    4   12    4
   21   12    7   10    9
   12    3   11    6    6
   21   25   12    9    4
   18   28    8    3    4
    7    7    2    5    5
   17   19    8   10    5
   25   30   11    6    2
    5    1    3    4    6
   14   29    9   10    3
    8   18    9    5    4
   13   14    1    3    2
   26   13    9    6    3
   20   21    3    3    3
    1   11   11   10    3
   14    6    8   10    3
   20    7    8    6    2
   24   20   11    1    1
   27   17   12    2    4
    9   30   11    6    4
   12    7    1    6    1
   19    3    5    5    8
    8    8    1   10    7
    1   15    7    1    6
   18   10    9   11    8
   24   28   12   12    4
   17   26    2   10    7
   10   20   12   12    3
    5   18    4    2    3
   15   16    5   11    3
    2   15   12   10    2
   13   27    6   12    4
   11   19    3   10    4
   30   24    6    5    3
    4   29    7    7    3
   11    6    4    7    3
    5    8    5   12    2
   24   16   10    5    2
   14   14    4    5    7
    6   29    6    9    1
   17   12    2    3    6
    4   28    3    1    6
   30   12    5    3    5
   10   22   12    5    3
   19   26    6    3    5
   20    1    4    4    5
    1   21   11    3    5
   15    8    4    3    5
    3   21    2    2    7
   22    1    1   12    4
    4    8    6    4    4
   11    2    1    2    6
   29   19   11   11    6
    2    8    2    3    6
   13   24    9   12    5
    6   26   12    4    8
   28   15    2    6    6
   26   18    4    7    9
   27    2    7   11    4
   30   21    6    6    3
    8    6    4   11    1
   14    2   10    9    7
   18   15   12    8    6
   17    9    7    9    3
    9   15   12    4    3
   11   11   11    5    3
    7    4    2    6    2
    6   25   11   12    1
   11   28    1    5    1
   29   25    4    9    8
    9   26    6    7    6
    3   18    6    2    4
    4    1    7   11    3
   18   11    9    2    4
    7   22    9    4    4
   22    3   10   10    3
   17   24    2    1    3
   20   25    3    4    3
   16    6    4    5    2
   10   26    4    2    3
   25    5    9   10    2
   18   13    1    4    7
   10   17    9   12    3
   14   11    3   11    6
   26   28   10    4    3
    9   27    3    9    2
    1   12    9    1    2
   22    4    5    1    6
   19   14    3    5    3
   10   10    5   11    3
   11    3   11    6    3
   22    5    3    8    5
   24   21   11    4    4
    3   10    4    9    2
   24    1    4    1    2
    7   21    4   11    1
   20   26   12    9    4
   28    1    4   10    3
   20    5    6   12    3
   11   17    1    5    2
    5   23    8    2    4
   11   21    6    5    6
   29   22   12   11    3
   18   25    8    8    3
   25   27    4   11    3
   25   14   10    5    2
   22   30   11    3    4
   16   21    1    8    3
    3    1    8    8    3
    2    7    7    6    2
    6    4    3   10    6
   16    7   12    7    3
   30   10    3   10    4
   19   19    6    7    7
   29    1    6    4    5
    2    2    7    9    6
   12   11    6   12    6
   16   26    5    8    5
    1    1   11   10    7
   26   21    3    8    5
   12   12   12    2    9
    7    9    5    9    6
   26   30    3   10    4
   11    9    5    8    7
   10   25    3    4    3
   13   20   12   12    4
   20   11    4    2    7
    4   24    5   11    3
    2   28    3    6    3
    7   19   10   11    1
   17    2    3   12    2
   16   27   11    5    6
   23   16    2    6    2
    6   23    4    6    1
   15    4    6    6    2
   12   26   11   11    3
   10   19    1    2    4
   16   12    4   12    3
   11    4    3    3    6
   12   27    9   12    2
   25    7    3   10    3
   25   12    8    5    2
    7    6    7    4    3
   22   27    5    7    2
   23   23   10   12    1
   17    6    3    5    2
   19   21    8    1    3
   13    2    9   12    7
    6    1    9   11    3
   26   29    9    2    6
   26    1   11    3    3
   12   22    9   12    4
   22   26    8    5    2
   30    1    3   10    3
    1    2   11    2    7
   12   29   12    9    2
    8   24    6    4    7
    3   27    5    7    6
   29    9    3    6    6
   19   18    1    4    5
   10   28   11    7    3
   20    9   11    9    2
   20    8   10    2    3
   17    4    7    3    6
    2    6   10    6    5
   23   25   10    7    2
   26    8    4    9    3
   27   20   12    5    6
   20   16   12   10    6
   22    8    6    7    4
   22    9    3    8    5
   23   27   10    1    3
    8   19    2    4    5
   29   28    3    6    3
   21    2   10    6    9
    3   23    2    5    2
   13   16   11    3    8
   24   11    4    6    4
    6   15   11    4    3
   24   26   11    9    4
   27    8   11    7    2
   29   23    9    2    5
    8    9    2    9    3
    5   30    9    7    4
    6   24    2    4    3
   21    6   12    1    7
   29   21    6    7    2
   29   27    6    1    6
   29    5    8    1    2
    2    5    9    5    3
   30   29    9    2    5
   11    7   12    1    7
   17   30    5   11    5
   13   21    6    6    4
    3    9    6    5    4
   27   11    1    4    4
   30   20    1    6    6
   14    4   12   11    6
   14   27    8   11    6
   23   21    9    9    4
   21   28   12    8    4
   30   11    8    4    5
   19   22   10    7    3
    4    2    4    2    7
    3   14    8   11    4
    3   13    2    4    3
    9   14    3    8    3
   27    6    8   12    7
   17   16   10   12    8
   27   18    7    3    6
    4   10    7    1    5
   17   22    3    9    3
    6   22   12    9    9
   13   10    7    8    3
    4   27   12    3    5
   26   15    4    8    2
   25   19   12   12    2
   30   18    5    3    3
    3   29   11    1    2
    5   16    3    7    3
    4   25    6    5    3
   20    2    3    5    4
   27   15    7    5    7
   30   16    7    6    3
   18    4    2   12    5
    1   19   10   12    5
   30    2   11    9    4
   28   25    7    9    3
    8   29   10    1    3
   14   12    6    9    2
   22   20    2    4    3
    5    7    8    4    7
    9    9    5    6    8
   18   17    6   11    6
   16    8   12    6    3
    1    8    4    2    5
    6   13    1   12    3
    3    7    4    7    4
   15   17    4    1    2
    3   17    5   10    5
    9   24   12    1    3
   25    8    9    1    4
   24   27    5    5    3
   19   13   12    2    6
   13   11   12    9    6
    7   26    8   10    4
   14   18    8    3    5
   30    3    6    7    4
