   10   22    9    6    4
    1   29    2    4    3
    5    9   11   10    3
   25   29   10    9    2
   13   22    6    7    2
   11   17    6   10    3
   17    4    9    2    3
   29   29    9    7    8
   25   14   11    8    5
   25   23    6   10    6
    2    8   10    6    4
   27   13    1   10    4
   18   17   12    6    2
   30    2    6    6    2
   11    6    4    8    3
   21   20    7    4    3
   24   10    6    6    2
   21   30   12    5    3
   10   12    3    7    3
    1   12    3    1    3
   23   17   11    8    6
   21   22    6    4    4
    1    9   11    9    3
   16   20    1   12    3
    6    3   11    6    3
   13   11   10    7    3
   29   11   10    6    3
    9   17    9    6    2
   23    7    8    4    3
   22   27    9    3    2
    6   23    6    4    2
   28   18    2    7    3
   15   19    4    3    2
   16   11    3   12    2
   10   11   11    8    3
    7   12    3    1    6
    8    9    8    7    3
   10    4    2    2    3
    2    4    9    3    3
   14   22    7    6    3
   28   16    3    2    2
   17    5    2    5    2
    4    3    2    3    2
    8   27    4    9    2
   30   10   10   12    1
    9   29    4   11    2
   27   18   12   11    1
   19   23    4   10    2
   12   17   12   11    3
   22   30    5    2    2
   24   14   10    2    1
   27    7    7    9    1
   28   22    4    8    3
   23   16    4   10    6
   19   21    8    7    2
   10   16    8    4    1
   24    3   12    3    1
   24   11    8    4    1
   26   12    9    2    2
    6   27    8    6    2
    1   22    7    4    2
    1   28    3    4    1
   22    4    4    3    2
   30    8    8    5    1
    9   10   11    7    2
   28    9    9   10    1
   10   17    6    6    2
   29   26    3    1    7
   15    4    9   12    4
   21    9    2    9    1
   13   28   10    7    1
   15   21    9    9    3
   11   12    3    2    3
    8   25    4    8    1
    3   23    5    2    2
   22    6    3   11    1
   13   13    9    6    9
   21   16    2    2    2
   15   30   10    3    2
    4   30    1    1    2
   14   14    5    3    8
   16   16   10   12    9
    9    6    3    7    1
   30    7    7    6    1
    9   11   10    4    1
   25   30   11    8    1
    2    3    8   12    2
   27    1   10    7    2
   30   27    2   12    3
   21   24    9    4    2
   25   18    9    8    5
   17   15    8    7    4
   23   28    9   12    6
    7   15    1    6    2
    2    1   12    6    2
   27    4    9    3    2
    1   23    2   11    1
    9   18   12    2    2
    9   22    2    4    1
    1   21    6    4    2
    6    8    7    4    1
   22    5   10    4    2
   17    6    8    7    5
    8   23    8    4    1
   19   26    1    7    5
   19    7    6    1    2
    7   25    3    6    1
   25   11    9    5    1
   25    9   12    4    4
    2   29    1   12    3
   24    9    6    2    1
   27    5    8    3    1
   16   13    6   12    8
   21   10    9    7    4
    1   26    5    7    3
   17   24   10    1    2
    5    5    5    6    2
   11   28    6    6    3
   29    7    5    9    1
   19   20    9    6    3
   29   13    4    5    4
    8   17   11    7    3
   19    4    9   12    7
   17   26    8    7    3
   26   22    7    8    1
   10   10    2    5    2
    9    9    9   11    2
   26   18    7    6    3
   30   13    3   11    1
    7   11    1    4    1
   28    3   10    9    1
   12   28   10   10    1
    6   14   10   11    2
   25   25    8   10    2
    8    3    5   12    2
   18   24    3    3    2
    5    3    2    5    5
   17   22    9   10    2
   19    1   12    8    2
   13   20    7    4    4
   10    3    3    1    4
    7    5    7    4    3
    2    2    4   12    2
    1    1    6    7    6
    9    3   12    4    5
    1   10    8   12    3
   27   19   12   12    3
   24   24    7    1    3
   30   18    7    9    4
   23   13    7   11    4
    2   20    7    5    2
   24   25    9    9    3
    1    6    9    8    2
   30   14    8    3    8
   23   26    2    5    5
    2   25    4    3    2
   23   20    5    8    2
   25    6    3    3    2
   29    4   10   12    3
   30   30    5   12    7
   25    3    1    4    3
   14   19   11    1    5
   27   16    7   10    5
   26   21    8   10    5
    2    7   10    1    3
   24   15    5    6    1
    7   26    4    5    3
   14    5    1    9    2
   21   14    7    4    4
   27   17    1    3    4
   29   28    4   10    3
   20   28   11    7    1
   26    6   10    8    2
   22   23   12   12    1
   24   26    2   12    2
   26    5    2    4    3
    2   27    4    7    3
   11   26    7    6    2
   10   23   11    7    5
    6   16    6    5    1
    6   20   11   12    2
   16    8    7    9    4
   21   11   10    2    7
    7    3    4    6    6
   15   27   10    5    3
   16    5    5    5    3
   18   19    7    7    2
   23   23    8    4    4
   21   13   11    6    2
   17   19    5   10    2
    6   13    8    8    2
    3   22    1    1    1
    9   26    7    8    2
   15   15    6   11    6
   25   20    1    1    6
   12    9    6    3    2
   28   28    2    4    7
    4   20   10    8    2
    5   25    2    4    2
   15   29   10    6    4
   20   15    9    8    2
    5   19   10    3    2
   17    1   10    3    2
   11   20    4    3    3
    6    5    7    1    3
   24    7    9    7    4
   18   21    7   11    2
    7   10    4   10    1
   11    5    2    3    1
   12   13    6    3    2
   16   26    6    7    2
   21   27    2    9    3
   24    6    8    9    1
    8    7    7    5    1
   12   25   11    5    1
   30   12    6    5    2
   25   28    8    4    1
   14    8   11   10    2
   26   30    2   12    2
   15   13    1   12    1
    8   12    9   12    1
    5   18    3   11    2
   12   20    8   11    4
   12    3    8    3    2
   22   22    2    3    5
   13   17    5    1    2
    4    9    9    3    3
   12    2    4    7    2
   10   27    2    1    2
   22   12    9   10    7
   18   18    6    8    4
    1    5    2    2    6
   16    4    2    4    5
   16   15    2    5    2
   14   10    3   10    2
    8    4    6    4    6
   18   23   11    6    2
    3   27    7    4    2
   24    1   12    7    1
   17   17    6   12    9
   23    2   10    8    1
   13   25    5    5    1
    8   24   12    8    4
   13    2    6   10    1
   18    2   11    4    1
   19   28    8    2    7
   20   18    8    9    2
    1    7   12    2    5
    1   15    2    4    1
   14   13   12    5    1
    1    4    9    1    6
   25   16    4    3    4
   21    7   10    1    1
   24   20   10    2    1
    1   11    5    5    3
   30   19    3    3    1
    6   30    5    8    1
   15    8    2    7    1
   15   28    7   12    1
    4   11    5    9    1
   20   14   12    9    1
    8   10    1    4    1
   12   18    6    3    1
   24   16    8    8    1
   10   28    8    9    3
   10   19   12    9    4
   19    9   12    2    1
   10   18    9   12    1
   21   29   12   12    1
   29    3    3    4    4
   12    6   10    6    8
   26   10    1    4    2
   17    3    9    1    1
   23    4    5    1    1
   16   14   10   12    2
   18    6    8    4    1
    3   20    4    2    1
   13   10    6    9    1
   26   13    3    5    1
    6   15    7    5    1
   25   10    7    9    1
    9    7    3   12    1
    2   24    1    2    1
   15    2    2    6    3
   26   27   12   10    7
   18   22   11    8    2
   15   18   12    7    2
    2    9    8    9    1
   20   30   11    3    6
   28   30    4    6    1
   19    2    2   10    3
   30   16    2   10    2
    1   25   11    6    2
   11   27    1    4    1
   22   11    9    3    8
   14   26    3    1    5
   26    8   11    4    4
   25    4   11    3    4
   11   11    4   11    4
    3   16   12    6    3
   20    8    2    9    2
   20    5   12    5    2
    7    7    7    2    6
   28    6    7   10    1
   12   19    3    6    4
    5   24   12   12    3
   23   30   12    6    2
   23   21   12    4    6
   19    3    1    7    2
   29    6   11    5    2
    8    1   12    6    2
    4    5   11    4    3
   24   13   12   12    3
   20   26   10    6    6
   28   27    3   10    7
   26   26    1   12    7
   28    8    7   10    2
   13   18    7    5    2
   25   19    8    9    2
    4   28    8    5    2
   25   27    1    5    2
   23   27    6    1    3
   29   16    7    9    1
    8   13   10    2    3
   27   29    9    3    2
    5   29    4   11    3
   17   20    2    2    7
   13    3    2    5    5
   13    7    2    2    2
   27   27    5    9    3
   10   29    9   12    5
    5   23    4    2    3
   10    6    4    7    2
   12   12    3    8    8
   10   15    3    3    1
   22    8    5    3    3
   12   16   10    3    1
    5   28    1    1    1
   14   23    3    1    7
    3    3    6    7    7
   11   14    8   11    7
   13   19    1    7    2
   14    9    9    3    2
    5    2   12    7    1
    9   13    9   10    1
    1   30    1    4    5
   18   11    1   11    4
   10    2    8    4    4
    5   15    2    4    2
    2   22    8   11    2
    5   13    1    6    1
   25   15    8    9    1
   30   11   11    8    1
    4   21   10    2    4
    5   12    4    7    3
    9   27    1    8    1
   21    6   12    7    8
   16    1    5    2    2
   28   21    8    1    4
   19   19    2    5    9
   21    2    4    1    4
   30   29    4    5    4
    8   11    5    5    5
   24   28    7    8    1
    9   20    5    3    1
    5   30    5    2    2
   17    7    7    5    2
   28   14   11    9    3
   18   14    1    2    5
   29   19    9    3    2
   30    9    9    3    1
    5    8    1    6    4
   24   12   11   11    2
    7   18   10    9    1
   29   23    6    1    2
    6    6    7    9    9
   14    3   12    6    3
    4   12    6   12    3
   20   27    5    8    4
   14   12    1    7    8
   22   25    6    1    2
    4    4    3   11    8
    1   18    7    5    3
    7   28    8    8    3
    9   23    4   11    1
    1   20    2    2    2
   29   12   12    5    1
    1   14    5   12    1
   17   16   10    1    1
    3   30    6    8    1
    1   13    1    2    2
   16    9    4    2    2
   17    2    3    7    1
   15   14    3    9    1
   28   26   12    7    1
   25   21    8   12    1
    7   16    5    7    8
    8   18    6    2    3
   22   29   12    7    1
   17   28    4    5    1
   11   23   12    3    1
   17   21    2    6    2
   12   21   10    3    8
    6    7   10    1    5
    8   19    2    7    7
    4   26    1   10    3
   29   17    2    2    5
   24   19   10    5    1
   22   24    6    6    3
   22   16    8    6    1
   18    4   12   10    1
   25   17    3    7    7
   24   27    6   11    1
   17   30    1    3    2
   11    2    9    5    1
   30   24    2    3    1
   23   15    3   12    1
   18   29    8   11    6
    3   21    5    3    2
   20   20    8   11    6
   20   22   10    4    2
    6    2   11    1    2
   15   22    5    4    4
   21    8    5    4    1
   11   19    6    8    1
    4   24    1    1    2
    2   16   10    5    1
   24   23    2    2    1
    2   28    3    1    2
   11   15   10    1    3
   15    9    9    2    1
    8    8    5   11    5
    5   10    7    2    5
   20   10    3   11    8
   20   29    1   12    5
   12   23    4    6    2
   15   26    1    2    3
    7   14    9   12    2
   16   19   12    1    5
   16   18    7    6    3
   29    8    1    6    1
    4   14    1   11    1
   27   12    2    3    3
    5   21    2    5    2
    7   22    8   12    2
   15   12   12    8    2
    4    7    6    7    2
   19   22   11    2    2
    7   20    2    1    1
   17   14    1    6    1
   26    3   12    2    1
    3    1    7    9    1
    4   13    4    7    1
   27   14   10    2    1
   18    3   11    5    1
   29   24    9    5    1
   25   26    5    6    3
    2   14   12   11    2
    6    4   11    3    6
   21   21   12    4    8
    2   26    4   12    5
    3   11   10    9    8
   19    6    7    8    1
   15    3    1   11    2
   29   14   11    4    6
