   13   19    1   11    5
   18   23    7    3    6
    6   23    8    4    3
   21   30    2    2    5
    2    9    2    3    4
    5    5    2    4    9
    1    8    5   10    8
   11    5    9   11    6
   14    3    2    8    3
   10   29    8   10    5
   11    8    7   11    5
   10   24    5   10    4
   23   20    3   12    1
   22    3    2   10    3
   15   21   11   11    3
   18   24    6   12    2
    6    5   11    3    3
    6   18    2    4    3
    1   13    8    2    6
   17   11    9    2    6
   22    9    4    4    5
    3    3    1    3    9
    2    1    4    3    7
   13   26    4    5    5
   25    7    8   11    5
    1   21    9    3    6
   20   26    2   10    4
    8   27    6    6    3
    7   26    7    3    2
   21   21    8    7    6
   26   27    8    9    6
    3   11    9   12    4
   12   15    6    6    2
    3   17    8    4    4
   14   14    3    4    8
   25   12    7    1    6
   13   10    8    9    2
   24   27   11    9    6
   25   30   12   11    6
    1    1    4    3    2
   13   11   12   10    7
    8    9    4    2    7
   12   16    3   10    6
   12   26    3   10    2
   15   22    6   12    7
   15    3    6    5    9
   23   21    2    7    7
   18   20    3    4    2
   29   13   11    6    6
   23    8    7   12    2
    3   29   11    6    3
   23   10   10    6    1
   12   27   11   10    7
   30   27    8   11    2
   22    2   12    2    7
   11   21    5    1    7
   19    5    8   12    2
    1    6    3   12    2
    2   26    7   12    6
   25   16    3    3    2
    5    2    6    5    1
    3   30    7    9    1
   29   12    2    7    1
    7   11    8   10    3
   11    1   12   11    6
    4    8    2    8    2
   25   14    9    6    6
   29   20    2    6    7
    8    8    6   12    9
    6   11   12   11    2
    7   13   12   12    8
    5   24   10    5    6
   21   20    5   11    3
   11   22    5    9    6
   11   26    5   10    1
   19   26    4    4    1
   25   25    5    3    3
    3   23    3   12    3
   19   21    6    7    6
    9   17   11    3    7
   13   24    8    1    3
   14   20   10   11    7
    7   14    6    8    4
   13    9    1    6    7
   13   27    8    7    5
    6   13    8    2    3
   15    4   11    7    4
    8   25    1    9    6
    1   28    6    6    8
   21    4    5    9    8
   24   23    6    3    3
    4   29    8   12    2
   14   26    2    3    2
   28   26   11    5    2
   20   16    8    9    3
   14   11    8    6    7
   14   12    8    1    6
   15   18   12    2    2
   11   28    3    3    4
    1   27   10    3    4
   23   19    4    2    1
   12    4   10   12    7
   18    9    4   10    3
   18    2    4   10    4
   14    1    9    2    5
    5   18    7   10    2
   15   10    6    5    1
   16    6    7    9    5
   26    6    2   12    3
   12   23    7   10    3
    4   26    2    7    4
   30    1   12    8    4
   16   30    9    1    1
   27    7    7    5    2
    2    8    7    7    5
   10   11    5    8    3
    5    1   11    4    7
   15   26    7    3    7
    8   29    2   10    2
   16   16    8    6    6
   12    3    3    8    5
    1   20   12   11    2
   30    8   12   10    1
   20   27    8    6    3
   14    8    9   10    1
   24    9    8    7    6
   29   22    8    1    7
   23   22   10    8    2
   12   24    2    6    2
    8   13   12    4    8
   26   25   12   10    2
   15   13   12   10    3
   17   20    5    3    9
   22   17    2   10    3
   25   19   12    1    8
   30   18    4    5    6
    9   27    1    5    1
    3   24    8    8    8
   17   18   12    3    7
   27    3    1    5    3
    3   16    7    3    6
   20    3    3    3    8
   29   23    8    7    7
    2   23    7    7    1
    3   13    7   11    3
    2    2    6   10    6
   15   29    4    1    3
    4    4    9   11    6
   14   22    5    9    7
   16    7    9    4    5
   15    1    5    6    3
   14   18    1    1    7
   24   28    4    5    2
   27   28    3    2    5
   24   14    3    8    4
   16    8    3    4    1
   11   18    1   11    3
   10    6    6   11    7
    2   29    7    4    3
    5    3    9    3    4
   23   25    6    1    5
   18   28    8    1    6
    3   21    8    4    7
   14   13   12    4    7
   22   24    5    5    6
   14   28    4   12    4
    2   21    4    5    2
    6   12    5   12    7
   28   15    1    7    6
    6    6    1    7    8
   17   15    3    4    4
   16   10    3    4    6
   15   23    4    6    4
    5   13    8    9    5
    9   23    3    2    4
   13   25    3    9    6
   15   16    9    1    7
   16   14    9    1    4
   19    9    9    6    6
   10    7    8   12    3
   24    7   11    7    4
    4    5    2   10    6
   29   16    3    4    5
   26   24    7    4    2
    6   30    5   12    4
    9   21    8    8    3
   28   16    6   11    7
    8   12    4   10    3
   19   15   11    3    2
    4   24    1    8    6
   27    2   10    1    2
   18   21    9    7    4
    5    9    5    5    6
    6   14   10    6    2
   24   15    3    5    3
   19   20    3    7    1
   10   14    7    1    6
   24   20    4    8    3
   21   27    1    2    2
   10    3    8   10    1
   17   14    6   10    6
   29   29    4    8    7
   11   11    8    6    7
    1   10    1    5    2
   28   21    8    2    6
   25   27    5   12    2
   19   29    1    7    2
   24   19    5    3    6
   25    6    8    7    1
   14   21    9    9    3
   11    9   10    5    6
   22   27    3    2    2
   10   10    7    4    6
   12   21    9    9    7
   21   10   10    1    2
   17   25    9   12    1
    5   27    4    5    6
   16   11   12   10    1
   24   30    9   12    3
   29    5   12   10    3
   25    3    5    8    1
   20   30   12   11    2
   25   20    9    8    4
   23   17    5    9    6
    5    8    7    9    7
   20    2   10    8    8
    8   20    1   12    6
   25   18   10   11    4
   18   18    8    2    2
   24    2   12    3    1
   24   16    8    5    3
   10   22    6    8    4
   25   10    5    9    1
   27   11   12    9    3
   22    1    1    7    2
   16    4   10    2    6
    1    3    5    1    7
   15    9    8    2    3
   13   20    8    3    8
   20   10    5    1    2
    9   25    9    8    3
   11   23    1    5    1
    1   17    9    7    6
    7    6    2    8    7
    8   17    8    8    6
    5   12    2    1    2
   29   17   11   12    8
    1   18   10    2    6
   27    4   12    9    2
   14   30    8    4    5
   30   12    5    3    3
   26   29   12    7    2
   13    4    9    6    5
    5   22    6    2    6
   19   12    4    6    5
   29   28    6    8    6
    4    2    5    4    6
    8   28   10    9    2
    4   20   10    8    5
   18   29    5    7    4
   14   27    1    3    7
    8   15    9    5    2
   13   23    2    1    3
   23   27    1   10    1
   26    9    8    4    3
    5   30   10    1    2
   15    2    6    9    5
   25    2   10    2    3
   14    2    4   10    7
    8   22    6    3    6
    8    6    2    1    5
    3   19    1    9    8
    7   22    4    7    6
    3    6    9   11    2
   17   17    6    4    8
    5   23   11    8    3
   16   26   11    9    4
    3    4    9    1    5
   27   15    6    9    7
   17   16    4    6    1
   17   13    3    8    3
   30   15    7    9    5
    2    7   12    5    2
   28   13    4    1    1
    7   17    5   12    5
    2    6    3   11    4
    7    7    4   11    6
   26   17    5    4    2
   21    7    9    4    4
   30   23    2    6    3
   15   11    3   10    6
    9    4   10    2    4
    2   17    9    5    4
   27   19    1    1    3
   29    6    6   10    1
   26    8    7    2    3
   25    1   10    1    2
   11   24    1    2    5
   19    1    3    6    4
   12   11    7    2    7
   22   18    9    7    2
   18   27   11    3    5
    4   18    9    2    3
   28   20    8    1    2
   27    6    1    7    6
    9    1    8   11    5
   29   25    7    5    3
   11   25    4    3    5
   19   22    8    6    6
   12   12    5    7    5
    5   17    7    3    1
   21   25   10    6    3
    5    7   10    5    6
   30   22   10    7    3
    8   10   12    6    2
    9   14    5    2    4
   17   19    3   12    5
   28   23    2    4    7
   17   28    3   12    5
   23    4    8    7    3
    2   12   10    5    3
    7    3    7    9    4
   22   22   10    7    5
   23   14    2   10    3
   13   21    6    9    4
   29    9    3    7    4
    6    4    9    4    5
    2    3    7    4    4
    2   10    1    7    6
   19   19    1    5    4
   30    2    1   10    7
   15   25    4    4    3
   18   19    7    4    2
    7   30    6   12    4
   30    4    4   11    5
   30   11    8    2    6
   23   16    5   10    3
    9   20    5   10    1
    5   16    7    4    3
    6   22    8    9    5
   15   20    4    4    4
    3   26    4    2    3
    1    7    3   11    2
   10   27    5    7    5
   19   14   11    1    4
   27   27    6    7    6
   12    1    8    8    4
   16   22   11    2    2
   16    1    8   10    5
   26   10    9    1    5
    7   28    9    3    3
    2   13    6    1    1
   19    2    8    1    3
   20    6    7    5    4
   11   19    5   11    2
   22   12    2    3    5
   26   26    2    8    7
   12    7    1    9    3
    7   19    9   11    2
   28    2    2   12    4
    4    7    9    5    6
   20   12    2    8    4
   12   13   12    8    6
   19   30    2    5    3
   18   10    9    3    2
   24    6    7    5    5
   28   28    6    8    7
   26   21   10    9    2
    4   10    2    6    4
   10    5   11    8    2
    7   20   11    7    4
   12   18    9    7    6
   19   28   10    8    2
   28    5   10   11    4
    9    7    7    1    1
   11    2   10   11    4
    1   23   12   12    2
   30   13    4    3    5
    8    7    5    3    7
   19   16    6   10    8
   22   21    6    7    6
   14    4   10    1    2
   13   18    8    7    8
   12   17   12    8    6
   26    1   11    7    5
   22    4    2    5    3
    5   25    5    5    4
   27   29    4    7    1
   29   21   10    8    6
    6   21    7   12    7
    8   19    5    8    8
    8   24   12    1    6
    3   18   10    5    5
    2   16   11   11    2
   29   14    3   10    3
   16   27   11   11    1
   30   28    7    4    6
    9    6    6    3    3
   17   24    2   11    7
   15   15    7    9    2
    9    9   12    1    6
   13   13    4   10    8
   26   22    9    1    5
   24   29   10    1    2
    3    8    7    3    5
   23   23    9    6    6
   28    6   11   12    2
   21   24    6    1    7
    7   18    1   12    3
   30   10   10   12    1
   25    4   10    8    1
   15    7    2   11    1
   22   25    4    6    7
    9   30    2    8    3
   29   11    4    5    2
    9   28    3   12    6
    6   17    3    6    5
    5   26    4    8    3
   16    9    2    1    4
   21   17    6    2    6
   24   24   12    9    5
   25   28    1   10    2
   17   30    4    9    6
   10   19    1    6    8
   12   28    5   11    5
    6   15    5    3    7
   21   16    7    9    5
   10   12   11   11    6
    1   24    8   12    6
    4   19    5    8    3
   20   20    1    7    8
    9   10   10    4    2
   15   14   10    3    3
    5   15   10    9    6
   30   29    6   11    2
   22   20    7    6    6
   21    5    2   11    7
   13   22    1    3    5
   16   13    6    6    7
   12    9    1    3    2
   23   26    4    6    7
   20   11    6    8    2
   25   24    2    4    4
    5   20    7    6    3
   18   26    1    3    5
   26   30    9    7    7
   28   10    4    3    3
    7   23   10    9    5
   18   16    7    5    7
   14    5    1    2    4
    4   11    3    2    2
    1    4    5    1    6
   30   30   12    5    7
   17   27    8    5    4
   19    6    6    4    2
   21    8   12    4    3
   17    4    8    1    1
    4   28    8    7    5
    3    9   10    8    3
   17   10    2    8    2
    7   29    3    5    1
    8   18    7    5    3
   22   28    3    2    5
    1   29    8    4    5
   28    3   11   12    4
