   14   20    9    1    6
   22   25    3    7    3
   27   26    3   10    8
   30   22    8    6    5
   20   23   11    8    6
    7    1   11    6    3
   29   10    2    8    8
   22    4   12    8    5
   20   24    9    7    2
   24   29   12    7    3
    5    5    6    1    4
    5    2    1   12    4
   26    9    5    9    5
   16   22    3    3    4
   19   30    8   11    3
   19   26    1   12    6
   11   22    3    7    3
   14    2    4    3    7
   18   10    1    8    7
   23   28    9    5    7
    7   11   12    4    7
   25   21    8   10    4
    3    3    4    7    4
   27   25    1    5    3
   17   30    5   12    5
   15   28    5    6    4
   10   22    6    5    2
    4    2    9    7    6
   28    6    6    8    2
    8   29    8   12    4
    3   26    7    1    3
   14   29    2    8    4
   20   20    6    4    8
    3   30    5    6    4
    7    7    3    4    2
   20   28    5   11    4
   15   15   11    6    3
   18   26    2   11    4
    9    8    8    2    4
   11   11    7    8    4
   12   29    8   10    2
    6   11   10    4    2
   15    3    3    7    3
   22   22    7    6    3
   10    5    8    8    3
   17    7    4   10    1
   12   16   12   12    2
    2   20    4   10    3
   16   26    2    1    3
   11    5    3    4    2
   21   23    2    5    1
   22   17    9    5    4
    6    6    2    7    4
   29   21    5    3    2
   22    5    4    6    3
   26   24   10    1    2
   15   23    5    9    4
    4   11    4    1    4
    4   30    2    8    6
    3   19    4    6    4
   28   18    1   12    3
   14   23    3   11    1
   29   26    3    8    5
   29   29    5    7    4
   30   21    6   10    4
   23   25   10   12    3
   19   17    4    7    3
    2   18    2    2    8
   18   15    1   11    8
   27   17    9    1    1
   29    2   11   10    3
   11   20    4    8    3
    7   30    8    7    3
   25   14    8    4    2
   30   14    6   11    2
   12    9    6    6    3
   14   15    8   11    8
   28    9    2    5    2
   27   13    5    3    3
   13    4    9    8    3
   11    8    7    6    8
    9    7   10    8    3
    8   21   10    6    8
   10   23    7    5    3
   10    8   10    6    8
    3    8    3   12    7
   25    3    9    4    7
   17   17    5    7    6
   25   20    6    9    4
   28   17    4    2    4
   19   16    7    7    4
   14    5   10    9    2
   29   28    9   11    3
   14   28    7    4    2
    3   14    9    9    3
   12   24    7   12    6
   17    9    8    2    3
   15   17   10    5    2
   29   27   10   10    2
   21   26    8    9    3
   20    7    2   12    2
    6   22    9   11    2
    9   23    9   12    2
   25    1    3    6    8
   19   20   12    6    6
    5    6    6    3    2
   10   25    3    9    1
   27   20    3    1    2
   13   12    4    1    6
   19    2    9   12    8
    5    1    4    4    8
   15   24    8    3    6
   26   25   12   12    9
    6   12    4    4    9
    9   27    7    9    7
   22   13   12    7    4
    3    1    9    6    6
   13   11    1    7    6
   17    5    9    3    4
   13    9    1    5    3
   28   26    1    7    2
   20    9    8    4    1
   16   13    6    5    3
    3    5    3    7    9
   14   16    2   10    8
   19    8   12    7    8
   23   24    1   12    7
   27   15   10   10    4
   11   21    5   12    4
   15    1    3    1    1
    2   25    9    1    5
   19   25   12    6    4
    9   21    9    5    2
    9   10    1    3    2
   29    3    8    7    2
    8   27    7   11    1
    1   14    5    1    3
    2   12   11    8    2
   17   23   10    2    2
   18    1    4    4    9
   15    8    6    5    4
   19    7   12   11    3
   15   20   12   10    5
   20   17    8   11    2
   10   30    9   12    4
   24   21    6    4    5
   24   16    2    9    6
    8    8    1    5    6
    3   28    7   12    3
   28    5    1   11    1
   21   12    8    6    9
   26   26    9    1    8
    8   25    3   11    5
    9    1   11    7    4
    7   15   12    8    2
    1   20   11   10    8
   22   28    7    1    2
   25   11   10    1    2
    6   16    2    1    2
   16    8    1    2    5
   24   24    3   10    4
    1   13   11    7    7
   19    6   11   12    4
   18   24    7   10    4
   12   12    8    1    9
    2   28    6    4    4
    1   28    5   12    4
   29    6    9    8    3
   24    6    3   12    6
   23   27    1    9    6
    1   17   12    7    2
   25   30    2   10    5
   14    6    9    7    1
   15   10    8    7    4
    3   23    5    8    3
   23   23   10   12    2
    2   16   10    1    2
   24   19    8    5    5
   29   16   10   11    4
   23    1    1    7    4
    6    2    4    3    2
   14   27    4   12    2
   12   26    8    5    3
   26   10   10    6    2
   30   20    5    6    9
   14    8    5    4    4
   20    3   10    5    4
    1   10    4   11    6
    3    9    5    7    8
    9    5    1    1    4
   18   23   11    1    3
   20   29    5   11    6
    1   24    1    1    4
    5   15    4    4    4
   11   12   11    9    4
   10   19    9   11    4
   19   29    8    9    3
   29   17    7   10    2
   11    2    9    8    8
   11   17   10    7    4
   26    1    5    2    3
   21   18   12   11    2
   10   21    5    7    9
   22    9    7   10    6
   12    3    4    2    4
    8    6   11    2    3
    9   19   10    8    4
    7   26   12    7    3
   29   18   12    7    2
    8   12    8    6    6
   18   14   10    1    7
   17    6    1    9    4
    8   18    2    3    4
   23   16   11   11    3
   25    9   11   10    4
   16    3    6    5    3
   28   10    7    2    2
   30   27    4    7    2
   17    3    8   12    2
   11   10    1    1    3
    6    9    7    3    3
   12   25   11    8    2
   10    6    3    9    4
    7   25    2    4    2
   15    6    4    5    3
   14   12   10    2    2
    3   21    2    5    1
   23    5    7    9    4
   30   15    3   10    6
   23    4    7    1    4
    8   24    6    4    7
   14   10    4    7    7
   22    8    8   12    4
   12    7    9    8    4
    5   26    7   12    6
   10   10    1    2    6
   19   21    9    1    7
    7   16    6    4    3
   21   27    6    9    3
   26   30    4    8    5
   13   20    9   11    6
   10    4    5   10    4
   11   27    1    4    3
   24    4   11   10    2
   17    8    3   11    4
    3   24    3    7    3
   16    1    1   10    3
   28   25    9   12    3
   21    2    9    7    3
    9   11    6    5    4
   12   28    5    6    4
   10   16    7    8    3
   22   21   10    8    3
   28   28   10   11    6
   13   13    2    6    4
    8   13    1    5    4
    7   29    9    6    4
    3   10   12    7    6
   13   23    8    6    6
    6   25    3    7    5
   20    8    8   11    3
   30   18    4    6    3
   23   30   11    7    2
   24   10    1    8    5
   18    7    1    2    2
    1   11    8    9    3
   21   17    8    5    2
   14   19    2   10    5
    6   13    1    4    2
   10   13    2    6    7
   28    4    9    4    2
   24   27    8    5    2
   18    5    6    5    4
   30   24    6    9    3
    5   19   12   11    2
   21    4   10    7    3
   14   24    8    4    4
   28   11   10   12    1
   22   20    1    4    1
   17   18    3    9    4
    5   16    2    5    4
   15   25    4    4    5
   19   11    9    1    6
    3    7    3    3    4
   14   14    2    9    3
    2   27    3    4    3
   23   26   11    4    1
    6   27    1    3    1
    2   17    2    6    7
    3   18    1   10    2
   22   23    3    8    1
   22   29    4    5    1
    4   25    2    7    8
    2   13    2   12    2
   24    9    1    8    1
    7    4    2   10    1
    4    3    2   11    1
    9    2    7   10    8
    2    8    6    8    8
    5   12    8    6    2
   30   28   11   12    2
    3   13    1   12    4
   30   30    9   11    2
    7   22   10    6    1
    5    7    6    2    4
   21   16    3    6    4
   24   17    8    1    3
   19   19   12    8    2
   23    2    7    4    6
   23    8    5   12    2
   26    2    9    5    6
   26   14    4    5    6
   13   14    7    7    4
   15    4   11    2    2
   15   12    2    1    1
   15   26    7    8    3
   27   18    8    5    3
   12   10    7    1    3
   30   29    6    1    2
   13    7    8   11    2
   22   24    8   11    1
   26   11   10    2    8
   11   29    1    9    1
    6    3    4    4    4
   10    2    3    1    6
    5   20    5    4    3
   23   11    6    8    1
   22   12    6    8    2
   11   30    6   10    7
   30    6    3    7    2
   28    7    6    8    2
   26    4    6    6    8
   18   20   10    5    7
   23   29    7   11    2
    5   25    4    1    2
    1    8   10    3    2
   21    1    2    8    3
   13    5    9    4    8
    7   24   10    9    2
   11   16   11    5    2
   25   25    1    9    6
   11   24    9    4    2
   18   13    9    5    2
   13   30    1    2    4
   16   16    8    2    4
   22    2    7    6    3
   24   13    9   10    3
   26   20   11    1    4
   22   19    7    3    6
    6    1    7    8    4
   28   21    1    4    2
   17   10    9    3    4
    9   14    5   10    3
   20   16    9    9    2
   23    7    7    3    2
   24   28    6    3    2
   29    4    4   12    6
    4    6    7    4    3
    1   29    2   11    6
   27   27    6    2    8
   17    4    3   10    7
    5    8    9   12    2
    4   14    5    6    1
    1    2    8    7    4
   12   23    6    6    3
   27   19    9    6    2
   19   28    3    9    2
    6    7    2    7    2
    5   27   10   12    2
   14   22    9    7    3
    2   15    1    7    3
    4   16   11    6    2
    3   22    6    6    3
    4   12   11   11    2
    2   30   10    1    2
   28   13    1    5    2
   19   23    8    1    2
   20   12    7    3    2
    7    2   12    7    2
   13   15    4    7    2
   30    9    3    3    2
   16   17    2    6    3
   16   15    6    8    2
   25   18    1   10    4
   11    3    3    1    3
   11   15    6    5    2
    9   29    1    8    1
   19   18    6    1    8
    5    4   11   10    2
   15   22    6    2    4
    5   24    4    1    3
    6   26   10    6    2
   16   27    7   10    3
    3   27    1    9    4
   16   28    1    6    4
   16   25    2    4    3
    2   24    2    2    3
    5   21    5    5    2
   18   12    1    4    3
   17   25    7    7    4
   20   21    2   10    3
   13   29    4    3    3
   27    1    5    3    3
   18   18   11    9    3
    6   20    7    9    4
    8   26    1    9    6
    4   18   12    4    6
    3    2    9    2    3
   27   22   12    8    2
   13   26    2   11    3
    7    8    8    7    3
   12   27    5    3    1
    9   16    2    1    7
   14   11    9   12    4
   10   27   10    3    5
    1    1    3   10    4
   13   25   11   12    3
   13   19    4    6    4
    5   29   10    9    2
   22   18   11    9    1
   27    7    9    5    1
   29   15   11    8    2
   16   30    5   12    2
    7   10    7    8    2
   26   17   12    2    1
    9   18    8    9    5
    7   14   11    9    3
   19    1    5    9    2
   17   12    3    5    2
   27   28   10    5    3
    4   27   11    6    3
   19   12    6    8    2
   30    5    3    7    2
    7   21   11    1    2
   14   17    2    1    2
   16   18    7    6    3
    1    4    2    3    4
   15   21   10    4    2
   30   12    2    4    2
    4    4    8    7    2
   21   14    4    7    2
   19   15    3   12    3
   18   11    8   10    2
   17   13    9   10    2
    4    8    3    7    3
   20    4    5    1    2
    9    9    8    1    6
   21   21    8    7    4
    4    9    5    9    3
    1   22   11    2    3
   30    8    5    1    6
   19    4    1    5    4
   21   13    1   11    4
    1   30    6    9    4
    9   15   10   12    4
   23    6    4    1    6
   28    8    8   11    3
    6   21    6    2    2
   12    1    1    6    2
    2    2    2    8    3
   29   25    8    4    3
   26   22    6    6    2
   18    6    4    8    1
   25   24    2   12    1
   20   10    2    2    3
