   15   10   12    6    2
    7    5   12   12    3
   30    2    9    3    2
    9    4   11    1    6
   26    7    2    2    2
    2   19    1    5    1
   14   25    1    4    1
   19   25    5    7    4
    5    5   10   12    5
    8    5    8   11    4
    1   18    2    7    3
    1   28    4    3    3
    2   13    9    2    2
   20   21    5   11    1
   30   20   11   12    1
    3   26    9   10    1
   10    5    7    3    1
   12   22   10    9    6
   23    4   11    6    3
   11   11    1   12    6
   28   13   12    7    3
   16    2    8    7    3
   18   22    8   12    3
   27   22    8    1    6
    8   17    6   11    3
    9   21    4   10    3
   12   12    8   12    8
   26   10    3   11    7
   25   15    7    2    3
    1   16   10   12    2
   16   20    6   12    2
   10    4    4    7    3
   13   26    6    7    4
    8   14    8    6    3
    2    5   12   11    5
    4   21    2   10    4
   26   19   12    8    3
   22    3    2    3    3
   17   13    6    3    3
   11   25    9   12    2
   15   17    8    9    3
   14   12   10    4    3
   18   17   11    7    2
   18   25    3    3    2
   18   30    6    4    2
   18   20    6    5    4
   23   28    1    3    3
   13   14   12    1    2
    1   22   10    1    1
   18    7    6    3    5
   24   26   10    1    5
    7   14    5    2    3
   23   10    9   12    3
   23    1   11    2    1
   29   25   11    2    2
    7   17    6    3    2
    1    3   11   11    2
   18   16    5    3    6
   30   22    5   10    4
    1   17    3    3    4
   20    9    5   12    3
   15    8    9    6    3
   15   26    8    8    3
   17   10    9    3    4
    8   18   10    5    3
   25   10   10   11    6
   13   30    1   11    3
   11    2    5    8    4
   16   17    9    1    5
   16    7    6    6    3
   14    5    2    7    4
   12   11    6    8    6
    9   13    3   10    6
    2   17    8    1    4
   12   29    8   12    1
    9    3   10    3    5
   21    1    3    9    3
   21   13    1    2    3
   27   28    9    6    8
   17   20    6    3    7
    3   28    5    9    8
    6   16   10    5    2
   15   15    9   10    3
   12   24   10   12    1
   19   29    3   12    2
   26   16    6    9    5
    4   26   11    7    8
   27   20    7   12    7
    9   19    4    2    6
   11   17    2    9    5
    8   27    4    3    1
   15   12    1    1    1
   28   20    8    1    1
    5   30    3    3    2
    2    9   12   12    3
   13   18   10    3    3
   27   26    5    3    7
   11    8    9    9    3
   24    1    5    3    2
   15    4    8    9    1
   30   29    2   12    1
   17   14    5    7    6
   23   21   10    8    4
   15    7    8    9    4
   16    9   10    3    3
   26   17    1    6    3
   30    7    3    7    3
   17   27    7    6    5
   29   11    1    2    3
   25   27    2    8    4
    5    9   12    9    3
   27    2    8    1    4
   21   24    5    4    6
   19   10    5    8    5
   28   10    4    6    8
    8    8    4    8    8
   29    7    2    9    6
   20   20    5    6    5
   18   26    9    6    4
   28   19    7    2    5
   26   20    7   12    4
   20   10    3    7    3
    2   12    5    4    2
    3    3   11   12    7
   13    7    7    8    4
    3   18    5    4    3
    4   18    2    9    4
   26   23   12    8    3
   16   28   11    8    3
   11   15   10   10    3
   15   24    7    5    3
    2   28    9    7    2
   14   23    2    5    2
    7   27   12    9    3
   13   23    1    3    2
    1   26    9    5    3
   21   21    8    1    2
   23   18    4    4    2
   22   23    3    3    3
    9   23    7    6    2
   10    9   10    2    3
   21   19   10    4    4
   24   28   12   11    3
   22   29    3    2    4
   19    6    5   10    5
    6    3    7    1    4
    9   24    3   12    3
    6   20    7    9    4
    3   13    2    4    5
   14   18    9    5    6
   23    8    5   11    5
    9   29    5    6    4
   25    4    8   10    3
   15    3   11    3    3
   30   25    1    7    3
   18   18    3   11    4
   24   22    4    7    3
    6    8    6   11    1
   21   17    8    7    1
   19   14    1    8    3
   12   10   12    1    1
    7    1    5   12    2
   15    9    1   10    5
    6   26    6   11    1
    6   17    5   12    1
   30    8    6    7    1
   18   24    5    4    1
   26    8    5    5    4
   26    5   12    1    1
    8   29   10    4    4
   25   17   10    2    3
    4    7    4    2    4
    1   15    5    4    4
   19   15    9    3    5
    5   21    5    3    5
   30   11   10    4    7
    4    3   11   10    6
   21   26    8   11    4
    7    6    5    2    1
   27   27    3    4    1
   12    1    9    1    7
    4    4    6    3    7
    6   15    3    3    6
    6   11    8    7    7
   14   16   11   10    7
    1   10    9   12    7
   16   11    7    4    4
   20    7    2   12    5
    7    2    5    5    6
    1    5    8    6    5
   13   22    2   10    4
    1   20   12    8    4
    3   29   10    6    4
    3   17    8    4    3
   11   28   12    2    3
   12    3    8    2    2
    2   22    4    9    2
   22    4    3   11    2
   14    3    9    9    3
   24   30    2    8    2
   11   22    5   11    2
   17    4   12    1    2
   20    3    5    1    2
   30    6    7    5    3
    5   19    8    9    5
   25    7    1    6    4
   11   20    7   12    3
   22   25    9    8    1
   17   22    1    1    4
    5   16   10   12    2
   10    7   11    2    2
   17    5   10    3    2
   14   22    1    3    2
   29   28    8   12    2
   27    5    1    8    2
   19    7   10    2    2
   25    9    2    7    2
   24   19    3   10    3
   10   10    3    8    4
   27   14    9    2    3
   18   29    7    4    3
   23   15    9    8    4
   10   18    6    5    4
   30    9    2    7    4
   21    7    3    7    4
    6   29    2    8    1
   28    7    2   12    7
   23   30    5    1    4
   10   29    7    9    5
    5   20    4    2    6
   27   23    4    4    2
   20   22   12    8    3
   19    1   10   12    4
   29   29   11    4    5
   21   22    2   12    6
   14   11    3    5    4
    9   26   11    4    3
   23    7    9    4    2
   19   27    3    5    4
    4   24    9    4    3
    3   23    5    5    4
    5   11   11    3    5
   15   20    6    5    4
   28   30    6    9    3
   11   23    4   12    4
    3   19   12    5    3
    7    7    3   10    2
   16    4    3   10    3
    2    8   10    1    3
   12    8    4    7    4
   17   17   12    5    3
   27   30    8    6    4
   21   11   10    8    6
   29    1    9    9    5
   16   10    2    5    3
   29    4    6    5    4
   17   30    6    3    3
   29    2    3   11    4
   28   21    5    2    5
   23   20    4    2    5
   17    9    2   10    4
    3   10    1   10    7
   14   26    3   10    6
    6   10    6   10    1
   16   16    3    8    3
    5   15    4    9    4
    6   18    5    3    2
   29   27    4    5    1
   25    3   12   12    3
    1   11   12    6    4
   22   26    6   10    4
   27    1    1    7    4
   24   14    5    6    4
    2   25    6   10    3
    9    9    7    1    4
   14   28    9    7    5
    4    6    9   11    1
    8   24    6   10    1
    9   11    3    7    1
   17   12    7    6    4
   27   18    5   12    4
   12   27    2    6    3
   25   20   10   10    3
   13   20    6    6    3
    6   25    1   11    2
    1    4    8    7    4
   19   19    2    5    6
   27    3    5    2    6
   10    2    6    1    4
   11   24    4    4    4
   28   12    5    2    3
   11   26    8    4    7
   24   27    1    9    1
    4    8    5    4    5
   25   25   11    9    4
    3   11    8    8    3
    9   12   11    6    4
    4   12    7    6    5
   27   11   10    9    4
    4   19   11    8    5
    8   20    3   10    3
   17   19    1   10    4
   12    6    9    9    6
    7    9   11    3    4
   14   14   11    6    6
    8   22    1   10    6
    1   25    4   11    5
   21   30    5    2    7
   29   21    1   10    6
   27   13    5    1    5
   14   21   12    1    7
    9    6    9    1    3
    2   21    5    8    3
   21   10    2    5    5
   21   16    8    7    4
   26   29   10   12    3
   17   29    6    2    4
   28    9    5    1    3
   18    2    7   11    3
   30    1    3    1    2
   22    5    9    8    5
   14   29    3   12    3
    2    4   12    8    4
   17   28    8    1    7
    7    3    4    8    7
   24   25    6    3    7
   28   28    5    2    4
    7   22   12    8    2
   21    6    9   12    8
   28   18   12    3    5
   16   15    3    3    3
   20    2    3   10    6
    8   21   10   10    4
   13   25   12    6    2
   17   23    7    8    1
   27   16    8    7    4
   20    4    6   11    3
   12   25    6   12    6
   26   12    1    2    2
   23   29    4    2    4
    2   14   12    1    3
   29    5    9   10    3
    4   27    6    7    2
   24   17    6    3    3
   19   22   10    1    4
   14    6   10    6    1
   12   16    9    9    2
   30   10   11    1    3
   13   12    8    9    1
   28   26    8    3    2
   13    1    9    4    3
   16   13    2   10    3
   13   15   10   11    4
    5    3    5    7    5
   12    7    1    2    2
   12    5   10   10    2
    8   25    2    7    3
   23   25    8    9    4
   15   21    9    7    1
    1    6    6    3    2
   22   16   10    1    3
    9    8   11   11    3
   29   20    4    8    3
    6   23    5    9    1
   21   18    8    4    1
   26   26   10    3    4
   12   30    6    4    3
   27   10   10   10    4
    2    6    2    1    1
   22   10    3   10    4
   18    5    3    4    5
   21   25    8   10    3
   30   15   11   11    3
   18   12   12    9    2
   23    2    3    7    2
    2    3   10    5    2
    4   11    1    3    3
    8    3    4    6    4
    7    8    9    2    3
    3   16    7   11    3
   24    7   12    5    2
   26   30    3    2    3
    1    2    3    6    1
    5   28   11    1    2
    6   22    8   11    1
    9   22    3   11    1
    8   19    6   11    4
   10   14   11   10    4
   16   23    3    2    2
    4    5    4    7    6
    8   16    6    3    3
   13    4    2    2    3
   10   24    9    3    3
   11   18    2   12    3
   27    9    8    1    5
   21   12    4    6    7
    5    6    2    4    2
    7   11    9    4    4
   20   19    1    1    5
   29   13    2   10    5
   30   30    2   10    7
   28   22    9   12    1
   16   19   11    5    4
   25   16    6    8    3
   27    6   10   11    1
   24    6   12   10    5
   18    9   12    9    3
   25   26   10    9    4
   20   12    5   12    1
   24   29    9    7    3
   10   13    8    6    3
   25    5    4   10    2
   30    3    2    7    3
    6    6    2    1    8
   23    5    3   12    7
   10   11    5    2    4
    2   26    3    5    4
    1    9    6   10    4
    3   24    4   12    4
   28    8    8    8    3
   29   15    4    5    3
    5   24    8    8    3
   10    8    8    4    2
    5   13    3    5    5
   14    1    8   10    7
   28    4   11    6    6
    6   13    7    8    3
   23   24    9   11    4
    2    2   10    5    7
   18   15   12    2    5
   16   30   10    3    5
    1    8    3    6    5
   24   24    5    4    7
   13   19   12    3    1
    6   28   12    4    2
   24   16    2   11    3
   22   22    8   12    2
   30   19    1   11    3
   13   24   10    4    4
   12   19    6    3    3
   14   15   10    3    2
   28   15    9    3    1
   19   18   11   10    3
   15    2    6    1    3
   23   23    9    2    1
   19   23    1    2    1
   29   16    1    9    1
    2   24   10   12    5
   25   28   12    1    5
   15   27    1    5    4
    1    1   11    7    4
   14    4   12    3    3
    4   30    2    5    3
   13   11    4   10    3
   14   20    4    4    4
   12   23    2    2    2
   15   22    9   11    6
   13   13    9   12    1
   21    3    3    4    1
   11   19    3    2    2
    9   14    1    6    3
   13    8    9    3    4
   27   21    2    5    5
   14   30    8    4    2
   24   20   10    9    3
