   21   13   11    9    2
   30    1    3    3    5
   25    3    4    5    6
   16   30   10    6    3
   21    6   12    9    8
    5    4   12    4    7
   17   21   11    3    7
   21   12    2    3    7
   20   10    5   10    8
    1   27    4    8    8
   10   18   11   10    7
   20   19    3    8    8
    2   28    4    2    8
   26   26    4   12    6
   13   13   10    4    9
    8   21    6    4    8
   24   15    5    3    6
   23    2    4   12    6
   23   16    4    1    7
    3    8   11    1    5
    5   25   12    1    7
   19   23    3    2    3
   19   17    7    2    4
   22   21   10   11    6
   22   20    5    1    7
   18    9   12   11    7
   24   19   11    1    7
   10   23    4    4    8
   22   25    5    4    2
   17   26    7    9    8
   24    5    4    9    9
   29   30    5    9    9
    6   12   11    3    2
   21    7   11    5    3
   19   10    6    3    9
    6   22    9   12    1
   22    3    3    8    7
    8   18    9    5    5
    5   26    9    7    3
    2   16    4    1    2
   19   16    5    7    8
    1   25    5    7    7
   24   17    2    2    7
   29   10    8   11    5
    9   27    9    8    6
   19   27   11    7    6
   22   26    1    2    3
   10   30    9   12    7
    5   21    3   10    8
   12   28    5    2    8
   27   30    3    9    3
    2   30   10    1    8
    8   22   12    4    2
   24   12    5    7    2
   28   25    7    8    7
   12    5    1    3    2
    6   29    5    4    3
    9    3   12    7    9
   27    6   12    1    7
   25   10    2    6    2
   17   14    3    2    5
   23    4    9   12    7
   15    2    8    7    3
   25    9   11   12    7
   18   23    4    9    8
    9   17    6   12    6
   15    5    6   10    1
   15   14   10    4    8
   29   17    1    5    6
    4   17    2    7    7
   16    4    1    9    8
   25    7    5   11    1
   23   22    8    8    7
   11   21   12    9    6
   28   15    4    8    6
    5    8   10    8    8
   20   15    5    9    2
   23   23    9    5    8
   14    5   10    2    7
    9   12    4    3    7
   19   13    3    7    7
   28   22    6    3    8
   23   29   10    7    7
    9   30   11    4    7
   18    5    8    5    4
   13    1    6    5    8
   21   16    6   11    8
    6    2    7   12    4
   15   23    1    4    3
    6   15    3    9    2
    5   17    1    2    2
   26   24   10    8    2
   27   28    5    6    7
   20   28    1    9    1
    7    1    1    8    2
   30   13    2    4    8
   27    2    1    8    4
    6    4    5   12    5
   17   10    8   11    6
   16   14    8    1    7
   28    1    1    2    3
   22   10    1   11    5
    3   11    6    8    6
   26    8    8   10    5
   23   24    9   10    2
   21    3   12    3    5
    6    8   10    9    5
    5    5    3   11    7
   26   30    2    3    4
   21   18    6    6    4
   25   20   12   11    6
    3   24    3    6    6
    2   25    6    5    4
   27    7    2    4    3
    3   17    9    7    5
   20   23    8    4    3
   11   18    5    2    7
   10    7    9    4    6
   30   18    1   11    3
    9   23    2    3    8
    5    7    4    4    9
   10   27    4    8    2
   16   29    8    8    5
   20    1    2    6    5
   29    9    6    5    2
    9   22    7    4    8
    5   27   11    4    9
   18   17    9    5    7
    4   30    2    5    8
    5   28    6    1    1
   28   23    5    4    5
   18   15    1    9    5
   15    7    7   11    2
   20   20    9    8    2
   22   12    4    6    8
   27   23    3    3    2
    9    5    3    9    7
   14   29    3   12    1
    4   15    7   11    8
    8   27    9    3    4
   23    6    4    6    7
    4    1    5    5    8
   20    6   11    7    7
   28   13    6    9    5
   30   14   10   12    8
   22   24    4   10    8
    2   17    3    6    8
    8   14    4    4    6
   22   30    2    1    8
    7    3    8    4    3
   15   16    9    2    5
   11    8    3   10    7
   19   18    6    2    5
   23   30    5    6    3
   22    1    9    7    5
   12    2   11   11    7
   23   13    3    2    8
   27   22    5    5    5
   14   27   10    7    5
   19    7   11    1    5
   20    8    5    9    5
   13    2    3    7    6
   16   17    1   10    6
    7   22   10    2    6
   16   26    5    6    3
   10   11   12   10    7
    4   14    8    2    8
    2    1   10    4    8
    4   25    7    1    3
   20   27    7    7    4
   23   12   12   10    8
   13   18    7    6    7
   20   29    6    2    6
   19    8    3    4    7
    7   12   10   12    3
   24   21    8    5    6
   26   15   11   11    5
   19   26   12   12    4
   16   11    9    3    4
   30    3    5    7    5
   15    8    9    7    4
    1   26    9    9    6
   28   18    3   12    7
    5   23    1    3    3
    4    7    4    3    7
   20   16    3   12    8
    1    3    1    5    7
   27   13    7    5    5
   22   16    1    1    3
   25   18    1    3    7
    4    8    3   10    6
   15   21    1    8    4
   14   14    8    6    3
   24    2    6   11    7
   16   13    3    9    8
   26   14    4    9    9
   12   26    9   12    5
   16   16   11    7    6
   21   25    2    1    3
   12   30   12    7    8
   10   21   10    4    4
    1   14    2    2    6
   26    9   12   10    6
   24   10   12    7    7
   11   12    3    5    1
   23   14    5    9    2
    2    7    4    3    7
   29   11   10   10    4
   21   23   11    5    3
   29   18    4   10    7
   15   13    6    9    4
   22   14    8    3    7
    3   26    5    7    7
   29    3    8    2    1
   14   11    6    7    8
   14   24    5    1    7
   14    2    5    1    8
   16   18    8    6    1
    8   29    4    5    8
    2    2    1    7    7
   24   20    7    5    7
   21   26    7    3    6
    8    8   12    5    3
   11    4   10    4    8
   18   27    2    8    7
   17   17    7    2    7
    1   17    9    9    6
    9   19    6   11    4
   24   28    3    3    1
    9   14    7    4    6
   28    4    1   10    6
    6    9    7    5    6
   23   25    4    4    4
   13    9   10    4    8
   18   14    2    6    4
    9    7   10    6    5
    2   11   12    8    8
   25   26    1    5    8
    9   28   12    1    2
    3   16    6   10    8
   15   12    6   10    7
   21   21    9    8    9
   10   26   10    2    4
   15   11    6    3    6
    7   26    3   12    5
   26   28    6    4    8
   13    6   10    2    9
    6   14   10    9    5
   13    8    6    5    7
   23   17   12   10    7
   10   28   11    7    3
    2   22    2    1    7
   18    1    5    5    7
   18    3    5    3    7
    7   29    3    6    7
   11    1    6    3    8
   21    9    2   12    2
   29   26    3    5    9
   12   25    9    9    5
   30   17   11    9    7
   16    7    7    9    3
   19    2    7   12    7
    8   12    8    6    8
    2   29   11    6    6
    3   27    3    7    8
    5   16    9   12    7
   11   13    6    9    9
    1   12    1    5    9
   15   27    2    9    9
   10   12    6    8    9
    6   26    2   11    1
   13   29   11    7    6
   28   11    8    5    8
   19    5   10    5    4
    6    7   11    5    7
   22   22   12    3    7
    7   13    4    4    8
    4   20    1   10    8
   15   19   10   11    3
    5   20    8    3    9
   27   16    8    3    9
   13   10   10    4    9
   12   20    3    1    9
   25    6   11    2    7
   23    7    3    1    6
    8    9    8    6    6
   30   19    1    7    7
   15   29    8    8    8
    4   13   11    5    7
    8   28    3   11    3
   10    5    5   10    6
   29   29   11    2    7
   26    2    6    5    7
    2    8    9    6    9
   30   20   12    2    8
   29   21    2   12    8
    8    7    3   10    4
   28    6    3    7    5
   21   30    6    5    9
   10    2    2    3    9
   10    4   10    4    8
    3   15    8    2    3
   19   11    3    7    8
   19   22    2    6    7
   12    3    6    3    7
   12   12    1    8    9
    8    1   11    6    9
    3   14   11    1    9
    3    3    4   10    9
    6   17    1   12    7
   19    6    6    7    9
   29   22    7   11    9
   18    7    2    1    9
   28    3    9   11    8
   29    4   12    8    6
    7    7    2    3    7
    9   24   12    5    5
   26   27    8   11    7
   11   26    7    3    8
   11   22    4    3    8
   10    3    7   12    7
    6   11    1    4    9
    6    3    6   10    8
   13   17    8   12    3
    6    6    4   10    7
   25   14   11    7    8
    1    1    6    2    8
   20   14   12    2    8
   24   27   11    8    7
   15    9    4    6    8
   28   30    2   12    6
   16   12    8   11    7
   16   10    2    1    8
   24   16   12    4    8
   11    7    4   11    8
   20   26    7   12    8
    5    6    6    6    8
   29   24   12    4    6
    1   23    6    8    8
    9    4    8    5    7
   26   18    1    7    8
   19    1    5    5    9
   26   23    4    4    9
    4    4   11    2    9
   15   17    3    7    8
   25   19   12   10    8
   30   25    4   12    9
   19    3    2   11    8
   25   11    2    8    7
   12   27    5   12    7
    7   14   10    8    8
   28   29    8    1    8
   20   17    2    2    8
   15   22    8   11    7
   11   23    8    4    8
    3   13    1    9    8
   10   10    2    5    9
   24    7    8    7    9
   25   17    7   12    7
    1   10   10   11    8
   16   28   11    5    3
   28   19   12    8    7
   24   11    6    9    8
   13   26    7    5    9
   10    8    6    5    8
    2    9   11    2    8
    7   17   12    4    6
   18    2    7    2    7
   20   18    7    9    7
    5   11    7   10    8
    4    3    7    8    8
   30   30    2    8    7
   20    3    7    3    8
   22   13    9    6    8
    1   24   10    1    7
   28   17    4    5    8
   14   19    9   11    8
   21    4   12   11    8
   27   29    9    7    6
   12   14    2    4    7
   22   18    4    1    8
   30    6    4    9    8
   15   15    9    4    8
   18   24    8    5    6
   11   11    8    2    8
    3    5    1   10    7
   27   17   12    7    8
    8   25    6   11    9
    7   20    5    2    8
    2   20   11    8    5
   15    1    2    1    6
   30   24    6    4    7
   12   18    1    1    5
   17   22    6   11    7
   13   24    4   11    5
   24    8    7    2    8
   16    1   11   11    8
    6    1    1    8    8
   20   11   11   10    8
   19   12    1    4    7
   21   20    6    9    6
   24    4    7    3    9
   28   28    3    1    6
   29   12    2    1    6
    9    1    9   11    5
   24   25   10    9    8
   30    8   12    3    8
    4   22    2    2    8
    3   23    4   11    6
   13    5    4    1    8
   21    1   12    4    7
    2    5    8    1    9
   30   11    2    7    9
   19   21    1    8    8
   12   13    9   12    7
   17    8    7    8    8
    5   30   10   10    8
   25   13    6    3    7
    1   29    1    3    8
   19   29   11   11    8
   19   19    1    8    8
   25   25    7   11    8
    4    2    3    9    8
    9   10    6    1    7
   17   12    4    9    8
   27   21   10    6    8
    4   27   12    2    5
   13   20    7    1    6
    5    1    1    3    5
    8   16    9   10    6
    5   29    4    5    1
   13   14    4    5    7
   16    9    1    8    8
    7   28    6   10    8
   30   15    7   11    8
   24    6    9   12    7
    5   22    9    6    8
    4   26   11    2    7
    6   10    6    6    8
   11   17    3    5    8
    4   12    9    2    9
   15   25    3    5    8
    3    2    8    1    7
    6   18   11    4    8
   16    6    8   10    6
    9    9    6    5    8
   21    2    6    2    8
   29   25    7    2    8
   10   15    5    5    7
    4   18    5   11    6
   24   24    6   11    7
   25   16    2    4    8
   14   10    8    7    9
   14   21    2   11    9
   27   27   12    6    8
   25   27    3   11    7
   18   18    1    7    9
   28   14    4   11    7
   23    8   10   10    8
    9   11    4    2    9
   28   21    2    5    9
    4   19    1    3    9
    7   30   12   10    8
   20    9    4    2    6
   11   27    8    8    8
