   19    1    8    1    3
   24   12    1    2    4
   15   12    1    9    3
   12   29    3    2    1
    6   23    9    1    8
    2   24    8    8    6
   24   11    7    9    6
   18   18   11    5    5
   10   25   11   10    5
   18   26    1   10    7
    1   25    8   10    3
   16   16    8    9    9
    5   16    8    2    3
   28   15    6   11    1
   13    9    7    7    3
   17    8    3    8    3
   20    6    8    8    4
    8   19    3   10    3
    6   10    3    2    3
    9   26   12    8    5
   22   28    3    3    5
   12   23    4    9    4
   21   19    1    9    7
   10   21    1    3    3
   24   27    4    5    5
    6   27    8    1    1
    6   22    7   12    1
    6    7    7    3    2
   28    8    7    6    4
   26   20    7    6    6
   20   24    6    2    5
   10    7    9    4    1
    5   24    5    7    3
    3    7    8    9    1
    1   29    8    8    5
   16   25   10    4    6
    2   27    3   10    2
    6   25    3    4    1
    5   29    7    9    1
   21   25   12    2    7
   16   28   10   10    4
   25   12   11    4    2
   14    8    9    8    7
   11    6    3   10    6
   26   27    9    7    4
   22   10    2    6    2
   16    6   11    8    6
   23    1    4   10    7
    6   18    5    8    2
   23   22   11   11    3
   19   26    1   12    8
   15   17    8   10    4
   10   29    7    4    4
   18   27    6   12    5
   25   25    7    6    6
   30   17   10    3    5
    7   25   11    1    1
   18   12    5    6    4
   29    7   10    1    4
   13   11    2    8    4
    6   14    8    7    8
   23    4    8    2    5
    4    7    5    5    4
   30   22    6   12    6
   16    8   12    4    4
   23   17    9    7    2
   23   29   11    8    1
   13   16    5    8    7
   14   16    5   10    5
   25    4   11    9    5
   21   15    5    1    6
   21    4    1    8    9
    1    6    8    3    6
   18   24    4    5    2
   19    6    2    8    2
   13   27    9   12    1
   17   26    6    9    7
   30   11    6    9    6
   23   23    9    3    8
    3   10   10    7    3
   28    6    1    1    7
   20    9    2    9    5
   22   29   11   12    1
    5    4   12    1    5
   12   26    1   12    1
   11   15    7    9    7
    2   15    5    5    6
   28   23    9    1    8
    9   18    5    8    4
   24   21    6   11    7
    1    3    9    2    6
    7    7    5    7    6
   11   19    1    8    3
   28   17    6   12    2
    4   18   10    7    2
    9   21   10   10    1
    3   14   12    8    4
    2   18    6    2    5
   15    7    9    8    6
    5   13    5   12    5
    1    8   12    3    4
    1   30    2    8    2
   12   13    9   10    1
    3    2   11    6    5
   17   17    6   10    7
   18    1    8   11    7
   21    2    5    5    9
    1   13    8    2    6
    9   19    8    6    4
    5   27    9    9    4
   23    9    2    4    2
    2    1    8   12    1
   11   28    4    7    1
   26    8    3   11    3
   29    3    4    6    1
   24   17    8    6    1
   27   14    9   11    2
    7   21    9    5    3
   18   16    9   10    7
   16   19   11   12    5
   20   10    7   10    4
   29   17    2    7    7
   12    4   12    1    5
   23   30    1    6    9
   18    7    1    9    2
   21   17   11    3    5
   21   13   10    3    4
   10   17   11    3    7
   26   30    9    1    9
   23   20    7    6    7
   17   20    1    6    4
   17   11    6    4    2
   12   21    8    2    9
   14   25    8    2    2
   23   16    8   12    3
   21   28    2   12    4
    1   26    3    3    3
   29   11    3   11    1
    7    5    6   10    4
   18   15    7    4    6
   15    8    4    9    5
   16    2    9    5    6
    4   26    4    6    3
    7   20    5    2    1
    1    5    2   11    7
   22    8    3    9    6
    2   26    6    8    7
    7   26    9    3    5
   16   20    9    3    4
    3   17    4   11    6
    9    6    4    2    1
   22   13    3    8    4
    3   15   11    9    2
   29   26    3   10    5
   25    2    1   10    4
   12   12    4    1    9
   24   24   11    3    5
   22   27    8    1    2
   29   13    5    3    2
    3    4   10    3    9
   14   22   10   11    1
   27   10    5    8    3
   25   27   10    5    5
   27   21   12    5    2
   25    5    5    4    2
    8    5    3    6    6
    9    9    4    7    7
    1   14    7    4    5
   11   10    6    7    8
   19    2   11    5    9
    1    9   11    2    2
    5   17   12    9    2
   21   30    4    9    5
   20   20    7   12    8
    2   10    6   10    2
   20   19    2    4    3
   29   14    1    1    2
    6   26    8    8    4
   23   14    2    7    2
   19    3   12    7    4
   20   25   11    1    9
    6   13    3    4    5
   14    7   11    1    3
    9   15    6    8    5
   30   28    7    1    2
   27    4    9   10    6
    9   22   11    6    2
   21   20    7    4    2
   27   23    7   12    4
   18   29    5   12    6
   29   27    5    9    2
   25    3    9    1    2
    5   15    6    8    2
   28    1    9    3    1
   26   13    8    9    2
    4   24    8    4    4
   11    1    7    3    7
   29   20    9    2    2
   30   30    1   11    3
   11   22   11    6    6
   20   28    5    8    2
   25   17    1    1    2
   21   21    6    1    9
   20   12    6    6    9
    4    9    1   11    4
    3    9    3   11    4
   13    4    2    9    7
    9   30    3   10    4
   10   30   10    2    3
   17   14    6    5    3
   13   13   12    3    9
    9    7    3    7    5
   12   22    5   12    1
    2   23    3   12    9
   18    3   12    3    1
    9   24    9    1    1
   14   26    6    5    3
   20   14   12    9    9
   21   11    8    8    9
   25   29    3    9    4
   22   21    2    7    3
   10   14   11    9    7
   12   19    1   11    7
   13   25    9    9    2
   28   13    5    5    2
   15   13    1   12    5
   13   24   11   10    3
    5   21    2   12    3
   14    5    4   10    5
   11    7   10    3    2
   21    8    6   12    4
   30   13   10    5    1
    2    2    6    3    7
   11   14    9   12    6
   19   14   12    2    2
    4   17    6   12    2
   26    5   12   11    7
    8   11    7   10    1
    2    9    9    4    7
    7   16   11    6    1
    1    1    1    7    7
    5    9    7   12    7
    6    3   10   10    5
   24    1    7    1    7
   16   26    3    3    5
    4   29    9   10    2
    8   23    5    2    2
   10   10    9    2    7
   11    9   10   10    8
   22   24   10   10    8
   24    6   11    1    2
   15   22    2   12    2
   30    6   12    3    4
   13   19    4   11    7
   11   23    2   12    9
   18   28   12   12    2
   17    7   11    9    4
   14   30    2    3    3
   15    6    9    8    3
   11    4    7    9    9
   30    8    9    3    8
   13    7    4    4    2
   23    5    9   10    2
    2   14   10    5    9
    8   25   11    2    4
    3   23    6    5    3
   12    6    4    4    9
   10   15   12    1    6
   27   19    9    3    4
   19    4   11    4    7
    8   27   11    5    6
   24   10   11   12    5
   10   16    2    1    4
   19    5    2    7    4
    8   10   12    5    4
   18   22    4   11    4
    3   11    8   11    7
   21   29    1    9    1
   15   25   12    2    1
    4    4    4   12    8
   27   27    6    9    8
   16   15    2    7    6
    3   26   10    6    6
   16   21    8    7    5
   14   14    3    7    9
    2    5   10    2    5
   12   10    9    7    8
   19   22    3    8    4
    9   14    6   11    4
   30   19    5    6    3
   18   25    4    8    3
   21   14    1   11    5
   29    2    8   12    1
   16   22   11   10    5
   11    2   11    2    3
    5    5    2    3    7
   13   17    6    1    3
   19   19    5    1    3
    5    3   10    6    8
   12   14    8    4    5
   15   29    4   11    4
   27    3   10   11    1
   25    9   11    1    7
   14   18    8   10    7
    6    2    2    4    6
   29   29    8   12    8
   30    2   11   10    6
   28   19    2    3    2
    3   12   11    4    2
   24    8   10    8    3
   19    7    1   10    3
   26   11    5    1    3
    9   17    5    2    5
    5    6   12    4    2
   28    7    7    3    2
   12    9    7    6    2
   22    3   11    9    5
   12    2   12    1    4
   13   14    9    6    4
   14   28    2    1    3
   13   23    9    1    2
   15   20   12    9    4
    1   17   10   10    9
   21    1    5    3    3
   12    7    4    9    4
    8   12    5    4    3
   28    2    5    1    2
   23   24    8    8    2
   27   16    2    1    1
    1    7    5    2    2
   21   23    3    3    3
   30   29    1    8    3
   26   26    7   10    7
    9    8    3    5    6
   15    4   12    3    6
   10    5    1   11    7
   30    5    4   10    4
    3   24    4   10    5
   27    9   12   12    2
   30   24    3    2    2
    3    3   10    6    8
   22    1    9   10    3
    4   16    3    3    4
   25   28    1    4    3
    3   13    4    6    8
   19   29    3    8    2
   16    1   10    5    9
    8    3    1    6    8
   27   28    3    4    8
   18   10   11    1    2
    2   20   10   11    4
   12   27    5    5    7
   18   30   11   12    8
   20   13    6    6    2
   14    4    6   12    4
   18   21    3   11    2
   30   20    3   11    4
   11   11   12    9    4
   13   10   11    8    4
   20    4    4    6    2
   26   24    8   12    9
   16    9    6    1    2
    5   11    1   11    9
    8   29    1    8    2
    4    2   11    4    8
   28   26    3   12    2
   20    8    5    7    2
   19   24    3    6    4
   12   17    7    6    4
   28   28    4    8    9
   10   19    2    5    8
   18   17    8   11    8
   20    1    6    5    2
   28   24    1    3    3
    5   20    8    4    3
    2    7   11    3    5
   22   17    1   11    2
   12   11   10   12    4
   25   11    2    4    6
   22   26    5   12    7
   25   22    9    1    2
   16   17    3    7    8
   13   18    3    5    7
   11   16    9   11    7
    5   28   10   11    5
   18    5    1   11    7
   10    1    8    3    4
    8    4   11    8    6
   10   26   12    3    2
   27   15    7   10    2
    8    8   11    5    6
   12   30   11    8    5
    8    6    9    7    5
    6   21   10    9    8
   10    4    6   11    2
   23   25    5    7    2
   16   12    1    3    8
   29   16   11    1    4
   17    6    5    6    4
   13    2    5    7    7
   21    3    1    7    3
   27    7    5    9    2
   27   17    6    8    2
   22   20    2    3    2
   18    8    4    2    4
   25   19    6    2    4
   24   25   10   11    2
    2   17   10   12    8
    5   22    1    6    9
   12    5    1    8    7
    9   10    3    3    2
    3   30    7    6    4
   15   15    1    2    8
    7    8    2   10    2
   23   18   11   10    7
   18   11    2    3    4
   24    7    7    2    9
    8    2    3    4    7
   22    2    7    3    2
    6   29    6    7    8
   29   24   10    3    4
    6    4    6    8    8
   10   23    3    2    3
    9   28   11    3    2
    4   22    5    6    8
    7   30    6    1    8
   13    8    8    7    8
   15   23    4    7    3
    7   23    2    1    7
   18   20   11    7    4
   28    3    8    3    8
   27   11    1    2    4
   21   26    2    5    4
   27   30   12    1    3
   27   20   11    7    3
   28    4    6   10    3
    1   27    5    9    3
   30   15    4    7    4
   24   15    3    4    7
   30    4   12    7    3
   15   14    6    8    3
    1   15    8    8    7
    1   12   11    6    3
   15   19    2    8    3
    6    6    3    8    9
   25   26    8    3    4
   18   19    4   11    6
   19   17   10   10    6
    4    1    3    3    5
    9   29    2   10    7
   12   28    9    1    8
   25   30    5   11    4
   14   24   10    2    4
   28   10    3    1    8
   16   24   12   11    3
   16    3    4    5    6
   28   29    6    1    3
   20    3    3   10    3
   20   11   10   10    4
   19   23   12   10    2
   23   26   11   10    1
   22   22    5    9    1
   26   15    5    7    5
   30   16    9    1    2
   22    7   12    3    1
