   26    1   11   12    1
   18   16    2    4    1
    6   18    4    2    1
    3   13    1   12    1
    7    5    9    5    1
   15    8    5    4    1
   11   24    8    1    1
   30   12    3   10    1
    2   22    3    3    1
    7   28    5    8    1
   14   13    7   11    1
    8    7    6    4    1
    8   14   11    6    1
   30    8    1    6    1
   14   17    2    9    1
    9    6   12   12    1
   22   25    7    5    1
   21   19    2    3    1
   15   11    6    4    1
   20   10    6    4    1
   29    4   12    2    1
   27    7   12    4    5
   16   24    4   11    4
   28   23    5    2    3
   18   19   12    5    1
   19   13   11    3    1
   10   15    5   11    4
   16    7    3    7    1
   17   22    1    7    1
   23    7    9    7    1
    2    3    9    6    5
   27   16    7    3    1
   13   13    6    1    5
   16    4    9    1    5
    4   20   10    1    1
    2   28   12    1    1
   30   19   10   12    1
   20    5   11    2    1
   23   22    5   12    1
   24    4    6    2    5
   28    8   12    3    1
   17   17    4    2    1
    3   15    5    8    1
   12   10    4    1    1
   11   16    6    7    4
    7   10    5   11    1
   20   19   12   10    1
   29    8    6    3    1
   27   14    6    7    1
   19    1    5    1    1
   19   27    3    6    1
   27   27    9    8    5
   30   28    2   10    1
   17    7   12    6    1
   10   29   10   11    5
   14   14    4    5    1
   23    5    5   12    4
    9   11    1    7    1
   24   24    4    2    1
   21   15    7    7    1
    5   26    1    2    1
   24   26    3    2    1
    4   11    3   10    7
   15   26   11    8    5
    7   14    6    7    1
   12   24    8    9    1
   29    7    5    7    1
    1    1    5   11    5
   12   19   12    1    1
   18   21    1    5    1
    4    3    8    7    1
   22   12    6    2    1
    2   27   11    4    1
   23    2   10    3    1
    2   14    7    7    1
   14   19   10    5    1
    9   27    3   11    1
   18    8   12    5    1
   28   10   12   11    1
    8   25   12    7    1
   27    6    2   12    1
   13   30    2   10    1
   13    5    6    1    1
   24    2    5    9    1
   10   10    6    9    1
   15   16   10    2    1
   24    7    7   11    1
   22   10    5   12    1
    4    4   12    5    3
   22   19    6    9    1
   22   14    2   11    1
   14    4    5    4    4
   18   18    7    9    4
   20    2    7    1    1
    9   13    1    3    3
   19   17   10    5    1
   23   20   11    2    1
   14   18    1   11    1
   12   25    8    3    1
   16   23   10    8    1
    9    5    6    3    1
   27    8   12   12    1
   18    1    3   11    1
   11   10    3   10    1
    8   16   10   10    1
   28   25   10    5    1
   21    9    4    7    4
   29   23    6    3    1
   16    3    4    2    1
   25   17    1    2    5
    4   21    3   12    6
   21   11    9    2    7
   19    9   12    1    1
   28    1    4    4    1
    6    6    5   11    9
   21    2    1    7    7
   11   26    9    3    1
   28   22    9   11    4
   23   13   10   10    1
   22    6   12    7    1
    9   24    6    8    9
    5    6    3    7    5
   13   27    6    7    1
    1   12    1    2    9
    3   30    3    8    1
   30   23    3    6    4
   28   18    3   11    1
   20   12   11   10    1
   29   25   11   12    9
    1   21    8    5    9
    4    9    8   11    4
    2   13    2    4    1
    9   15    4    5    1
   13   10    2   12    1
    2   26   11    5    4
   29   15   12    2    4
   23    6    9    1    3
    7    4   10    8    1
    1    2   11    4    4
    7   15   10    7    1
   16    2    8    9    7
   13   25   12    1    8
   11   25    7   10    8
   21   12   12    1    9
   12   28    3   11    1
   11   14    7    8    9
   30    6   11    4    1
    9   30    1   10    4
    9   12    5   10    4
   13   17    6   10    5
   10    9    7   12    1
   20    6    4    4    1
   12   14    7   11    1
   17   16    2    9    6
   21    7    5    4    1
   12   12   12    5    9
    6   15    7   12    1
   21   30    6   11    1
   25    9    4    4    4
   21   29    8    2    1
   16   13    6   10    9
   14   26   12    2    1
    1   17    8    7    5
   14    3    3    5    9
    4    6   12    1    1
   16   19    1    2    9
   28   15   10    7    1
   21   26    7    8    1
    9   23    7   12    1
    5   30   12    4    1
   13    1   11    6    9
   12    8    4   12    1
    5    5    9    5    9
   24   21    7    2    1
    4   12    2   12    1
    3    5    8    2    1
   21   16   12    6    1
    4   19   11    6    9
   10   18    9   10    1
   22   11    6   11    9
    5    1    1    6    1
   15   17    6    8    1
    6   16    9    1    1
   20   27   11    8    1
    6   14    6    9    1
   22   15    3    5    1
   19   23    3   10    1
   10   19    9    2    1
    4   25    3    5    1
   20   13    1    8    1
    6   21    7    7    9
   20   15    9    1    1
   18    2    1    1    7
   19   19    4    2    9
    1    7    7   12    9
   10    3    3    8    4
   24   17   11    2    1
    4   28    3    6    9
    3   20   11    1    1
    2    8   10    8    9
   10    8    3    1    9
   18   20   12    4    6
   22   22   10   12    9
   25   24    8    4    1
   26   27    3    7    9
   11   13    2   12    9
    8   26    4    4    1
   15   14    2   12    4
    4   18    2   11    1
   20   17    2    8    1
   25    5    8   12    1
    8   19    4    4    1
    5   27   12    9    1
   27    1    7    5    1
   28   27   12    5    9
   14   25    7    5    1
   19    6    6   12    1
   26   17   12    1    1
    7    2   11    6    1
   14   20    4   10    9
   10   25    1    9    6
   15   24    4    9    1
    7   25    8    3    6
   19   25    5    9    1
   18   11    5    4    6
    3   12    7    6    6
   11    6    9    2    1
    8    3    8   10    1
   25   26    2   11    1
   29   12    8    8    1
   17    4    7    9    9
   22    1    7    3    1
   15    5    6    7    9
    5   10    4   10    1
   11    3    4    9    1
   20   28    8    3    1
   27   24    2    8    1
    7   11    7    9    1
   22    9   12    5    1
   19   15   10    2    1
   17    5    6    7    1
    1   23   12    7    9
    9   14    7    6    1
   23   24    4    3    1
   17    6    1    9    9
   26   20    3    1    1
   24   13    5    9    1
   28    3    5    6    1
   16   16   10    5    8
   20   20    4    1    9
    8    8    4    2    9
   30   17    1    8    1
   23   14   10    4    9
   28   16    4    1    1
   29    5    8   10    1
   18   27    2    4    1
   20   11    7    4    1
   10   23    6    1    1
   29   20   12   12    1
    4    2    7    3    1
   20   21    4    9    1
   26    9   12    7    1
   15   30    1   12    1
   30   10    9    7    7
    1    8    1    1    9
   19    7    9    8    1
    3    1   11   12    1
   30   25    7    4    7
   14    5    2    1    1
    4    5    8    3    1
   27   11    2    6    4
    8    5    1    1    1
   30    4    9    1    1
   24   28    6    2    1
   18    5    7   12    1
   11   28    4    2    9
   21   17   12    6    7
   26   22   10    3    1
    9   16    2    3    1
    8    4    4   12    1
   28   29   12   12    1
   21   23    7    8    1
    4   10    7    1    1
   10   21    3    1    9
   20    8   10   10    1
   25   25    2    6    1
    4   13    3    2    5
    6   29    2    8    1
    1    9    4   11    5
   26   19   11    8    3
    7   18    4   11    1
   12   23    2    4    1
   10    6    3    9    9
    2    5   10    5    1
   27   10    3    6    9
    1   15    9   12    2
    6    7    1    9    1
    6    3    1   11    1
   29   19   12   12    1
    3   19   10   12    1
   13   28    9    4    1
   29    9    7    8    1
   21   14    6    9    9
   22   24    8   11    9
   15   15   12    7    9
   21   13    4    1    9
    8   23    2    3    9
   23   18    5   12    9
    1   16    7    1    9
    9    9   10   12    6
   13    7    6    6    1
    1   20    6    2    4
   16   20   12    6    5
   13   12    3   12    1
    6    8    1   11    1
   24   19    1   10    1
    7   30   11    5    1
   25   15   12    8    1
   18    9   10    1    1
   30   16    1    6    1
    7   26    6    2    1
   22   20    6    8    1
    4   27    8    9    1
   30   26    8    6    1
   17    2   11    9    9
   11    2    5   12    9
   23    4    1    8    9
   11   17    3    1    9
    6   28   10    9    9
   29   24    9   11    1
    7    7    5   12    9
   28    5    2    1    1
   29   13    6    6    4
   29   29    8    7    1
   16   22    7    6    1
   25   20   12    6    9
   23   25    4    6    9
    3    7   12    3    9
    8   11    3    3    9
   16   25   12   11    9
    1    4   10   10    9
   20    9    4   12    4
   20   30    6   12    1
    6   24    7    5    1
    1   25    8    4    1
   24   30    7    4    1
   27   12    5   12    9
    7    9    1    4    1
   12    7    7   11    1
    3    3    6    5    9
    5   21    1   10    1
   19    5   11    7    9
   15   23    2    7    1
   13   15    9    7    9
   28   28    2    3    9
   28   21    7   10    1
    3   18   11    4    9
    1   10   12   12    9
   30   11    9    7    1
   23   23    2    9    9
   14   29    4    1    9
   22    8    6    7    1
    9    8    9    6    1
    3   22   12    3    9
    2   10    6    6    9
   14   30    5    7    9
    1   11    1    5    9
   26    4    1    2    1
    6    1    8    6    9
   17   29   12    7    1
   16   10    9    1    7
   29   27    7    1    1
    2   12    2    3    9
   11   23    7    5    1
   17   10    8    9    1
   29   22    3   12    1
   18   30    7    8    6
    5   24    1    8    1
   12    5    7    2    1
   23   17    8    2    6
   19    2   12    4    1
   28   26   10   11    1
   21   21   11    5    9
   13    8   11    8    1
   15   12    9    5    1
   18   26    1    1    1
   26    6   10   12    1
   29   18    4   11    1
   26   13   12    2    1
   23    3   11   12    1
   25    3   11    9    1
   21   22    8    4    1
   14   16    2    9    1
    2    9    2    3    1
    4   15   11   12    1
    6   13    1   11    1
   17    8   11    1    1
    7   20    6   10    5
   17   28    3    3    5
    1   29    2    2    1
   22    7    8    1    9
    2   15    2   11    1
   26   29    5    8    1
   14   28    3    7    1
   22    5    4    4    9
   24   10   11    4    1
   28    9    9   10    1
    3   27   11    1    1
   21    3    2    3    9
   27   21   12    9    9
   26    3    9    6    1
    4   22    7    5    9
   12   18    1    2    9
   26   12    5   11    7
   25   21    6   12    6
   25    6    8   10    1
    1   30   12   12    9
   18   15   12    3    2
   30    2    8    8    2
   29   16    2    4    1
    2    2    1    2    9
   16   26    8   11    3
   16   12    1    6    9
   17   27    8   11    9
   22   30    3    6    4
   17   12    9    3    9
   24    3    8   10    1
    2   29    1    3    1
   21    8   12    7    9
   11   29    2   10    1
   12   11    3    8    9
   28   19   11    5    1
    1   14    9    7    4
    5   11    5    9    1
   30   27    4    3    1
    2    6    1    1    8
   26   23    7    5    1
   27   23    9    9    1
   25   27    7    1    1
   20   24   10    7    1
    5   16    5    9    1
   18   17    5   10    9
   11   11   12    5    1
   29    3    6    6    1
   22   13   12    5    1
   15   27   12    8    9
    3   17    1    4    1
   25    2    2   12    1
   14   10    7   11    1
    9   17   11   11    1
   27   22    8   12    1
   19   11    5    1    1
   18   24    3    5    1
   13   18   12    6    1
   29   30    5    5    1
    3    9    7   11    1
   30   30   10    6    1
   12    6    8    5    1
   24    1    9   12    9
   26   26    1    7    1
    8   24    5    3    1
   25   18    1    8    1
   18   22   12    9    1
   24   14   12    4    9
   26   10    1    9    1
