   29   28    4    6    1
   10    5   11   11    1
    2   25    4   10    3
   30    9   11    6    4
   19   26    8   12    4
   29   27    1    2    1
   21   27    1    5    5
    9    7    1    3    4
    3    3    5    1    6
    1    1   10    7    3
    5   22    1    9    1
    6   21   12    7    2
   11    5    2   12    1
   30   22    9    7    1
   21   19    9    3    2
   15   21   10   10    1
   27   30    5   12    1
   22    6    8    1    1
   26   17    3    8    2
   12   24    8    4    1
    4   16   11    4    2
    2    6    7    7    2
    1   20    7   11    3
   24    6    8    4    1
   14    5    9    9    4
   13   18    2    7    2
   19   19    4    6    6
   10   19   12    4    5
    5   28    7   12    6
   23   14    7    3    3
   11    3   12    1    5
   14    1   12    6    2
   28   28   12    4    5
    3   29   12    8    3
    1   19    1   11    4
   30   29    5    8    2
   29   11   11    4    3
    8   15    1    8    2
    6   25    2    6    1
    9   23    9    1    3
   14   18    7    5    1
    6    6    4    9    6
   12   22    6   11    1
   28   17   11    9    1
   11   28   11    1    1
   24   13    2   11    1
   18   26    1   10    3
   25   29    5   12    3
   29   29    6    3    5
   23   28    8    9    6
   26   14    8    3    6
   17   30   11    2    4
   20   26    5    9    4
   19   14   11    8    3
   30    4   10    3    3
    9   25    8    2    2
    4   19   10    2    5
   10   10   12    8    4
    7   26    2    2    3
    9   26    2   10    1
    2    4    2    8    2
   15   28    1    2    3
   30   12    8    5    2
   18   24    4    3    4
   25   11    6    6    1
    7   21    4    8    2
   10   13    5    4    3
   10    9   10    2    4
   13    1    6    2    3
    1   10    2    1    2
   19   12    8    7    1
   18   27    7   12    2
    9   14    6    1    3
    6    9   11    4    1
   24   15    9   10    4
   16    2    3    4    3
   14   13    6   12    2
   10   27   11   11    7
    9   27    5    3    4
   18   25    8    4    3
   26   15    3    6    8
   17   11   12    6    3
   22   19    3   11    5
   30   30    8    9    4
   28    3    2    8    2
   13   11    9    6    1
   17   19    9    3    4
   26   26    3    8    8
   18    4    5    9    5
   24   20   12   12    6
   24   24    2    7    6
   26   12    7   12    4
    8   17    8    5    3
   29   10    7    1    2
    6   19    2   10    1
    8    8    8   12    6
   12   16   12    6    4
   14    7    5    6    3
   26   10    5    6    3
   17    3    9    5    2
    5    1    8    9    4
   23   16   11    1    5
   20   22    6    1    2
   18   28    6    4    4
   21   21    1    5    8
    5    8    4    9    6
   27   16    4    6    5
   14    4    6    7    4
    3   14    3    9    3
   11   23   11   12    4
    5   16    7    9    3
   27   24    9    3    2
    6    8   10    1    3
   26   28    1    5    6
   22   11    2    2    4
    2    1    9    4    7
    6   29   12    6    3
   21   20    4    1    4
   29   18    7   10    2
   29   23    4    5    7
   14   25    6    6    3
   25   23   11    4    6
   20    6    1   11    5
   24   25    7    4    4
   20   10    9   12    2
   15   23    5    3    3
    9   17    9    8    4
   10   21   10   11    2
    9   22   10    3    4
   25   17    5   11    3
   15    5   11    1    4
   21    8    2   10    4
    3   27    4   12    2
    9   28    8    8    4
    1   23    5   12    2
   23   10    8    2    6
    2   15   12    2    3
   18    7   11    4    1
   11   26    9    2    1
   21    2    3    4    6
   29   22    8    9    3
   17   12    2    7    6
   23   19   11    3    5
    3   10    1    1    4
   19   28    2   12    6
    2   24   10    5    3
   22   18   10   10    2
   20    7    2    1    3
   25    5   10    6    3
   19   27   10    1    5
   29   26    7   10    1
   13   29    3   12    1
   18    9    2    9    2
   28   22    8    7    2
   29   17   12   11    3
    5   21    1    3    2
   13   23    5   10    2
   26    3    1    7    1
   16   29    3   12    2
    1    7    6   12    7
   27   28   10   10    9
   20   13    1   12    7
   13    3   12   10    5
   30   21    9    9    8
   24   22    5   10    7
   28    6    2   12    5
   16   10   10    1    6
    5    2    5    8    3
   24   14    4    6    4
   20   17   10    8    4
   24   29    5   10    3
   13   16   11    3    7
    7   23    4    8    5
   20   12    5   10    3
   14   20    6    2    2
   25    7    8    5    3
   30   11    8    8    4
    8   10   10    1    2
    4   24    2    2    3
    7   27    6   11    4
   17   23   12    8    5
    3   25    5   12    6
    5    5    5    1    7
    7   19    3    6    4
    8   23    4   12    5
    8    4   10   12    7
   29    7    2    1    3
   13   26    3    2    3
   18    6    7   11    2
    4    4    8    1    4
   29    8    4    9    4
   11   11    2    3    4
    1   21    7    3    3
   30    2    7    8    5
   16    6    4    4    4
   10   22    8    2    3
    4   21    4   10    4
    7   15    2    3    1
    2   26    4   10    2
    1   17   12    3    5
   30    8    4    1    6
   25    4    5    9    2
   14   12    5    9    7
   15    1    7   10    5
   24    9    6   10    3
   10   18   10    5    3
    3   12    1    3    4
   18   17    9    7    3
   16   24    3    6    2
    6   30   11    9    1
    6    5   12    6    1
   14   29    5    6    4
    4   26    2    6    3
   21   13    8   11    3
   30   28    9    4    3
   20   23    6    7    2
   14    6    1    2    4
    2   27   12   10    3
   17   15    4    4    2
   13   15    4    6    3
   21   14    9    6    5
   25   20    3   11    4
   24   28    6    7    3
   13    9    9    7    2
   26    1   10    4    3
   20   16    9    5    3
   23   18    9    7    4
    9   21    5    7    2
    9   11   10    6    2
    5   20    5    2    1
   29    5   11   11    3
   21   23    6   12    4
    5   27    8    2    6
   24    3    1    8    3
    9   16   10   12    4
    3   30    3    2    5
   26   27    9    6    6
    1   25    8    4    5
   25   28    3   12    3
   23   23   11    6    2
    8   11    2    9    7
    9   29    1   10    7
   24   23   10    6    5
   11   21    4    9    6
   12   12    8    5    7
   15   12    9    4    4
   10    6    4   10    2
    1    8   10    5    5
    9    8    8   12    3
   12   13    3    3    4
    4   10    1    3    3
    5   26   10    9    5
    1   16    6    2    4
   21   26   11    8    4
   27    1    8    8    3
   20   19    2    7    3
   20   11    6    5    4
   13    6    9   11    2
   17    7    8    6    4
    6    1    3    4    3
   12   28    4    1    6
   18   12    7    8    4
    5   12   11    7    2
   16   16    8    7    3
   12    6    5    2    8
    5    9   11    2    7
   19    5    2    3    6
    7   13   12    7    4
   22    2    4    4    2
   13   27    1    1    3
    5   30    9    5    2
   11   24    3    6    2
   12   10   10    3    4
   27   25    7    4    8
   15   11    5    2    3
   23   22    5    9    2
    8   13   12    6    5
   14   28   11   12    2
    8    2   10    5    1
    2   17    7    3    3
   12   11    8    3    6
    3    9    5   11    7
   22   22    6    4    5
    8   24    4    8    4
   21   24    8    1    3
   18   19    7    3    4
    4   17    7    7    3
   27   15    9    5    8
    5   23    4    4    6
   12    7   10    1    5
   28    1    8    7    5
   20    2    1    6    5
   13   13   12    3    6
    4   22   12    6    4
   11    4    7    8    7
   22   16    1    3    3
    2    7    8    1    5
   26    8   11   11    4
    7    7    9    8    5
    4    7    2    2    3
   14   30    5    4    8
   13    5    7    3    4
   21   17    5    3    3
   25    8    5    3    2
   15    3    7    2    4
    2   23    1    5    2
   18   11    1    1    1
   19    9    3    2    1
   21   28   12   12    1
    4   12    3    5    3
    7   16    9    9    4
   24    5    7   10    3
   28    4    6   12    4
    6   11    9    2    6
    3    7   12    4    7
   22   27   11    4    5
   14   22    1    7    3
   20    8    8    6    3
   27    8   10    1    2
   23    6   10    9    1
    4    6    4   11    3
   27   11    9   10    2
   18    2   10    9    2
    3   20    1    8    2
   24    7    3    9    1
    2   12    3   11    4
   16   17    7    8    4
   15    6   11    4    3
    3    6   12    4    2
    4   23    1    8    3
    4   29   11    4    2
   11   19   10    5    6
   20   20    1    8    4
    3    2    7    6    3
    1   12    8   10    1
    9   15    8   12    2
    1    3    4    8    1
   30   10    8    1    3
    1   18    6    4    4
    9    9    3   10    3
    6   17    9    5    3
   26    6    3    9    2
   24   17    2   10    3
   15   16    3    1    3
   14   10    3   10    2
    7   28    5    7    1
   24   10    6   10    3
   12   23    1   12    2
   30   15    1    2    2
   28   16   10   10    2
   29   21    1    5    1
   14   14    2    9    4
    4    9    7    3    3
    7    8    2    2    3
   16   30    4    4    3
   20   27    1   12    2
   27   23    2    5    1
   14   17    8    8    5
    4   20   11   12    4
    4    3    4   11    6
   22   17   12    5    3
   10   28    4    5    3
   18   30    4    8    4
   10   15    1    5    3
   17    5    1    9    4
   19   29    4   11    5
    8   22    8    1    3
   24    1    1   10    3
   25   12    8    4    2
   14   16   11    6    3
   25   30    2    7    3
   22    3    2   11    4
   22   25    2    1    3
   15   29    8    7    6
   18   18    9    7    5
   15   22    4    9    4
   29   12    7   10    3
   20   29   12    5    2
   18   16    2   11    4
   26   25    2    3    6
    1   22    6    7    4
   16   25    5    4    3
   20    9   11    3    5
    2   28    2   12    4
   13    2    4    9    3
   24   19   12   10    4
   13   30    7   10    3
    1   30    6    3    2
    5    4   10    4    3
   20   28    7    8    2
   16    8    8    5    4
    8   28    6   10    2
   16    3    7    9    3
   16   11    6   12    3
    2    2   12    6    4
   10   17    4    8    2
   21   22    5    5    3
   19   15    1    4    2
    2   19   10    8    2
   18    5    7   12    3
    5    3    7    8    7
    3    8   12    7    5
   22   26    1   12    5
   12    9    6   12    2
   15    4    3    5    1
   30   20    4   12    2
   30   26    5    1    2
    1   11    2    6    1
    8   12    3   11    3
    7   30   11   10    2
   19   25    9    2    1
   25   10    5    7    1
    1   29    7    6    1
    9    2    9   12    1
   18    8    8   12    2
   13   28    9    3    2
   25   15   12   12    4
    7    5   10   11    3
   23    3   10    6    4
    1    4    2    5    3
   12   21    5    4    2
    7    6    4    8    2
   18   15    1    7    1
   21   18    1   10    3
    8   14   11    4    2
   26   16    4    6    6
   13   17    1   12    3
   15   15    5    6    8
   27    4    5   11    6
   19   13    9    8    5
   26   24    2    8    4
    4   13    4   12    5
   14   11   11    9    4
   18    3    4    7    3
   30   19    4    9    4
   14    2   10   12    4
   16   21    6    4    5
   23   26   12   12    2
   13   22    4    6    2
   13   25    7    7    3
   15   14    5   11    1
   25   21    9    2    1
   15   20   10    9    1
   25   25    6    7    3
   12   27    7   12    4
   27   27    8   10    6
   19   16    7    3    3
   29    2    1    6    2
    3   21    2    4    4
   30   23    5    7    1
   18   20    4   11    3
   11   10    8    8    2
    7   10   10    3    4
   19    8    4   10    5
   11    2    5    1    3
    7   11    2    8    2
    7   22    7   11    1
   10    2    5    6    2
   27    6    7   10    1
   19    3    5    9    1
   30   24    4    2    1
   17   17    3   10    4
   14   27    5    7    2
   27   17    8    5    5
    9    1    1    8    4
