   15   21    4    1    2
   26   12    5   10    7
    6   27   12   12    5
   28   24    8   12    6
   26   26    6    8    9
   26   14    4   12    7
    4    1    6    3    9
    1   14   10    6    6
   27   29    9    5    3
    9   17    1    6    4
   12    2   12    8    8
   18    5    9   10    6
   19    4    6   12    9
    3   17    5    2    9
   21    9   12    9    7
    9   29    6   11    8
   16    8    1    4    6
    3   20    5    9    6
   16   15    8   11    5
   12   16    9    6    6
   20   20    4    1    8
   26   18    2    1    8
    9    3    7   10    8
   20   26    5    8    6
   23   29    6    1    4
    9   30   10    2    2
   21   18    2    4    4
   25   28    8    6    3
   10   23    5   12    2
   11   25    1    5    6
    3   22    2   11    5
    8    7    3    2    4
   12   20    3    6    5
   14   14    4   12    5
   23   22   10    1    2
    6    2    4   10    7
   14   11    8    7    7
   15   14    6   11    6
    6   16    6    9    4
    7   21   10    6    2
   26    4   10    5    3
    2    7   11    3    7
   11   16    8    3    2
   13   22    1    2    6
   21    5    9    3    3
   18   22    2    2    3
   21   24    9    6    3
   26   30   11    9    7
   10    1    8    9    6
   26   25    9    3    5
   30    6    1   10    7
    6    6    9   12    7
   15   12    1   12    7
   30   15   12   11    8
   20   19   10    2    9
   17   12    2    7    7
   13    6   10   11    5
   13   27   12    1    3
    4   13    6    6    8
   21   26    2   12    3
   22   11    2    2    3
   26   19   10    1    4
   20   30    3    4    8
    2    1    5    7    6
   22    7   10    5    7
   29   14    5    9    4
   23    6   11    2    9
   25   16    8    5    6
    1    5    1    1    4
   18   28    8   10    7
   27   18    4    9    7
   18   25    2    8    6
   10   21   10    7    3
   28    2    1    3    6
   10   17    6   10    5
    5    8    4    7    4
   13   16    4   11    8
    5    2    2   11    7
   29   16    7    7    8
    1    7   10    1    4
   25   22    9    2    2
   26   13   10    9    6
   24   25   12   12    5
   18    7   12   11    3
   17    8    3    6    2
   20   23    2    8    8
    3   15    1    2    5
   26    6   10   12    4
    8    2    8    4    8
   25    8    1    7    5
    4    8    7   11    8
    4   22    6    6    4
   19   10    1   11    9
   24   12   10    5    5
   13   13    8    7    8
   17   26    1    7    3
    1   22    9    7    5
   21    2    7    2    7
    1    9   11    1    6
   24   24   11    7    9
   25   15    5    9    5
   17   21    8    3    9
    9   23   10    6    6
    9    7    6   10    3
   15   15   12    4    8
    8   13    9    1    4
   24   18   11    6    2
   25   27    1   11    3
    7    3    6    2    9
   25   13    2   10    4
   11   11    4    2    9
   24   20   11    5    2
   12    9    2   12    6
   20   13   12    7    5
   20    6    6    3    8
   19   30    5    9    4
   19   24    8    5    1
   20    4   11   12    4
   30   12    7   10    3
   19   27    8    7    4
   20   15    5   12    2
    1   17    5    5    3
   19    5    2    7    7
   26   29    1    1    5
   11   19   11    4    6
   17    7    9   11    3
   27   10    8   12    2
   16   27   11    1    2
   25    2   10    2    4
   18   16    2   12    8
    6   19    4    6    6
   23    3   10    4    4
   19   19    6    9    8
   13   11    8   10    7
    4   12    2    7    9
   22   16    4    8    7
    7   27    8    7    5
    5   28    7    1    4
    9    9    1    6    9
    6   11    7    7    4
   21   29    9    7    2
   21   27    1    6    5
   23   30    4    8    4
    4    9    8   12    7
   19   25    6   10    4
    2   16   11    7    6
    3   30    7   11    3
   23    2    7    4    3
    8   30    7    5    8
   16   30    1   12    7
   22   27    1    3    7
   19    9    8    8    3
   25   30   12    1    6
   29    3    9    6    4
   28   17   12    1    8
   17   17    5   12    8
    7   30    7    7    3
    8   28    8   11    2
    2   10    8    7    9
   17   23    4    6    5
    2   17   10    9    4
    7   28    8    5    2
   18   19   12    2    3
   11   30    5    7    6
   26   28    1   12    2
    3    3    1   12    1
   13   15    5    7    9
   12   13    8    3    3
    7   13   12    3    7
   27    4   12    2    3
   29   20    5    2    2
   12   27    5   10    8
   22   10   12    7    2
   30   22    7    6    7
    5   24    9   10    1
   18   11    1    2    7
   23    5    4    8    8
   14    9    9    6    6
   21   19    8   10    7
    1   23    7    7    4
    5    3   12    3    9
   22   12    8    4    7
    3   11   11    3    6
   29   15    4    7    6
   22   20    8    7    3
    9   25    8   11    2
    1    8    6    4    3
    8    6    8    9    7
    6   25   11    9    7
   17   18    6    4    7
    3   16    4    8    9
    5   12   11   12    5
   21   30    3    1    7
    4   23    2    9    4
   26   11    2   11    3
    8    9   12    5    5
   23   12    5    2    4
   23   23    6    3    8
    8   18   11   12    4
   15    5    8    2    3
   17   24    2    9    6
    1   27    1    1    2
   10   15    1    4    8
   16   10    1    7    4
   19   28    5    5    3
   19   14   10    4    8
    3   21   10    9    6
   17    6    7    6    2
    4    2    2    6    9
    5    5   10    1    9
    1    1   11    7    8
   18    3    7    1    8
    5   14    7    8    8
   11   29    6   10    8
   23   13    8    6    5
   25   14    4    3    1
   29   17   10    3    7
   27   11    9    7    4
   20   17   12    3    3
   11    8   12    4    9
   12   11    5    9    7
   17   11    8    5    6
   11   10    4    5    9
    1    6   10   12    5
   24    1   10    3    3
    2   15    7    3    2
   26    7    9   11    2
   16   24    2    1    1
    5    7   10    2    9
   10    6   11    6    5
   22   24   10    6    6
   18   10    1    5    7
   11   24    4   10    3
    3   26   11    4    8
   17   22    8    3    4
   19    3    9    6    8
   27   24    6   11    2
   29   30    8   11    3
    7   29    4    9    1
   11   20    9    5    1
   27   27    1    6    3
   12    8    3   10    8
   15    9   10    9    1
   25   17   12    6    8
    6   28    1    2    4
   30   17   10    7    8
   18   20    4   10    2
    9   27   11    4    5
    1   18   12   12    6
   17   27    3    1    8
   25   25   12    9    8
    3    2    9    3    7
   29   29    9   11    4
    9   28    5    7    2
    1   19    7    3    4
    2   24    6   10    3
   14   12   10   10    7
   10   20    7   12    7
    8   26    5   12    5
    8   23    4   11    2
    2   20    1    6    9
    2   22    2    3    6
   23   24   12   12    5
    2   13    3   11    9
   29   24    1    4    5
   10   10    1   10    4
   15   24    7    7    2
    1   25    6    6    5
   24    3   11    5    3
   14    8    7    6    4
   22    6    3   10    2
   14    4   10   12    7
   30   10   12   10    6
   15   26    6    6    4
   25   21    8    4    2
    7    4    6    3    2
    5   30    3   10    3
   13   21    6    2    4
    8   10    1    6    3
   11    1   11    9    4
   13   10    8    4    5
   15   17    6    1    7
   11   23    2    4    6
   20   21    4    9    7
   25   29    7    1    5
   23   15    8    6    7
   16    5    6   11    7
   10   24    5    6    8
    5   17    9    3    4
    8   19    6   10    3
   20   25    2   10    7
   25    4    6   10    2
   27    2    6    6    8
    1   20    5    1    3
   22    8    6    5    2
   12   10    5   12    3
   19   15    8    8    2
   17    4    1    3    7
    9   13   11    9    8
    7   11    8    7    3
   28   12    5    7    2
    2    2    6   10    9
    6    3   11    1    3
    1   16   11   10    9
    8    8    8    4    7
    4   11    1    2    4
    9   16    3    7    7
   25    3   12    7    5
   13   30    2    1    4
   16    7   12   10    5
   14    3    1    1    4
    3    8    4    2    5
    4   28    4    1    7
   22   22    4    7    5
   11   15    3    8    3
   25    5   10   10    2
   19    2   12    5    7
   14   10   11   11    9
   23   21   10    1    3
   16   28    5    6    5
   23   25    8    2    3
   28   15    9    6    2
   16   23    4   12    7
    6   29    4    3    3
   29   10   11    6    5
   21   28    5    4    4
    6    9    9    7    3
   24   30    6    2    8
   13    5    3    9    2
   15    7    1   11    2
    2   26    1    6    9
    3   13    2    2    9
   18    9    7    8    7
    5   22    3    9    2
   29   13   10    6    9
    7   10    7   11    4
    7    6    4    2    1
   28   28    1   11    7
    1   12    7   10    3
    7    7   10    2    9
   21    1   12   10    9
   12   19    3   11    7
    5    6   12   11    4
   13   28    6    1    8
    6   15    3    4    4
   20   27    5    5    2
   24    9    5   11    2
   10   25    6    7    7
   26    9    3    6    9
   27   14    8   11    5
    3   28   11   12    4
   11    9    7    5    4
    2   29    5    5    6
   26    1    6    6    5
   10    5    3    7    3
   27   15   12    7    8
    5   26    3    7    8
   22   28    8    1    2
    4    5    6    5    7
    1   29    5    9    2
    4    4    4   12    8
   29   18    9    6    8
   28   14    7    8    1
   12   12    4    3    9
    8   27   11    6    2
   16   14   11    3    4
    5   11    9   12    8
   17   19    7    7    6
   11    2    9    9    3
   30   27    9    2    3
   14    6    2    1    2
   19   16    1   10    9
    9   22    7    8    2
    4    6    7    6    4
    9   10    3    9    2
   17   13    8    3    1
   28    1    6    4    4
   18    6    9   11    6
   26   24   11    2    9
   27   28    3    6    3
   24    4    1   11    4
   16   16    6    7    9
   29   12    9   12    4
    8   29    5    5    8
   21   16   12    5    9
    1   15    5    3    5
   10   26   11    3    9
   24   13    9    1    9
   14   23   12    3    7
   22   19    8    2    3
   21   21    5    3    8
   17   16    5   12    9
   14   17   11    3    5
   21   14    2    1    9
   25   12    1    1    7
    4   21    2    1    9
   26   23   12    3    9
    4   18    8   12    3
   12    7    1    1    3
    1    3    8   12    4
   30    4    7   12    7
   13   14    3    3    2
   14   22    3    6    2
   24   14   10    8    8
   13   18    2    2    9
   30   28    1    7    4
   19   29   11    9    3
   12   21    3    3    7
    7   20    4    3    5
   14   30    5    2    8
   24    6    7    1    4
   28   23    1    1    7
   14   20    2    3    9
    8   20    7    2    6
   11   28   10    5    3
    7   19    5    2    3
   29   28    1    8    5
   18   18    7   11    6
   19   23   10   10    3
   30    1    3    9    3
   22   15    2    3    2
   15   18    2   11    6
   12    6    5    6    7
   12   18    1    7    6
   18   23    3    9    8
    2   14    8    7    6
   29    4    1   12    5
    3   10    5    8    3
    7   14    2    1    2
    6   21    2    9    9
    4   10    3    1    8
    9    2    3    5    5
   30   30    5   12    9
    8   15    6    4    3
   20    5    5   12    4
    7   24    2    6    7
    4    3   11    1    9
   18   30    4    5    9
   14   18   10    7    9
   20    9    8    2    7
   24    8    4   12    9
   13   19   10    8    9
   16   26    9    8    6
   15    4    1   11    7
    8   21    3   12    7
    7   25   10    4    4
   23   27    2   11    3
   10   28   11    3    6
   29   22   12    5    2
   27    5    6    3    2
   21   11   12    7    8
    9    5    4    3    3
   21   22    5   10    2
   27    3    9    3    4
   16   20    1    3    9
   20   28   12    5    7
   22   26    8    7    2
   18    2    5   10    9
   27   26    3    9    7
   23    7    6    7    5
   12    3    5    9    5
   16    4    8    7    5
   13    1   12    6    7
   29    5    8    5    3
    2   30   11    3    3
