    4   17    7    2    7
    7   25    6    8    8
    2   11    3    6    6
   18   23    5    6    4
    3   28    4    8    4
   23   21    3    3    2
   18   16    4    1    7
    7   20    1    7    3
   27   14    1   10    8
    5   26    6    5    7
   26    4   11    4    2
    9   29    3    8    6
   10   15    4    6    5
    5   29    8    8    2
   12   11    4    4    8
   22   30   10    7    7
   17   26   12    6    7
   22   22   11    1    1
   10   27    4   10    8
    1   23    4    2    6
   12   12   10    8    8
   27   11   12    1    2
    9   10    3    9    3
   13    5   11    9    8
   16    7    1    1    3
   17   13    8   10    2
   20   13    7    6    1
   14    4   10    5    4
    8   29   12   10    2
    1   11    2    1    3
    1   26    5    9    2
   24    1    2    2    2
   13   29    4   12    1
   13   27    2    9    4
   20   29    5    2    2
    4    4    3    7    4
    8    4    5   12    6
   17   28    1    2    9
   22   28    6    3    8
    1   28    7    3    9
    2   21    4    2    9
   13   21    9    3    3
   11   11    8    3    9
   27    4    9    3    1
    9   22   11    6    6
   25   11    7    9    7
   18   15    9   10    6
   18    2   12   10    5
    8   17    1    2    5
   12   30    2    6    6
    7   27    9    8    2
   10   25   10    9    8
   21   26    2    3    4
   22   10    4    4    4
   18   10    7    1    7
    5   25    1    2    8
   15   17    1    5    7
   13   14    3    7    8
   28   11    5    5    4
   28   27    5    3    2
    1   19    8   12    7
   28    7    8    2    1
   15   15   12    8    3
   26    2   11    6    8
    7   24    3    2    8
    6   11    5   12    9
   14    6   11   12    7
   21    6    2    3    3
   14   14    8   10    2
    8   14   10    3    7
    8   12    7    8    7
    4   30    9    3    2
   24   19    7    3    9
   17    2   12    6    8
   26    6   12    6    4
   23   23   12    7    3
   28   16    5    8    6
   13    1    1    8    6
   14   16   10    6    2
   20    5    1    2    8
   18   18    1   12    8
   10    1    6   12    5
   11    9    9    2    4
   23    3    4    9    2
    7   17    5   10    3
   23   20    2    6    3
   26   28    5   12    7
   23    4   11    6    7
    5    5   11    5    6
   18   25    6    6    5
   12    3    2    7    7
   29   18    7    2    4
   15   11    3    7    3
   18    5    6    7    2
   16   10    5    2    3
   27   20    9    7    1
   17   30    6    6    1
   11    5    8    9    2
    2   28    7    8    3
   28   19    9    3    4
   27   18    7    6    6
   24   24    8    1    7
   25   14    4   11    5
   19   13   10   11    6
    1    4    2    8    7
   12   28   12    6    8
   30   18    3   11    6
   21   22    2    4    5
    1   17    8    5    6
    5   21   12   10    4
   26    8    8    7    3
    7   21    4    7    5
   25   25   10    2    1
   24   27    7    9    4
    6    9   12   10    1
   17   16    1    8    6
    3   14   10    9    3
   12   26   11    7    7
    5    2    7    6    8
   29   28    2   12    4
   12   21   10    1    9
   11    7    9    1    7
    5   16   12   12    8
    3   10    5    9    4
    7   22    1   10    9
   29    1    4    5    5
   13   22    2    4    6
   19   20    3    1    3
   26   15    1    1    2
   25   12    2    2    3
   18    7   10    9    6
   15   24   11   12    7
   21   20   10   11    2
    7   12    7    4    3
    4   20   11   11    3
    1    1    6   10    8
    2    2    5    1    9
   25   22    2    3    3
   15   30    5    4    2
    6    1    7    7    3
    7   23    4    1    2
   10   20    2    5    4
   19   12    3    1    3
   27   23    7   12    6
   30   30   10    1    9
    4   22   12    1    5
   20   18    1   10    1
   29    2   12    4    7
   23   12    7    2    5
   10    8   10    7    8
   22   23    3   11    4
   20   20    9    8    5
   30   16    8    2    1
    8   30    8    3    2
    4   11    6   10    7
   17   18    9    2    4
    5    9    2    8    7
   22   20    9    4    5
   18   22    6    4    7
   11   29    9    4    8
    2   22   12    6    6
   24   13    7    6    6
   11   26   11    4    7
    3   24    3   11    6
   15    8   12    1    4
   14   29   10   12    2
   24   11   11    1    6
   12   14    6    2    8
    7   10    8    3    3
   30   21   11   10    6
   17   11    1   11    5
   16    8   10    3    6
   18    6    2    1    2
   26   26    1   12    6
   28   20    9   12    1
    3   27    2   12    1
   27   26   11    7    6
    5   12    2    1    3
   14   30    6   10    7
    6    6   12    5    5
   16   21   10    6    8
    9   17    3    5    6
   25   28    1    7    4
   30   10    5    8    8
    8    8    3   12    2
    8   20    8    4    3
    4   18    4    4    7
   25   29    5   11    6
    1   14    5    7    7
    2   13    2    9    8
    8    9    9    1    8
   10   17    8    5    8
   15    7    9    1    7
   28   13    8    8    4
   17   20    6    9    7
    5   24    4    9    6
    9   20    2    9    4
   18    8    3    6    8
   29   19    9    7    3
   27   30    3    2    2
   17   17    5   12    3
   15   14    4   11    7
    8   22   11   11    3
    6    3    4   12    2
   29    6    7   11    8
    9   23    9    2    3
    5    1   11    3    3
   15   29    4    5    3
   28   10    7    6    2
    9    2    4    6    8
   27   27    2    5    6
   30   29    6    4    7
    1   12    2   12    2
    3   25    8    3    7
    7    3    6   12    9
   21    9    1    8    6
    7   30    8   11    7
   13    7    4    2    3
   11   14    9   12    4
   12   10    8    5    3
   25   19    5    4    6
    4   28    9    8    2
   22   14    9   12    8
    4   12    3   11    7
   19   23    8    5    3
   21   15   10   12    3
    3   20    9    4    7
    6   24   11    8    8
   26   24   10   12    6
   18   13    5   11    9
   28    9    9   11    2
   13   13    1    5    7
   27    9    8    5    3
   20    2    1    9    8
   18   24    5    4    7
   18    3   10    6    6
    7    8    5    6    3
   13   11    8    9    7
   21   25   11    8    2
   30   19   11    5    3
   15   23    2    1    4
   22    6    3    3    3
   25   23    1    5    8
   30    9   11   10    2
    2   27   11    6    7
    9   13   11   12    7
   23    2    5    1    7
   14    9   10    1    2
    7    2   12   12    7
   29   17    9   10    6
   22   24    4   10    7
    5   22   11   10    7
   27   21    7    5    3
   20   24   12    6    1
   26   22    3    3    8
    2   30    1   10    9
    8   19    8    9    9
   12   22   11   10    8
   10   26    4   10    7
   26   20    9    8    8
   17    5    7    3    4
   19   18    5    7    6
   25    9   11    8    9
   13   30   12    9    3
   26   29    7   10    9
    1   18    4    4    9
   29   10    2    8    8
   29    3    4   10    6
    6    7    9    9    3
   30   11    9   11    6
   25    1    3    6    8
   29    4    3    8    7
    3   16    6    5    2
   12   17    9    9    6
   16    2   11    2    8
   28   24   12    8    5
   15   12   10    3    4
    6    4    8    8    2
   23   11    2    7    3
   19   10   12   10    6
   14   28    9    5    7
   16   13    5    5    6
   10    4    3    5    7
   19   15    8    6    8
   20   15    7    4    8
    3    3    7    9    8
   25   27    7    7    8
    7    7    3    1    9
   23    8    7    3    7
   24    8    9    6    7
   22   19   12    8    4
   21   28   12    9    2
    5    4    3   10    6
   24   10    9    7    8
   17   19    3   10    7
   16    6   10    4    2
   18   21    1    4    8
   21    3    1    5    6
   10   14    6    5    5
   25   15    3    3    8
    2   15    2   12    9
   30    3    4   10    7
   11   20   11    2    2
   16    9   12    2    6
   20    1   11    8    2
   15   16    1   11    8
    9   15    3   11    7
    6   12    6    1    5
   18   11    8    4    8
   27   29    4    3    4
   19   19    5    9    8
    3    8   10    1    8
    7   29    5   11    7
    1   15    4    9    8
   30    6   11   10    5
   21   24    5    6    8
   19   16    6    3    3
   14   24    3    4    3
   21   11    3    8    9
   18   28    4   11    3
   25   17    5    1    2
   10   11    4   11    1
   28    8    3    8    3
   20   16    3   11    7
   26    3    6    6    3
   16   29    2   12    1
    2   25    8    4    2
   10   10   11    6    6
   28   28    9    8    8
   24   30    4    9    7
    7    4   12    5    8
   30   28    9    6    6
   24   25   12    5    4
   23   10   10    9    2
   10    6    4    7    2
    9   19    7    9    9
    5   19    8    9    6
   26   30    8    8    3
   15    3   12    9    4
   19   27   11    3    2
   25    8    1    2    3
    3   11   12   11    3
   12   16   11    7    4
   29   24   11    5    4
    5    6    5   10    3
    6   15   12    4    2
   11   19   10   10    7
    5   14    7    1    8
    7   14    6    8    5
   13    4   12    1    2
   21    8    6    2    6
   21    4   10   12    7
   26    9   12   12    8
   23   14    9    1    5
   11   22   10    7    3
   24   16   12    1    6
   19    3    2    7    5
   27   16    5    8    3
    8    5   11    2    4
   14   19   11    5    7
   23   16    2    8    2
   14   21    9    1    8
    2   10   10    6    6
    3   13    4    7    6
    9   12    3    8    5
    7   19    2    9    6
   23    6    9    8    6
   27    5    9    1    3
   25   16    4    3    7
   25   30    1   11    2
    2    4    5   12    9
   15   13    2    2    8
   27    8    5    4    2
   29   23   10    1    7
    3    9    7   10    3
    6   13    3    3    4
    4    9    7    7    6
    8    6    4   10    7
    7    5    7    7    7
    2    3    3    5    8
    6   20    2   11    2
   29   21    8    7    6
   10    5    9    2    3
   19   26    1    4    6
   22    3   11    1    3
   26    7    5   12    7
   14    2   10   12    7
    9   18    9   10    5
    7    1    8    4    4
   30    5    8    3    8
   17   14    9    2    7
   27    6    5    3    2
   28    6    8    8    3
   20   12    6    9    7
    3    5    7    6    9
   23   13    2    2    2
   21   21    3   10    7
   23   17   10   11    3
   16   16    6    7    8
   12   24    4    8    4
   26   18    5    1    8
    1    2    9    7    8
    1   16    7    3    3
   23   24    6    9    9
   26   16   10    8    8
    2   19    5    9    9
   18   12    6    2    7
    1   22    7    6    8
   17   21   10    4    8
   17    6    6   12    5
   28    5    2    9    7
    3   17    2    6    7
    3    4   12    4    7
    1   21    8    7    8
   30   20    3    1    7
   15   22    1    7    4
    2    8    9    4    5
   13    8    6    8    7
   26   23    3    3    6
   17   24    4   12    8
   29   22   12    8    6
    9    9    5    3    9
    4   24    5   11    8
   14   18    6    3    8
    1   30    5    6    4
   12   27   11   12    3
    6   19    4   12    2
   27   22    7    9    2
   14   20    7    4    7
    9    7    7   12    8
   10   21   11    2    6
   15   28    6    8    6
   27   17    2    8    5
   17   22    8    8    2
   10   13    1    3    6
   16   22   12    9    3
   16   11   11    1    8
   21   19    5    5    7
   20   25    8    5    8
   12   29    7    9    5
    6   25   11    6    5
   26   25    5    5    8
   12   13    4   12    4
   25    4    2    5    6
    5   15   12    7    8
   13   25    7    2    7
   26   14    7   11    8
    5   23    1   11    3
    3    1    5    2    9
    2    6    8    1    2
    1    9    2    7    6
    4   16    1    9    9
   28   23   10    2    3
   24    9    7    4    8
    8   11    4    5    9
   26   13    4    1    6
   30   23    7   12    8
    4   15    1    8    6
    2   12    3   12    2
   27   15    1   12    8
    2   24   11   11    7
    4   19   12    3    7
    8    1    7   12    5
   27    1   11    5    2
   29   29    8    9    8
