   28   17    2   10    3
    4    8    9    6    5
   27    7   12    7    4
    1   12    1    4    6
    5   10   11    5    2
   18   15   10    1    3
   27    8    1    4    4
    7    8    2    8    3
   26   30    3    4    7
   14   24    9    7    4
   12    5    7    6    2
    3   13   12   12    1
   23   16    2    5    1
   12   11    7    9    1
    6    4    2    5    1
    5   19   11   10    4
   23   18    4    2    8
    6   25    8    2    4
    2    6    7    3    3
    6    8    6    7    2
   22   29    1    8    1
   20   12    5   11    2
    9   21    7    8    1
    5   23    6    6    2
   26    4   10    4    1
   22   27    2   11    1
   18   14   12   11    4
    2   14    9    1    3
    1   28    6    1    1
   29   28   11   10    3
    7    4    4   11    2
   11    2    6    4    3
   10   10   11    7    5
    4    3    8    3    4
   29   21    8   11    2
   29   14    1    1    3
   20   26    7    8    3
    5    3    5    6    2
   23   17    7    9    2
   12    2    8    6    3
   24   27    5    7    1
   17    3    9    9    4
    4   29    7   12    3
    6   20    2    1    5
   24    6    4    3    2
   30   30   11    2    3
   14    5    1    5    1
   29   23    5   10    1
   25   29   10    4    2
   12   23    4    9    6
    5    2    9    6    1
    5   29    6    7    3
   14   14   12    4    5
    7   19    6    5    3
    9   15    2    4    4
    9    7    7    4    3
   23   23    7    2    3
   22   18    2    4    4
   22    9    3    1    4
   18   30    1   12    3
   27   25   11    5    2
   12   28    7    9    1
   13   21    3    2    1
    4   25    4    2    1
   25   11   10    6    5
   15   25    5   10    2
   20    2   10    8    4
   24   29   12    5    3
   27    3    5   10    4
   19   24    3   11    2
    3   21    6    3    2
   20   24    4    8    3
   27   13    1   12    1
   25    5    1    5    2
   17   17    2    7    5
   12    8    2    8    3
   16   19   10    6    8
    8    2    1    7    6
    3   15    9   11    6
   15    4    4    1    5
   14   26    3   10    5
   29    8    9    7    2
   10   30    6   12    2
    7   23    6   10    1
   28   14    2    4    3
   27    9    6    7    2
   28    9   11    7    1
    1    1    1   11    2
   29    9    5    7    1
    8   17    1    1    2
   30   13    8    6    3
   17   12    6    8    7
   18   28    5    3    5
   18   19   11    2    4
    8    8   11    2    3
    2    1    9    9    7
   23   30    4   11    4
    2   22    6   12    1
   14   19    4    8    2
    8    3   11    4    3
   17   26    3    6    2
   17   10    9    7    2
   22   20    4    3    1
   16   26    7    5    2
   27    2   12    3    1
   20    4   12    2    6
    3    1    7    2    8
   25   19   10    6    3
   11   14    4   12    8
   25   13    9    4    2
   14    3   10    8    1
    3   19    7    3    3
   15   22   10    5    5
    4   18    4    3    7
   17    1    8    1    4
   17   14   12    7    4
   10    4    9    3    3
   25   25    4    5    2
   16   22    4    4    1
   26   29   12    8    2
   10   14    3    2    1
   23    4    5    3    1
   23   22    6    8    1
    7   15    4    8    1
   25   28    7    4    1
   30    9   12   11    6
   16    2    5    6    9
   16   14   10   10    8
   26   18    4    3    3
   21   28    4    3    4
   17   24   12    4    2
   18    9    2    6    2
   24    7    6    1    6
   29    2   10    9    4
   12   22   10    6    4
   21   18    8    5    3
   13   20    8   12    3
   18   29    9    4    3
   15   29    1    1    1
   28   11    5    8    3
    8   14    7   10    3
    1   25    5   11    3
   12   19    6   11    2
    9    5    7    2    8
   27   19   10    1    6
   11   29    9    5    4
   22   17    5    9    2
   29   20    7    8    3
   27    5   12    1    1
   24   10    2    6    1
   22   22   12    1    7
    6   10    8    7    6
   22   13    4    6    2
   30   24    2   12    3
   12   10    2   11    2
    8   22    3    7    7
   14    7    9    2    5
   13   13    9    4    6
   11    9    7    2    4
    8   15    9    3    6
   11   13   10   11    5
   28    7    7    3    7
   11   10    5    1    8
   13    9    2   11    6
   30   21    5    6    7
   17   29    2    8    5
    6    1    8    2    8
   15   26   12    8    8
    5    8    6    1    5
    5   17   11    5    3
   21   24    4    8    4
    5   24    9    2    5
   12   16   11    7    4
    7   22    3   10    4
   29   13    5   10    3
   20   28    4    6    2
   17   21    8    9    8
   14   21    7    6    8
   12   24    7    9    5
    9   20   10    9    3
   19   26    4    5    4
   28    5    2    7    3
   18   13    5    9    5
   20   20    3    6    4
    1    9    1    4    5
   30   16    3   11    3
   19   28   12   10    2
    6    6    7   10    7
   29   30   10    1    3
   12   27    2    8    4
   15    1   12    6    7
   29   19   12   10    3
   13   16    5   10    4
   29   12    1   12    3
    4    1    2    5    4
   27   28    7    4    3
   21   10   11    3    2
    2   30    3    4    3
   10    2    8   12    2
   11   23    9    4    2
    9   16   12    1    8
   30    8    7    9    4
   20   18    1    5    3
    6   18    8   10    2
   30   22   12    8    3
   25    8    9    4    3
   27   27    3   12    4
   16   10    3   11    7
   19   20    6    6    6
   26   10    4    1    3
   16   24    4   12    3
    3   11    3    5    9
    2   19   11    2    7
    8   18    2    6    4
    7    7    4   12    9
    8   24    3    3    8
   29   29   11    8    8
   29    3    3    1    3
   25   30   12   10    8
   22   26    3   10    2
    8   10    9   10    2
   16   16    5    4    3
   29    7    2    6    2
   13   12    5   12    2
   10    3    3    8    3
   14   22   10   11    2
    2    3   12   10    2
   10   28    3    9    2
   16   15    1    2    3
    9   10    1    4    2
   25   14    9    8    4
   16   27   10   10    2
   23   27    1    4    7
   30    7    8    2    8
    8   21    9   12    7
   21   20    2    1    4
   28   28    3    8    8
    7    3    6    3    4
    3   18   12    8    1
   26   25    4    4    1
   21   26    5    5    3
    1   20    7   10    2
   29   27    4    7    5
   21    2    2    3    4
   22    5    8    4    3
    3   23    1    2    1
   10    7    7    5    1
   19   23    9   12    6
   22    3    8    4    2
    5   13    3    5    3
   25   18    6   11    3
    6   13    5    4    2
    7    6    5    9    7
   10   25    8    7    7
   24    4    6    4    7
    4    4    4    1    8
    3   28    9    8    6
   25   20    4    7    7
   27   17   12    2    4
   17   25    9   12    5
    8   20   10    8    2
   30   20    4   11    7
   15    2    3    8    7
   18    2    3    8    1
   30   11    3   12    1
   25    2   10    7    3
   18   12    7    8    3
    4   16    9   12    2
   19   13    6   10    4
   23   25    2    9    6
   19   15   12    1    7
   12   30    8   10    8
    8   26    7    5    3
   11    8    7   10    8
   15   14    9   10    4
    7   18    4   10    7
    4   11    9    3    5
    1    8    1    3    5
   11    6    4    9    5
   15   11    2    1    2
   10    1    2    1    2
   21   16    6    1    3
   25    7    4    8    1
   20   10    8    6    1
   15   23    1    1    1
   20   11    1    9    1
   21   23    4   11    1
   24   24   11    9    8
   28    8    3    1    3
    3   16    6    8    1
   18   18    8    2    5
   19   19    9   12    6
   12   14   12    7    8
   28   26    1   11    6
   21   12   10   11    6
    3    6   12    5    4
    6   14    3    8    6
   22   10    2    6    3
    2   24   11   10    3
   16    5   11    5    2
   27   20    8    1    2
   25   12    1    7    2
   23   13    6   12    1
   21   15    5    2    2
   12   15    6   11    1
   16    7    7    5    8
   12    6   10    2    7
   10   19    9    6    2
   28   15    4   11    8
   28   16    9   10    1
    1   21    7   12    2
   23   20   12    1    7
    5   18    2   10    3
   13   17    9   10    4
    9    6    8   11    3
   26    3    6    2    4
   26   23    1   12    8
    4   19    6    8    5
    7    1    8    4    6
   17   19    6    2    3
   16    1    4    9    8
    9    9    5    2    4
   18    1    7    3    8
    7   13    2    6    2
    5   15    5    5    6
   11    5   11   12    8
    9   12    3    1    3
    5    4    3    1    8
    8   13    7    3    6
   23   14    6    9    4
   15   15    2   10    8
   15    6   11    2    4
   19   22    2    3    8
   28   13    1    4    2
   27    1   10    1    8
    5   26   12    6    4
   26   26    1    6    7
   26   27    2   10    8
    7   17    3    8    4
   24   23    8    9    4
    6   22    8    7    2
   28   22    6   11    7
    6   16    6    2    5
   20    5    8    6    4
    2    2   12    6    6
    6   23    6    5    3
   20   14    6    6    7
   27   10    1    8    5
    5    7    2    7    3
   30    6    7    5    1
   16   25    7    1    2
   28    2   12    8    1
   16   29    1    4    2
   18   27    9    3    1
   30    5    3    1    1
   11   27   11    5    2
   22   21    8   10    1
   27    4   12   11    1
   22    1    1    4    8
   26   12    6    8    7
   21    6   12    8    6
   26   11    1    9    3
    9   23    2    8    5
   25   22    8   12    4
   19    6   10    6    3
   15   27    5    9    5
    4   22    5    4    5
    6   17   12   12    5
   25    9    7    6    3
   15   17    1    9    3
    7    2    6    4    2
    5   21   12    5    3
    9    4   11   10    3
   16   17    8    2    7
   24    1    4    1    3
    5    1    3    5    3
    6   29    2   12    2
   18   10    3    8    6
    1   13    7    9    5
   13    2   10    6    4
   19   21   12    3    2
   11   19    4    4    4
   21   21    5    1    9
   24   13    2   12    2
   28   30    2    3    2
   18   17    7    7    8
   28    6   12    3    5
    9   26   11   11    4
   30   15   10   12    3
    4   14    1    4    2
   30   14    8    5    2
   13   14    3   10    4
   12    3    2    9    3
   15   20    6   10    8
   24   15    1   12    6
    7   12    8    4    6
   14    9    8    6    3
   11    7    4    6    3
   20    7    1    9    2
    2   26    7    7    2
   12   12    4   12    9
   13    4   10   12    7
   25   24   12    9    4
   14    1   12    6    5
   17   11   10   11    4
    3    3    4   10    6
   30   27    1    1    4
   21   25   12    6    3
   26    6   12    2    4
   17    4   10    7    3
    4   21    4    9    6
   17   30    8    1    2
   20   16    4    5    7
   28   23    9   10    7
    4   12    1    6    5
   23    1    2    4    4
   27   14    1    2    3
   23    2    7   10    7
   22   24    4    9    4
    5    6    9    9    2
   17   20    1    5    1
   30   19    5    6    4
   10   29    3   10    2
   11   21    1    2    2
    1   29    1    3    4
    8   19    6    5    2
   17    2    6    8    1
    9   17   10    8    2
   13   15   10    3    3
    3    9    6    8    3
    9    2    6    2    4
   19    9    6    5    4
   30    4    8    5    3
   10   15   12    2    2
   26    1   12   10    3
    1   19    4    5    2
   23    8    9    7    4
   18   24    8   11    6
   11   11    4    1    3
   26   13    5    7    4
   22   11    8   12    2
    5    5    9    7    3
   28    4    4    6    5
   27    6    4    7    7
    4    2    9    3    4
   24   26   12    9    9
    1   30    2    8    6
   18   11    2    8    4
    7   26   10    6    7
   21   27   10    1    3
   20    3    2    5    4
    9    8    8    1    3
   18   16   12    1    2
   24   11    5    6    1
   16    8   12    4    1
   13   10   10   12    7
   25    3    7    9    2
   11    1    4    9    4
    7   21    1    1    2
    9   24    2    1    4
   30    3    4    7    3
   24   28    6    9    2
   24    3    1    6    4
   10   23   12   10    3
   11   16    2    8    7
