   24   29   10    9    1
   19   26    8    1    4
    6   25    4    5    2
   25   28   10    2    5
   13    8   12    9    4
    7   22    6    6    6
   20    9    5    7    5
   29   18   10    2    4
   25   15    2   11    3
    5   25    5   12    2
   29   22    7    9    1
    3   18    1   10    4
   28   30    7    3    2
   13   13    9    7    2
   11   27    3    8    2
   29   20   11    5    4
   10    5    1    6    7
   14    8    2    3    7
   23   20    9    6    6
   14    9   10    7    5
   20    5    1    6    6
   15    9    6   10    4
   24   27   12    2    2
   13   18    7   11    2
   10   12   10    1    2
   21   28    1    9    6
   25   14    7   11    5
    5   11   11    5    7
   12   29    3    5    2
   26   23    6    6    3
    4    4   12    9    7
   15   14    1    6    3
   18    8    7    1    8
    6   19    4    5    7
   18   26    2    1    7
    4   24    8    2    5
   29    8    3    2    6
   27   25    8    8    3
   30   14    8    9    8
   19   28    5    9    3
    7   12    3    4    7
   11   11    3    8    7
   17    7    7    7    6
   13   23    4   10    5
   28    1    3    6    8
   25    1    5    9    9
   16   23   12    7    8
    5    1   10    1    9
   10    9   10   11    9
   21   20    3    1    5
   21   15    9    4    9
    9   28    5   12    2
   23    6   11   10    4
   23   30    9    4    9
   21   17   11    1    9
   12    6    1    5    7
    3    9    5    5    7
    4   12   11    8    8
   15   12   11   12    3
    6    6    2    3    2
   27   20    6    5    2
   21   29    7    5    3
   23   28    7    5    7
    3    3    3    8    7
   24   10   10   11    7
   13    9   12    7    3
   30   18    4    8    5
    9    5    6    4    2
   15    2    4    8    3
    4   22    4   10    2
   17    2   11   11    5
   22   20   10    1    7
   12    1    3    5    7
    6   30    9   12    5
   20   16    4    7    8
   25    7    1    6    2
   25   12   10   11    3
   29    6    7    1    5
   10   20    5   10    6
   23    5    2    9    1
   22   18   10   10    1
   24   23    3    4    7
   29    4    9    9    1
   26   24    9    7    3
   28   13    4    4    3
   25   20    2   10    1
   15   26    6    5    6
   24    7    3    3    6
    8   21    8    9    6
   15   28    3   10    8
    4   13    3   12    3
    8   23    7    3    3
   10   22    8   10    3
   22   15    3    6    2
   30   30   10    4    8
    1   14    4    7    8
    9    8    5   10    7
   29    5    6    2    5
   26   11   12    5    8
   20   13    3   12    4
   20    2    5    2    8
   13   24    4   12    4
   20    3   10    1    2
   15    3   11    8    4
   10    6    7    4    4
    5   27    7    8    2
   16    9    6    9    2
   16   14    8    6    7
   19   17   11    4    2
    7   23   12   12    4
   10   17    9    8    2
   14   28    6    1    2
    7   14    6    8    7
   11    7    9    2    2
   28    3   11   12    2
    1   10    1    2    5
    5   19    6    6    4
    8    5   12    6    6
   14   26    5   10    6
   15   17    8   12    2
    8    1    2    5    7
   26    4    7    6    3
   16   16    4    2    4
   16   21   11   11    2
   24   24    8   12    1
   25   19    2    8    1
    4   14    6    3    6
    7    4    7    2    3
   18   10   12    4    1
   14   14    2    9    6
   16   13    3    7    8
    8   26    7   12    1
    6    8    6    4    3
   20   15    2   10    1
    8    8    7    9    8
   21   21    7    3    8
   11   23    4    5    7
   25    8    9   12    1
   21   18    3    5    8
   15    4   12   11    9
   24    5    9   10    9
   14   18   10    5    6
   11   21    4   11    8
   12   27   10    4    6
   27    6    3    3    4
   23   23    4    5    8
   13   26    2   11    5
   27    2   11    3    7
   16   10    2    9    1
    3    5    8    6    6
    2    9   12   10    6
   14   22   11    6    6
   29    3    3   12    3
   13   10   10   10    2
   10   19    7    7    1
    1   22    8    3    1
   29   16    4    4    1
   30    5   10    3    3
   22    8   10    4    3
   16   27    2    4    4
   15   27    9    4    2
    2    6    7    4    5
   23    1    8    8    3
   11   25   10    8    2
    8   15    8    7    8
   25   25    7    2    1
   30   20    2   10    6
   22    5    4    1    1
   27   28    8   12    1
   19   14    9   11    6
   19    3    2    8    8
   19   30   10    8    1
   14   10    1    3    6
   26   12    1    3    1
   13    1    6   10    1
   25   17   11    9    2
   11    8    2    5    8
   28   10    7    8    3
   29    7    9    4    3
   18    4    1   11    5
   26   22    7   12    1
    1   17    8    2    7
   30    9    7    8    4
   23    2    6    4    1
    5   15    7   10    1
   18   27    7   12    1
   24   15    2    6    2
   16   26    9   10    1
    8    2    2   10    2
   27   29    6    9    3
   30    1    1   12    3
   25   10    7   12    3
   13    5    9    3    6
   22   21    7    4    2
    6   13   10    1    7
   18   28    9    3    7
   29   30    5    9    7
   23   22    1    6    6
   20   17    5    5    5
    4   23    5   10    2
   30   21    7    1    7
    6   26    8    5    3
   22    3   12    1    5
   20    8    5   12    2
   13    3    1   12    2
    2    4    5    9    7
   13    7   11    6    2
   11   17   12    4    7
    2    3    4    1    7
   12    8    9    4    2
   16   17   10   12    6
   15   19    9    2    7
    4   25   11    8    2
   25   18   12   12    4
   20   20    8   12    2
    9   19    8    3    2
    8   28    6   11    2
   13   22    1   12    2
    1   29    4    8    2
    3    1    5   10    4
   16    5    8   12    2
   22   30    9    6    2
    4    9    4   11    5
    2   18    1    6    7
    7   21    1    1    2
   27    1    5   12    2
   21   24    8    8    4
   27    3    1    1    6
   17   26   11   12    2
   21   25    3    6    7
   13   25    1   10    2
   21    2    2    8    7
   19    2   11    1    8
   24   20    6    9    2
   15    7    4   12    4
   18    7    2    1    2
    7    8    2   12    2
   30   26    7    1    5
   15   16   11    2    2
   30   24   10    8    4
    9   26    4   12    4
    2   14    8   10    7
    9   17    6    7    2
   14   13    5    6    7
    4    6    3   11    3
   11   29    2    4    2
   28   17    2    3    5
   24    6   10    2    2
   12    5    4    4    2
    9    9    6   12    4
   17    8    2    5    8
   15   15    7    6    4
   19   18    6    3    2
   12   22    9   10    8
   20   19    9    4    5
   18   18    6   11    7
    1   16    1    5    6
   10   30    1    6    6
   20    7    5    9    5
    7    9    8   10    4
   20   11    8    2    3
   23   18    5    8    6
   28    7    4   12    3
   23   29   11   12    1
   10   11    3    6    2
   12   23    9    9    4
   28    4    2   12    4
    1   19    4    7    5
    4   10   12    7    1
   14   11    8    7    7
    2   29   12    2    1
   30   25    4   11    6
    2   12   12   10    6
   28   26   10    2    2
   14    6   11   12    4
    5    5    3    4    3
   21   27    7    2    3
   20    4    8    4    1
   17   17    1    3    3
    7   19    8    9    2
   24   17   12    7    6
   30   16    6   12    7
    9    6    8    5    6
    4    5    6    9    5
   26    7    5    1    4
    2   26    3    1    6
   17   18   10    2    7
    8    4    4    8    4
   15    1    2    8    6
   19   23   10    2    4
    2   28    8   12    5
    5   18    6    1    4
   16    3   12   12    4
    4   17   11    7    5
   28    6   12    1    4
   22   19    8    7    4
   26   26    9   10    3
   22   24    2    2    6
   16   24    7    6    4
    9   29    5   11    1
   14   27    1   12    1
    4   30    6    7    6
   19   29    1    5    3
   28   28    5    9    2
   11    1   11   10    1
   29   17    7    9    1
   16   25    7    7    7
    8   10   11    3    3
    5   26    6    3    1
   18    1    6    6    4
    7    5    7    7    1
   27   19    8    3    2
    5    2    7    1    1
   18   11    8    9    4
    7    2   12    5    1
    7    1    4    5    3
   19   12    3   10    4
   12   20    7    8    4
   29   26    7    7    3
    9   27    3    8    4
   16   22    7    3    6
   15   30    1   10    4
    8   16   11   10    6
    5   14    7    3    8
    3   10    7    8    4
   23   27    5    8    6
   27   13   12    5    4
    2   16    4   11    4
   26   10    8   11    6
   25   23   11   11    4
    6   18   11   12    6
    9   21    3    6    4
   10   29    5    9    4
   27   10   11   12    5
    5   28    9    3    1
    7    7    4    3    2
   11    4    2   11    4
    9   25    9    8    5
   22    9   11    6    4
    1    1    6   12    3
    3   25    5   11    5
   22   22    9    8    1
   30   12    2    4    6
   17    6   12    9    2
   27    7    2    7    2
   22   27    3    1    2
    9   12    5    2    1
   27   26   11    9    6
   21   14    6    8    7
   13   19    2    2    8
   16    4    8    7    8
   29   29   12    4    9
   10   23    3    4    6
   11   16    5    9    2
   11    9    1    5    3
    1    2    8    9    8
    2   11    6   10    6
   22    6    4    8    2
    3   23    6    4    4
    8    3    3    5    6
    5    6   10    3    1
    4   21   12    3    4
   24    2    1    9    7
   22   17    4    6    5
   13   15    3    6    7
   12   28    4    4    6
   20    1    3    8    8
   21    1   12   11    7
   14   23    4   10    5
   20   18   11    8    6
    2   30    4    8    7
    6   20    1    3    6
    1    4    1    3    5
   15   11   10   11    2
   19   16   10    8    2
   14   20    3    2    6
    5   17    7    7    7
   25    2    8    1    3
   21    6    2    3    2
   30   27    9    2    4
   17   14    4    7    5
   29   15    9    2    1
   15   23   12    9    6
    3   24    4   10    6
   12    3    2   12    4
    9    1    5    9    3
   22   25    6   10    2
   15   18    3    1    7
   28   20    4   11    4
   12   18    8   10    1
    8   27    2    6    1
   27    4    4    7    1
    3    4    6    7    1
   19   11    8    3    3
   17    3    3    7    3
   11   30   11    2    1
    3   30    4   11    4
   10   10   12    9    2
    7   10    3    2    1
   24   25   10    1    1
   12   14    8   10    1
    7   30    2    3    1
    4   19    9    9    6
   28   24    1   11    1
   18   16    8    3    8
    3   26    7    4    4
   20   26   10   10    7
   27   27    3   11    4
   17   12   10    6    8
    1   26    8   11    8
   11   28    6    8    7
   29   25    5   10    5
   12   24   11    2    4
   11    6    7    6    4
   29   14    2    5    3
   25   26    8    4    2
    3   11    8    2    2
   24    9    6    6    4
   18   24    9    1    2
    9   18    9   12    2
    6    7   12    2    2
    2   22    8    2    2
   24   14    7    4    3
   24    1    9    2    4
   29   28    6   11    5
   29   13    3    4    4
    2    2    3   12    8
   16   12    5   11    6
    3   21   11    9    5
   21   13    2    6    4
   12   12   12    8    6
   21   23    7    8    4
   12   13   12    9    5
   11   22   10    7    6
   23    9   11    8    5
    6    3    3    9    4
   17   13    3    5    4
   21   19    6    4    8
   27   17    4    7    5
   22   28    7    8    3
   17   30    4    6    3
   13   30    2   12    1
   19   19    8    6    1
   19    8   10   11    7
    7    3    1    1    6
   28   16    9    7    4
   12   21    9   10    4
    6    1    8    3    2
   11   13    5    7    1
   16    6    8    6    1
    8   24    1    9    5
   11   24    8    6    2
   10   21    1   12    1
   11   12    8    5    4
   13    2   12    5    3
   19   24    1   11    1
   21   26    6    5    7
    3   14    1   12    5
   17   23    8    8    4
   30    8    5    9    2
    7   16    1   11    3
    2   10    1    3    4
   10   15    1   11    7
   21    5    8    9    6
    6   15    2    6    4
