   22   22    2    5    8
   29    7    1   12    8
   26    3   12    9    5
    2   16    5   10    6
    2    8    9   12    6
    5   16    1    3    2
   17    6    3    2    1
   16   29    4    3    6
    3   19   11    2    8
   21   13    1   10    4
   25   10   12    5    7
   25    9    6    2    5
   19   14    2    6    3
   13   30    7    2    7
   28   29    6    8    1
   28   18    8    2    3
   28   30   12   11    3
   17    4   10    7    6
    4   15    5   12    4
   18   18   12    3    4
    7   15    4    4    7
    5   27   10    2    2
   23   26    5   12    7
    6   30   12    8    6
   26   20    1    2    4
    8    4    4    3    7
   15    5    7   10    5
    9   12    8   10    2
   13   14   10    5    3
   19   22   11   11    1
   29   24    1    8    4
    1    6    4    7    3
   11   24    8    9    2
   11   25    2    4    5
   24   27   12    2    4
   30    5    7    3    5
   27   14    9    6    2
    5    2   11    2    5
   21   21   12    9    7
   15   16    6   12    4
    5   17    8    9    5
   27    6    9    8    5
    3   15   11    7    7
   18    3    9   12    4
   12   24   10    4    2
   28   26   11   12    5
   23    9    8   12    7
    4    4   12    4    8
   22    2    7    6    3
    7    2    9    9    3
   16   30    3    9    2
   13   28    7    2    5
    6    6    9    6    9
    3   24    9    2    9
   26    8    8    1    6
   19   25    2    4    4
    3   27    1    7    2
   20   15    7    4    6
    3    8    5    2    8
    9   19    2   10    8
   25    2    8    2    5
   16   26   12    6    7
   27   25    1    4    7
   21   19    8    6    8
   12    8    2    2    7
    1   22    6    2    7
   11    4   11    6    7
   20    4    6    4    6
   26   18    8    2    8
    6   14    7    2    2
   15    9    4    6    4
   22   30    3   12    4
   20   25    1    5    5
   17   17   11   12    8
    4   13    4    2    7
   23   30   11   10    6
   20   20    5    7    7
   14   17   11    8    6
   29   14    6    4    7
   10   29    7    1    6
   26   29    6    5    4
   18   24   10    3    6
   16   18    4    7    5
   12   19   12    4    5
   27   26    3    5    5
   20    3    4    3    7
   27   17    3   11    4
    8   14    3    5    8
   11   28    1    5    3
   12    1    4    7    3
   12   28    6    7    3
   16   17    1    6    2
   23   17    2   10    6
   15   26    3    9    2
   16   16    1    4    9
   29   19    5   11    2
    7   16    8   10    7
   10   23    9    3    4
   13   16   12    7    9
   11   23    2   12    8
    5   13   11    3    7
    4   25    3   10    6
   29    4   11    2    5
   28    6    5    6    4
   18   10    8    2    7
    3   25    1    5    3
   26   11    1    3    3
   24    7    2   12    4
   10    2    9   12    3
   20   19   10   12    6
    6   23    9   11    8
   18   17    8    6    8
   16   22    1    5    6
   27   16    1    7    4
   17   11    2    3    4
   10    1    4    1    3
   14   26   11    1    4
    2   24    4    8    3
   12   15    4    1    4
   25   30    2   11    7
    9   14    2    2    5
   25   12   12   12    1
   28   22    1    6    7
   27   20    8    7    5
    4   18    4   11    4
    4   21    9    9    8
   11   29    7   10    5
   13   11    8    1    7
   10   15   10   12    6
   14   16    3    9    6
   10   13    2    5    4
   14   11   11    7    7
   13   17    4    7    5
    2   26   12    4    5
   21   26    6    4    8
   30    9    6    2    3
   23    2    9    3    3
   21   20   11    1    6
   14    2   10   10    8
    9    2    9    8    2
    8   25    3    8    3
    8   29    6   11    7
    5    5    2    5    5
   28   24   12    2    7
    4   24    7    8    6
   23   16    4    5    7
   12   16    3    2    6
   20   14   10   12    8
   29    1    3   11    6
   26   26    7    1    8
   24   22    2    4    7
   17   22    5    8    2
   29   22    3    5    2
    8   22   12    9    3
    3   23    4    5    5
   13   18    4    2    6
   15   21    7    5    4
   19   17   11    4    4
   21   29    5    2    3
    6   15   12    6    2
   20   23   11    2    7
    1   13    5   11    7
    9    8    2    1    4
    6    3    1    1    5
   21    2   12   12    7
   21    9   11    7    4
   29   17    9    1    1
   29    3    7    9    2
   19   26    8   12    5
    4   27   10    6    4
    2   12    6    5    7
    3   13    6    4    3
    3   12    3    6    3
   15    1    6    2    7
   19   15    7    4    3
   23   19   11   11    1
   19   30    3    5    7
    6   12    9    5    9
   16   11   11    9    7
    1    1    4   11    8
   10   24    2    7    6
   29   29    7   11    3
   25    7    7    3    3
    1   17    4   11    8
   19    8    2    1    6
   10   17    1    8    4
   30   27    4   11    1
   18   11    2    3    3
   22    3    7    6    4
   15   28    9    5    6
   17   15   11   12    6
    6    9    9    4    3
    4   28   11    6    7
   18    8    7    2    7
   29    2    6   12    4
   27   11   10    5    3
   27    7    6   11    2
    1   19    5    9    6
   22    6   12    1    4
   11   30    6   11    4
   25   15   11    4    5
    7    7   12    6    6
   15   13    2   10    2
    7   26   12   11    2
   17   26   10   11    7
    2   27    1    4    5
    1   16    5    1    7
   30    8    1    5    5
   27   27    8   11    8
   28   28    9   11    8
   20   11    4    6    7
   24   24    8   10    8
    2   18    5    8    6
    7   18    1    8    4
   10   14    4   11    3
   13    9    5    6    6
   21   14    1    1    8
   11   10   12    6    5
   22   13   10    2    5
   24   14    1    4    5
   18   14    6   11    4
   15   18    1    7    4
    6    8   11    2    4
   22   23    7   12    2
   23   15    3    8    5
   12   13    2    1    6
   27   21    8    1    6
   23   23    6   11    4
   23   14    5    3    4
   26   30   10   12    6
    9    5    3    4    6
   24   21    7    2    1
    4   19   10    3    8
    7   13    2    6    3
   24    8    3    6    7
    8   21    4    6    4
   28   23    5    4    3
   22   18    2    2    4
    5   21    5    2    2
   24    6   10    4    1
    8   13    9    8    1
    9    9    1    2    9
   24    1    9    6    5
    1   18    8    7    6
   10   21    4    2    1
   29   23    3    5    8
    9   29    8    9    3
   15   11   11    4    4
    5   18   12   11    3
   16   19   12   12    6
    1    7   11    5    5
   23   25   10    8    4
    1   23    8   12    7
   28    3    1    4    7
   17   24    4    4    5
   19    2   12    6    5
   25   17   12   11    5
    7   17   12   11    7
    8    8    6    3    8
    5   14    8    7    5
   16    8   10    3    7
    2    3    1   10    5
    3    5    6   10    7
   12   30   10    6    5
    6   21    2    7    7
   28   25    4    5    3
   20    1   12    7    3
   22   25   11    8    3
   22    5   12    9    7
   15   24   10    7    7
   25   25    8   11    7
    9   27    7    2    5
    9    7    6   12    3
   22   27   12    1    3
   22   11    4    9    2
   30    7   11    2    5
   13   24    4   10    6
   22    9    5   11    4
   22   26    2    8    7
   15    2    1   11    6
   29    5    2    9    4
    5   19    2   12    5
   12    5   10    2    5
   27   15   12    5    7
   20   24    3    8    6
   22   10   12   12    8
    1   14    6    4    7
   11   11   11    1    8
   25   21    8    4    2
   14   14    8    6    7
   10   30    9    7    4
   13   25    4    8    3
    9   28    6    6    3
   10    6   11    4    6
    8   10    5    9    5
   12   14    3    4    7
   26    9    2    3    8
    6   18    8   10    5
   19   19    1    6    6
   22    4    7   11    2
   13   20   11    1    5
   28    1    6   10    6
    2   13   12    7    6
    4   12    6    4    7
   27   28    4    8    8
    3   16   12    2    6
   27   23    8   10    4
    1    9   10    9    8
    6   13   10   12    7
   28   14    7   12    3
   23    8    8    7    3
   24    9   10    9    3
   10   20    1    8    3
   19   18    1   11    5
    5    6    8    1    4
    3   17    5    9    6
   15    8    3    5    2
   12   10    8    4    1
    1    4    9   10    7
    8    7    5    7    8
   27    1   11    5    2
   16   10    7    5    2
   21   16    8   10    6
   30   20    5    7    8
   17    2    3    9    8
   24   23   10    1    6
   30   15    3   11    5
   28    5    3   11    6
   18   25    3   11    5
   30   30    4    8    7
   19   28    7   10    3
    1   30    1    4    8
    1    2    9    6    7
   27   29    2   10    3
   17    9    1    1    3
    9    4    8    1    6
   20    8   10    5    7
    7   10    2    8    4
    6   26   12    9    3
   13   13    5    7    5
    7   21    9    1    4
   28   16    6    6    4
   13   29   10   11    7
    4    2    5   10    7
   23    4    4    2    7
   12   11    9    4    7
    6   19    7    6    3
    3    3    9    1    7
   21   28    7    9    3
   10    5   10    4    7
   18   12    7    3    4
   10    9    5    4    5
    7   19    1    6    5
    4    7    6   10    5
   16    9    3   12    5
   19   11    6    6    6
    2   20   12    6    7
   19   27    6    1    4
   13   26   12   12    3
    9   11    3    1    7
   22   15    2    6    3
   22   12    7    3    3
    1    3    5    6    6
    7   11    7   10    3
    7    6    7    3    1
   15   29    4    4    6
   21   30    6    7    6
    2    2   11   10    7
   21   23   11    4    6
   20    6    2    1    5
   13   27    6    1    5
   20   16    6    3    6
    6   11    7    3    6
   25   29    3    5    3
    5    4    6    3    7
   24   30   10   12    3
   26    1    9   11    3
   21   18   11   12    2
    7   23    7    5    4
   10   28    1    9    3
   14    4    6   12    6
   21   22    8    9    6
   12   20   10    8    6
   24   19    2    8    7
   30   14    4   10    8
    3   11    9   11    6
   30    4   10   10    8
    9   18    4    2    6
   28   20   11    1    3
   29    6    1   12    2
   24    5    2    8    6
   25   26   11    5    3
   21    1    5   11    4
   20    5    8    2    3
    8    5    8    8    5
   30   29    8    6    6
   10   19    5    2    5
   25    1   10    4    7
   17   30    3    1    8
   29   12    6    6    3
   27   12   12    4    3
   11   21    6   12    7
   12   21   10    7    8
   15   15    8    4    2
    9   20   12    8    2
    4   16    7    7    4
   20   18    5    1    3
    1   11    8    1    5
   11    8    6    8    6
    7   12    1    8    3
    3   14   10    7    5
   21    3   11    1    5
   23   12    2    2    4
    8   17    9    9    5
    8    1   12    8    4
   10   26    7   12    4
   19   13   12   11    7
   25    5    5    9    4
   26    4    4    3    5
   23   18    2    9    2
   25   24    2    2    2
    7   28    1    5    3
    6    2    8    6    7
   18   30   11    8    6
   26   24    7    3    7
   20    7    1    4    6
   28   17    3    7    5
   25   14    2    8    3
   22    7    7    6    5
   13   23    4    6    4
   29   20    7    5    7
   14   22    7    7    3
   27    8    9    1    5
   29   18    6    1    5
   17   20    5   10    7
   22   20    3   11    6
    3    7   12    6    7
   17   12    9    7    5
   16    6    1    1    4
    2   11    7    2    8
    1    5   12    9    3
   10   10    4    6    2
   26    5    3    9    4
    7   14    3    8    3
   17   21    8    3    8
    5   23   12    2    5
    8   28    5    9    2
    6    4    4    6    4
   27   10    6    8    5
    3   10   10    7    5
   24   16   11   11    5
    2   28    5    8    3
   25   16   12    8    7
    2   30   12    5    7
    4    3    7    7    5
   18   27    6    8    4
   14   15    4    2    2
    7    5    4    7    8
   26   12   10    4    3
   12   12   10    6    8
   30    3   10    9    4
   10    4   10    7    6
    6   25    6   12    1
   11    5    7    8    7
    3    9    2    8    5
