   25   29    2    6    3
    6    5   10   12    2
   18   21    9    5    5
   24    1    7    5    3
   17    8   10    3    4
   19   19   10    3    6
    3    5    1   11    7
    5    1    3    8    3
   29   24   12    2    5
   23   26    2   10    2
   10   15    5    7    4
   25    6    2    7    6
   30   17    1    4    4
   16    4    4   12    5
   21   23    9    7    4
   12   27    2    9    6
   28    6   12    1    2
   21   10    1    2    6
   19    6    5    2    5
    4    4   10    5    8
   16   24    5   11    3
   30   20   11    2    2
   13   24    6    2    5
   10   12   12    4    4
    1   23    1   10    2
   22   23    4    2    5
   21   21    9    1    7
   18   18    4    8    7
    4    7    9    1    5
   16   30    9    4    6
   30   15   11    5    6
   27    4    5    7    3
   17   17    9    4    6
   21   20   11    8    5
   17   13    8   11    7
    9    5   12    2    6
    8    7    7   10    6
   30   13   11   12    3
    6   14    8   12    7
   25   14    7    3    8
   16   16    5    1    9
    1   20    3    3    6
   10   16    7    9    4
   26   14    5    9    6
   25    1    8    4    7
   14    1    2    9    9
   15   22    1    3    9
   15   23   11    5    7
   16    2    8   11    5
   16   26    9    3    4
   18    3    6   11    5
   17    9    1    2    6
    6   21    4    2    9
   26   19    1    4    9
   22    6    1    2    3
   14   13   10    4    6
   19   25    6   11    3
   29   17   11    4    6
   25   25    8    4    7
   10    3    3    8    3
    1   16    6    2    6
   26    1    5   11    7
   23    6   12    6    7
   28   17    1    5    3
    7   13    7    1    7
   11    5    4    4    7
   27   28   11    1    8
    8   23    3    4    6
   10   19    6    1    5
   23    4   11    5    3
    9   21    3    9    4
    8    3   11    9    6
   13   21    6    9    5
   21    1    5    7    6
   11   26    9    9    6
   27   29   12    5    1
   28   30   11    9    4
   17   23    1    2    4
    2   22    4   10    6
   10    1    8   11    7
   11   15    2    6    7
   18    4   11    3    4
   24   18    4    6    6
   15   25   10    8    6
   19   27    2    8    7
   27    2   10   11    8
    2   24    9    6    6
   17   16   11   11    7
   24   10    8   11    4
   11   30   12    2    7
    7   30    3    8    5
   13   27    4    5    6
   22   27    4    4    7
   17   24    4    5    3
    2   17   12    6    5
   22    7    6    3    3
    8    5    9   11    6
    3    9    8    3    4
   11   24   11    4    6
    3   17    8    1    3
    7    2    7    3    5
   13   22    4    5    6
   20   19    5    4    6
   11    4    8   10    9
   10    7    3    1    5
   13    5    1    4    6
   19    2    2    7    6
    1   28    2    7    3
   16   20   12   12    7
    1    2    2    9    7
   18   20    8    5    3
    9    8   12    6    7
   27    9    8    4    7
   19    8   12    6    8
   27   10    5    8    3
   20    8   12    9    8
   15   17   11    9    6
   23   28    4    8    2
    7   14    2    7    7
   15   27    2    4    9
   10   30    8    4    5
   20   27    2    9    7
    6   11    4   12    3
    3   23    4    8    4
    4   29    8    2    4
    8   27    7    6    5
   13   15   10    9    3
   12    9    3    4    5
   10   10    1    4    4
    8   24    2   11    6
   29   26    6   12    5
   11    9    8   12    3
   18    6    7    5    2
   27    7    8    6    5
   19   21    7    7    5
   18    1   12    1    4
    3   25    9    2    3
   11    2    3    5    2
   14   17   12    4    8
    2   15    7    3    4
   25   27   11    2    7
    3    3   10    4    9
   13    1    9    7    4
    3   21    5    5    5
   28    5   10    6    2
   20   24    8    3    7
    6    1    4    3    5
    9    9   11    9    7
    1   17    2    7    4
    2    2    7    1    7
    4   12    1    6    7
   24   25   12    2    3
   14   29    2   10    3
   23   12    6    2    4
   11   11   10   11    5
    2    6   11    3    8
   24   24   10    4    7
    5   19    7    4    6
   13   12    8    5    5
    3   30   10    7    4
   12   20    5    5    3
   27    5    5    7    7
   27   27    9   12    7
   19   15    3   10    5
   11   13    6    3    4
   22   24   12   11    6
   22    8    4   11    3
   28   16    9    2    1
   18   13    9    4    6
    1    1    2    4    8
   25    5    9   10    5
   16   23    3    1    3
   19    1    1    8    7
    4   10   10    5    5
   27   11    6    5    4
    9   14    7    8    5
   20   14   10   11    4
   12   22   11    8    6
   23   18    1    2    7
   12    2   11    6    7
   17   26   12    2    7
   21   14    4    3    7
    4   22    3   10    3
   17   10    4    9    2
   16   27    2    8    5
   18    7   10    5    3
   27   14    2   11    4
    8   25   10   10    7
    9    2    7   11    3
   30    1    2    4    7
   15    6    7    3    7
    4    9    1   12    3
   22   11   12   10    6
   18   14    3    1    6
    2   14   11    3    5
   24    3    2    4    7
    5   22    1   11    2
    8   12    8    5    5
    2   23    8    3    2
    4   17    6   11    5
   13   10    3    7    6
    6   16    8    2    2
   25   30    4    8    1
    6    9    6    8    2
   22   14    9    3    4
   28   26    1    1    5
   18   19   11    2    2
    8    4    7    1    7
   13   13    4    1    6
    7   16    8   11    7
   14   23   12    3    4
   24   12   11    4    2
   29   21    3    8    6
   15   15   11    1    5
   17   25    6   11    5
    5   17    3    7    6
   29   12    8    3    3
   28   18    3    1    7
   26    2    5   11    8
    8    8   10    1    8
   19    7    3    7    8
    5    2    2   10    4
    5    5    8    6    8
    9   24    6   12    9
   19   29    6    7    2
   29    1    4   10    6
    1   12   10    7    8
   30   23    8    6    3
   23   27    8    8    7
    7   17    2    4    5
   20    9   11   10    8
    8   30    5    7    2
   24   26    1   11    4
    3   16    9   10    7
   16   14    6    6    3
   25   12    2    1    3
   15    9    9    4    8
   10   18    3   10    3
    7   26    2    6    6
    9   25   11    7    3
    3   15   10   10    7
   27    1    4   12    7
   16   15    1   10    6
   26   21    3   12    6
   23   24    7    3    3
   26   26   11    1    8
   19   28   11    6    3
   14    3    7    5    7
    1    3   11    6    7
   23    5    1    2    8
    1   11   10    4    8
   27    6   11   12    5
   12   19    6    1    7
   11   10   12    6    6
    6    6    4    8    5
   13   23   10    7    6
   29   29    4    8    3
    6   17   11    1    7
   17   27    7    3    2
   26   20   12   10    7
    7   12    2    3    5
   14   14    7    9    7
   30   24    5    9    6
   28   25    8    6    7
   16   29    2   10    3
   26   10   11    3    3
   25   11    7    3    6
   29   30   12    8    3
   28    4   12    6    7
   22   26    4   11    6
   22    1    9    8    3
   23    9   11    7    3
   15    5   11    4    6
   23   19   12    1    7
   12   11    3    2    8
   12   30   11    6    7
   25    2    7    1    8
    4   15    8    3    3
   29   23    4    1    7
   25    7   11    7    7
    3   11    3   12    8
   21   12    9    8    9
   29   18    1    7    3
   28    9    5    9    7
   21   15    7    5    3
    4   19   11   11    7
   26   18    3    1    8
   26    3    8    9    3
   24    6    9    4    8
   20    3    1   11    3
   13    6    9    2    2
   19   24   12    7    5
   21    7    2    8    6
   12    6    9    3    8
   27   18   10    7    6
   28   28    6    9    5
   29    2   12    2    2
   17   19   12   11    6
   18    8    2   12    3
   16   18    1    6    3
   15   28    9    9    3
    9    7    4   12    5
    7   29   12    1    3
   25   10    8   11    5
   23   23    3   10    6
   20   15    9    1    5
    4    6    4    4    6
    8   21    5    4    7
    5   12   11    6    5
   22   21    2   10    4
   21   28   11    9    5
   11    8    9    2    7
    9   22   10    3    3
   28   22   11    2    5
   18   11    4    7    3
   18   12    8    6    7
   21    4    5    4    7
   17   21   12    4    7
    1   15    9    8    2
   20   10    8    3    2
   15    7    4    4    5
    2    3    9    6    6
   16   19    3    8    2
    5   29   12    4    3
   14   19   11    9    6
   27    3    8   10    3
    9   26    2    7    3
   12   15    1    2    3
   24   21    9   12    7
    2   20    7    4    3
   25   26    9   10    7
   16   12    1    3    7
   26    5   11    5    4
   20    4    7    5    4
    4   14    7    8    4
    1    9    1    1    3
    9   10    6   11    6
   12   12    1    6    8
   29    6   12    2    4
   30    9    3    6    7
   15    8    6   12    3
   18   22    9    1    3
   26    8    3    1    6
   21   30    6    6    4
   28   10   12    4    6
   24    4   11   10    5
   19    3    8    5    3
    3    6    9    6    3
   29   22    7    2    6
   14   15   11    7    7
   20    7    3    4    8
   20   20    5    8    7
    7   24    9    3    5
   11   17    8    9    6
   22   25    8    8    3
   28   12    4    9    1
   14   30    8   11    3
   25   16    5   12    7
   30    5    5    6    3
    8   16    4   12    7
    3    4    4    9    8
   17   18    5    2    9
   26   30    1    9    6
   16   11   11    2    2
    8   14    8   10    7
   24   27   11    1    3
   25   23   10    3    7
   30   30    8    9    7
   30   18   10   12    5
   11   29    4    8    7
   10   14   10    4    3
   26    6    7    5    3
   23   10    5   10    3
   13   20    3    3    7
    5    7    4    2    7
   20   11    7   10    3
   29    3   12    7    7
   21   27    4   11    6
   16    5    2   12    3
   20    5   11   12    2
    1    4   10    8    9
    8    2    2    6    2
    2   21    6   10    8
   25   13    5    9    8
   11    7    3   12    8
    6    8   10    3    7
    7    6   12    2    2
   30   22   10    2    8
   20    6    2    7    7
   25   18    9   11    1
   13    2   12   11    7
    5   14    4    5    3
   15   24    8    3    2
   15   29   11    6    7
   13   26    6    7    6
    3    7    4    6    2
    4   26    5    6    1
   28   14    3    1    5
    5   21    6    1    2
   23   11    2    1    2
   19    9   10    8    5
   22   20    3    7    1
   19   22   11    8    1
   13    4    2    7    8
   22   16    1   11    2
   10    5   10    1    7
   28   24    8    3    3
   19   11    1   11    6
    8    1    7    7    7
   23    7   12    7    6
   30    4   10   10    8
    5    4    1   10    2
   28   29    1    3    2
    3   22   11   10    4
   30   19   11   11    6
    3   28    9   11    2
   20   28   12   12    5
   18    5    5    3    4
   20   17    1    2    6
    6   10    4    9    3
   10   22    6    5    7
   25    4    2    8    3
    2    4    9    8    7
   30    6    9    1    6
   23   20    5    9    4
   27   30    3   10    6
   25   20    7    6    2
   16   13   11    6    6
   13   19    3   10    6
   18    2    3    6    3
   12   17    9    3    7
   28    7    7    6    3
    3   12    7    3    7
    1    7    5   11    3
   28   13    7    9    3
   11   28    6   12    5
   21   25   11   10    6
   22   22    2    5    7
    7    7    3    1    8
   13    8    5   12    9
   30    2    1    3    3
   28    2    2    4    3
   29   20    6    3    7
    3   13    6    5    5
   10    2    9   10    3
   26   15    1    4    6
   29   10    7    9    3
   16   21    5    6    7
    8   29    7    1    3
    9   29   11    6    7
   26   12    3    7    6
   11   21    1    2    8
    8   10    8   10    8
   12   14    5    8    7
   13    9    4   12    9
   22   17    3    9    3
    9   18    5   12    7
   13   29   11    8    3
   15   18   11    8    7
    8   28   10    9    6
   24   14    5   11    1
   26   27    2    4    8
   16    9    7    7    4
   14   11    2   12    5
    5   24    9    1    2
