    1   26    8    9    1
   24   27    4    4    2
   21   12    5   10    6
    4    7    7   12    4
   26   15    7    6    6
    3   21    6    8    5
   27   30    6    5    3
    5   15    3    5    3
    8   30   10    2    3
    2   18    5   10    3
   18    5    8    5    3
   11   10   10    4    1
   12   11   12    6    6
   22    4    6    8    3
   13   12    3    6    2
    7   16    5    4    6
    7    9    4    5    4
   27    3    4    9    3
   25   25    1    7    7
    4    3    5   11    5
   21   10    4   12    4
    8    1    3    8    4
   18   21    1   11    4
    1   23    8    5    2
    3   14    7    1    3
   28   19    9   12    1
    3   19    4    8    5
   27   29   12    4    2
   30    5    3    8    2
   20   18    2    7    9
    9    9    1   11    9
    7   30    7   11    4
   20   19   11    5    6
   22   26    4    5    6
    7   13    9   11    3
   10   22    4    4    3
    2   15   12   11    5
   12   12    2    3    8
    1    2    3    3    8
   13   10    6    8    4
   15    1   12    6    6
    8    9   10   11    5
    7   21    1   12    5
   25   29   11    1    4
   21   11   10    7    4
    7   12    8    2    6
   23   27   12    8    8
   15    9   12    3    4
   12    5   10   10    6
   16   11    2    4    6
   29   21    4    2    2
   12   28    1    7    2
   29   29    6    4    4
    1   14    5   12    4
   12   14    7   11    8
   21    4    3    2    8
    4    9    8    4    4
    5   20    6    8    4
   25    6   11    1    4
   24   18    8    6    4
   27   28    6    3    7
   29   30    1   12    7
   20   21   12    2    5
   24   10    8   11    4
    3   26    8    9    4
   15   19    2    5    3
    3    3    2    5    3
   14   30    4   10    7
   14   29    4    2    4
    4   15    7   12    4
    6    4    6   10    6
   25    5   10    6    3
    3   16    7    6    6
   22   19    3   10    6
   21   16    2    9    3
    8   19    2    1    5
   11    8   11    2    7
   12   24    7    8    3
   26   19    4    7    3
   13   28   12    3    3
   27    4   12    8    3
   28    7   12    7    4
   16   14    7   10    4
   17   17    3    6    8
   10   12   10   10    4
    2   14   12    7    5
   28   14   10    7    4
   30   13   10    8    4
   22   30    5    7    5
   15   15    3   11    6
   24   13    8    9    4
   22    8    3    2    6
    9    1    5    8    4
   28   15   11    3    2
   18    4   11   10    2
   19   11   12    4    9
   10    8    9    1    3
    1   13    1   11    3
   13   11    8    3    6
   26   25    8   10    6
    4   30    3    6    5
    9   17   12    1    4
   17   22    3    5    7
   20   13    2    4    7
    7    1    7    7    4
   16   23    9    8    4
   24   29    3    1    5
    3    6    6    4    6
   29   23    9    8    3
   25    9    7   11    5
   24    1    6   12    8
   23   23    9    7    7
   10   20    5    7    3
   27    7    5    3    5
   19   24    4    6    8
   21    2   12    5    6
    2   22    6    4    5
    5   22    8   12    4
    6   24    8    9    4
   22   11    6    8    5
    4   23    8    1    4
    2   20   11    4    8
   10   30   10    4    3
    6   10   12    8    3
    9   16    5   10    3
   25   22    7   12    3
   11    9    8    9    4
   11   25   11    4    3
   29   19    5   10    3
   18   12    9    6    6
   25   10   10    5    3
   13   15    2   12    3
   12   29    4    3    3
   23   20    5    7    3
   14    8    7   10    5
   20   25   11    5    4
   26    5    8   10    5
    8   21    3    2    6
    8   23    9   11    6
   23    2    1    2    7
   16    8    5    9    7
    2    2    1   10    7
   14    6    9    4    6
   30    3    5    8    4
   20    6    3    9    4
   11    5    2    4    4
   30   17   12    3    7
   15    3    1    1    4
   23   19    5    2    4
   16   15   10    7    5
   13    4   11   12    5
   25   12   10    1    5
   20   24   11    4    2
    5   21   11    6    2
   18   29    2   12    3
    6   11   10    7    5
   10   14    9    3    3
   22    6    5    3    3
   24    8    9    6    6
   26   24    3    5    3
   30   25   11    4    7
    7   10    4   12    3
   20   16    4   12    7
   11   26    1   12    4
   26   23    9    9    7
   14   24    6   10    6
   27   27    9    7    7
   18    9   12    7    3
    5   28    5   10    3
    8    4   10    1    7
   24   16    8    3    3
   27   11    9    6    3
    3   25    4    7    8
   16   10    6    1    4
   24   15    2    2    8
   21   13    5   11    4
    2    8   11    7    8
    2   24   10    9    8
   10   15   12   11    7
    1   30    8    8    4
    9   23    1   12    4
    8    3    1    7    3
   26    2    3    1    2
   14   22    9    2    2
   11   14    1   10    5
   20    9    7    2    3
    4   17    9    3    3
   22   20    4    3    6
    3   20    1    3    6
   21   22    7    3    2
    3   11    9    3    2
   29   20    3    3    8
   15   23    8    9    6
   28    1    1    2    6
   13   18    3    5    4
    1   10   11    8    4
   27   18    1    9    7
   11    2    1   10    7
    7   11   10    5    4
   18   17    5    1    7
   11   17    8    3    7
   25    8    3    3    7
    4    2   10    8    8
   18    6    9    4    6
   29   11    8    2    4
   16   18   12    7    5
   28    8    1    4    3
   11   20    7    9    7
   15   27    3    5    5
   19    1    3   12    5
   28    6    9    1    3
    5   24    4    4    2
   30   26    8    9    8
   25    2   12   12    7
   15    6    4    4    2
   13    8    4    5    5
   20   26    1    3    2
   25    1   10   10    2
   29   10    8    2    2
   21   24   12    9    5
   25    4    6    5    3
   23   22    7    8    5
   16   27    8    6    3
   20   20    6   10    7
   25   28    6    7    7
   22    9    4    8    7
    5    2   10   11    5
   27    8    8   12    3
   30   24    9    8    3
   19   18    3   11    3
   27   12    8    6    8
   29   16    8    5    3
   22   13    5   12    6
    7    6   11    6    5
   13   16    7    6    6
    2   10    7   11    7
   23   28    2    2    3
    7    3   11   10    3
    6   13    9    4    3
   13    3    8    1    3
   20   12    2   12    5
   16   17    1    6    6
    6    6    3   11    8
   28   24    1    2    3
    4   10   12    1    4
    7    7    2   10    3
    5   10   10    6    3
   29   22    5    9    3
    7   19    8   10    2
   28   29    8   11    7
   17   12    8    1    7
   18    3    1    7    3
   27    2    9    6    3
   16   25   10    4    3
   15   17    1    6    2
   21   14   10    4    8
   25    7   11    5    3
   20   14    7    7    3
   16   30    8    5    5
   27   20    1   12    4
   17    7    7    9    4
   18    8    7    8    4
    7   15   12    2    5
   17    5    7   10    4
    8    7    2    1    6
   10   17    5    3    6
   13   29   11    3    3
    5    5   11    2    7
    1    3    7   12    6
    4    1    2    6    6
   12   16    3    5    5
   10   27   10    4    4
   13   17   10    5    4
   13    5    1    8    4
   16    2   10    6    6
   11   30   11    3    3
   24   24   11    2    7
   30   19    8    8    4
   29   26    2    5    5
    2   17    2    7    7
   13   25    1    7    6
   17   19    5    2    5
    6   16    3    7    5
   17    1   10    8    6
   23    5    4    8    4
    4    4    5   10    4
    6   21    3   12    6
   29    3   11    6    3
   28    4    3    4    7
    8   12    3    3    4
    5   29    8   11    3
    5    1    2   10    3
   29    4    6   11    3
    7   22   10    5    7
   14   13    4   10    5
   19    4   12    5    7
    2    9    4    3    3
   15   22   11    7    3
   23   30    5    3    3
    3    9    8    2    6
   29    2   10    7    3
   14    5    4    6    5
   26   26    5   12    5
   30    2    4   10    6
   10   19    4    7    3
   20   28   12   10    3
   25   27    4   11    3
   18   30   10    4    3
   13   13   12    3    6
    5    9   11   11    5
   25   24    3    6    5
    5    6    7    7    4
    4   12    3   12    3
    9   28    6    7    3
   25   21    2    8    3
   18   15    4    7    4
    5    8    3    3    3
   14   23    5    8    4
   11    4   12    5    3
   12    9    8   11    3
   28    2    8    9    3
    8   26   12   11    3
   23   24    1    3    6
   26    6    7    6    1
   14   25   12    7    7
   15   21   10    6    5
   11   18    8   11    3
   28   28    7    3    7
   18   23    6    4    7
    6    8    8    1    5
   14   27    9    5    6
   27    9    2   10    6
   17   24   12    3    4
   21   17    6    4    4
   15   14   12    8    4
    4    5   10    9    4
   26   27    8    8    5
    4   14   12    8    6
   28   18    4    9    6
   20    8    1    1    4
   21   28    5   12    4
   10   18    9    5    3
   14   19    5    6    4
   16    5   11    3    3
   22   28   12    9    4
   24    9    2    6    4
   23   17    8    1    6
   26   12   10   12    5
   12   30    1    9    6
    6   23    7    6    4
   16   19    3    3    4
    3    2   12   11    5
    4   26    8    4    6
   10    9    6   10    5
   23   10    1   11    6
   22   27    7    3    4
   13   23    4   12    4
   27    6   10    2    6
    7   23   12    1    6
   14   18   11    3    4
    6    1    3    2    3
   16    4    9    6    3
   19    2   12    6    3
   26   10    1   12    3
    2   12   12   10    3
   19    6    3    8    2
   30   20    9    2    2
   27   17   12    3    6
   26   14    3   11    4
   11   23   10    2    4
   28   26    4    5    5
   28   16   11    9    4
   12   22   12    5    3
   19    9    1    1    7
   15   30   11    7    7
   12    1    6    7    6
    7   18   10    7    6
   14   14    4    6    7
   28   30    2    8    5
   28   11    3    4    6
   23   12    8    4    6
   21   21    8    2    7
    3   23   12    8    4
   22    3    1    4    5
   16    1    8   10    4
   25   15   12    5    5
   20   17    5    5    3
   16   26    8    8    5
   17    8   11   12    4
    6   30    1    4    6
   23   25    5   11    6
   12   15    6   11    4
    1   29   11    9    4
    4   24    5    9    6
   14    7    5    4    3
   22   22    7   12    6
   29    9    6    2    3
   26    9   12    9    3
   21   27    3    7    3
    7   26    7    7    3
   23   21   12   11    8
   15    8    2    4    5
   13    2   10    5    4
   17   26    1    7    1
   28   17   11    8    1
    7    2    3   12    1
   19   19    7   10    8
   16   16   10    9    8
   11   15   12    3    1
    7   29    6   11    5
   11   11    1    2    6
    1   18    2    7    3
   26   21    3    3    1
   10   10   11    1    1
    1    1   11   10    6
    3   24    5    4    3
   12    3    9   10    2
   24   22   12   11    1
    3   10   10    6    1
    8   29    4    9    1
   28   10    1   12    1
   21   30   10    5    6
   25   18   12    9    6
   26   18    8    9    6
   22   16   11   10    1
    6   17    8    4    5
    2    6    9    9    6
   19   27    1    7    6
    1   21    1    2    6
   17   29    2    4    6
   22   18    1   12    5
   30   30    6   10    4
    9   13   10    6    3
   14    9    1    8    3
    8    8    8    5    6
   13   19   11    3    4
   20    1   10   10    6
   18   18   10    1    6
    5    7    8   11    4
   17   25    9    1    6
    4   20   12    1    4
   12   19    9    1    4
   17    3   10   12    3
   14   17   10   10    6
   13   26    1    7    6
   27    5    6    6    3
    1   27    4    9    3
   12    6    6    4    6
    3    5    1    9    3
    5   19   12    2    6
    9   21   10    4    3
   30    9    4    3    3
    7   20    5   10    3
   15   20    4   11    7
   13   27    2   11    5
    6   29    6    4    1
    1   22    4    1    4
   21   19   10    4    3
    9    6    5    1    1
   11   24    7    6    1
    7   24    9    1    1
    1   11    4    8    2
   28    3    5    7    1
   25   19   10    9    5
   15   29   12   11    4
