   11   19    1    8    2
   10   29    6    7    1
   24   20    8    7    1
   25   26   12   10    4
   17    6    7    6    2
   21   24   12   11    3
   27   14    1    4    1
   21    4    5   12    1
   27    2    2    1    2
   21    1   10    7    2
    2    4    5   12    4
   20   13    1   12    2
    4   30    8    6    1
    9   18   11    1    5
   27    4   10   10    5
   13    6    5    3    2
   12    4    1    9    4
    6   20    3   11    3
   20   30    1    7    4
   18    5   10   12    7
    5   14    4   12    3
    7   13    2    3    2
    5   30   12    1    2
    3    8    3    7    5
   30   16    2    1    4
    5    9    5    7    4
   20    9   11   11    3
   11   25    8    4    3
    2   15   10    7    3
    8   12    6    4    5
   15    1    4    3    4
    8   23    3    6    2
   28   13    4    3    1
   18   13    4   11    3
   10   20    3    9    2
    4   26    9    5    2
   22   20    6    7    3
   21   14   11    1    5
    6    3   10    9    4
   14   14    2    4    8
   30    6   12    1    8
    8   28   12    8    3
    9   24   12    2    5
    4   28    5    2    7
   21   22    8   11    1
   30   14   12    5    5
   25    2   12    3    7
   13   22    5    7    7
   14   23    3    2    7
   23   12   12    1    5
   10    7    3    2    4
    6   15    2   11    3
   23    6    3    7    1
    2   23    3    3    2
   18    8    4   12    3
   28   18   10    4    3
   11    8    1   11    7
   29   20    2    7    6
   11   17   11    1    5
   21   27    9    2    4
   22   24   11    6    1
   23    4   10    1    1
    2   14    8    4    2
   17    2    3    4    2
   16    8    9   11    5
   15   29    5    6    1
   16   27    4   10    1
   14   29    2    5    3
    1   13    5    5    2
   23   15    1   10    4
    9    4    3    6    7
    8   10   10    1    7
    4   22    1    6    3
   25    8    1   10    2
   13   27    8   11    4
    2   28    5    9    3
   28   23    2    1    4
   15   15   12    5    3
   28   30   12    4    5
    9   11    5   10    5
   11   12    1    4    4
   28   28    4    8    7
   23    7   11    7    4
    8   29    8    6    5
   12   13    4    6    4
   30   13    8   10    3
    3   21    5    3    3
   14   28    2    7    5
   22    1    2    2    2
   12   12    5    9    5
   24    5    9    2    3
   12    3    1    9    1
   27   18    7   11    4
   29   13    8   12    1
   22   14   11    1    1
   16   15    7    4    4
   18   14    1    7    4
   28   11   10    2    3
    1    2    6    4    1
   30    9    8    4    1
   16    5    5    9    2
   26   18    1    8    5
   23   23    8   10    5
    5   28    8    3    7
   27   19   11    3    3
    5    7   11    7    3
   26    9    1    5    3
   26   26   10    1    4
    4   14    6    2    3
   11    1    7    9    7
   15   19   10   10    3
   15   30    3    6    3
    1    5    1    9    2
   27   10    7    9    1
    9    7    9    1    5
   30   17    2    6    2
   23   24    5    1    4
   18   11    1    4    6
   22   30    6   11    7
   27   22    4   11    1
   13   21   11    6    1
   22   22   11    2    1
   20   19    8    1    1
   16   24    7   10    1
    9    9    1    4    4
   21    6   10    2    3
   19    7    8    5    4
   16    1    6    4    3
   20   20    1    2    2
   19   29    4    7    1
    8    2    7   10    1
    7   27    7    5    4
   19    8   12    2    4
   20   14    5    4    7
   19   23    1   10    1
    3   17   12    6    3
    3   16    8    3    4
   20   25   10    4    3
   24   13    9    2    3
   10   19    7    2    7
   28   20    9    6    2
   10   18    5   10    7
   18   23    1   10    1
   26    1   12   11    4
   10   22    8    7    1
    5   17   12    2    1
   30   10    8    7    8
   25    4    6    5    7
   13   26   11    3    1
    3    5    1    7    7
    8   22    5    5    3
   26   22    5    3    3
    7    8    5   12    1
   12    9    6    6    7
   29   29    9    5    8
    6   27    7    8    3
    6   22   12    4    5
   18   18    8    1    8
    1    3    1   12    7
   20    1   10   11    9
    2    2    8   10    9
   24   12    2    3    7
   27    1   11    7    4
   25   24   12    5    1
   20   11    6    4    7
   16   26    4    6    4
   24   30    9    4    3
   11    4    8    5    7
   28    6   10   11    2
    9   27    6    6    2
   24   29    2   10    2
    3   20    7   12    1
   10    4    4    6    5
   18    3    8   10    4
    6    5    3    6    6
   29    3   11   10    7
    2   26    2   11    8
   19   30    8   12    4
    6    6    6    4    7
   11   26   10   12    2
    8   30    2    6    4
   30    7    6   10    4
   11   30    4    7    5
   19   13   10    6    7
   27   23    9    4    5
    7   22    4   11    5
   25   27    5    8    2
   24   17    2    3    5
   18   20    9    1    4
   10   10    7   11    7
   16    6   12    3    1
   29   26   12    8    4
   29   25   11   10    4
   21    9    2    9    1
   15   26   11    3    3
    5   29    7    5    1
   15   22    8    9    2
   19   14    9    9    7
    8   13    1   12    5
   14    1    5    3    5
   28   10    2    4    1
    7   11    8   10    2
   24    6    2    9    3
    3   23    2    6    1
    4   20   11    9    1
    6    7    6    8    4
   12    1   10    5    3
   17    4    5    6    4
   13   14    7    9    7
    3   13   11   12    7
   11   14    8   12    7
   14   26    3    6    6
   14   24    6    2    3
   12    7    1   12    1
   20   26   10    2    7
   25   30    3    7    5
   29    2    2    9    5
    9   19    8   11    2
   23   21    3    7    3
   15   14    6    3    3
    2    3    3    2    5
   16   14   12    9    6
    7   16   10    8    4
   13   15   11   11    4
   19   28    1   11    1
   26   19    1    9    3
    2   22    1    8    3
    1   19    6   11    4
   20   16    7   10    4
   27   11    5   10    3
   17   19   12    3    4
   10   15   11    1    3
   26   23    3    4    7
   23   17    2    6    4
   16   25   11    1    3
   16   13   12   10    3
   11   13    9    2    5
   25   25   11    7    2
    5   10   11    2    5
    3   30   12    1    3
    2    7   12    3    5
   29   16   10    9    5
   27   20   11    4    3
    7   28    4   11    3
   24   15   12    9    4
    8   20   10    4    3
   28    9    2    8    1
   15    9   10    4    1
   11    5    5    1    4
   12   19    4    5    4
    6   11    7   12    6
   26    5    3   10    4
   19   19    7    6    3
   25   22    7   10    3
   28   16   11    1    3
   25   28   10    7    3
    5    4   10    1    7
   30   23    3    3    6
    7   29    4    2    2
   17   26   11    1    4
   24   11    1   11    7
   26   27    5   11    1
    1    4    5    3    7
   14   17    6    5    2
   16    2    1   10    2
   18   12    3    7    1
   23    9    7    4    2
   13    2    9    8    4
    1   10    3    5    3
   20    5   10    8    1
   18   22    3    4    3
   19    6    2    4    3
   27   24    7    1    2
   25   19   11   12    5
   12   22    7    8    4
   30    2    6    4    6
   17   25    2    2    1
   24   28    1    6    7
   23   11    2    9    1
    4    7    9    3    2
   12   15   11    1    2
   14    8    6    2    5
   18   21    9    6    3
   18    2    2    1    5
   17   13    9    6    2
   17   20    5    6    4
   20    7    4    4    1
   24    7    5    5    6
    2   24    3    9    1
   18   24    7    7    2
   17   21    7    2    1
   21   30   10    7    1
   12    2    8    9    4
    5   25    1    3    2
    2    9   11    1    5
   21    8    9    8    5
   27   30    9    8    1
   30   30   10    9    2
    3   11    3   10    5
    5    5    5    8    3
   30   29    3    4    4
    5   22    6    2    1
   14    7    9   12    1
    8    1    4    1    5
    6   14   12    5    5
    3   10   10    7    1
   13    5    6   11    3
   12   21    2    7    3
    2   21    5    8    4
    1   30    2    9    1
   26   28    3   11    2
   25   14   10    3    2
   11   10    7    5    3
   30   26    2    8    4
    3   14   12    2    3
   17   29    3   10    5
   10    2    4   10    5
   11   16    3    1    4
    9    6    3    6    7
   18   25    4    7    7
   29   28    4   10    8
   12    5    8    6    4
   16   23    5    5    7
   29   11   12    1    2
   23    5    9    3    4
    9    8    3   12    4
   23   13    7   11    2
   19   24    9   11    2
   26    6   10   11    3
    5   21    7    4    2
   13    4    9    3    2
    1    6    6   10    5
   22   16   11    4    1
   24    3   10    7    4
    8    6    4    4    4
   29    9    4    3    6
   24   24    7    1    5
   10    6    4   12    5
   14    9    9    3    3
   16   12   12    9    1
   15   27   11    5    1
   15   18    9    5    1
    4   19    1   12    7
    9   13   11    5    4
   23    1    3    4    6
   17   12    2    2    4
   27    8    9    6    3
    4   24   10    2    3
    1   18    1    1    6
   16   10   11   10    3
   18    6    7   10    2
   23   20    3    3    3
    7    7    4    7    2
   19   18    3    4    5
   26    8    3    2    4
   15    5   11    6    1
   29   22    7   10    1
   17   15   10   10    1
   15    8   12    8    4
   28    3   11   11    2
   18    4    9    1    2
    3   15    6   10    2
   17   27    7    4    2
   10   23    1    4    3
    8    4   10    5    8
   19   16   11   10    7
    4    6    6    3    7
    1    7    4    5    3
   16   16    4    8    5
   26   10    9    7    5
   21   20   11    5    4
   10   12    4    6    4
    1   25    5    6    2
   26   12    8    2    6
    5   19   10    5    7
    6    2    8   11    3
   29    6    3   10    2
   21   25    2    4    2
   29   12    7    9    7
   13   25    7    1    6
   18   17    1    6    3
   18   16   11   10    1
   22    9    7   10    3
   25   23   12    6    3
   29   21   12    4    2
    9   17    6    9    2
   17   28   11    7    2
   15   20    6   10    1
   25   15    4    9    1
   10   21    7    7    7
    3    4    5    3    6
   10   25    9    2    5
   30   12   12   10    4
   24    1   10   10    4
   17    8    7    9    3
    2   20    3    5    5
   11    2    3   10    1
    4   16    3    7    1
   27   27   11    5    2
   21   21    7    6    6
   17    7   10    7    3
   29    4    8    9    1
    2    5    7   10    4
   19    2    2    1    1
    7   18    6    2    2
   16   21   10    1    3
    3    9   11    8    2
   26    3    2   11    4
    3    3    3   12    5
   27    3    9    8    3
   27   28    9    7    3
   12   28   11    3    4
   22   17    3    7    1
   13   13    1   12    5
   19   22   10   11    1
    4    4    3    6    4
   17   17    4    6    6
   27   29    3    1    2
   16   17    4    3    1
    3   25    9   10    6
    1   17   12   12    4
    4   15    3    2    1
    9    1    2    8    2
    8    8   11    8    7
    6   12   10   12    4
   21   11    2    6    2
   10    9    2    2    1
   22   23    1    3    4
   28   21    1    1    2
   28   22    6    8    3
    1    1    1    4    5
   19    3    4    8    5
   22    3    4   11    2
   29   18   12    5    7
   14   10    6    3    2
   21   15    1    4    4
   21   19    8    6    5
   20   12    8   12    5
   28   15   10    7    5
   12   27    3   11    3
    6   25    2    4    3
    8   24    4   12    6
    9   16   11    1    5
    7   25    2    7    7
    5    8    4   12    5
   24   10    1    8    3
   30   18    9   10    6
   13   10    2    7    2
    7   26    4    6    2
   17   10    2   10    6
   22   11    9    1    2
   29   23    8    6    1
    1   29    6    7    5
   15   11    8    9    4
    7   15    3    5    5
   21    7   12    7    5
    1   28    6    6    3
   12   14   12   12    3
   25   12   10   10    2
   27    5   10    7    5
    7    3   12    7    4
   26   21    4   10    5
   11   11    6    8    5
    9   25   10    8    3
   26   24    1    4    6
