   16   21    4    6    2
    6   17    9   11    2
   30    7    2   10    3
   22   12    1    9    1
    6   28   12    5    1
   15   23   12    2    2
   22   25    7    7    1
   27   19    3   10    2
   14   17   11    8    6
   18   23    1    2    2
   10   26   12    7    2
   19   19   10    8    6
   30   20    3   11    1
   24   20    8    3    2
   27   30   10    4    1
   29   16    6    2    2
    2   20    6    7    3
    4   15    7    9    1
   25    7    1    7    3
   30   22    1    2    5
   17   23   12    3    1
   20   26    1    4    1
   11   30    6    7    1
   26    1    5    2    4
   27   21    7    3    2
   12    8    8    5    3
    4   22    7    6    8
    4    2    2    1    8
    4    7    9   12    7
   15   22    8    2    6
   15   26    7    3    8
   26   19   11   10    2
   10   29    5    5    2
   27    2    5    8    8
    8   26   12    4    5
   29    9   12    1    2
    9   11   11    6    3
   11   24    3    6    1
   18    3    2    8    1
    1   18    6    3    2
    8   25    8    5    3
    2   18    4   11    1
    3   19    1    7    4
   25   12    9    9    1
   18   17    5    3    5
    6   11    1    8    8
    1   19    1    9    9
   26    3    2    1    6
   17   13    7    4    2
    4   20    6   10    6
   29   30    2    1    1
    5   24    2    5    1
    9   19    5    8    1
   22    9   11   10    1
   28    2    7    4    1
   18   12    5   11    1
   18   16    6    8    3
   21   19    1    2    5
    5   13    9    3    3
   26    5    6    3    1
    6   15    9    9    2
    6   12    6   11    4
    8   11    5   11    2
   20   18    2   11    1
    7    9    4    7    7
   25   18    1    7    9
    4    5   10    5    2
   13   18    1    7    4
   27   13   10    4    2
    2    2    6    1    7
    5    5   11    7    6
   18   29    5    3    6
   25   13   11    9    4
   15   20    1    2    2
   13   20    7    8    1
    3   21    2    9    1
   27    5    8    6    2
    8   27    9    7    1
   11    1    4    4    2
   23   22    3   11    1
   16   16    2    5    5
   18    9   12    5    4
    2   14    2    1    7
   15   18   12    9    7
   17   12    1    3    8
   10   18    4    8    1
   19    2    5   10    1
    7    6    1    1    3
   23   11    4   11    1
   21   30    9    9    1
   22   24    9   11    1
   15   29   11    8    3
   14   25    1   12    3
   12   30    6    1    2
    5   30    9    2    1
   14   21    6   12    1
   17   21    4    5    1
   24    7    4   11    1
   13   29    5   10    2
    2   22    9    5    1
    8   23   12    3    1
    6   26    2   10    2
    4   18   12   10    1
   23   19   11    7    1
    5    1   12    4    7
   13   23    2   12    4
   19    8   10   11    2
   16   25   12   11    5
   13   12   12    4    3
    8   14    3    4    5
    4   29    5    3    1
   11   28    5    9    1
   18   24    6    1    1
   16    2    4   12    4
    8    8    5    2    2
    9    9    9    1    5
   10   30    3   12    1
   18   30    6    5    1
   24   23    3    3    1
   23    4    6    2    4
    3   13   11   12    6
   30    1    1    2    4
   18   18    6    3    1
   23   25   12    5    1
   16   15    3    3    2
    3   30    1    2    8
    9   24    2    1    1
    9    5   10    5    1
   23   12    8    8    1
   24   15    5   12    1
   13   13    2    4    5
    2   26    5   10    4
   19   29   11   12    1
   27    3    1    6    5
    8   20    6    2    2
   24   24   11    3    8
   23   21    1    6    5
    6    6   10    2    4
   24   17    8    8    2
    1    3    9    4    6
   26   11    5    7    4
    6   18   12    8    3
   15   11    1    8    1
   25    6    3    3    3
   22   13    2    4    8
   22   26    1   10    5
    3    9    5    9    4
   17   19    9    4    3
   24   25   12    6    1
   10   12   10    1    1
    5   10    5   11    1
    8    1   12    7    6
   16   17   12    2    4
   26   12    7   10    1
   28   23    9    8    8
   14    9    2    9    1
    6   16    9    7    5
   29   20    3   10    1
   10   11    1    1    3
   16   11    3   12    1
   11   17   11    9    2
   10   20   10    7    1
   19   24    1    7    2
   11   25    5   11    3
   23   10   12   12    1
    7   13    2    6    2
   21    6    8    4    7
   23   20    7    6    1
   16   12    1   12    3
   22   10    4    2    8
   19   20   11    5    1
   14    1   11    8    5
    7    1   11   10    1
    7   17    4    8    5
   14   19    7    8    2
    3   10    5    7    4
   15   15    6    5    9
   15   21   11   11    1
   12   29    1    3    1
    2    6    4    6    6
    5   19    8    3    4
    6    8    2    6    3
   22   17   11    1    1
   23    7    5    3    4
   21   25    5    2    1
   21   29   12    6    1
   29   24    6    1    1
   19   22   10    6    1
   24   26   10    5    2
   26   25   11    1    9
   29    3   10    1    1
   12   12   11    6    8
   19   16   11   11    4
    2    7    3    4    1
   28    7   10    9    1
    7    7    8    4    2
    8   16    6   12    2
   16   23    5    3    1
    4    4   10    1    5
    4   12    9   10    8
   19   13   12   11    1
    8   13   12    6    5
   11   29    9    1    2
    6   22    2   11    1
   28   28    6    1    8
   18   11    6    1    1
   15   30   10    3    7
   12   27    3   10    6
   27   17    6    6    5
   17   26    5    5    9
   22    5   11    3    2
   26    4    8    6    3
    7   10    4    9    2
   21   13   12   10    4
    1    1    8   12    1
   14   28   10    8    3
   27   26    3    2    3
   21    2    4    6    4
   12    1   11   11    3
   11   19   10    8    4
    6    3   12    9    3
   18   21   11    5    1
   15   13    6    7    2
   20    7    2    5    1
   27    1    4    6    3
    1   10    4    1    6
   24   13    5   10    3
   15    9    3    3    1
   10   28    5    8    2
   27    9   12    3    1
    2    5    8    8    4
   29   17    5    3    1
   12   15    5    3    1
    1   21    7    8    4
    8    3    3    9    6
   10   10   10    7    2
   13   26    7    1    1
   11   11   12   10    5
    5   28    8    2    5
    3    3    9    1    5
    9    6    9    9    1
   12   14   10    7    7
   15   27    3    4    2
   12    3    8    8    2
   11    3    5   12    3
    1   23    2    7    2
   17    8   10   10    4
   25   25    5    6    1
   14   22   11    8    2
    1   28    5    2    3
    6   23   10    9    2
    1   13    1    2    2
   21   12    3    9    8
   14    6    5   11    8
    2   30    2    2    4
   12   28    2    3    3
   24   14    3    5    3
    5   23   12   10    3
   14   23   12    5    1
   26   23    2    5    2
   30   23   11    4    1
    9    4   10   10    1
   26   18    3   12    3
    2   25    4    1    2
    3   22    8    6    1
   27   27    6    9    8
   25   30    4    5    3
   25   28    7   10    1
   15   25    1   10    3
   23   29    8    4    3
    5    6   11    4    4
   14   13   10    6    7
    8   21    2   12    3
    4   14    8   12    7
    3    4   11    5    4
    7   15    5   10    1
   20   11    9   10    1
   14   16    1   12    8
    8   15    5    1    7
    6    4   10    8    4
   25   17    9    1    1
   28   29    8   10    1
    3   24    1   10    1
   17   28    9   10    1
   15   28    8    2    1
   10   19    4    2    1
    7   26   10    7    1
   15    2    3    8    1
    9   21    5   11    1
   26   28    2   10    2
   29   14    3    4    3
    4   19    7    2    2
   18    7    7    3    2
   13    6    7    1    4
   15    5    9    6    2
   30   28    7    9    1
   11    5    4    3    1
    9   23   11    7    2
    2   12   11    9    4
   19   25   12    4    2
    2    1    7    4    6
   29   25    5   10    1
   18   28    9    5    1
    7   11    7    2    3
   14   14    8   11    8
    2    3   10    3    3
   10   14    5   11    2
   22   27   11   12    1
   27   23   12    4    5
   17   30    4   10    2
   20    6   12   12    2
    7    5   10    6    5
   17   17    2   12    5
   17    2   12    7    4
   16   10   11   10    3
    1   25   12    6    1
   27   10    1    8    1
    7   12   11    7    3
    1   16   10   10    1
    1   29    7    8    1
    9   28   12    9    1
   26   21   10    8    4
   29    6   11   12    2
    2    9   11   12    1
   12   19    8    2    4
   20    5    4    5    1
   28    4    7    4    1
   10    8    4    1    1
   12   11   10    8    9
   22    7   10   10    1
    6   30   12   11    1
   20   17    9    5    9
   20   22    1    1    1
    4    1    1   11    8
   30   16    5    4    4
   15    1    4    5    3
   21    4   12    8    9
   14   27   10    5    9
   20   28    5    1    1
   27   18    9    6    6
    5    3    8    6    9
   23    3   12    3    5
   13    9    1    4    4
   13   30    3    9    3
    3   16    3   11    8
   27   29   10   11    3
    2   13   12   12    2
   21   22    4    1    1
    8   29    5    6    1
    6   10    1    8    1
   11   27    5   10    2
   24   21   10    9    1
   29   22    2    3    5
   21    7    6    1    4
   13    4   10    4    6
   22    1   10    3    3
   22   28    5    8    4
    5   25    6    3    7
   26   14   12    5    1
   17    1    4    4    3
   27    4    1    3    3
    2    8   10    9    8
   17    3   12    7    1
    4   16   10    5    2
   30    8    8   10    2
   27   20    3   10    5
   26   26    3   12    8
    8    5   11    2    3
    5   12    9   10    2
   19   28   11    2    8
   10    9   12    5    1
    6    1    6    5    1
   28    8    1    8    2
   13   11    5    1    1
   10   13    5   10    4
   14    7    7    5    6
   24   28    1    7    1
   14   30    3    3    1
   30   24   12    7    5
   24    1    2    4    9
   21   20   10    1    1
    4   25   12    6    4
   21   21    6    5    8
    7    8    7    7    6
   22    8    1    6    5
   16   20    7    9    3
   19   15    2    2    6
   27   28    3    7    4
   10    4   10    4    1
   29    5    1    8    1
   30   30    5   10    9
   25   27    4    9    3
   29    2    1    1    2
    1   20   10   12    7
    8    4   11    4    6
   18    5    6    5    1
   29   29    3    8    8
   16   24    1    1    1
   10   21   10    1    2
   20   25   12    4    1
    9    8    4    2    2
   16   27   12    9    4
    6   27    4    3    1
    7   16    5    4    2
   25    3    8    8    1
   17    5    4    7    1
   15   14    5    2    2
    9   30    8    8    1
    3   28    8    6    4
    4   11    4    4    7
   11   14    4    5    8
   17    9    7    2    1
    2   10    2    9    1
   30    4   12    6    1
   14    3   12   11    4
   24    2   11    7    2
   24   12    5   11    1
   26   30    3    3    1
   23   23    5    3    7
   13   28    3    1    3
   21   11    4    3    6
   25    9   11   11    4
   16   28    1   10    3
   30   19    7    3    5
   16   13   12   12    9
   10   15   10   12    4
   15   17   11    2    3
   14   18    3    9    4
    4   24    3    7    2
   10   17   10    8    1
   29    7   12    4    1
   16    5   11    9    1
   12   20    4    8    1
   19    7    9    2    1
    9    1    3    2    6
   24   10   12    3    2
    8   18    2    9    1
   11    2    1    6    6
   21   28    3    5    1
   10   25    6    3    2
    9   16   11    6    1
    3    7    6   11    2
   14    5   12    9    1
    3   15    4    8    1
   27   24    7   11    1
   20   20    2   12    9
   14   20    1    4    8
   24    6   11    3    2
   27    7    3    9    1
   18   19    9    5    7
   29   26    6    6    7
    3   20   11    6    3
   12    9    8   12    1
   16   22    6   11    1
   11   22    6    5    2
   23    2    1    7    5
   19    6    9    4    4
    9   20    2    1    1
   21    5    7    1    1
   22   18   11    4    1
   16   26    2    3    4
    8   24    8   11    1
   17    4    4    6    6
   26    9    9    8    1
   22   22    4   10    2
