   16    2    4    7    2
   17   30    3    5    5
   26    2    1    1    4
    6    1   12    1    6
   12   30    3    8    2
   24   12   12    6    4
   15    6    1    1    3
   17   28   10    7    2
   30   26    8    2    4
   20   30    7    6    4
   20   13   11    5    6
    8   23    4   10    6
   15   11    8    8    2
   16    4   12    5    5
   13   24   10   11    5
    8   17    8    5    4
    1    3   11   10    7
   21   16   10    6    2
   25   22    5   10    2
   19   19    5    6    3
   30    4    1   11    5
   28    2    4   11    4
   10   15    5    6    3
    1    7    5   12    5
    8   13    1    2    4
   17    3    5    8    1
   24   20    4    4    2
   19   24   11   10    5
   12   28    6   11    1
    6   28    5   10    2
   22   10    5    1    4
   23   22   10    2    6
   23   24    9    8    4
   15    5    4   12    4
   30    9    8    8    2
   24   16    2   12    2
   26   28    8    8    5
    4    1    2   12    2
    3   26    5    9    3
   29    3    7   12    1
    6   23    5    9    2
   20   29    9    8    2
    4   29   12   10    2
   28   24    2    7    2
   19   28    8    2    5
   11   19    4    9    9
   12    5    2    8    4
   25   25    5    6    3
    4   12    9    9    7
   15    4   10   10    3
   16   14    3    4    3
   24    5    7    2    3
   12   18    8   12    1
    3   12    5    2    2
   13   10    5   11    3
   28    9    7   10    1
    8   30    1    6    3
   10   26   12    5    3
   20    2    5    2    7
   12   14    7    3    9
   25    8    9    5    7
   22   17    7    2    4
   15    2   12   10    5
    2    4   12    1    6
    5    2    2    7    5
   16   10    5    5    4
    3   15    8    9    4
   15   20   10    4    2
   28   25    3   11    9
   25   18    5   11    7
   21   24    6   11    3
   11   14    7    6    4
   29   19   12    7    1
   15   19    5    4    3
   25    5    1    9    2
   22    2    8    3    1
   30   13    5    5    2
   28   13    8    3    2
   19    5    3    1    4
   19   17    6    5    4
    7    5    1    3    5
   18   29    9    3    4
   21    8    5    9    9
   18    8    9   12    7
    3   23   12   11    1
   28   11    4    3    1
   15   30    1    9    3
   14   17    3    5    5
   12   16    9    4    6
    9   22   10   11    3
   13   23    4    6    3
   29   11    5    6    1
   25   29    3    3    4
   10    3    3    9    2
    3   11   11    5    6
   23   11   11    5    3
   24   29   11    1    3
   19   16    1    5    8
   22   22    4   12    6
   16   26   11    1    4
   11    5    9    9    4
   21   12   12    5    9
   15   27    5    3    3
   14   13    7    7    7
   28   30    1    9    7
   30   11    8    4    6
   26   18    5   10    5
   21    5    7    4    5
    5   30    1    4    4
   21   28    6    9    5
    7   12    9    6    3
   23    9   12    3    1
    1    1    1    9    8
   11    2    5    4    6
   27   19    1    9    5
   16   18    1    4    7
   12   26   11   11    4
    8    6    3    4    4
   18   11    3    4    4
   18    1   11    8    2
    6   10    8   11    1
   19   25    9   10    7
    7   26    7    8    5
   25   14    5    2    3
    4   25    3    8    1
   27    8    7    2    1
    9   27    5   10    1
   24    2    9    5    4
   14    6    6    6    4
   27   22    8    3    4
   12   23    7   10    3
   11   22    7    4    6
   25   20   10    7    2
    9   14    2    7    1
   15   26    9    9    1
    6   26    5    7    3
   19   23    2    9    4
    3   22    7    7    7
   13   29   11   11    4
   14   14    6    9    7
   16    8    6    6    5
   11   10   10   11    5
   15   15    9   11    2
    2   23    1    1    8
    5   18    1    5    1
   17    5    1    4    6
    3    7    4   10    4
   27   27   12    4    1
   19   10   12    6    4
   14   23   11    9    2
    4   23   10    3    1
    7    6   11    1    1
   17   25   12    1    4
    6   29    7    6    5
   30   22   12    4    5
   18   13   11   11    2
   13    3    9    6    3
    1   12    8    3    5
   27   12    8   11    9
    9   17    3    8    5
   14   24    7    7    5
   10   18    2   12    5
   22   29    8   10    6
   21    7    4    1    6
   19   20    3    5    4
    3   25   11    5    4
    8   14   11    3    4
    9   18   10    6    2
   17   23    2   10    5
   16    6    5    2    5
   15   18   10    1    3
   27   25   12    1    3
    5   26    5    3    2
   21   14    1   12    9
    2   14   10    4    9
   28    3    3   10    8
   27    5    8    8    7
   11   13    7   10    7
   14   29   10    7    2
   30   27    2    6    2
    5    3   12    9    7
   26    1    9   11    5
    7    8    7    6    7
   13    5    4    8    6
    3    3   12   10    9
    9    4   11    2    6
    7   24    7    4    7
   21   29   12    3    3
    8   11   12   12    8
    7   25    9   10    9
   20   12    8   10    7
   29    5    3    4    5
   24   22    3    6    6
   25    2    2    4    1
   16    9   11   10    2
    6    6    8    7    4
   22   16    2   12    8
   10   10    5    6    6
   28    4    1   11    5
   20   23    7    8    2
    9   29    2    8    2
    5    5    1    4    2
   28   28   12   11    1
   10   21    4    6    1
   28   10    5    4    2
   28    5    3    3    2
   24    4   12   11    7
   20    6    2    4    3
    4    7    6    5    5
   24   24    5    1    9
   13   21   11    6    3
    1   28    6    8    3
    6    2    2   11    2
   23   23    2    4    5
   29   29    2    9    4
   28   20   10    5    4
   28    7    1    5    4
   12   12    2    7    7
   10    4    9    4    2
    9   21    5   10    3
   10   23    6    2    1
    6   24    1    3    6
   11    9   12    9    4
   18   22   11    8    4
    1   17   11    1    6
    1   30    4    2    8
    6   19    4    6    5
   27   26    8    8    6
   18    2    7    5    6
   29    2    4    6    4
   21    1    3   10    5
   23   16   12    6    5
   23   28    7    3    3
   13   12    1    8    2
   10   24   12    3    7
   14   10    5   12    4
   20   20    2    9    5
   26    8    8   10    6
   21    3    4    6    5
   15   16    9    2    5
    9    8    1    8    5
   30   30    4    1    5
   17   24    2   10    4
   20   14    7    7    4
   11   11    3   12    6
    5   10   11    4    5
   30   24    9    4    7
   30   19    3    6    3
   26    4    9   10    3
    5   23    9    7    3
    6   11    7    2    4
   30   29    2    9    1
    2   27    1    6    2
   15   25   10    2    4
   25   11    1    8    3
   15   14    1    3    4
   19   12    3    5    7
   14    4    4    1    7
   10    1   12    7    6
    7   23    4    8    6
    2    1    4    7    5
   16    3    9   12    8
   18   19    4   10    8
    6   18    9    9    6
   18   21    8   12    5
   17   20    2    1    4
   13   17    2   12    2
   16    7    8   12    2
   21    6    9   11    9
   30   14    2    5    8
    2   17    7    3    6
   26   23   12   11    1
   18   27   12    4    1
   23   25   11    2    1
    7   14   11   11    1
   17   27    4    6    2
    6    9    2    8    1
   17   26    1   12    1
   12   22    7    4    3
   25   26    5   10    3
   18   14    1    7    5
    9    1    7    2    6
   11   26    9   11    5
   14    5    6    9    7
   16   25    2    8    3
   15   28   12    4    2
   15    7    7    7    2
   15   29    3    4    4
   27   28   10    7    6
   22   28    5    2    7
    7    9    6    6    6
   17   17    2    5    8
   18    3    3    1    6
   14   28    6   11    4
   21   19   10    4    4
    2   21    3    7    5
   16   20    4   11    4
    2    9    8   12    1
    6    5    9    5    1
   24    8   11    7    2
   25    6    1    1    1
   29   17    2    4    1
    2   13    4    3    1
   26   13    3   11    1
   15   21    9    6    1
    1   25    7    6    1
    4   22    9    6    1
   10    9    4    8    1
   13   13    9   11    9
   16   27    6    7    5
   28   29    2   10    1
   18   23   12   10    3
   10    8    9    8    1
    9   26    7   10    2
    6    4    2    8    2
    8   20   10   10    5
   30   18    7    6    8
    5    4    1   10    1
   29   16    7    8    1
    5   16    2    3    2
   14   22   10   10    1
    1   23    1    2    1
   28   18    1    5    5
   15    8    7    8    5
   12   10    2    2    3
   12   15    3    6    3
   21   23   10   10    3
   16   16    8    7    1
   16   17    1    4    3
   29   26   11    7    9
    5    9    3   10    2
   22    1    2   10    2
   30   21    6    7    4
   13    6   10    8    1
   25   24    3   10    3
    9   25   11    3    6
   19   26    6    3    5
    2    3    9    2    5
   26   14    4    2    4
    6   30    8    5    6
   15    1    4   10    5
   19    7   11    4    3
   11    1    4    3    7
    8   22    7    4    7
   26   21    8    4    6
   17   18    2    3    5
   29    1    9    2    4
   27    1    5    2    4
   18    7    6    1    5
   16   11    4    5    7
   10   27    9   10    1
    2    2    3   12    9
   21   22    4    7    3
    8   19   11    8    4
   29    7    9   11    7
    2   10    9    8    7
   19    3    4    4    7
   17    4    8    6    8
   11   21    2    8    9
    1    8    2    2    7
   20   21   12    7    6
   13   27    7    8    8
   27    6    5    7    8
   15   22    8    6    6
   10   25    1    7    7
   24   26    7   10    4
    8    8   12   10    9
   20   22    5   12    1
   16   13    7   10    3
   12   25   12   12    1
   18    4   11    7    5
   19    4    6    3    6
    2    7    4    5    4
   13    1    9    4    4
   21   27    4    3    3
    5   20    6   10    4
   20    3   11    8    3
   17   21   10    9    4
   29   27   10    8    5
   28   16    8    1    6
   27    7   12   10    6
    3   14   12   12    4
   23   29    3   11    7
    8   28   10   10    2
    6   12    5    2    8
    8   29    9   11    6
   27   11    1    2    3
   19   22    1   11    2
   19    1   11   12    2
    9   12    9    9    1
    5    8    1    1    1
    2   19    8    8    1
   13   22   12    6    1
   13   15    7    6    1
   13    9   12    7    3
   24    9    6    9    2
    3    4   12    6    1
   25   21    4    6    1
   20    1    1    5    6
   24   11    2   12    6
   12   29   11    4    4
   24   18    5    8    3
    9   20    7    1    1
   23   30    1    8    5
    9   15    6    8    4
    5    1    3    2    5
   23   27    6    6    3
    3    9   11    7    5
    1   24   12    9    6
   20   26   10    5    6
   27    4   12    2    4
   20   18   12    7    3
    3   30    3    9    3
    6   17    4   12    3
    4    8    7    6    5
   27   24    1    5    4
   27   20    1    1    3
   10   17   11   12    4
    2    8    7    3    6
    7   30    4   10    5
   29   10    4   12    3
   10   20   12    3    3
    9    9   11    4    3
    1   14    7    6    2
   13    7   10   11    5
   20    7   11    7    2
   17   15   10    5    2
   30    2    2    4    7
   21   21    4    9    7
   26   26    7   11    9
    3    6    4    4    7
   11    4   12    9    8
   11   20    5    4    6
    3   27    5    2    6
   17   11    6    6    5
    3   24    2    9    4
   30   10    7   11    3
   15   24    7    8    2
   12    2    1    1    7
   25   13    2    1    4
    7    7   10    2    3
    4    4    4    8    7
    8    3    1    6    6
   17    7   12    6    3
   19    9    8    2    3
    4   21    6    5    7
    8   12    5    3    6
   22    5    4   11    5
   14   27    8    2    3
   19   14   12    4    5
    7   22    1    4    3
   30   25    4    6    2
    6   22   10    7    1
   23   15    4   11    2
   12   17    9    7    7
    4   13   12   11    7
   11    7    4   11    3
    4   20    3    8    3
   16   30   11   11    3
   19   13   12   11    2
    7   10   12    8    1
   22   26   12    5    1
   11   12    1    3    7
   16    1    4   10    8
   18   18    9    6    7
