    9    1    1   12    9
   25   24    7    7    2
    9   18    9   11    3
    2    4    3    1    8
   12   13    5   10    3
    9    2    8    8    2
   11   16    3    3    2
   28   11    4   10    2
   21    9    2    1    2
    7   13    8    8    5
   11   29    6    4    3
   21   11    7   10    9
   22   27   11    3    4
   14    2    2    2    9
   24   26    4    2    3
   11   27    3   10    3
   20   24   12    6    2
   12   11    4    5    1
   20   19    8    1    2
    7    8   12    1    1
   27    1    2    5    1
   27   18    8    3    1
   22   13    2    7    6
   19   26    9   12    2
    9   27    1    2    2
    3   10    7   10    2
    4   10   10    1    7
    1   24   10    7    7
   14   28    9    4    7
   11   24    8    3    2
   29   15    9    4    1
   15   25    2    4    2
   12    5   11    6    3
   19   16    4    6    2
   13    2    6    7    8
   16    1    8   11    2
    8    8   12    9    7
   21   12    1    1    6
    1   22    9    8    2
   24   24    6    1    3
   12   23    1    8    2
    1   18    7    9    3
   28   28    4   12    8
    8   30    2    4    2
   24    6   10   11    2
    7   22    2    1    2
   14   19    1    8    7
   19   21    7   10    2
   14    7    4    7    2
    6   27    8    2    2
   26   10    4    4    2
   25   26    9    1    7
   19    1    8   11    6
   24    8   11   10    4
   27    4    2   11    4
   16   16    2    4    4
    9   14   12    8    4
    6    7    8   12    6
   14   10    5    8    4
   18   14    9    2    9
   20    4    8   12    3
    8    4    6    6    6
   30   11    1    4    2
   14   27    9    3    5
   20   30    9    1    4
   29    6    4    4    3
    3    2   11    2    3
    4    3    1    2    7
   26   12    1    8    2
   23   24    4    2    2
   25   28    9    6    2
   28   20    7    1    2
    5   13    8    3    2
   12   27    9    3    2
   21   10    9   11    7
   28   18    3    8    7
    4    4    4    2    5
   19    4    5    4    9
   20    5    8    1    2
   10   13   10   12    2
   22   28   10    9    2
    2   19   12    4    2
    7    5    9   12    2
    4   21    9   10    2
   15   22    4    4    2
    3   27    6    6    2
   17   23    5   10    2
   23   10   12    5    2
   30    6    6    7    7
    6   25   11    6    6
    1   29    3    3    7
   15   12   10    9    9
    9   15    6    8    8
   17    8   10    4    4
   25   20   11    1    3
    3   11   12    3    7
   18   18    2   10    9
   27   15    2    5    9
   22   16    1    8    9
    9   28   11    5    3
   29    5    3    3    3
    4   15    8   11    3
   17   13    2    7    9
    2   18    4    4    4
   29   26    8    4    1
   24   29    4    3    1
   10   18    8   12    6
   29   12    7   12    2
   19   19    4    1    8
   24   22    8    7    3
    1    4    3    6    9
   30   16    3    9    2
   29   25    2   10    3
    7   27    9    3    2
   25    8    6    1    2
    5   25    2    6    2
    2   20   11    5    3
   24   13    7   12    3
   10   24    6    3    2
   29   10    2    1    2
   26   15    3    1    9
   10   15   10    1    3
   29   22    3    3    5
   24   30    6    9    2
    1   21   12    6    1
   23   29   11    3    1
   27    8    6    2    1
   24   14    9    3    7
   13   13    5   12    1
   26   22    5    4    9
   22    2   12    7    1
   25    4   12    9    1
   13   27    1    3    1
   23   13    5    6    1
    7    7   12    2    9
    3   16    6    7    1
   21    5    9    9    1
   15    3   11    5    4
   14    3    1    1    8
    5   24    5   12    3
   23    6    1    9    8
   28   19   11   11    8
    6   19    3   11    8
   14    8   12    8    3
    5    5    4   10    8
   26    3    9    9    3
   25    1    1    4    7
   24   27   12    1    9
   11    8   12    7    1
   12   10    3    7    2
    7   21    8   12    3
   23   28    6    8    8
   16   12    5   11    8
   25    2    1    2    5
    1   11    7   12    6
    7   23   10    7    3
   10   22   11   12    3
   15   18   12    4    8
   20   10    1    1    3
   10    6   11   11    3
   17   12    7    4    3
   28   17    6    9    3
   11    6    5    7    3
    7    4    4   12    3
   14   21    4    8    3
   13    4    6    8    5
   19   11    5    7    6
   30    4   12   10    4
    4   24    2    8    3
   29    2   10   12    3
   19    9   10    1    3
    3    5    1    6    8
    7   20    7   11    4
    7    3    5   12    8
   29    9    8   12    3
   11    7    6   10    3
   29    8    1   11    3
   15   19    8   11    3
    9   17    9    5    3
   12   22    4    4    6
   26   23    6   10    3
   19   23   12   10    3
   11   10   11    2    3
    6    3    7   12    3
   23    8    4   11    3
    8   26    1   11    6
    9   24   11   12    3
    6    5    2   10    1
   21    2    5    6    9
    7   30   12    7    3
    3   30    6   12    2
   19    5   10    9    2
   28    3   11    6    2
    5   15    1    1    2
    2    8    6    1    8
    4    5    1    5    2
    5   11    2   12    9
   10   17   12    6    3
   10   30    1   10    9
   30   25    5   10    3
   12   14    7    2    3
   17   21    1    7    8
   18   19    7   12    7
   12   20    5   10    4
   19   13   12   10    7
   19   27    8   10    5
    9   12    8   10    4
   13   20    2    1    3
   10    5    4   10    3
   15   16    2   10    5
    7    9    4    1    5
   13    8   10    2    7
   20   21    5    5    4
   23   15    1    5    3
   30   12   12    9    3
    6    8   12    7    4
    4   16    8    4    8
   27   20    3    8    1
    7   25   11    7    1
    9    9    9   10    8
   21   27    1   12    1
    3    8    5    2    9
   22   22    2   12    9
   23   25   10    1    2
    3   12    3    9    2
   27   23    3    8    8
    4   26    3    6    4
   26    2   12   10    3
    6    4    2    5    3
   18   17   10    1    3
   21   26   12    4    3
   23   18    4    1    3
   17    3    4    9    4
   22   18    2    5    3
   27   27   11    9    9
   12   25    5    6    3
   21   28    7    9    3
    1    1   10    7    3
   19   10    6    3    9
    9    5    4    7    2
   17   22    9    3    7
   14    5    9    7    2
    8   18    5   12    2
   22   21    1    1    3
    9   11    1    6    2
   28   12    6    2    8
   28   10   10    4    8
    1   15   11   10    4
    3   18    4    2    4
   26    5    8    7    4
   26    6    9    2    4
   30    5   10    8    4
   18   30    3    7    4
   24    7    4    5    4
   29   30   12    4    4
    9   22   11    8    4
   10    1    8    9    4
   23   11    4    4    7
   29   29   12    8    4
   25   13    3   10    4
   17   19    7    9    4
   26   26   12    3    6
   29   19    6    4    7
   18   16   10    6    3
   18   26    5   10    8
   20   22    5    1    3
   29    3   10    1    8
   27   26    6    4    2
   20    8    8   11    2
   22   23    1   10    2
   11   26    2    8    2
   22    5   10   10    3
   23   23    5    7    5
   21   21    9    6    8
    3    9    9   11    3
    8   19    4    1    4
   23    2   11    7    5
   26   14    4    5    6
   25   19    1    2    7
    1   12    4    8    7
   13    3   12    2    7
   24   28    1    1    8
    2    2    5   12    8
   13   21    1    6    8
    3   24    9    9    5
    1   20    1   12    4
    2    6    5   11    9
   13   29   11    2    9
   30   22    4    7    5
   17    7    7    9    4
   22   14    7    2    9
   26   16    3    2    5
    1    5    7    5    7
   24   19    2   10    9
   18   12    4    8    8
   18    6    6    3    5
   13   16    2    2    7
   24   15    3    4    3
   26   20   12    1    5
   27   25    2   11    6
   23   20    5    6    7
   17   11    7    8    8
   11   22   10    7    9
   15   30    2    3    8
   30   23   12   12    8
   21    6    6    1    6
    6   20    8    1    4
    2    7    3    6    4
   17   20    9    2    4
    7    1    8    9    5
   17   29    7    8    7
   18    5   10    8    4
    2   15   12    1    5
   13   18   10    9    8
   29   28    1    3    5
    6   15   11    9    9
   19   22    9    1    9
   23    4   12   12    9
    2   17   10    3    7
    5   27    9    7    4
   27   10   11    2    4
    4   17    9    1    9
    3   22    6    6    3
   15   14    7    4    4
   13   26    6    6    6
   28    2    9    2    4
    6   13    3    8    4
   17   17    9    6    4
   11   11    2    1    7
   30   30    3    9    9
   14   30    5    5    9
    4   22   12    6    4
    1   26    3    3    9
   12   12    8    7    9
   12    4    4    9    9
   13   30    3    3    4
    8    9    8   10    2
    3   23   10   11    2
   17    1    5    3    8
    9   13   11    3    8
   21   25   12   12    6
   11   18    4   12    2
   26   28    8    2    3
   16    8   12    2    7
   20    3   10    5    8
   23   14    6    6    2
   13    1   12    4    2
   16   21    8   12    7
   15   11   10    6    2
   13   11    1    1    2
   21   29    3    8    2
    2   27    5    7    2
   28    5    4    1    8
   10   25    5   11    2
   25   16    5    5    2
    9   10    8   10    2
    9   26    6    5    2
    9   16    8    6    8
   10   10   12    5    7
   27   16    5   10    6
    6   28    6    3    7
   28   15    9    4    8
    4   18    8    7    7
    8    5   11   10    6
   15    8    9   11    7
   24   21   11    7    2
    5   16   12   10    7
   15   15    3    7    3
   17   27    2    8    8
   17   15    5    5    2
   20   16   10    3    8
    6   14    5    3    1
   29    4    9    9    2
    2   10   12   10    7
    9   23    3    5    1
    8   22    4   11    8
   23    1    4    1    7
    7   15   10   12    3
    3    3    9    8    2
   26   17   11    7    8
   16   29    7   12    8
    3   21    1   10    8
   11    2    9   10    8
   16    7   12    1    2
   20   20    7    1    3
    3   19    3    1    8
   21   18    6   11    8
   17    6    5    1    2
   12    7    9    8    7
    1    8   12    9    8
   30   27    8    2    8
   14   25    2    9    2
    1    3   12    6    8
   20   11    8    6    3
   26   30    1    6    8
   16   10    5    7    1
   14   29    8    4    9
   18   25   10    6    2
   28    1   12   12    8
   28    7    3    8    7
   15   13    8    8    8
   17   16    4    2    8
   18   24    9    5    8
    6    9    9    9    2
   28   16   10   10    2
    4   28    6   12    2
   13   14   11    7    9
   19    7    6    9    2
   14   16   11    7    9
   28   13    2    4    8
   17    5    8    7    4
   14   14    5   10    3
   20    9   11    3    2
    8   10    6    7    2
   16    2    9   11    3
   29   27   10    9    4
   24   12    1    7    2
   29   20   10    8    1
    7   29    3    7    3
   23   16    9    4    8
   14    1    6   12    2
   10    7    9    5    2
   25   11    3    4    2
    8   28    7    7    8
    7   26    9    1    2
    9   25    3    4    9
    9    4    4   10    2
   12    8    1   10    2
   21   30   12   10    2
   30    1   10    8    9
   14   20    4    7    7
   18   29    8    8    7
    3   25   10    5    3
    5   23    9    6    3
   23   21    5    3    3
   14   11    9    7    9
   19   30    8   12    3
   25   17    7   12    3
   24    2   11    7    3
    2    5    6   10    7
    2   12   11   11    9
   22    6   11    3    3
   16    6   11    5    3
   12   19    1    1    8
   17   30    2    7    3
   27   28    9    9    8
    1    2   12    8    4
   18    7    4    1    3
   20   18    5    1    4
   24   17    7    2    4
   21   15    8    2    7
   22   25    2    4    4
   30    2   10    7    3
    6   12    8    6    8
   20   15    2   10    9
    6    6   11    3    3
    4   14    4    5    9
   30    9    5    3    9
    8   21    4    1    4
   25   25    1   10    9
   16   24    4   11    9
    1    6   12    2    8
   14   17    6    1    4
   11    4    5    7    3
   30   28    8    3    9
