   24    9    7    6    6
    8   21    9    2    7
   11   21    7   11    8
   15   15    3    5    8
   23    6    9    7    2
   11   18   11   11    1
   17   16    1    3    5
   30   19    4    5    5
   19    3    8    7    4
    1   10    4    5    7
   28   29    7    2    6
    2   14    5    9    8
    5   18    4    7    3
   20   26    8    2    2
   13   14    5    4    4
    7   15   12    2    4
    7   16   12    9    5
   14   23    2    3    1
   18    3   10    9    5
   30    4    4    5    7
   21   23    5   12    8
    1   11    5   10    6
    9    9    6    3    9
   30   16    4    1    7
   12   20    3    6    6
   13   10    8    2    6
    5   27    2    1    7
   28   28    8    2    5
   22   22    2   12    7
   11   22    4    3    3
    2   16   12    1    6
   30   27   11    8    5
   14    9    8    7    6
    5   20    1    5    5
   30   26    8   12    3
   14   12   12   10    5
   24    1   12    1    6
    4   28    3    2    7
   26    8   11    5    4
   24   19    4    2    3
    4   13    4    9    6
    5   11    7    8    4
   26   19    4    1    3
   11    3    3    3    4
   28    5   11   10    3
   22   25    5    8    2
   16    6    7    3    6
   22    7   11   10    1
    5    6   12    8    3
    5   13    1    3    3
   26   13    5    7    5
    9   30   10    1    3
   30   23    1    3    3
   22    9    5    1    3
   22   26    2    2    3
   15   28    8   10    5
   24   21    2    7    3
   21   25    1   12    4
   14   28    2    4    3
   23   17   11   12    4
    4   10    2    2    5
   29    3    1    6    2
    7    7    3   11    3
   24   12    1    9    2
   20   20    8    7    1
   12   10    7    5    2
   25   12   10    5    3
   20    3    6    6    5
    3    5    7    4    7
   26   18    2    2    6
   29    2    5    8    3
   29   24    7    4    1
   24    7    8    2    2
   27   18    6    9    7
   17   12    7   12    3
   19   12   10   11    3
   28   10    3    6    5
   30    3   12    8    1
    1    1    4    6    7
   10   25   12    3    4
   28    9    2   10    2
   20   10    5    3    5
    5    7   11    1    6
   16    5    9   11    8
   27   14    8   12    9
    1   12    4   11    5
   30   25    2    3    7
   16   23    6    2    4
   26    7   11    6    3
    4   20    8   11    3
   28   11    7    6    2
   19   29    9    2    4
   24    2    3    1    4
   16   19   10    4    6
    1   17   12   11    6
   23   22   10    4    7
   29    7    5   10    5
   14   16    6    8    6
   25   29   12    2    6
   15   29   10   11    5
   18   17    7    5    7
   13    8   11   10    6
   10    2   10   11    4
   14   26    3    1    5
    4    9    5    5    6
   10    8    7    9    7
   19    9    8    9    4
    8   22   10    3    7
   13    1    8    2    6
    6   26    4    9    5
   16   12    1    4    3
    6    6    5    9    4
    2   20    7    1    4
   12   21    1    4    3
   14   29   10    5    4
    9   23    8    9    3
   28   17    1    8    4
    6   27    6    3    3
   15    4    3    4    4
    1   15    6    9    5
   20   21    5    8    4
   17   13    8    7    6
   11   23    9    7    3
   15    2    3    6    4
    4    5    5    3    4
   14   21    2   12    5
   15   21   10    6    6
   28   25   12    3    5
    1    5   11    9    6
   18    4   11    6    4
   28    6   10    5    4
   15   22   10    4    5
   27   27    9   10    7
    6   30    9    6    4
   17   17    3   12    8
   23   19    9    4    4
    1    9    7    8    3
   10   10    6    4    4
   24   20    9    1    3
   19   14    9    2    5
   20    1    5    2    4
    9    6   10    6    3
    2    3   11    7    5
   26    2    6    4    7
   19    6    2    1    5
   28   30    5    8    5
   17    7   11    3    6
   11   30    3    2    5
   12   28    5    6    7
   10    5    4   10    4
    9   12   11    5    3
    3   17    5    3    5
   17   21    2    6    6
    9   26    2    8    3
   25   18    9    5    7
   11   19    7    5    8
    1   28    1    1    5
   22   16   12    3    4
    3   25    3    3    5
    6   11   12    7    4
   19    1    2    6    7
    8   23    3    5    4
   18    8   12    5    5
   30    7    8    4    4
   11    4    9    2    4
   10   29    2    7    3
   21   21    1    5    8
    5   19    7   11    5
   18   16    9   12    6
    4    1    2    1    6
    7   28    1    1    5
   26   25   12    2    7
    6   24    8    8    3
   26   17    1    9    6
   12    5    8   11    4
   19    2   11    4    5
    2   25    6    9    6
    3    4    9    1    5
   25    7   11    1    4
    1   23    5    9    5
   25    4    5    1    3
   26   24    1    6    5
   15   26    6    2    4
   15    6   10    4    6
   29    4    5    7    4
   11   16    9    2    6
   16   15    8    4    4
   29   29   10    7    3
    6   17    7    3    3
   11    8   11   10    6
   18   15    9    7    7
    4    2    7    6    5
   16   10    5    2    6
   11   20    5    1    3
   23   28   12    1    5
    8   30    6    3    3
   13   30    6    4    5
   30   18    6   11    6
   26   12   10   11    3
    8   15   12   12    7
   27    4   12    6    4
   20   25   12    7    9
   11   27    9    4    4
   26    1   12   12    5
   13    7    2    9    6
   29   11    7   10    1
    6    8    3    5    3
   20   15    8   11    2
   24   17    4    7    5
   17   25    5    7    7
    3   27    8    2    4
   17   30    8    6    6
   14   25    8    9    4
   20   19    6    4    5
    6    2   10    5    4
   12   29    5    2    4
   23    7   11   11    7
   26    5    4    9    4
   19    8    9    6    7
   25   15   11   12    6
   28   13    5    5    7
   10    7    8    9    4
   27   16    3    5    7
   29   13    3    5    7
   13   11   11    5    8
   27   19    5    3    6
    4    4    5   11    7
    2   21    1    7    8
   18   28    7    3    6
   26   26    9   11    6
   29   20   11   12    7
   25    6    6   12    4
    4   21    8    9    4
   18    1    7    1    6
   22   14   12    9    5
   26   28    3    9    4
   10   15   10   11    5
   23   23   11    4    5
    3    7   10    5    7
    3   14    1    4    8
   27   26    1    6    7
   28    8    6    2    8
   11   15    4    9    5
    1   29   12    8    4
   13   16    9    5    7
   20   22    2    2    5
   12   22    9    2    4
   21   18    7    7    5
    6   22    4    5    4
    4   23    7    8    5
    1   21    9    6    5
   29   16    4   12    6
   10   26    2    7    6
   10   17    7   10    8
   21   27    8   12    7
   17    8    5    1    6
   27   22    4   12    4
   29   27   10    6    3
   27   20    6    4    5
    1    7   10    2    4
   27   24    5    7    4
   24    3    2   12    7
    7   19    3    1    5
    2   11    2    6    8
   14   17    7    6    6
   15    5    7    5    6
   21    5    4    7    4
   18   10    9    5    6
    2   18    7   10    4
    8    4    3    2    4
   29    6    9    9    3
    5   14   11   12    5
    3   26    2    9    2
   10   22    6    3    1
    9   20    3   11    6
   22    2    2    6    5
   15   30    3    5    6
   10    6    3   12    3
   23   27    1   10    7
   13   21    2    2    4
    5    5    2   10    8
   17   11    2    6    7
   27    7    6   11    6
   25    5   12    6    5
   13    2   10    2    6
   27    1    5    5    6
    9   29    9    2    1
   15   19   12    6    2
   17   22    8   10    3
   10   19    6    2    5
    3   10    8   11    2
   16   21    9    7    4
   11   10    3   12    4
    9   27    1    6    3
   16   24   12   10    5
   28   24    3    4    6
    5   24    3    6    7
   23   24    5    2    7
   27   17    2    8    4
   12   23    2    4    4
   28    2   10    5    3
   23   26   12    2    6
   15   24   12    4    5
   28   16    7    2    3
   30   29    4    8    8
   30   30    9    6    8
    2    7   10    7    6
   28   20    9    4    4
   27   10    4   12    3
    7   11   12    8    8
   21    7    2    7    7
   16    4    8    2    8
    3   21    6    4    5
    9   21    5    6    4
   16    8    1    2    5
   17   19    8    6    7
   13   22    9    9    4
   20    7    4   12    5
   10   23   10    5    7
   23    2    2    1    7
   16   20    3    8    7
   11   26   10    5    4
    9   18   10    9    4
    4   19   12   11    5
   25   16    3    7    6
   21   22    9    2    5
   14   24   11    5    4
    6   14    6   10    3
   13   19    3    6    3
   14   20   10    9    8
   30   12   10    4    4
   22   24   12    8    6
    7    8    6   10    7
   12    8    2    9    4
   24   30   12    6    6
    4   26   10    2    6
   14   30    3    4    9
    6   18    8    3    1
    1   30   12    5    2
   12   15   12    4    6
   10   14    2    9    6
   20    6    5    4    4
   13   25    5    5    4
   14    1   10    7    5
    6    4    1    8    4
   27   15   11    7    6
   10   30    1   11    5
   15   17   11    7    5
   15   14    3    7    6
   16    9   11    4    4
    6   13    6    6    2
   22   19   10    8    2
   15   23    2    4    3
    9   25    3    8    6
   18   18    2   12    7
   24   24   12    4    5
   17    2   11    6    6
   11    9    7    8    5
    9   17    9    7    3
   30   21    1    8    2
   11   11   11    7    7
    8    8   12    1    4
   18   22   11   12    3
   29   23   12    4    4
   17    5   12    1    2
   15   13    7    7    7
   11   24   10    6    5
    7   18    6   12    5
    7    6    1    2    6
   12    3   11    1    4
   19   21   12    5    6
   16   26    9    6    7
   29   21    9   12    4
   20   17   10    2    8
   25   27    2    5    8
   10   24   10   11    8
    8    5   11    8    6
   18   19   11   12    4
   13   23    5    3    4
    3    8    7   10    5
   13   12   12   11    7
   29   17    5   11    2
    4   22    1   10    4
   18   13   10    3    4
    8   29   11   12    5
   23   25   10    5    6
   13   20    8    5    3
   23   18   12    2    5
   19   28    4    3    6
    8    2   10    4    4
   12   27    2    8    7
   14   14   10    5    6
    1    8    7    4    5
    2    5    5    9    4
    2   12    9    5    4
   28   22    4    9    5
    1    6    5    2    3
   18   20   12   10    7
   21   28    8    2    7
   22    1    6    1    6
    6    3    1    5    3
    7    9    8   12    3
   12    7    2   12    7
    9   13   12    2    4
    4   14    8    4    7
    8   20    8    1    6
   15    9    7    1    4
    3    1   11    7    6
    4   12    8    4    6
   25   19   10    5    4
    4   24   10    7    2
   22   29   11    6    3
   18   29    5    2    3
   11   12   10    2    3
   23    5    5    8    3
   30   20    9    4    7
    1   16    2    4    5
   19   19    5    2    8
   13   24    1    7    2
   10   21   10   12    2
    7    4    2    6    3
   14    7    7    3    6
    2    9    6    7    4
   26   29    4    2    6
   25   25    9    5    6
   24   18   12    4    5
    2    2    2    3    7
   22    3    1   11    5
   12   12    7    6    7
    1    2   10    9    8
   26   21    3    5    5
    8   27   11    2    3
   13   13    2   11    7
   16   16   12    6    7
    5   30    6    5    4
   24   25    8    5    3
    9    5   11    9    4
   29    5    7    1    4
   30   22    5   11    3
    9   10    2   12    3
   12   18    9    2    3
   11   14   11    8    4
   12    6    5    3    7
    3   13    3    7    6
   27    2    3    4    4
   24    8    4    5    5
   25   11    3    3    4
    3    3    8   11    5
    3   16    9   12    4
   27   13    6    1    3
    8    9   10    2    3
    8   25   12   12    4
    5   22    8   11    4
   23    3   11    8    3
    1   25    2    4    4
    2   30    6   12    6
    9    3    3    2    3
   17    4    2    7    5
   20   23    6    7    7
    6   21   11   12    5
    3   28    4    3    5
   28   27   11    1    6
   14   18    6    1    4
   15    3    6    5    4
   14    8    8   10    5
