   22    8    1    8    1
   27    2   10   12    3
   11   14    6   12    4
   28   29   12    5    1
   22   21    1    6    1
   19   22    7   12    4
   18   30    7   11    3
   24   10   11    7    5
   22    4   11   10    1
   10   25   11    5    1
   15   13    2    6    6
    4   13   10   10    7
   11   22    3    3    2
   22   13    8    1    1
   30   14    5    6    6
   19    5    5    8    7
    9    7    5    7    6
    1   22    5    6    1
    1   10    7    9    1
   26   22    1    3    2
   18   24   12    5    4
   25   11    1   10    3
    2   26    4    3    3
    1    8    9    7    4
   19   14   11    9    7
   21   27   12    1    5
   10   10   12    1    2
   10   16    4   12    1
    8   10    1   12    2
    2   16    2    8    7
   28   24    8   10    1
   18   21   12   11    1
   23   19   10    8    2
   24   19    5    9    1
   14   14    9    3    8
   27   12    1    8    1
    7   13    3    5    1
    7   25    3   11    1
   23   26   10    6    3
    3   30    1    7    2
    2   20    6   11    4
   21   11    6   11    4
   21   24    9    8    1
   17   13   12    6    7
    2   30    6    3    1
   13   30    2   10    2
    5   24    2    3    9
   16   12    4    8    7
   15    8    4    3    6
    8   21    5   10    6
   25    2    1   10    3
   27   27    7   12    2
    3    7    1    1    2
   24   14   12    7    6
   26    5    8    7    9
   22   29    8    1    6
   25   13    5    6    1
   24    1    1    9    1
   27   13    8    4    3
   11   26    2    4    6
   23   18    2    1    5
   28   23    7    4    5
    4    4   10    7    1
   20   18    6    6    1
   23   16    8    6    1
    8    7   11   11    1
    7   17    6    6    1
   29   11    8   11    1
   21   23    1    5    1
   14   12    8    2    9
   23    2    7    5    2
    2    5    2    5    1
    6   11    3    3    9
   27    8    6    6    1
   28    8    1    3    4
   28   11    2    1    9
   25   25   10   11    7
   17   17    5   10    9
   17   18    7    8    7
   15   23   10   10    8
   26   27   12    5    7
   22   28    4    9    5
   12   15    4    5    2
    4   29    1    9    1
    4   24    1   10    2
   13   19    8    5    7
   13    3    4    3    7
   23   20    2    5    4
   22   22   12    7    8
    1    2    5    4    5
   20    6   12    2    1
   30   19    8   10    1
   14   15   12    3    1
   13   23    5    3    7
    2   11    6    1    7
   10   21    1   12    5
   23   23    8    3    3
   30   23   12   12    1
   21   21    2    7    2
   19   11    9    1    8
   20    7    4    9    1
    1   13   12    9    1
    9    9    6    9    1
    2    6   11    8    5
   23   29   11    6    1
   27   19    1   10    2
   30    6    4   11    8
   28   28    6    1    9
    4    3    6   12    6
   17   27    6    9    8
   23    1    2   10    1
   12    1    1   11    1
   20   14   11    2    8
   11    3    5   10    8
    1    9    6    7    9
   27   28   10    7    7
   16   28    7    9    2
   19   17    6   12    4
    7    2    4    2    6
    8   25    7    8    5
   10    7   10    3    5
    4   21    3    6    8
   11   15    1    4    4
   19   21   12   12    8
    1    4    9    4    8
   12   19    8    3    8
   24   11    5    4    1
   27    5    2    2    2
   28   14    3    4    2
   20   13    4   12    4
    5   23    5   10    5
    5   29    4    6    5
    7    6   12    1    7
   21   20    8    3    7
   10   26    3    9    1
    8   24    2   10    6
   19    9   11    9    1
   27   18    9   10    2
    6    6    3   11    9
    6   26    4    2    1
    5    8    4    7    8
    6   13    1    1    1
    3   17    2    8    1
   26   19    6    1    1
    4   26   11   11    2
   11   11   11    8    6
   16   17   11    7    2
   10    2    4   10    1
   26   20    8   10    2
   15   24    5    4    1
   15   25    8    2    8
   24   23   12   10    2
    1    6    2    3    2
    2   22   10    7    3
   12    2    5    5    7
   27   11   11    7    8
    3   18   11   11    2
    5   25    1    4    1
    9   20    3    5    1
   15   16   12    7    7
    8    6    3    5    7
    9   14    5    2    1
    1   30    9    1    1
   11   10    9    3    2
    1    5   11    6    3
   17    6    4    5    2
   13   26   12    6    5
   19    6    7   10    5
    1   25    7    8    3
   29    6    7   12    1
   10   13    4    1    1
   22   12    6    6    1
    1   29    7    7    1
   14   26    3    8    2
   17   24   12    1    1
   22    9   10    7    1
   25   18    1    1    3
   13    5    1   10    1
   26   30    2    5    1
   20    1    8    3    1
    2   18    8    3    1
    5   21    2    3    2
   12   13    9   12    7
    9    3    6    8    1
    7    4   12    9    8
    1   19    1   10    6
   23   10    5    2    1
   27   10    7   11    9
   21   29   12    4    2
    1    7   11    4    8
    8   13    6    3    5
   12   28    7   12    5
   18    4    3    6    8
   14   21    1    7    9
   23   17    7    1    1
   12    3   12   12    1
    3    8    4    2    3
   16   16    1    7    7
   20    4    3    9    7
   10   29    1    7    1
   18   11    9    9    3
   29   29   11    3    9
   24   20    6    7    1
    7   16    4    5    7
   14   18   12    8    7
   18   19    2    8    7
   11    1    8    6    6
   14    6   12   12    7
   17    4    6   11    8
    4   30    1    2    8
   19    3    8    3    9
   16   25    4   12    5
   18   26   11    6    1
   11    7    1    6    1
   17   12    4   12    1
   18   29    9    8    1
   30   17   11   12    1
   10   19   12    6    1
    8   11    2    4    6
   25   17    7   12    7
   12   12   10    7    9
   25   23    4    1    8
   13   28    8    6    6
   18   10    5    5    3
   12   11    8   10    8
   13   18    4    9    8
   20    8   11    2    3
   26   15    9    5    1
   30   22    2    5    5
   22   27    6    2    1
   24   24    3    2    4
   14    8    1    4    1
   13   11    1    9    3
   13   13    7    8    8
   14    5    1    3    1
    6   23   12    3    1
   16    9    1    1    7
    3   16    7    5    4
    7   29   10   11    1
    9   13    3    7    6
    9   10    7   10    1
   28   30   11    6    3
   14   16    9   11    7
   14   17    6    7    1
   17   22    8    2    2
   22   15   12    5    1
   29    8    2    6    1
   25   30    9   12    1
   13   29    6    1    1
    6   10    2    1    1
    4    6   11    8    4
    3   20    5   11    6
    9   15    9    6    7
   20   16    9   10    8
   26   28   12   10    8
    9   18   12    4    4
    1    1   11    7    5
   16   30    5   10    6
   16   21    4   11    7
   10   17    6    8    6
   20   27    6    8    6
    5    3    1   11    7
    9   26    5    1    4
   14   29    2   12    1
   21    7    6   10    1
   17   28    9   10    1
    3   27    3    2    4
   14   27   12   12    4
   24   13    4    6    1
    5    5    2    6    9
   15    7    4    5    7
    1   21   10    7    8
    5   30    4   12    2
    3   14    3    1    8
   28    9    2    3    2
   28   18   10    9    1
   11    5    8    6    7
    5   28    7   10    1
    6   16    2    7    7
   23    4   11    4    6
   17   11    7    9    6
    6   22    5    5    1
   29   27    7   10    1
    6   18    8    5    1
    3   15    4    4    4
    5    6    1    6    7
   25   22   10    1    8
   14   23    9   10    1
   29    2    6    1    2
    2   28    7    7    1
   18    1    9   10    3
   12   29    9   12    1
    5    7    5    5    1
   20   12    6    3    2
    1   27   11   11    4
   26   25   12    6    8
   18   18    8    6    8
    5    4    4   12    9
   19   25    3    9    8
   30   30   12    2    4
   28   25   11   10    1
   22    3    2    2    1
   24    3    1    5    1
   27   23    1   10    1
   30   15   10   10    1
    1   14    1    4    8
    3    2    5    9    9
    7   30    5   10    7
    8   26    4    6    5
   10   14    5    1    1
   29   30    4   12    1
   21    3   11    1    8
   22   18   12   12    8
   17    5   11    9    1
    9   21    5    4    1
   27   15    9   12    8
    5   22    7    2    2
   16    8    5    3    7
   26   26   10    1    1
   12    9   12   12    1
   14   25    2    7    9
   10   30   12   10    1
   29   17    2   11    1
   16   22    6    8    1
    7    7    6   10    3
   24    6    5    6    2
   19    7    4   10    1
    4   12   11    2    7
   21   30   10    9    6
   19    4    5    2    7
   17    2    7    3    2
    9    5    6    5    1
    6    3    7    5    1
    7   27    8    6    1
    7   12    4    8    2
   11   20    1    4    3
    9   11    4    6    4
   30   11   10   10    7
   24   27   10    4    1
   24   16    9   10    1
    4    2    1   11    8
   24   25    5    6    1
   26   29    6    3    8
   17    1    7   12    1
   23   12    7    1    1
   17   15    1   11    1
   29    3    7   12    1
    7   28    1    6    8
   24    9    5    1    1
   24    7    1    4    1
   26    3   10    6    2
   11   23   10    2    1
   20   29    1   11    8
    2   24    7    8    4
   27    4   10    6    6
   30    9    6    8    1
   17   21    8    6    1
   28   10    2   12    1
   26    7    8    4    5
    8   12    9    7    6
    2   15    1    7    7
   29   15    2    2    1
   22   23    6    2    1
    3   10    1   10    8
    2    2    4    9    9
    1   16    1    9    6
    9    8    8    8    6
    6   25    2   10    1
   16   27   11   10    1
   28   20    4   10    1
   30   12    4   11    8
   22    7   11   12    3
   25    4    3    1    3
    2    8   10    2    2
   27   30   10    3    1
    3   23    3    4    2
   15   18    1    9    7
   26   21    2   11    3
   12   24    2    2    2
    1   28    3    5    1
   15    5    9    3    1
   29   24    5    7    1
    8   19   10   12    6
   18    8    3   12    7
    8   23    7    7    1
   17   26    2    4    2
   28    4    9    3    1
   19   16   10    8    7
   16   11    6   10    7
    3   28    2   11    1
   10    4    8    8    1
   26   24    4    4    2
   20   30    7    9    1
   12   21   10   12    5
    9    2    7    6    5
    6    9   11    7    5
   24   30    1    4    1
   14   22    2    4    5
   20   25   11    5    1
   19   15    3    2    1
   19   19    1    9    2
   12   25   10   10    4
   21   28    5    4    2
    6   27    8    1    1
   27   25    1    5    1
    9   23    2    3    1
    9    4   11    2    2
   27    9    8    4    2
   16   29    5    5    1
   18   12    8    7    3
   25   21    6    6    4
   15   20   11   11    1
   18   16   11    6    1
   21    6    7    7    2
   18    5    3   10    1
    7   23    2   10    1
   28   19   12    2    7
   12    6    8    9    9
   16    4    4    2    7
    4   11   10    2    8
   22   10   10    4    1
   16    5    1   10    1
    3    1   10    1    2
    8    8    4    9    4
   28    6    8   10    1
    7   14    3    8    1
   19   29    7    4    2
   13   16    8   10    6
    7   18   12    4    5
    4    8   12    6    5
   29   25    9    7    1
   20   10    9    7    1
   17    9    2   12    1
    5   12    6    3    2
    1   26   10    6    2
    2   14    3    2    7
   30    8    7    5    3
   28   15    9    9    1
   20   19    3    2    3
    2   19    4    3    2
   20   17    3    1    3
   13   14    8   11    2
    4   15    5   11    2
   20   22    2    4    3
   20    5    7   11    1
    8   17    5    2    2
   14    4    4    6    1
   20   20    1    2    1
   24   22    1    4    1
    2   21    4    4    2
   12   10   12    6    4
    3    3   12    7    7
    5   10    7   12    2
   13   21    9    2    6
   21   15    3    5    4
   13    2    3   10    1
   15   15    6    1    2
   29    9    7    6    2
   12   26    6   10    4
   15    6    6    1    1
   10   15   11    5    3
    9   25   10   12    4
   25    3    1    5    5
   26   16    6   11    5
    1   15    6    7    5
