    3   21    2    2    8
   26    8    1    2    3
    5    9    7    4    4
   26   14    1   10    1
   15   29    2   11    3
   25    9    6    9    2
   15   20   11    6    1
   29    7    1   10    1
    7    7    6   10    5
   19   26    4   10    2
    7   21    4    1    1
    7   19   10    3    2
    5   19   11    1    3
    3    5    6    3    4
   27   19    2    7    3
    8   25    9    7    4
   26   13    3   12    2
   25    7    6    8    5
   27    4    2    5    3
   23   19    5    2    8
   19   18    4    9    4
   20    9   11    2    5
   22   29    5    6    3
   12    7    9    3    4
   22    2    6   12    6
   30    7   12   10    4
    6   21    3    2    5
   12    8    4    7    6
   23   22    4    7    3
    1    4   11    3    7
    4    4   10    9    9
   11   23    8    7    3
    3   10   12    7    4
    2    2    2   10    7
   27   29   12    7    2
   25   15    8    6    5
    3    4   12    2    3
   16   16   12    8    7
   29    1   11    9    3
   30   23   11    9    7
   29   21    3    4    3
   28   20   10    3    5
   14   15    9    7    3
   12   29    2   12    4
   18   20    2    8    2
   22   10   11   11    3
   29   10    1    9    3
   14   20    7    7    6
   30    2    1    6    8
   15    3    1    3    7
   17   27   10    1    5
   24    9    2   10    6
   13   13   11    4    7
   25   11    2    4    6
    6   26    7    5    5
   23   28    4    3    6
   21   14   12    4    7
    3    8    3   11    4
   18   24   12    3    7
   18   10    3    6    3
   26    3    4    2    5
    6    8    5    6    6
   15    7   10   10    3
   14   16   11    2    4
   25   17    8    7    5
   22   15    4    9    4
    3    6    9    4    5
   17    5    6    9    4
    4    8    1    2    3
   16   27   10   12    6
    6   23    4    4    3
   13   29    1    8    5
    2   12    4    8    6
    7   27    7   10    2
   29   16   10    2    5
   10   19    3    3    3
   21    1    1    5    7
    2   25   12    5    4
   26   17    7    4    3
   10    4    5    5    6
   10   20    8   11    3
   20   24   12    7    2
   16    1    1   11    5
   22   20   11    9    2
   12   13   12    5    1
   18   18   12    2    6
    9   22   12    4    7
    6    6    4    1    9
   25   16    6    1    2
   27    5    4    9    3
   12   14    5   10    2
    3   24    1    9    1
    2   10    8    2    1
    7    3    3    2    6
   18   23   11   12    2
   29    4    3    8    1
   14   23    5    4    6
    1    7    4    5    1
   13   15   11    7    3
   17    7   10    3    5
   17    2   12   10    1
    2    4   11    7    2
   14   30    7    8    6
   26   12    4    9    7
    3    2    3    7    1
   16   17    4    7    1
   18   28    4    2    6
   22   26    7    3    7
   24   11   11   12    2
   24    8    4    6    7
   21   25    5    2    2
   19   15    8   11    3
   30   29   10    1    7
   13    9   12    5    3
   18    7    5    9    2
   29    6    1   12    6
    9    9    5    4    8
   12   30    3    8    1
   27   23    8    4    7
   23   23   12    9    2
   27   24    4   10    8
   28    8    7   11    2
    5    5    5    4    6
   22   19    2    8    8
    5   12    6    6    7
   12   23    5    9    8
   11    8    5   11    7
    6   10    7   10    1
   28   24    3    8    7
   24   26    6    2    2
   19   11   12   10    7
   24   22    7    4    3
   27   10    5   10    6
   21   16    9    7    5
   30   19    2    2    1
   21    8    1    1    7
   19   16   10   10    1
    7   16    1    6    2
   20   30   11    9    7
   29   26   10    1    3
   25    3    5   11    2
    8   23    6   10    7
   23    4    9    8    2
   12   10    8    4    1
   18   27    4   12    7
    5   20    3    9    1
   22    6    2    9    1
   13   25    6   10    1
   12   25   11    4    1
   28   25    1    8    3
    7    2    6    2    1
    7   24    1    8    7
   21   26    9    8    8
   25   29    8    9    1
   17   11    5   10    3
   24   16    4   10    1
   25   10    1    1    2
    6   17   11    2    7
   30   30   11    1    8
   30   22    1    6    7
    9   16   11    5    5
   13    8   10    8    1
   14    1    4    6    3
   27    8    1   10    4
    2    9    3   11    2
    2   20    2    9    1
   11   16    5    9    1
    1   20    6    6    3
    1    6   11   11    7
   28   28    9    8    9
   18    6    3    3    1
   24    4   10    4    3
   21   27    1    9    2
   11   30    6    2    6
   24   15   10   12    6
    8   17   10    5    3
    2   27    4    4    1
   28    2    6    1    2
   11   11    9    3    7
   22   11    1   11    2
    4   14    9    3    6
    4   18    1    3    3
   29   14    4   11    2
   26   20    5    1    7
   13    4    8    4    2
    4   16   11    4    3
   15    2    4    9    2
   28    5    2   11    3
   16   30    5    9    4
   15    6    7    7    2
   16    2    5   11    7
   14   13    4   10    6
   12   11    3   12    3
    5    4    2    9    2
   22   27   10   11    1
    4   17    7    9    2
   15    4    6    4    7
   12   19    3   10    2
   23   17   12    4    3
   25   26    4    6    7
   28   27    2    7    2
   17   21    2   10    7
   10   24    5   11    3
   18   15    8    3    1
   12   17    3    7    2
   19    8   12   10    3
   16   13    7   10    7
    9   27    9    6    1
   11    7    1    2    2
   20   17    8   11    3
    5    1    1    1    2
   28   14    3   12    3
   20   23    3   10    7
   18   13    3    1    5
   15   10    1   10    4
    3   16    6    2    3
   16   12    8    5    5
    1   30    4    6    2
    4   19    6    9    6
    7   23    2   12    3
   10   10   10    2    5
   28   10    3    9    4
   28   16   12   12    2
   13    5    2   12    7
    6    9    2    2    3
    7   20    5    2    7
   13   11    2    9    3
    6    5    4    1    6
   21   22    1    3    5
    6   13   12   10    2
   15   17    6   12    7
   29   20   12    5    7
   24   24    5    4    6
   29   19   10    8    3
   22    7    6   12    2
   14   14    2    1    7
   23   21    9    2    2
    1   27   11    1    7
   27   14    9    3    2
   24    1   12    4    3
   25   25    7    6    7
    9   17   12    2    2
    4   12   10    3    3
   15   11   12    9    7
   13    7    1    2    2
   19   28    7    9    7
    6    4    2    9    3
   13    3    8   12    7
    9   29   10    8    2
   30   15    7   10    6
    7    9    5   10    7
   28   13    8   10    3
   23    9   12   11    2
    2   29    3    1    2
   25    5   11    6    3
   27   20   12    6    6
   24   13    7    2    5
   29   29    5    6    2
   20   19    4    9    7
    7   28    6    5    8
   14   25    3    3    2
   21   13   12    8    3
   18   11    3    4    2
   13   19   10   12    3
    2   19    1    1    3
    2   14    5   10    3
    3    9    4    3    2
    7    5    6   12    3
    7    8    3   10    7
    1   12    1    1    2
   26   27    9   11    3
   15   15    1   10    2
   25   19    5    8    7
   17   30    8   10    2
   11    9    2    2    3
   15   12    2    2    2
   21   11    8    3    6
    5   15    1    3    2
   28   22    9    9    1
   13   30    1    6    7
    1    1   12   10    1
   27    6    2    4    2
    6   12    9    7    8
   13    1    9    9    9
   28   21    6    4    7
    6   19    1    6    2
   27   13    5    3    3
   29   11    3    6    2
    8   30    8    3    7
   26    4    4   12    7
    9   14    5    6    2
   25   23   11    9    7
    6   30   10    7    6
   22   25    1    3    2
    9   12    2    2    3
    5    8    5    4    1
   28   11    6    5    7
   26   11    9   11    2
    5   21    5    6    6
    1   25    7   10    3
   17   14    5    8    7
    2   23    2    7    2
   23   13    8   11    3
    3   18    8    7    8
   17   28   12    3    5
    1    9    3    5    3
   24   23    1    2    3
   10    7   10    3    2
   22   22   10    1    5
   12   24    2    4    2
   23   16    4    9    7
   24    6    1    3    3
   30    3    1   11    6
   21   18    3    5    2
    9    4    3    8    7
    8   18    4    7    3
   26   28    4    2    6
   29    3    1    3    2
   11    5    1   12    7
   11    6   10    4    3
   19   24    7    5    7
   21   21    4    9    3
   28    3   11    7    7
    1   11    9    1    6
    1   28    9   12    3
   29   23    1    7    7
   22   13    9    9    3
    4    7    6    4    7
   30   21    9   10    2
   12   28   11    5    6
   20   21    9    6    3
   13   10    4    3    2
   24    5    4   12    7
    4   30    4    1    8
    1    2   11    9    8
    8   10    5    4    5
    8    8   10    7    9
   19   14    2   11    7
    3   22   12    3    6
    6   28    2    5    7
    5   10    7    8    2
   26   30    2    3    1
   19   21   11   11    7
   17   22   11    9    7
   29   18    7   10    2
   18   17   11    6    2
   27   15    3   11    8
   30   27    6    8    7
   26   23    6   12    2
    3   17    7    6    2
   10   23    2   11    1
   20   13   10    6    7
   14    7    7   11    2
    4   28    9    2    8
   28    9   11   12    1
   11    4   10    7    1
    5   16    7    2    2
    2   24    9    2    1
   22   18    1   11    7
    2    8    7    8    2
   11   10    5    3    1
   25   18   12    2    2
    3   14    4    6    1
    2    5    5   11    1
    2   18    1   11    1
    2   26   11   11    1
   14    8    4    1    7
   21   10   12    3    1
   19   19   12   10    1
    6   16    1   12    7
   16   26   12    3    1
   14   22   12    5    1
   25   30    7    7    1
   26   26    7   10    1
    3   19    5    1    2
    1    8    3    8    1
   17    1    1   10    1
   26    1    9    3    6
    5   23    1    9    2
   11    2   12   10    1
   20    8    7    5    1
   25   20    7    6    1
   12   12    2   12    8
   18   16    4    1    2
   17   17    3    8    1
   19   17    6   12    7
   14   18    5    5    2
    9    8    3    2    7
   15   23    7    8    2
   24   21   12    2    3
   23    1    1    6    1
   12   27    6    8    2
   21    9    2    2    1
   26   15    9    1    1
   27   27   11    2    1
    6   14   10    5    7
   25   27    2    3    1
    6    7    1   12    7
   13   17    8    4    1
    6    2    7   12    2
   22    8    2    1    1
   27    3    1    9    4
   14   11   12   11    1
   16   10    4    4    1
   15    8    5   12    1
   14   10    6    6    1
   10   26    3    7    1
    3    3   12   10    6
   12   21    2    8    8
    9   18    9   11    1
    9   15   12   10    1
   26   18    1    8    1
    1   19    2    7    7
    3   23   12    2    1
    1   22    8    2    7
   18   30    4   10    1
   26    5    5    1    2
   21    2    8    6    8
   30    5    1    6    7
   18    5    3    4    7
   20   20    1    9    2
   15   28   10    5    3
   11   27   12    7    6
   10    1    6    4    2
   14   24    8    8    8
   15    1   10    3    3
   16   22    4    1    2
   16   15    1    7    5
    1    3   11    2    2
    9   10    5    4    7
    8   29    5   10    2
    2   13    5    6    7
   30   24    2    5    2
   11   20    2    2    3
   26    7    1    1    2
   10   30    7    6    3
    4   20   12   12    6
   16   20    7    5    3
   18    1    5    1    5
   24   25   11    8    2
    5   14   11   12    6
    9   30    3    6    3
    9   19   10   11    2
   29   28    9    5    1
   29    5    4    9    3
   17   10    6    5    5
   17   29   11    9    3
   22   12    1    8    2
   20    6    1    2    5
    9   26    3    2    3
   30   28    6    6    4
   22    5    1    4    5
    4   21    9    1    7
    3   12    7    7    6
   22    4    7    8    5
   24   29    4    2    4
   21   15    7    6    2
    3   20    1   12    2
   18   12   10    3    6
   11    3    5    9    3
   17   24    1    1    3
    6   25    7   11    3
   16    8    6    6    3
    4   25    1   12    2
   12   20   11    9    6
