   22    7    2   12    5
    3   22    2    2    3
    7   20   11    2    1
   14   22    8    6    5
    4   11    6   12    7
   30   11   11    2    6
    4    8    2    4    4
    1    8    4   11    6
    9   29    7    3    5
   26   19    6   10    3
    3   13    4   10    7
   29    1    8   11    3
    7   27    9    9    3
   16   29    4    9    2
    9   22    5    8    2
    3   19    1    1    3
   28    3    2    1    1
   14   20    9    6    2
    1   13    4    9    2
   23    3    9    1    3
    3    6   10    1    2
    7    7   11    7    5
   22   22    2   11    3
    9   11    2    4    4
   15    8   12    8    4
    6   15    3    2    3
    5    3   11   12    8
   22   17    2   12    3
   23   10    8    7    3
   10   15    1    1    7
    1   14    8    6    3
    4   27    4    5    1
   29   20    6    9    3
    5   19    2    6    3
   28   22    9   12    6
    8   25    3    7    4
   23   28    8   11    4
   12   21    8    9    7
   28    2    2    5    3
   15   17    6   10    7
   29   25    8    9    8
   15   27    4   11    7
    2    4    1    5    8
   22    6    8   11    2
   18   14    6    6    2
   28    1    7    6    1
    6    5   10   11    1
   17   12    2    2    3
   11   11    8    9    1
   13   13    2    9    5
    2   27    7    1    3
    6   13    9    6    3
    1   30   11    2    6
   25   10    3    3    3
   18   10    1   11    7
   24   18    4   11    4
   26   30    3    9    3
   21   22    4   11    2
   30   22   12    9    2
   30   13    7    6    4
   26   25    3    8    7
   12    8    5   11    7
   27   28    4    6    7
   20   18    4   10    2
    8    6    8    6    7
   12   22    2    4    3
   10   16    9   11    2
   22    1   12   10    2
    1   26    2    2    2
   20    5   10    7    3
    8    8    1    6    2
   23    1    9   10    2
    3    3   12    2    4
    9   17    4    6    4
   22   11    7    8    2
    4    9   12    9    2
   13    7    5   12    1
   21   10    3   11    4
   22    8    7    7    2
   17   11    4    7    7
   12    6    1   12    8
   29    5    2    6    3
   27    6    6    3    3
   26    7    4   12    3
    3   25    9   12    2
   17   17   11    2    2
   28   13    7    6    2
   27   18   12   10    2
   29   26    3    7    7
   28   21    2    2    4
   25   28    5    8    4
   27   27    8   12    2
   24    1    6    5    2
    5   27    1    3    2
   25    1    1    3    2
   29   23    8    1    3
   11   28    3    7    2
    3   18   11   11    2
    9   23    3    3    2
    3   24    9   12    2
   22   23    2    3    2
   28   20    2   10    3
   16    9    1    7    7
   14   14   11   10    2
    8   29    8   12    4
   23   25    1    7    3
   25   21    8    2    3
   14    8    9    6    8
    7    3    7    4    4
   17   26    4   10    4
   26   26    7   12    6
    3   21   12   10    2
   22   24    5    7    2
    5   14    5    1    3
    3   10    3    4    4
   18   22    1   11    2
   11   13    5    4    2
   20    6   12    4    2
   28   24    1    2    2
    7   19    8   10    1
   10   27    3    3    2
   18    2    8    2    6
    3    8    5   11    6
   20    4   11    3    2
   25   25    4   11    2
   14   29   10    1    3
    8   23    5    1    5
   14   15    6   11    8
   24   15   10    1    7
    4   26   12   10    4
    6    7    5    7    7
    1   15   11    3    3
   16   20   12    7    4
   28   18   12    9    4
   11    1   12    7    4
   20   12    4   11    8
   15   30    8    3    4
   29   24    3    6    2
   18   23   11    2    2
   10   29    2    8    2
   21   30    3    5    8
   25    9    8    7    3
   18    6   11    9    3
   22    4   11    8    3
   19   27    8    2    2
   28   17    1    6    8
    2    8    4   10    2
    3   11    8    7    8
   28    4   11    7    7
   30    2    2    4    7
    1    4    1   12    6
   19   15    9    9    4
   29    4    4    6    4
   29   12    5   12    1
    2   12    3    2    2
   17   18    4   10    7
    5   15    3   10    7
   10    5    2    7    6
   28   19    4    1    6
   26   24    1    3    4
    9   30    7    2    4
   14    7   11    3    4
   10    2    1    5    4
   11   15    5    1    3
   30   12    6    9    2
    1   17    6    6    3
   26   23   10    3    2
   20   22    6   11    2
   18   18    5   12    2
   20   17    2    6    2
   22   27   12    6    2
    9   13    2    9    7
   13   25    1    6    2
    1    3   12    3    6
    3   20    1    2    2
   18   15   12    1    7
   29   29    1    2    7
   30    5    1   11    6
    5   18    8   12    4
   29    3   11    3    6
    2    7   10    2    8
   28    8   12    5    6
   30   16    3    5    4
   11   12   10    6    7
   27   20   10    6    7
    8   10    1    8    3
   23    2    2    4    2
    9    7    4    3    2
   10   22    4    8    7
    9    1    7    8    7
   24   17    5    5    6
   10   26    2    7    7
   13   27    6    3    3
    7    4   10   11    2
   14   10    9   10    7
   23   13   11    9    4
   13    2    4    4    2
   20    8   11   11    4
    1    1    7    8    7
   30   17    3    4    6
    9   14    3    8    6
   16   16    3   11    6
   19    4    4   12    4
   19   19   12    6    7
    5   22    4   12    6
   14    6    3   11    6
   17    8   10   10    4
    1   20    1    5    3
    7    5    1    1    3
   19   13    6    9    3
   17    7    3    4    3
   27   16    8    2    2
   12   10    4    5    4
   26   12    4    1    3
   23   23    3    8    6
   13   10   11    2    6
   11   10    8   12    4
    3   12    1    4    4
   12    4    4    6    4
   19    9    7    1    3
   26    8    7    7    3
   13   15   12   11    2
    2   21   10    6    8
   29   13    6   11    8
   28   29    7   10    3
   17   23   10    2    3
   18   26   12   10    2
   25   17    7    6    4
   13   18    6    6    7
    3   14    4    1    6
    4   23    7   10    4
   12   25    9    6    7
   24   20    7    5    3
   18    8    8    8    7
   19   30    2    6    6
   25   15    4   12    6
   21    4   12    2    6
   11    2   11   11    4
   12    1    2    3    4
   26   14    9    5    4
    2    3    7   10    4
    1    7   12    1    6
   17   16    5   11    6
   15   12    8    8    6
   29    6    3    3    6
   24   16   10    3    4
   14   25    2   11    4
   12   18    3    6    4
   15   16    8    1    6
    1    5    3    9    4
   25   22    8    4    7
   12   16    1   11    7
   24   24    2    7    6
   15   28   12    4    7
   11    6    7    5    6
   16    8    9    8    4
   16   25    6    4    4
    2   19    6    4    7
   22   26    7    6    4
   16   14    7    8    4
    9   12    4    9    3
   11   25    4   10    7
   21   26    1    9    7
   30   18   12    3    4
   10    9    1   12    4
   16    7   10    6    6
   14   13   10   12    3
   12   14    8    6    4
   14   11   10    6    3
   10   20   12    9    3
   27   17    1    8    4
    5   23    1   10    3
   24   10    8    9    2
    6    9    6    5    2
   22   29    6   10    3
    6   17    6    5    3
   10   10    5    6    3
   25    4   10    6    2
   12   19   11   11    4
   14   28    3   10    2
   23    6    3   10    2
   19   14    1    3    6
   30   20    1    6    7
   25    7    5    5    2
   30    3    8   10    3
    9   18    9   10    2
    5   25   10    9    2
   16   11    7    7    6
   20   25    4    6    6
   23   14    3    3    2
   11   23    7    9    3
   14   24    3    3    6
   18    7    9   10    2
   17    5    6   12    2
   27    3    6   10    7
   10   19   12   12    6
   16    2   11   10    3
   12   28   11   10    2
   27   26    6    9    4
    5   21    4    6    4
    9   15    1    3    6
   20   26    3    5    6
   28   30   10    5    4
   10    4    3    1    6
   23   21    2    9    6
   14   30    2    3    4
   27   24   12   11    4
   29   17    6    9    4
   28    5    7    1    3
    2    5   11    9    3
   28   10    3    7    4
    2    6    7    8    7
   30   30    5    4    7
   13    8    7   10    6
   29   11   12   12    4
   24   12    5   12    4
    6   21   10   12    4
   16   19    3   10    3
    4    4    8    1    3
    6    1    6   11    3
    9    3   11   11    7
   23   30   12    5    7
   27    1    3   12    3
   11    5   10   11    7
   28    7   12    4    8
   16   13    8    2    6
   10    7    7    5    3
   23    7    7    4    3
   28   28    7    2    7
   18    1    8    3    7
   15   23   10   10    3
   22   16   12   11    2
   11    7   11    5    2
   16    1    8    4    2
   23   16   12    6    2
   26    5    1    8    4
    1   10    8   12    3
   20   23    8   12    3
    3    4   11    7    7
   26    3   12   11    3
    2   14   12    4    6
    7   21    4    3    3
   28   26    8    8    7
   30   10    7    8    3
   25   19    8    4    7
   11   26    2   10    7
   21   14   10    9    6
   19   17   11   12    3
    8   24    6    9    3
    2   29    7    3    2
   11   20   10    4    2
   21   13   11   11    4
   19    6    5    8    3
   18   29   12    6    7
   20    9   11    2    2
   15    7    9    6    2
    4    5    3    8    2
    2   17   11    8    7
   16   26   12    8    4
    9    5    2    6    4
   14   17    3    8    6
   24    9    7    9    6
    4   13   11    6    6
   20   20   12    7    4
   19    1    8    6    6
   16    6    1    8    7
   28    6    3    8    6
    3   15    5    6    8
    8   19    4    3    7
    6    6   10    2    6
   26    6   11    7    8
   29   30    8    7    7
   15   21   11   10    6
   21   16    3    8    4
   21   18   11    8    7
    7   12   11    4    3
    5   24    9    5    3
    8   27    9   11    3
   18    4   10   12    4
    5    5   11    8    7
   23   19    6    9    3
   19   11    7    3    7
   18   25    3    6    6
    9    9    4    2    8
   19   24    7    9    7
   20   21    1   10    6
    7   30   12    2    4
   20   15    2   11    4
    1    2   10    6    3
    5   13    7   10    7
    2   15   12    4    7
   11   21    1   11    3
    9   21    9   10    4
   19   22    5   10    4
    5   16    2    8    7
    6    4    9    2    4
   12   13   10    1    8
    2    2    2    5    7
   15   15   12    8    6
    9   28    3    5    6
    3   16   10    2    6
   14    4    3    5    7
   16    4    7    7    6
   15   26    5    3    4
   23   27    1    3    4
    6   24    9    4    7
   12   12   12    1    7
    7    8    5    9    7
   24   11   12    3    8
   18   19    9    5    6
   21   17    3    2    6
   20   13   11    5    6
   21    8   10    8    8
   22   13    7    9    7
    8   11    1    4    8
    3   17    8   10    6
   24    2   10    9    7
   24   23    8    6    6
   25   27    3    7    7
   18   11   10    1    6
   23   12    2   11    7
   19   21    3    5    6
   16   18   10    2    6
   30    4    8   12    4
    8    5    8    7    4
   13   17    4   10    4
   16   28   11    2    4
   26    2    8   10    6
   24   25    8    5    4
    4   15    7    2    4
   21   21    3    4    7
    9   27    2    3    4
   19   29    9    4    4
    5   12    9    7    4
   25   30    1    1    3
   27   12    5    7    3
    2   25    9    4    2
    9   26   11    3    8
   30    6    6   11    3
   25    6    5    1    3
    4   24    2    6    7
   21   29    1    1    4
   11   27    7    3    4
   24   13   10    5    6
   26   13    8    7    6
   30    8    7    3    3
   27   29    7    2    7
   15   29    9    1    3
   10   17   12    9    2
    9    8    1   10    7
    1   21    1   11    6
   22   15    3   12    3
   27   21    6    7    3
   20    2    9    1    4
   21   24    4   12    7
   14   27    4   12    3
   30   27    9    3    3
    2    9    8    7    2
   24    7    7    9    4
   17    4    7   12    3
   30   24    4    4    3
   20   19   11   12    4
    6   10   10    2    2
   29    7    4    1    2
   22    2   10    8    2
