   14   19    9    7    3
   29   22    6    6    7
    7    6    5    2    4
   22   10    8    6    3
   11    2    7    5    4
    4   11   10    6    8
   29   20    7   10    1
   14   20    1   11    8
   17   19    3   12    4
   13   18    8   12    3
   19    4    5    3    6
    2   10    4    7    6
    4    7    6   11    1
    8   12   10    3    6
   13   20    6    7    1
    9    7    1    7    1
   26   19   11    7    3
    5   29    1    6    1
   18   12   10   10    5
    7   19    6    1    4
   16   30    2    8    1
   18   24   12    5    1
   29    4    9    5    3
   25    8   10   10    3
   24   16    2    9    8
   19    3   11    9    2
   17   21    7    8    2
   28   10   12   12    1
    1    2    6    2    6
   21   22    4    3    2
    9   21    9    7    1
   18   23   12    1    4
   15   24    3    6    4
    3   29    5   11    6
    5   23    9    1    6
    4    3    2    6    2
   21    3   12    6    2
   22   27    2    2    1
   26   26    1   12    3
    8    2    4   12    1
   26   17    3    2    3
   27   24    4   10    1
   13   15   11    3    1
    4    1    8    2    4
   11   23    1    7    1
   27    6   12   10    2
   28   27   11    5    3
   14    8    2    3    3
   10   24    7    4    2
    4    4    7    5    6
   22   12   12    3    4
    4   30    5    9    2
   10   15    9    8    2
   20   11    1    1    1
    6    6    2    4    8
    9   18   10    5    2
   26    5   10    6    1
   11   16    3    5    3
   15   15    3    4    9
    5   16    6    8    6
   14   11    4    4    7
   19   29   12    6    1
   15    7    4   10    1
   28   22    8    3    1
   27    4    7    6    3
   19   20   11   12    2
    7   14    9    9    1
    7    7    6    1    8
   16   17    3    6    6
    6   22    5    7    4
   17   12   12   11    4
    8    8   11   12    7
    3   12   10    6    6
   19   18   11    7    2
   18   16    4    8    8
    3   23    4    1    3
   15   12   11   12    1
   27   25    4    1    1
   24   22    2    8    3
   10   13    4    9    1
   28   15    4    4    4
   27   26    3    2    1
   18    1    5    1    4
    3   25    9    7    1
   11    3    4    4    7
   29   27    9    5    1
   22   16    5    7    7
   20    7   10    5    1
   24    3    7    9    1
    1   14    4    9    8
    1    8   12   11    6
   14   22   12    5    2
   30   11   10    1    2
   27    2    3   12    1
   27    5    9    3    1
   16   13   12    6    8
   16    4   10    5    9
    7   13    3    4    4
   29    1    9   11    1
   29   18    6    4    4
   28   16    1    8    1
   23   16    8    4    1
   18    6   12   12    1
   25   15   10    2    1
   11    1    3    6    1
    8   20   12   12    1
    8   27    5    9    3
   21   25    1    3    4
   24    2    8    9    1
   15    4    2   12    1
    5   21   10   10    3
    3   26    8   11    1
    1    1    3    9    8
   12    6    9    3    9
    8   24    2   11    3
   28   28    7    6    8
   29   29    1   12    6
   17   20    8   10    6
    2   29    7    3    3
    6    1   11   11    1
   14    4    8   12    8
   28   23   11    9    6
   23   29    4   10    2
    3   13    4    1    6
    5   22    8    4    4
   14   21    9   12    9
   13   28    4   11    1
   13   22   12    6    1
   29    7    9    5    1
    4   13    3    1    3
   19   15    9    8    1
   11   17    3    4    4
   25   30    4    4    3
   11   22    1    2    3
   18   30    4   12    3
   18    7    1    4    3
    3    6    6    9    1
   20   24    7    4    3
    3   30    4    9    4
   17    7    4   11    1
   26    9    9    7    1
   18   18   12    3    2
   28    4   10    4    2
    8   18    1    3    1
   28   19   10    2    2
   11   15    6    6    2
   17    8    4    6    2
   14    5   12    2    1
    5    2   10    7    6
   28    8    1    6    7
    2   26    4    4    8
   22   22    8    1    8
   25   17    7   12    6
    2   18    2    5    8
   18    3    3    5    8
   29   30   12    8    2
    5   28    7    8    1
    7   27    8    6    1
   23   30    2    2    1
    7   28   11    5    6
   30    2    9    8    4
    1   30    5    4    3
   22    8   12    1    2
    6   13    5    1    2
   22   26    2    3    7
   27    3    2    1    1
    6   14    7   12    2
   10   16    5    7    1
    5   19    4    9    7
   30   10    3    6    1
    6   30    8   10    2
    7    8    5    3    1
    1   13    9    7    6
   19   12   10    9    6
   12   29   12    4    1
   18   21    8    2    2
   28    1    6   12    1
   21   28    8    1    3
   15   14    7    6    6
   28   26   10   10    3
    4    2    3    3    2
   10   20    4    1    3
   11   18   10   11    3
    8   10   12    8    1
   23   25    8    5    1
    8   15   11    7    1
   28    2    6    6    3
    4   17    5    9    7
   17   10    3    7    7
   17   15    3   12    7
   19   30    1    4    7
    2    3   10    5    1
    4   12    7   12    1
   28   11    9    3    1
   25   10    8   11    6
   14   30   12    5    8
    1   23    2    9    3
   26   11    1    7    1
   22   19    5   10    8
   14   13    4   10    3
    6   25    2    3    2
   26    7    6    3    1
    9   16    9    2    4
   18    4   12    1    1
   23    6    3    3    6
    6   20    9    6    6
    7   25    6   11    4
   26   20    3    4    8
    7   12    6    6    7
    3   16   10    1    7
   13   12    4    1    6
    3   15    7    8    3
   27   19    7   12    2
    5    1    4    5    6
    8    3    2   12    7
   11   29   10   11    2
   28    3   11    7    3
   10   18    6   12    2
   24    7    1   12    3
   24   28    7    7    4
   21   16    7    2    3
   25   19    5    4    2
   24   14    7   10    1
   29   14    5    3    4
    1   16    3    7    2
   24   11    8    9    2
   13   11   12    1    4
   10    3   12    2    4
    5   13    4    7    4
    5    9   10    1    2
   27    9    2    6    1
    9   10    4    6    1
   18   27    2   12    3
   10   12    2    3    2
   10    7    6   12    3
    9   23    2   11    1
   15   23    7    4    3
   13   13    3    2    7
    2   23    1    9    2
    9   28    1    1    1
   25   13    6    3    3
    3   22    4    1    2
   11   12   12   11    1
    9    6    2    2    1
   18    5    5    1    4
    7    1   10    8    1
   28   17    6   10    6
   15    5    3   12    6
    8   23    4    8    4
    9   12   11    5    1
    4    6    9    8    6
   30   12   12    4    4
   12   14    8    1    7
    3    1    2    5    3
   18   20   10    8    2
   26    1    2   10    6
   23   12    9   11    2
   15    2    9   11    7
    9    9   11    1    9
    3   20    8    6    2
    7    5    8   12    4
   10   10    6   12    2
   20   25    6    2    1
    3    5    4    3    6
   22   23    9   11    2
   13   29    8    3    1
    7   30    8    7    4
    9   11    9    9    1
   21   29    8    6    3
   19    2    1    3    3
   21    1   10    5    2
   14   26    1   12    3
    8   30    7    2    2
   14   17    7    8    7
   27   27    1    2    7
   12   27    8   11    3
    9    2    8    7    9
   30   22    3    6    2
   14   14    6    8    2
   12   21   10    1    7
   15   29    2   12    2
   19   16    9   10    8
   19    9    8   11    6
   15   20    6    1    3
   23   23    3   10    2
    9   22    2   12    6
   24   12   11   12    2
   27   16    3    4    3
   11    8    3   12    1
   30   21    5    2    1
    9   24    9    7    3
   22   25    9    9    1
    6   11    5    5    2
    2   17   11    3    2
   19    1    1    5    4
   20   20    1    3    6
   22   17    6   10    3
    2   22    5   11    4
   20   21   11    1    6
   25    2    6   11    3
   30   13    1    7    2
   25   26    7   12    2
    6    2    2    7    2
   29   26   12    4    1
   16   26    4   12    1
    8   16    7    5    2
    6   26    9   12    1
    2   20    9    6    7
   27   30    1    5    3
   23   24   12    8    2
    5   11    6   10    6
   27   11   10    8    7
   23   21   12    1    7
   24   24    7    3    8
   14   28    4    7    3
   17   23    8   11    2
   24    5    2    4    2
   21   24    8    9    2
   27   21   10   11    3
   27    1    8    1    1
   11   25   12    4    1
    2    2    7    2    3
   26   10    2    1    3
   12    5    5    2    3
   28   18    3    1    4
   10    6    9    6    2
    7    2   10    4    1
    9    3    8    7    1
    8   21   10    6    3
    1   24   12    7    2
   19   11   12   12    6
   21    2    1   11    7
   29    9   10    9    2
   25   28   12    5    1
   11   21    5    4    2
   19   24    2    3    1
    9    4    3    4    2
   17    6    5    6    3
    7   21   10   10    1
    5    6    3    2    2
   30   26    4    4    8
   21   19    4    9    7
   19   19   11   12    6
   17   17    9    7    7
    1   15   10    8    3
    9   30   11   11    2
   14   18    4    8    6
   23   10   10    8    1
    1   20    3    8    1
    4   24    7    2    6
   22   15    9    8    4
   20    9   12    7    2
   30   30    7    2    7
    4    8    4    8    6
    4   20   12    1    7
    1    9    4    6    3
   25    1    5    1    2
   21   21    1    8    8
   12    1    6    6    7
   15   21    9    2    2
   25    9    4    2    1
   20   23   11    2    7
   26    8   10    8    2
    6   15    8    1    1
   20   28   11    1    4
   16   20    2    6    6
   17    5    3    9    1
   29   28    5   10    4
   16   29    7    7    1
   27   23    4    3    3
   23   26    2    5    2
    6   16   12    3    1
    2   16    3    6    2
   24   25   11    6    1
    4   23    4   11    2
   25   12    3   11    6
   20   12   10    9    6
    5   20    4    9    4
   29    8   12   12    2
   19    6    3    8    4
   26   12    5    8    4
    9   13    4    6    4
   10   27    9    1    2
    5    5    5   11    2
   25    4    2    3    1
   26    4    2    3    2
    7   23    2    1    3
   13    8    4    8    2
   11   11    7    4    6
   17   27    8    5    3
   21    4    4    5    6
   26   21    4   10    7
   13   19    4    5    2
   24   26    8    2    2
   17   30    8    7    2
   17    9    8    7    1
   10    1    9    8    1
    5    4    7    1    7
   29   10    2    7    2
   20   27    3   10    2
   22    1    2    5    7
   13   27    1    8    7
   10   19    1    1    4
   17   29    9   11    8
   25    5   11    7    4
    3    3    2    4    7
    5    8    3   12    8
   22   18    2    8    2
    2   14   12    8    3
   24    6    6    6    3
   15   18    2    8    6
   12   16    7    8    2
   15   16   10    1    1
   24   29    1   10    3
   25   16   10   10    3
   15   27    6   11    6
   10    4    8    4    2
   14    9   11    4    1
   30   20    7   10    7
   23   19    3    2    8
   25   14   12    6    8
   12   12    1    3    2
    5   30    2    7    2
   30   15    1   12    2
   13   23    5    6    1
    9   15    4    2    6
   21   10    6    8    2
    2   13    7    7    4
   14   23   10    9    6
   22   20    7    4    2
   24   13    7    5    1
   10   11    4    2    2
    1   17    2    8    1
    6   21   12   11    8
   28   30   12    5    1
   22    7    6    4    7
    6    8    9    8    2
    2   12    1    2    4
   16   14    3    7    1
   13   21    7    2    2
   25   25    1    7    9
    7    3    4    1    7
    3   14    7    2    2
    7   16    1    7    4
   13   17    1   12    4
   28    6   10   12    2
   30   24    9   10    1
   18   25    7   12    8
   26   15    4    3    6
   28   12    2    4    6
   27   14    5    1    8
   24   17    4    9    3
   17   18   10    9    2
    5   10    5    9    4
    7   11    9    5    1
   22    4    4    3    4
    3   17    6    8    2
   13   26    5   11    1
   16   16    9    6    8
    8   19    5    8    8
   10   14    9    5    1
   29   25   12   10    1
   26   18    3    3    1
    8    9    6    2    3
   29    6    9    7    3
