   13   19    8    2    6
    6    2    3    6    7
    4   20   10    3    3
   10    4    1    4    3
   13   23   10   10    4
   28   23    5    3    6
    3   26    7    8    5
   19    8    6    9    6
   12   27    1   11    5
   29   19    8    8    2
    2    7    9   10    2
   10   26    6    7    2
    8    4   11    7    4
   27    7   10    4    4
   28    9    6    4    5
    3   14    6   10    2
   16   20   12    3    7
    5    3    5   10    6
   25   21   12    5    5
   15   17   12    6    6
    6   30    4    8    2
   18   14   11    5    2
   21    9    2    8    2
   11    3    5    9    4
   11   25    6    7    1
   16    5    5    8    7
   27    9    7   11    6
   29    6    7    3    5
   12   30   12   11    4
   13    8   10    7    3
   30   13    4   12    6
    1   27    8   12    3
   30   30    5    6    7
    2   23    1    9    5
   19    5    2   11    8
   18   10   11    9    7
    7    7    2    1    6
   30   27   12    6    2
   29   12    9    2    4
   23    8   10    8    1
   21   10    7    2    5
    8   27    2    6    2
   22   14    1    1    3
   11    1    6   11    4
    2    2    9   12    8
    1   18    6    7    5
   30   11    3    1    3
    2   22    4    4    2
   30   16    5    8    5
   24   25   10   10    5
    3   13    5    2    4
    2   14    5   10    7
   17   22    2    3    5
   28   11    7    1    3
    8   20    2    1    4
    6   25    9    5    6
    6   11    1    7    4
    5   28   11    8    3
    1   21    9    8    6
    1   19    8    6    7
    4   24    9    8    5
    1   10    4    6    4
    4    6    4    8    4
   30   24    3    6    6
   19   17   11   12    4
   15   11    7   11    3
    3    1    1    8    7
    5   27   11    7    7
   12   13   10    2    6
   26    8    1    9    3
   26   12    6    9    2
    7   15    1   10    1
   15   12    3   11    5
   29    5    2   12    3
   29   29    8    2    8
    1    2    2   11    4
   20    5    6   11    3
   24   10    3    9    9
    2    9   12    3    4
   13   26    9   12    3
   20   30   11    1    4
   24   23   11    9    2
   10   14    5    1    5
   11   12    4    4    7
   18   18   10    7    8
   21   22   11    3    1
   28    8    2    5    4
   26   11   11    2    3
    7   29    7   11    4
   24    3   10    2    5
   24    1    4    5    4
    1    1   12   11    6
    6    6    4   10    9
    2   19    5    7    2
    5   17    3   12    7
   25   29   12    2    3
   15   10    6    4    3
   13   25    3    6    3
    4    4   12   11    9
   12    8    1    7    4
   13   15   11    7    7
   19   19    2    3    6
   16   16    6    3    2
   30   21    4    9    9
   11    8    5    6    7
   18   16    2    8    8
   10    5    5    8    4
    2   17    2    9    3
   14   24    1    8    5
    2   25    5    3    3
   26    2    2   11    8
    2   20    6    8    3
    2    8    3    9    8
   14   19   11   10    7
   22   13    8    1    3
   14    6   12    1    8
   22    9    9    8    1
   25   25    3    9    7
   14   25    1    6    7
   21   28   11   10    4
   26    5    8    3    5
   12    7    7    6    4
   28   10    2    8    2
   19    4    4    8    2
   22   16   12   11    2
   16   13   11    5    2
    3    3   10    5    6
    2   12    2    5    3
    9   11   11    3    9
   15   15   12   10    2
   20   23    8   11    3
   21   13    4    4    4
    3   12   11   12    6
   23   12    7    8    3
    6   27   12   10    2
    2   16    3    8    3
   27   11    9    6    6
   14    4    1    2    8
   22    1    9    5    3
   13   28   12    3    8
   29   16    6    9    3
   10   22    9    9    2
    7   18    4    2    5
   20    6   12   11    1
    1   14    4    6    7
   30   10    7    9    4
   15    4    9   12    3
   15   25    5    7    8
    7   10    6    3    3
    7   22    1   12    2
   12   12   11    7    9
   11   19    8    7    7
    8    6   11    1    3
   10   17    5   11    3
   11   20    1    8    3
    4   16    8   12    4
   16   21    7    1    3
    7    9    6    5    3
    2    3    3    1    9
   12    9    6   12    4
   20   12   12    9    3
    8    1    2    3    7
   11   11    8    2    9
    5   30    6    8    4
   21   21    3    5    9
    4    9   11    2    6
   18   28    8    5    3
   29    9    5    7    3
   10   20   11   12    3
    9   14   10   12    3
    5    2   10    5    4
   22   22    4    7    3
   29    2    4   11    3
   18   21    7    1    3
   27   27   12    8    3
    1   23    4   11    3
   17   28    4    3    4
   25   23    4   11    3
   28   24    4    4    3
   26   24   12    7    7
   19   21    3    9    5
   19   23   10    6    6
    5   14   11    7    3
   11   16    7    5    7
    7    3   11    3    5
   19   18    1   11    4
   20   24    3    7    3
   20   18    6    4    4
   25   16    1   12    4
    7    5    4   12    9
    1   29    9   11    4
   29   11    7    7    5
   25   17    9   11    4
    5   11    8    8    3
   29   24    8    5    5
   16   28    8    1    7
    4   27    9   12    4
    1    5   10   11    4
   13   24    9   10    5
   24   27    3    1    5
   20   17    1    3    5
   16   23   10    2    5
   28   14    9    8    5
    7   17    3    5    4
   17   16    1   11    6
    4   22    6    2    6
   18   13    6    4    5
   15    8    8    4    4
   22   29    2    6    4
   22   20   11    3    5
    8   29    3    1    4
   21   27   11    1    8
   11   21   12   10    4
    3   25    7   10    5
    8   18   11    1    6
    9   25   10    9    4
   25   26    3   11    9
    5   25   11    9    3
   26   27    4   11    2
    6    7   11    8    8
   19   20    2   11    4
   16    7    3    6    7
    4    7   11    5    5
    1   26    8    6    3
   28   27    4   12    3
   29   28    1    5    4
   10    6   12    6    4
   18    4   10    9    6
   23   29    7    7    6
    3    6    8    5    4
    9    8    6    9    4
   29   27    1    4    3
   24   15    8    5    3
   15   18    8    5    3
   12   19    8    1    3
   25   20    3   11    8
   13    5    7   11    4
    3   10    5    9    4
   11   17    3    4    5
   14   17   11   10    9
    3   23    9    5    3
   11   10   10    4    4
   30   18    8    1    8
   18   12    2    9    4
   26   15    8    1    4
   22   25    1    6    8
   20    1   11    3    4
   21   20    3    4    8
   25   12    9    1    5
    8    7    2    3    7
   24   18   10    8    5
   21   26   10    5    5
   30    1    7   12    4
   21    6    4   11    8
    1    9    2    4    9
    8   17    8    7    7
    1    7   12    1    8
   25   10   10    9    3
    9   20    4    5    3
    9    5    3    3    4
   24   24    9    4    7
    5    6    3    1    5
   17   29    3   10    5
   15   16    2    2    5
   15    9    7    3    8
   14   15    8    5    8
   26   20    3   11    5
   25   30   11    7    4
   23   22    1    4    5
   25   27   12   10    6
    1    4    9    8    8
   22   24    3    2    6
   23    7    8    6    6
   12    4    6   11    8
    1   25    1    6    5
   17   23    7    5    8
    2   11    4   11    5
    1   12    2    5    7
   16   24   12    5    5
   13   29    8    9    3
   18    5   12   10    3
   21   14    3   10    3
    6   13   10   12    4
    3   15    9   11    3
   28   26   10    1    3
   30    3    3    3    8
   23   26    6    5    3
   23   10    4    9    3
   30   14   12    2    2
   21   12    2    3    9
   10   19    5    5    8
   30    8   11   11    4
    3    9    9    4    5
   12   24   11   11    5
    5    4    8   12    3
   30    4    7    4    8
   27   13    4    7    3
    7   20   10   10    4
   21   23    1    5    4
   15   28    8    4    3
   19    6    5    5    4
    4   28    1    1    3
   10    2    7    7    8
   26   17   11   12    4
    9   19    6    9    2
    6   22    1   12    3
   14   23    6    2    4
   24   17   12   10    8
    7   25    4    9    4
   16   12   10   10    5
    6   18    3    7    4
   17   21   10    1    3
   29   26   10    4    4
   10   29    4    7    8
   24    7    8    8    3
   21    5   10    6    4
   22   15    9    9    3
   27   18    5    9    5
   11   24   11    5    3
   19   30    1    7    8
    6    1   11    8    3
   19   26   11    5    9
   16   19    5    1    4
    2   30    7    2    9
   20   15   10    1    3
   27   16    8   12    7
   20   27    9    9    8
   15   23   11    5    3
   17   13   11   10    8
   16   10    4   11    9
    4   21    7    7    8
    9   23    7   12    5
   28   28    6    8    4
   14   20   11    8    4
   21   24   11    2    3
   14   16    8    5    8
   30   29   12    4    7
   13   14    6   12    5
   13   13    9    3    8
   17   17    1   12    7
    7   11    6    1    4
   23   27    1    6    3
   30   22    9   11    4
   18   25    8   11    8
   24    9    7   10    3
    5    8   12    8    8
    5   23    7    4    3
    8    3    9   11    5
   15    5   11    8    6
    8   24    7    4    5
   27    3    7    2    4
   24   19    7    5    3
    5    5    6   12    7
   15   29    6    5    1
   30   28   10    3    3
   29   21    8    1    2
   28   20    8    9    1
   10   27   10    7    5
    7   21    4    3    6
   27    2   11    7    5
    1   28    7    3    5
   28    7    4    4    7
   12    5    5   11    5
   25    8    9    5    5
   15    1    4    5    5
    9    6    6   11    5
    9   13    2   11    7
   27   15    9    6    7
   24    2   10   12    6
    3   16   12    3    5
    7   13    1    6    4
   23    6   11    3    7
   19   28    3    7    3
    6   15   11    3    4
    6   12    2    2    5
   23   18    3    7    4
    5   22   11    3    4
   22   11    8    7    4
   11   18    4    2    3
   16    9    8    9    4
   13   20    3    4    5
    9   30   12    3    3
   18   22    1   11    4
   21    3    7    6    5
    8   21   10    5    7
    3   28    3   10    5
   28    2    1    5    4
   14   14   12    6    4
   14   12    5    6    5
    6   26   12    5    6
   14   26   11    8    5
   20   20    8    7    4
   26   22    9   10    3
    9   18   11    7    4
    9   10    2    2    4
   27   17    4    9    5
    3   29   12    6    4
   15   21    1    4    3
    7   26    1   10    5
    3   20    4   12    6
    4   23   11    1    4
    6   17    9   11    7
   13    1   11    7    4
   18   29    4    9    4
   15   30    6   11    3
   12   22    6    9    4
    4   26   11    2    8
   14   27    1    3    4
    3   22    6   11    3
   19   27    5    4    5
   13    4    1    8    4
   16    6    6    6    3
    8   10    3    1    5
    3   17    9    5    6
   15    2   10   10    4
   27   22    1    3    3
   22   28   12    1    5
   12   10    6    9    2
   17    1    6    7    6
   30   23   11    7    5
    5   24   10    6    8
    9    9    3    5    8
   14    8   11    2    5
    8   22    2    5    4
   26   26    1   12    5
    2   21    9    6    6
    2    4    2    5    4
    9   17    1    1    3
   19    7    7   12    5
   23   23    1   12    5
   11    4   11    8    4
   15   19    1   11    3
    4    3    6    5    5
   13   11    2    6    3
   14   29    1   11    3
   11   14    5    6    3
   30    7    3   10    5
   18    3    1    7    3
   17    4    8    1    5
   13    2   12    9    3
   13   10   10    9    2
   29    4   11    2    3
   30   17    5    2    8
   30   26    9    2    4
   17   12    7    7    8
   11   23    4   12    8
   18    2   11    5    5
   18   17    4    5    4
    6   24    8    7    4
   10   10   12    3    3
   28   25    7    7    5
   12   28   11    8    3
   25    4    6    7    3
   20   29    1    1    7
    6   28    2    9    3
    8    8   12    1    8
   14    7    3    9    7
    8   16    3    4    3
   18   26    3    3    2
   19   22   11    5    4
    3   19    1    2    5
   16   26    6   12    3
   19   25   10    1    2
   26    9    5    8    5
    1   16    8    4    4
