   23    1    7    8    6
   28   13    8   12    1
   26    9   10    5    1
   10   10    6    8    3
    6    2    7    1    3
   18    4   12    7    4
   17   19    3    1    8
    7    9    6    1    7
   10   20   11    2    6
    7   21    6    3    1
   15    8    8    6    1
   18   17    4   10    7
   14    6   11    4    7
   19   18    6   10    5
   30   28    1    4    1
   13   22    8    2    2
   17    3    5    3    4
    1    6   11    8    6
   25   29    7    6    4
    6    5    7    4    6
   29    8    8    2    3
    6    6    9    6    8
    3    4    8   11    7
   22   25    8    6    1
   11   27    4    3    6
   22   18    1    2    2
   23    9    1    8    1
   24   14    3    1    4
   12   16    6   10    6
   20   13    5    7    3
   23    8    7    3    2
   17   29    7    2    7
   13   11    9    9    2
   19    8   10    2    2
   12   19    9   10    3
   11   20    5    1    6
   25    7    6    5    2
    8   10    1    4    1
   11   23    4    9    5
    9    5    2    3    7
   18   14    8   11    7
   16   10    9    4    4
   11   12    8   10    9
   12   26    3    9    6
   14   15    4   11    7
    5   29    1    9    6
   19    5   11   10    4
    4   12    2    6    8
   15    7   11   12    1
    5   12    1    5    8
    4   11    2    9    6
   13    9   10    5    2
   15   11   12    2    7
   27   16    6    1    8
   25    5    5    9    7
   26   14    2   10    2
   25   16    5    4    2
   10   19   11    2    7
    3    9    6    8    8
    9    9    4    2    9
   20    3    8    1    5
   30   13    6    8    8
   12   25    6    4    1
   24    2   11    7    2
   28   10   12    6    2
   24    5    9    1    9
   29   27    9   11    8
   13   15    6    2    7
    8   13    9    9    8
   24   28    9    1    1
   28    4    2    4    8
   23   26   11   10    5
   16   16    1    4    8
   23   14    4    5    7
    3    3    5    4    9
    1   19   10    8    7
   26   18    3    6    4
    3   27   12    9    1
   15   22    4   10    1
   20    9    9    6    1
    1    9    8    3    1
    7    7    6    2    8
    7    4   12    5    1
    2    8   10    8    4
   20    2    4   10    5
   10    5    8   10    6
    5   17    9    6    4
    8   26    2    6    4
    6   11    8    9    3
   20   26    2   10    6
   13   13    5    9    8
   21   22    1    9    6
    1   10   12    6    4
   30    4    4    4    6
   29   29    9   10    6
   10    3    8   12    4
    8   16   11   11    4
    1   29    8    7    1
   25   19    3    7    4
   29   19    9   11    2
   24   20    4   11    2
   16   13   11    5    6
   19   19    7   10    8
   16   30    5    8    5
    4   20   12    8    6
   22    7    3    6    3
   16   17    7    3    4
    3   29    1    7    3
   10    7    1    5    6
   21   21   11    4    7
   24   24   11    9    8
   24    7    2   10    7
   20   17   10    1    4
    6   20    5    9    2
    1   16    9    3    1
    2    4    3    8    5
   28    2    9    4    1
   21    6    2   11    8
   21   30    3    4    8
   11   18    2   11    7
   16   29    8   12    6
   11    9    2    4    6
   29   30   12    6    4
   24    6   12    5    3
   27    9    6    8    4
   21   19   10    9    6
    6   23    9    7    2
   28   25    5    6    2
   15    2    3    8    1
    1   30    2    8    3
   15   15    1    7    7
   26    1   11   11    6
    3   15    7    1    4
   22    3    1    4    1
   18   10    5    4    6
   15    5   10    9    7
   17   17    4   12    8
   13   27    7   10    4
    4    4    9    5    8
   28    1    5    9    2
   13   14    6    3    2
   24   21    3    9    1
   20   14    9   12    3
   29   20   10    7    3
    3    2   12   11    1
   28   14    3    1    1
   24    3    9    3    1
   12    1   10    8    8
   25   26    8    7    7
   21    3    4   12    6
   12   23    9   12    6
    7   16    2    5    5
    1   20    9    5    6
    2   11   11    2    7
   19   15   10    4    4
   30   19   10    4    1
   27   12    9    1    1
   22    5    8    1    8
   21   18    8   12    2
    1   17    1    9    2
   11    3   10    9    6
   13   18   12    5    4
   14    7   10    2    1
   24   23   12    3    2
   24    4    4   11    2
   17    2    2    1    5
   27   28   12    6    2
   20   15    7   10    6
   26    7    4    5    6
   10   24    3    5    6
   19   26    8    8    4
    2    2    9    1    9
   10   27    9    5    1
   28   28   12   10    4
   23   19    2    9    2
    8    8    8    9    7
    7   19   12   10    7
   11   25    8    1    1
   20   16   10    7    2
    7   18    9    3    7
   14   21   10    7    8
   17   15   12    8    8
   28   15    8    5    7
   22    4    5    3    6
   23   29    1    3    4
   28    5    6   12    6
   12   13    3    1    7
   14   17    1    8    6
   25   24   10    3    4
   30    5    4    2    4
    2    1    4    3    7
   21   15   10    6    4
   21    1    2    9    4
   27   27    3    6    7
   28   22    4    4    7
   24    9    6    6    7
    7   11    3    4    7
   29    6    2    1    6
    3   28    4    6    4
    7   28    4    6    4
   10   17   12    6    4
   23   20    8   12    2
   11   30    2    1    8
    5    8    3   12    4
    9   15   11   11    4
   22   14    5   12    2
   21    5    8   11    1
   22   19   12    5    2
   27   15   11    1    6
   20   12    9    3    2
   12    3   10   12    1
   10    6    1   11    2
    1    1    4   12    4
   21   11    5    8    8
    8   14    6   11    6
   17   21    6    5    1
   18   30    2    8    8
   21   23    8    8    4
    7   27   12    7    5
   23   17    3   10    2
   24    8    3    8    3
    5    5    8    4    9
   27   17    4    9    6
   23    2    9   10    4
   11   26    9    4    6
   24   16   12    1    2
   11    5    1    1    8
    3   16    3    9    7
    4   16   11   10    4
   10   15   12   12    3
   21   12    8    3    6
   10    9   10    2    3
   26   27   12    9    2
   16   18    8    2    6
    3    1    7    3    7
   10   21    5    4    3
   22   16   11    5    2
   18    5    5    4    4
   26   29   11    3    3
   28    8    5    5    4
   20    8    2    8    2
    9    8    4    1    1
   30   10    1    5    2
   11   28   10    7    1
   18   25   11    9    1
   21   29   12   12    1
   22   27   10    8    1
   30    3    2    7    2
    2   16   10   11    2
   14   29    8   12    2
    4   25   10    3    3
   14   16    1    5    3
   15   23    6   10    2
    8    1    4   12    4
   11   22   10    3    3
   12   17    3    1    7
   23   18    3    2    4
    3   19   12   11    6
    7    1    3    1    6
   17    6   11    5    4
   29   24   12    3    1
   15   25    1    9    2
   29    2    1    2    3
   15    1    8    4    2
   21   28   10    5    2
   12    7    9    3    6
   28   18    4    3    7
    8   17    9    6    7
   30   15    4    5    4
   11   16    4   10    7
   16    5   12    1    6
   21    2    1   11    6
   24   26    8   12    6
   18    9    6    7    4
    5    7    6    6    2
   13    5    5   11    1
   14    1   12   12    1
   11    8    5    4    4
    6   22   11    9    9
   30   17   11    2    1
   28    9    7   11    6
    6    4   11    1    6
   26   22   10    1    1
   27   21    4    6    4
   29   13   11    7    3
    5   27   11    4    6
   22    1    8   10    3
   22   12    5   11    2
   27   25    5    9    7
   14    5    7    6    4
   30    2   10   11    6
   30    6    6   10    4
    4   26    4    9    2
   12    8    8    7    6
    4   19    6    8    5
   14   10    5   11    7
   26   13    7    7    7
   13   24    3    8    3
   20    7    6    3    1
   19    9    9   10    6
   24   11   12    6    2
   27   24   10    1    3
   29   10    4    4    8
   26   26    5    6    7
    9   17    8    5    7
   17   25    5   10    8
   13    3   12    2    6
   19   27    6    8    6
   24   12    7   11    4
   19   20    3   11    6
   21    4    1    6    8
   17   26    2    8    7
    8    7    9    1    7
    2    5    8   11    4
   13   25    8    4    6
   22   17    9    4    2
    2   10   10   12    3
   22   30    6    6    8
   12   18    8    9    6
   19   24    2   12    6
   18    8    3    9    9
   16   15    8    7    8
    9   25    1    5    3
   30   24    6    9    6
   13   23    4    9    2
    8    4    4    4    2
    6   12   11    3    7
   19   14    8    5    6
   28   26   10    1    2
    9   22   11    6    3
    2   22   10    9    6
   23    4    5    5    7
   23   25   12    1    6
    3    5    4    7    8
   27   14   12    8    6
    2   14    2    8    7
    1    5    9    3    7
   23   16    3    5    4
   11   11    9    3    7
   30   26    2   11    7
   30   23    8    2    4
   19   16   11   10    3
   15   29    2    3    6
    4   13    2    9    4
   20   30    2   10    6
   26   16    4   11    7
   22   10    6    9    7
   27    1    6    1    6
   19   11   10    5    8
   11   14    6    2    6
    2    7    7    9    3
    9    4   11    1    2
    9    2    3    3    1
    7   30   10   11    2
   13    1    5    3    3
    5   20    1    6    2
   14    9   11    5    4
   20   25    5    8    2
   20   27    5    9    1
   24   15    5    4    2
    2   25    7    8    4
   16   21   12    6    5
    5   26   11    5    4
    4   15   11    3    3
    6   16   12    1    2
    3    7    8    4    6
    6    9   12   12    1
   25   21   10    7    6
    3   26    3    2    4
   11   10    9   11    4
   18   18    7    6    7
   14    3    7    5    4
   25    6    2    9    1
    3    6   11    1    2
   25    1    2   10    6
   16   28   11    3    6
   10    4   10    2    4
   12   12    7    6    8
   14   14    6    7    7
   21   13    8   10    4
    3    8    1    2    6
   10   13    8    5    1
   12   30    3   12    2
    4   29    4    8    2
   12   29    8    5    1
    8   27    2    7    1
   10   26    5    7    6
   22   24    3   11    6
   24   17    5    6    4
   23    7    2    2    2
   25   25    4   10    1
   29   11    9   10    2
   18   15    2    1    1
   14   30    3    3    6
   15    6   11    9    7
   18    1    4   12    5
   13    7   12    9    4
    6    7    9   10    2
   20   21    7   11    8
    9   12    9    6    7
    7   17    5    5    6
   15   12    1   12    7
    2   27    8    1    2
   26   15    3    8    4
   23   10   10    7    4
   20   28    1    7    3
   12   10    4    4    2
    6   18    6    8    1
   14   25    5   10    2
   18   20   11    4    4
   28   17    4   10    2
   29   28    5    6    3
    2   12    6   11    7
   17    4   10    1    6
   30   27    3   11    4
    2   26   12    9    7
   23   28    9   11    4
   24    1    1    7    6
   21   26   11    6    7
   20   22    9    4    6
   18   24    9    6    3
   25    3    9    4    7
    5    4    2    4    7
    4    1    7   10    2
   23    5    7   12    1
   23   27    8    8    7
   28   12   10    6    7
   14    4   11   12    8
    8   25    1    1    4
    6   28    7    6    3
   29    7   10    4    2
    6    8   10    4    1
    9   21   12    6    5
   27    6    2   11    5
    3   23   10   11    1
   29    9   11    6    6
   27   18   12   11    3
   22   29    7    9    2
   20   20    6    9    1
   13    2    1    3    5
   19    2    7    3    6
   10   25    4    3    4
    8   21    9    8    6
   13   17    1    6    7
   19    6    1   12    6
    8   22    8    6    3
   23   23    2    8    6
   14   12    8   10    8
   30    8   10   10    5
   30   30   12    2    7
   30   25    3    1    7
   26    6   10    7    2
   13   19    3    4    6
   16    9    9   12    3
   17   11    4    7    6
    6   13    8    8    1
   11    1   10    7    7
   18    2    8    1    6
   18   29    8    3    6
   22   23    5    7    3
   28   19    3    1    6
   30    9   11    8    2
   22   22    8    4    2
    3   18   10    4    6
    4   27    4    8    2
