    9   14    9   11    2
   14   24    6    8    1
    3   19    6    9    4
   21   24    6    2    4
   27   11    9    9    3
   22    4   10   12    4
   18   25   12    5    1
   11    5   12    8    6
    2   24    3   10    5
   20   30    2    3    6
    4   27   12    2    2
    2    3    7   10    7
   26   21    8    5    4
   25   11    9    8    5
    9   13    9   11    3
   27    9    2    9    1
   23   29    5    3    6
   10   14   12    4    5
    5   20   10    6    1
   19    8    1    2    4
   20    1    6    8    7
   12   18    2   10    8
   22   12   11   11    9
   25   28    2    9    7
    1    6    7   10    4
   29    3    1    1    5
   18   18    6    8    9
    1   26    1    2    4
   21   22    6    7    3
   28   24    6    9    8
    4   13    1   11    4
    7    7    5    9    6
   30   14   12    8    7
    5    4   11    5    4
   11   14   10    1    4
   27   17   12    1    5
    5    5    1    6    9
   23    2    9    4    4
   21   27    6    7    6
   10   17   10    1    1
   24    3    7    1    8
    6    6   12    9    9
    5   29    6    5    4
    9   22   11   10    8
    6    8    8   10    4
   11   11    9    2    4
   23    5   12    6    5
   16   10    5   12    4
   20    4    8   11    4
    9   12    6    2    2
   13    8    1    1    3
   17    5    9   11    2
   16   26   10    8    6
    4   29    3    9    4
   21    6    1    5    5
   20   15    6    8    3
    6   10    4   10    1
   29   20    2    8    8
    3    3    6    4    9
    8   22    3   12    8
    4   26    8    4    4
   15   10    5    4    3
   12   28    3   10    2
   27   30    3    2    4
   19    7    4    4    5
    6   29    7    7    5
   24   25    3   12    1
    8   14   11   12    2
    7   24   12   12    4
   17   13   10    2    3
   23   15    8    1    3
   12   26    4    5    1
   14   14    4    9    8
   11    8    3    6    4
    9   26    2    2    7
   16   29    1    4    4
    6   11   11    9    3
   19   12   11    2    2
   25   23    6   11    2
   22   11    5    3    4
    2    4    7    2    4
   21   21    8   10    9
   13   21    1    2    1
    5   13    7   11    6
   24   19   11    3    7
   27   14    7    8    6
   26    3    7    7    3
   24   30   10   10    1
    3    1   12    4    1
   21   20    6    5    4
   13   22    3    7    3
   11    9    7    6    2
   16   13   10    3    6
   15    4    1    4    5
   15    6    4    9    1
   28   17    7   12    1
   28   19    1    8    2
   15    3   10    3    3
   15   11    2   10    1
    4   12   12    1    3
   15   21   11    2    6
   12   23   11    5    3
   19   27    2    4    3
   12   11    9    9    3
   17   11    1    5    1
   30   17    4    9    6
   23   22    8    3    1
   17   21    9    5    5
    2    6    5    8    1
   15   24    8    8    3
    1   29   11    6    4
   24    5    9    1    6
   22    5    4    5    2
    7   14    5    4    2
    5    9   10   12    3
   28    4    6    6    2
   12   12    9   11    8
   14   28    4    6    1
   27   28   11    8    8
    9   29    9    7    1
   24   23   12   12    4
    8    7    5    3    2
   10    8    8    2    1
    8   27   11    7    3
    7   17    9   11    6
   30   30    9    1    7
   26   13    4    1    4
   16   30   10    7    4
   23   20   12    9    5
   20    8    1    3    1
    6    9    1   11    2
    5   18   10    6    3
   12   16   10    8    2
    8   23    3   12    3
   11   19    7   10    6
   10   11    2    6    4
   25   22    8    4    1
    2   25    3    3    7
   19    5   10   11    2
   10   12    8    8    1
    4   21    5    7    2
   14    3    5   10    3
    4    4    4    5    4
    1   15    1    8    5
   17   22    5    4    4
    7   29   10    7    1
   18   20    2   11    6
    5    2    1    7    3
    7    4    3   12    3
    5    8    5    4    6
    9    2    6    1    3
    6   18    2    3    4
   15    5    5    8    5
   18   17    9    1    2
   28   10    1   11    1
   13   29    4    6    8
   16   16    9    2    6
   22    3    3   12    3
    7   18    4    4    2
    2    7   10   11    4
    3   21   12    1    3
    6    7    3    3    2
   17   16    8    8    1
   18   23    5    7    1
   29   24    6    9    1
   15   27    3    9    2
   17   19   11   11    1
   17   20    1    2    4
    3    6   10    4    1
   16    3    4   11    2
   17    1    4    6    2
   13   13    2    9    7
    1   24   11    9    4
   25   21    9    4    2
    9   15    4    6    4
   14   17   10    4    4
    5   12    6   11    5
   27    5    9    9    6
   25   17    1   11    1
   12    1    2    3    1
   25   12   12    7    1
   14   16    6    8    3
   19   21    2   11    4
   10    4    5   10    1
   22   29    3   10    3
   15    7    1    6    6
   23   28   10    1    6
   28   18    3    2    4
    4    9    2    6    3
   18   14    4   11    6
    5   21    8   12    5
   22    6    2    7    1
   22    2    1    6    1
   24    6    3    6    2
   24   24   11    4    8
   26   28   11    4    1
   15   29    9    3    2
   29   19    9    6    2
   10   30    2   12    6
   29   25    9    6    3
   22   18    7    6    4
   12    6    6   11    4
   18    4    9    6    6
   29   11    7    9    1
    5   14    5    8    2
    6   17   10   11    1
   30   15    5   11    1
    5    1    7   10    5
   16   25   10    1    2
   18    1    4    8    4
   15   14    6    1    6
    9   17   12    4    4
    3   20    4    1    1
   10    9    6    6    1
   24   27    9    5    3
    3   25    2    3    2
    2    8    8   10    1
   21    7    7    9    6
    1   23    3   10    2
    6   27    3    9    8
   28    1    1    8    1
   24   11    4    3    2
   16    5    4    3    2
   16   21    5    8    2
   24    8    8    7    6
   20   20    6    7    7
   12    2    7    9    2
    2   15   12   12    1
   20   11    6    9    2
   28   16    1    7    1
   25    9    3    6    2
   12   17    5    2    1
    9   24   10   11    3
   10   18    9    7    1
   19   14    9    5    5
   11   30    7   11    4
   13   28   10   11    6
    2   26   10    1    3
   29   29    9    1    8
   17   23    2    4    8
    7   12    4    5    6
    8   26    9    3    6
   12   15   10   12    2
   13   19   12   10    6
    2   16    1    4    3
    8   16   12   11    1
   29   28    4    1    1
    1   14    7    3    2
    3   11   11    1    7
    2    2    9    5    8
    9   30    1   11    4
   29    8    1   11    3
   23   19    7    1    4
   16   20    6    4    2
   11   26    3    3    1
   14   22    9   11    1
   27   18    1    5    2
   16    6    1    8    2
    6   14    9    6    2
    6   25    4   11    1
    9   21    2   11    2
    2   29    6    7    2
   19    1    4    1    5
   14   20    5    9    5
   29   12    8   11    1
    8    8    7    8    7
    6    4    3    4    4
   19    2   10   12    1
    9   16   11   12    3
   27   25    6    9    4
   22   22    8   10    8
   15   18   11   10    9
   18   29    1    6    6
   15   28   11   10    6
   26   19    9    9    5
   28    9   11   12    3
    1   13    2    2    2
    2   28   11    9    2
   15   19    9    7    3
    6   30   12   10    1
   19   30   11    4    2
   17   29    8    5    2
   13    7    2    4    4
   27    1    7    2    1
    9   18   12    1    6
   14   23    4    5    6
   23   16    4    5    4
    8   30    2   11    1
   25    5    1   12    1
   13    2    7    8    2
    3   30    9   11    1
    2   20    6    8    9
   23   13    7   12    5
   22   24    2    5    8
   18    3    9    2    2
   21   14    7    8    7
   25   20   11    1    4
   11   13    7    8    5
   24   13   11   11    4
    4   24    8    5    2
    2   27    3    9    1
    7   23   10    9    2
    2   21   12    1    4
   23   21    2   12    2
   26   15    2   12    2
   30   13    2   12    3
   15   22    4   11    3
   10   25   12    9    1
    3   17    2   12    2
    9    7    5   12    1
   22   26    3    2    2
    4    8   11   10    1
   16    4    7    3    1
    3   27    4    2    6
   13    3    5    3    8
   25   25    8    3    4
   17   24    1    7    1
   26    5    9    6    3
   16   19    8   10    4
    7    1    2   12    4
   10    7   11    3    1
   10   10    4    5    6
    8   15   11   12    4
   26   25   10    7    5
   10   26    4    7    4
   30   12    3    4    1
   22   10    9   11    1
    8    1   10    1    5
    2   11    6    3    2
   20   12    6    8    2
   22   28    3   12    1
   19   25    6    3    2
   11   23    5    6    1
   20   13   10   11    4
    1   30    2    6    1
   28    6   10    3    7
   23   23    6    9    4
   29   14   10    6    4
   22   19    8    6    6
   25    8   12    7    4
    3   10    5    7    4
    1   22    4   12    4
    3    5    3    8    4
   13   15    8    7    3
    1    1    5    6    6
   10   21    5    7    4
   24   26   11    6    1
   26   27    6    1    4
    8    9   12    3    1
    9   19   12    4    1
   18   13    7   12    1
   17   26    8   12    2
   28   30    7    9    1
   20    6    5    2    1
   26   26    1    5    3
   30   25   10    9    6
   19   10    6   12    6
    4   30    4    1    2
   27   20    6   11    8
   18   30    1    8    7
   20   28    7    3    1
   23    9    1    6    1
   26   29    7    5    2
   24   12   11    5    1
   16    1    7    1    1
   12   13    1   11    1
   30   29   10    1    1
    3   12    2    7    2
   29   10    4    7    2
    7    3    9    2    3
    9    9    5   12    4
    2   18    1    3    4
   22   30    3    1    1
    5    7    9    8    6
   28    5    5    2    3
    3   23    7   12    1
    4   25    2    5    3
   21   11    9   12    2
   20    9    8    6    1
   21   28    1    9    1
   10   20   11    7    7
    6   23    4   11    8
    4   23    3    4    4
   12   27   10   10    9
   10   24    2    8    3
    7   11    6    8    1
   30   26    8    3    1
   29   27   10    7    2
   13   27   12   10    3
   18   19    2    9    1
   20    7    3   11    3
    1   25    3    9    4
   24   16   10    3    6
   10   27   10    6    3
   19    4    5    4    6
    9    3    2    6    3
    8   28   11    8    1
   30    5    9    6    2
    1   21   10    8    4
    4   11    9    8    5
   24   20   10    5    2
   23   26    6    3    1
   26   20   12    4    7
   25   14    1    4    4
    1   10    4   11    2
   19    6    6    9    1
   21   30    9   10    2
   17   17    3    8    4
   22   27   12    9    1
   16   18    4   12    6
    7   25    1   10    1
   19   19   12   10    2
   17   15   10    7    3
   15   15   12    5    6
   30    7    8    1    1
   26    6   10    3    2
    8   18    9   12    2
   10   23    9    1    1
   16   27    3    4    1
   11   18    8    5    2
   14   13    4    3    3
    2    1   10    3    3
   11   28    2    6    1
    8   21   10    3    1
   22   20   12   11    1
   16   15    6    9    2
   17    4    4   10    1
    1   11    5    6    2
   13    6    6   12    1
   25   13    8   12    1
   18   21    9    7    2
    7   27    1    8    1
   12   21    6    9    2
    2   10   12    5    3
   17    8   10    9    2
   27   23    3    1    3
   22   16    8   11    2
    6    5    6    5    1
    5   10   12    5    1
   20   19    1    2    1
   14    4    7   12    4
   27   27    3    4    2
   28   28   11    5    7
   29   21   11    5    6
    2   17   11   12    1
    8    3    1    9    1
    7   16    1   10    1
   12    8    6    9    2
   13   10    2   11    2
    7   28    8   11    7
    9    1    2   11    1
   15   25    4   12    5
    4    1    7    1    1
    3   28    6   12    2
    2   14    4    2    7
   26   18    9   12    4
   16   11    9    7    6
    4    3   11    1    5
   30    2    6    4    3
   24   18   10    9    5
   12   14    6    6    2
   23   30    2    7    2
   14   26    4   11    4
    7   22    2    1    1
   26    7    5   10    1
