    7   23    5    1    4
   29    7    4    4    2
   26   28    7   12    7
   23    8    1   10    4
    5   12    9    4    6
   30   12    1    3    3
    9    5    5    4    3
   16   23    2    3    1
   20    1    7    3    3
   22   19    4   12    6
   18    5    4    1    3
    7   19   12    9    7
   27   29    6    3    5
   12   21    1    2    8
   27    9    4    3    4
   25   26   10    6    6
   23   15    6    5    4
    1   13    1    5    2
   28   28   12    5    3
    7   27    6   12    6
    6   28   12   12    2
   12   12   12    3    8
   28   20    7    5    1
   11   15   12    9    5
   12    3   12    7    6
    2    4    9    3    8
   21    7    7   12    6
   12   28    8    1    9
   12   23    7    8    5
    2    2    7    3    4
   28   10    4    1    3
   27   25   11   11    7
   22   29   12    9    2
   21   19    7    3    8
   18   10    4    5    5
    1   24    9    9    3
    5    3    5    7    2
   27   27    7    4    7
    5   28   11    7    6
   21   29    7    2    3
    5    6   10   11    1
   25   12    6    1    1
   10    3    4    4    1
   19    5    9   11    5
   18    2   12   10    4
   12   20    3    4    5
   29    8    6    5    3
   20    6    4    4    4
   13    3    2    9    7
   20   24    2    5    2
    9    4   11    9    1
   24   17   11    6    4
   21   18    4   11    2
    9    9   11   12    3
   19   26    8    9    4
    3   15    4   12    5
    2   14   12   11    6
   30   17    1    4    4
    9   25   10    9    4
    5   29    5    9    6
   15    6    2    5    5
   20   11    5    5    3
   26    3   12    8    3
   17   23    4    1    4
   24   23    3   11    2
   19    1    4    8    2
   20   29    7    2    2
    7    2    9    8    2
   21   16    1    3    5
   14    3    5    7    6
    3   16    3    3    6
    9   30   12    9    4
   12   27   11    9    6
   20   15    8    5    5
   15    8    8    2    2
   24   13    3    9    5
    7   22   11    8    7
    4   28   12    1    8
    8   28    6    6    6
   22   16   12    6    4
   13    9    5    8    5
   26   13    9    7    7
   15   10    1    9    4
    7    5    4    4    8
    6    9    5    9    5
   20   30    9   12    3
   18   24    5    9    3
    1   17   10   12    5
    4   16    4   10    6
   20   20    5    6    3
   19    8   12    4    6
   26   15    4   12    4
   25   29    2    1    4
   23    5    2    7    4
   22    3    8    8    3
    8   18    1   10    4
    4    5    3   12    6
   11   25    1    2    3
    5   25    8    4    6
   23    1   11    7    2
    7   30    4    1    5
   28   11   11    8    2
    6    7   10   12    7
    3   23    8    1    3
   29   17    8    2    2
    7    7    9    6    7
   24   26    5    1    7
    7   14   10    9    4
   21   28    6   10    3
   28   13    3    5    6
   14   10    9    6    3
   10   10    1    6    3
   20   25    1    6    2
   21   22    5   12    3
   10   22    1   10    5
   29   12    3    5    1
   16   19    1   11    3
   21   10    4    2    5
    3    3    3    4    8
    5   17    4    5    6
   24   15   12   10    3
   12   16    7   11    7
   13    7    3    8    6
   27   18    2   11    3
    4   10    5   10    8
    6    2    7    8    7
   12   24    2    4    8
   24    2    5    9    3
    6   12   11    2    9
    5   20    1   12    1
    2   27   10    7    6
   27   13    2   10    3
   13    4    3    7    5
   26   26   11    8    8
    5   14    1    3    3
   20   19   11   10    6
    7   25   11    7    2
   14    1    2   12    1
   17    2   11    7    6
   13   21    2    9    5
   18   11    1   10    6
   13   29    6    4    3
    8   11   11   12    4
   22   11    3    6    3
   30   11   11    7    2
    2   26    2    6    3
   15    2    6   12    5
   24   30    9    6    6
    7    3    2   11    4
    7   12    4   10    4
    1    3    6   10    4
   17   13   12   10    4
   13   25    9    5    3
   25   15    9    4    3
    1   18    1    3    3
   30   13    2   11    6
   23    2    6    4    3
   29   16    8    2    3
   12   11    9    1    7
   12   13   11   10    4
   17   19   12    1    6
    1    9    1    7    4
   11   24    7   11    6
   14   29    5    3    4
   26    8    8   10    4
   26   12    2    1    3
   22   13    3   10    4
   22   20    3   12    4
    9   26    2   10    3
    7   17    2    1    3
   15   14    2    3    3
   19    2   11   10    6
   11   29   10    8    2
   26   22   12    2    5
   23    4   12    3    6
   11    9    7    8    6
    8    6    6    3    4
    7    1    2   12    3
    6    3    9    3    6
   10   16    4    3    2
   27    5    3    7    4
   22   27   12   11    1
   20    4    4    2    4
    4   21    6    4    6
   20   21    7   11    5
   16   15    3   11    4
    8    8    8    7    9
    2   13    6    3    4
   21    2    2    5    6
   15   19    9   11    4
   23   21    7    4    3
   10   29    9   12    8
   18   22   10    2    7
   24   24   12    1    3
   20    9    3   11    4
   15   22   11   11    1
   21   25   10    3    3
   27   28   11    3    6
   28   16    3    2    4
   11   11   12    1    8
   14   23    3   11    7
    3   30    8    7    3
   11    1    8   12    5
    6   21   11    4    8
   29   24   12    2    2
    7   18    1    9    3
   24    8    7   11    8
    1   10    6    4    3
   17   14    3    5    3
    9    8    4    6    4
   29   29    7    4    3
   26   18    8    1    6
   25   16   12    4    5
   21   27   12    9    6
   22    1    8    1    2
    2   28    8   11    1
   15   30    8    6    2
   12   19    1    2    2
   15   15    4   11    6
    3   29    9    5    2
   25   25    4    2    1
   17   15    1    4    2
   14   26    5    9    3
   27   15    6    6    7
    1    4    1    4    6
    9   24    1   11    3
   11   21    2   10    9
   22   23    5    1    6
   30    8    1    7    3
   15    9    7    7    8
   20    2    1    3    5
    8    2    8    3    6
   11   17    8    9    4
   15   21    8    3    1
    8    1    9    1    8
   25    4   11    3    6
    7   10   10   10    6
   26   17   12   12    5
   21   30    6    9    6
   26   23    5    7    4
    5   16   11    7    4
    2   22    7    4    6
   18   18    9    2    5
   26    4   12    2    3
    4   11   10    2    8
   13   14   10    7    8
   20    7    7    4    2
   30    6    9    7    4
   23    6    2   10    2
   23   20    3    2    3
    2   16    6    6    4
   30   29    6    9    6
   11   23    6    9    4
   13   18    7   10    3
    3   11    8   11    2
   28   18    8    9    6
   30   27    3    3    2
    1   16    1    6    4
   25   10    6    3    4
   29   28    5    6    1
   25   19    6   10    4
   11   26    9    7    6
   28   24   10    9    3
   23    9   10   12    2
   20   13    9    8    2
    6    6    9    1    8
   19   14    5   10    8
    6   14    3    2    8
    5   22    5    9    3
   13    5    7    1    2
   25   30    4    4    1
   24   27    4   11    1
    6   27    8    5    3
   16    9   12   10    6
    3   20    9    3    4
    1   25    5    7    6
   10   24    5   10    6
   30   30    4    2    7
    5   24    4    9    6
   21   14    6    1    8
   14   11   11   12    6
   26   10    8   12    3
   19   27    2    7    6
   29   18   10    2    6
   29    6    6   10    3
   26   27    9    9    3
    8    4    6    4    2
   24    4   10   12    6
   19   19    5    2    6
    7    8   10    9    3
   30    1    8    7    2
   16   14    4    4    2
   30    5    7    9    3
   26   29   10    3    2
   23   29    5   12    4
   11    7    8   12    5
    1   26   12    9    4
    3    4    1    9    6
   18   30    4    7    7
   25   14    6    3    3
   13   11    1   10    4
   27   20   10    8    2
   28   30    6    4    5
   23   23   12    2    3
    7    9    6    5    4
    2    9   12    9    3
   17    9    8    2    2
    3   28    9    8    4
   30   10    8    3    3
   14   27    4    9    6
   11    6   12    3    7
   15   18    8    7    3
    4   22   12    9    7
    1   27    6    4    7
    9   10    7    3    4
   28    1    9    7    4
   25   18    1   12    3
    3   21    7    5    5
   14   12   12   10    6
   14   18    8    5    6
   18   12    1    5    4
    9   28   11    9    6
   29    4    9    2    2
   19    9    7   12    5
   15   13   11    5    3
   30   16   11    6    2
    1    2   11    7    3
   27    3    7    8    2
    3    2    8    6    1
   11   27   11    4    1
   14   24   10    9    3
   26    7    8    8    6
   13   19    6    2    7
   14    9    2    6    4
    2   12    2   12    5
    2    5    5    8    4
   19   30    4    1    3
   27    4    4    6    3
   24    6   12    7    4
    7   15    2    8    5
    8    5   12    2    6
    3   17   12   11    3
   21   21    4   10    4
    9   29    6   10    5
   17   17    5    1    4
   17    4    1   11    4
   26   21    8   12    4
   14    8    3    9    5
    5   15    1    1    2
   25   22    4    3    6
    2   10    7    1    4
   22    6    3    7    1
   14    4   10    9    4
   27   16   10    5    6
   19   11    7    5    5
   14   20    3    4    6
   11    5    5   10    4
   16   13   11    4    5
   22   12   12   12    2
    5   21    9    9    3
   13   10    5   11    2
   27   23    6    3    1
   16    7    1    6    3
    1   15    2    9    2
   20   10    8    4    3
    1    1    6   10    5
   21    9    2    5    1
   23   18    7    6    6
   30   26   11    1    5
    6   25   10    4    3
   12   10    2    4    2
   20    8   11   10    6
   17    8    5    2    3
   23   10    2    6    2
   21   24   12    7    2
    2   11    9   11    6
   16   18   12    1    6
   28   17    6    7    4
    1   12    5   12    3
   24   22    1    4    2
   17   25    5    4    6
    8   12    1    1    8
   12   17    9    7    5
    4    4    4    5    6
    6   19   10    1    3
   16   26   12   11    6
   24    3    3    5    6
   18   20   12    4    3
   10   11    4    5    2
    8    3    1    1    7
   14   22    3    1    4
    1   21    6    1    6
   29    1    1    5    4
   21   17    1    8    5
   29   15    6   12    2
    3   19   11    7    7
    8   10    4    8    4
   28   15   12    4    7
   16    8    3    1    3
   24   16    5   12    3
    1    5   11    6    6
    8   27    6    9    3
    8   13   12    4    2
   25   23    5    2    7
   23   19   12    7    3
   16   20   11    7    2
   17   27    1    8    3
    6   26    4    1    4
    9    3    6    5    2
   19   29    3    5    1
    4    6    2    1    7
   16   16    6    4    7
   30   14   12    3    4
    6   17   11    4    2
    4   30    7   11    7
   24   19   10   12    7
    6   16    8    9    2
   25   24    8    8    7
   10   19    7    2    4
   26    5   12    7    6
   22   22    4    3    6
   28   14    5    6    4
   19   28    8    3    7
   10    5    5    8    2
    3   25   10    4    5
    4   18    5    1    5
   13   23    9    4    6
   14   14   10    2    8
   19   18   11    7    4
    4   12    4    8    4
   25    8    4    5    4
   15   12    8   12    2
   13    6    9    7    3
   10   27    3    6    2
   15    4    4    8    2
    9   18    1    2    4
   20   26    9   11    3
   16   11    6    3    2
   22   17    2   12    3
    1    6    8    1    2
   13   13    5    8    6
    5    5   11    2    9
   29    2   11    4    5
   21    8    2    6    4
   19    4    6    5    4
    3   18    4    6    6
   30    2    3    1    3
    9   12    9    3    3
   28   25    2    8    2
   28   23    9    9    8
   28   22    7    9    2
   25    2    6    9    4
   18    6    9    4    4
   10    6    9    2    1
   16   17    9    5    2
    7   24    1    8    7
   10   17    9    3    2
   23   30   11   11    1
    7   28    5   12    6
   22    8    6    2    4
   22   30    4   10    6
   18   17    2    5    5
    4    7    7   11    7
   17   20    8    6    7
    9   22    3    8    3
