    3   19    8   11    2
    1   20   10    9    5
   26   19    9    9    5
   16    8   12    8    3
   16   23    4    2    1
    5    3   11    9    7
   29    8    8    8    2
    7   11    5   11    3
   14   17    3    3    4
   15   13    5    3    4
    2   20    3    9    3
    8   14    3    6    5
   24   15    6    6    3
    1    9   10    3    2
   21   21    3    1    8
   16    6   10   11    3
   16   14    5    8    4
    2   30   12    7    3
   16   21    7   11    4
   29   30    1    5    5
   29   15    7    7    2
    5   16    7    1    5
   20   20    3    2    7
   28    1   10    7    2
   24   27    6    2    2
    6    7   10   11    2
    7    9    1    5    4
   30    6    3   11    3
    4   23   11    2    3
   19   28   12    5    3
   22   13    2   12    3
   23   17    6    9    4
    8   21    1    4    5
   19   20    6    3    4
   20   17    2   12    4
   30    1    7    7    3
   15    4    8    9    3
   10   20   11    1    4
    6   19    1    1    2
   17   12    3    7    4
    3   23   12   12    3
    2   10    1   12    3
   15    8    1    8    3
   14   30    2    8    4
   23    5    7    1    3
   19   30    3    1    4
   13   27    9    8    4
   29   13    9    1    4
   27    3   10    4    6
   11    3    1   12    3
   15   26   10    7    3
   30   11    4   11    3
    9   12    7    4    3
    7   27   10    7    4
   18    6    2   12    4
   28   28    3    1    5
   30    9    8   11    3
   28   14    5    6    5
    2   27    4   10    3
    9   28   10    5    4
   25    6    7    4    4
    5   30    2    2    4
   24   21   10    9    4
   25   26   11   10    5
    5   18    4    9    4
   16   10    8    7    3
   10   14    4   12    5
   13    5    1   11    4
   21    7    4    5    4
   19   14   12    5    4
   28   20    2    6    5
    7   24    6    9    3
   27   17    1    1    4
    9    6   12   12    3
   21   28    4    2    4
   12    7   10   11    3
   29   14    9    8    4
   18    7   10    2    4
   22   23    1   11    3
    6   14    3   12    7
    8   23    3    7    3
    1   25   11    1    4
   20   13    2    5    4
    9   22    1    7    5
   11    5    8    4    3
   27   14    8    8    4
    2    2    5    8    5
   16   28   12    4    3
   28    7    3    3    3
   12   10    1   12    3
   27   19    7    2    4
   11   11    5    8    4
   14   14    8    5    4
   17    2    6    9    4
   27   15    8    2    4
   28   13    3    2    3
   21   14   10    8    6
   12   12    3   11    9
    9    2    9    8    2
   16   15    9    5    3
   22   12    6    4    4
   28   10    2   11    5
   29   20    5    4    3
   17    6    8    9    6
   21    1    3    6    3
    3    6    4    7    4
   27   20    3    2    5
    3    4    9    3    4
    8   22    9    7    3
    9   24    1    6    3
   18   24    6   10    5
   19   10    2   12    3
   18    1    9    7    5
   21    3   10    6    1
   22   17    7   12    5
    3   22   10    7    4
   27   25    1    7    5
    7    2   11    4    5
   16   18    9    5    3
    4   12    5    3    5
    4   28    2    1    4
    4   14    6   10    5
   25   10    1    3    4
   12    8    4    7    2
   12   20    1    5    2
   19    9   12    4    2
    4    1    8    5    3
   29   10   10    8    7
    6   24    1    4    7
   18   25    7   11    5
    7   16   12    9    2
   27   10   12   10    2
   28   11    3   11    4
   24   13   10    5    4
    3    7    9    2    3
    5    6    2    5    3
    3   30   12    1    3
   15    5    9    5    3
    1   12    8    2    4
   18    2    9   12    7
   19   19   10   11    5
   25   24    6    5    3
   27    8    7    6    4
   14    2   11    1    6
   18   13    4    3    4
    1   11    3    8    4
   30   16   11   12    5
   17   21    3    5    4
   17   17    2   10    4
   29   16    9    6    3
   18   19   12    9    3
   24   26    8    8    4
   27   28    9   10    5
    9   26    2   10    4
    6    2    3    7    5
    6   21    5    4    3
   26   28    7    9    4
   14    7    8    6    3
   10   23    3   12    3
   21    4    5    8    7
   28   24    1    7    4
   20    7    9   11    4
    8    9   10    1    4
   22   20    8    9    3
   21   15   12    9    4
    5    4   12    8    4
   25   25    5    7    4
   17    8    5    8    3
   21   18   10    2    5
    4    6   10   11    5
   17   24    8    3    4
    7    4    1    2    3
    3   20    9    3    4
   25    7    9    1    4
   26   12   11    5    4
   17   11    5    1    4
   12    2    6    1    6
   18   27    9   11    6
   13   17    2    9    4
   10   18   10    7    7
   11   22    3   12    3
   10    3   10    9    6
   27    4   12    5    4
   23   24    9   10    5
   18   11    6    9    3
   14   22    6    2    3
   10    4    2   10    5
   20   11   12    3    3
   18   28    2    9    3
   28    8    5    3    4
    1   15    8    1    4
   25   23    1    5    5
    1   26    6    1    3
   24   22    9    2    7
   27   21    6   12    7
   15    7    3    4    4
   24   11    3    9    6
   11    9   10    3    5
   17    3    9   11    5
   19    2    7   12    5
   21   12    4    8    7
   28    2    2    7    4
   17   18    1   10    4
   29   18   12    8    4
   13    9   10    9    3
   29    3    3    6    4
   29   24    2    5    5
   26    8    7    5    4
    4   29    7    9    5
   26   27    7    5    3
    4   24    9    9    4
    2   24   12    3    4
   30   30    4    9    4
    4    2    4    5    4
    8   20    2   11    2
   19   13    8    4    3
    9    9    1    2    8
   19   12    1    4    4
   21   22   11    4    2
   23   29    9   11    6
   15   17    4    7    3
    4   30    5    7    4
    3   24    9   12    4
   13   13   10    5    5
   15   22    8    1    2
   23   12   11    2    7
   25    8    3   11    7
   17   19    5   12    6
   21   23   10    6    2
    5   20    6    1    2
   24    8   11    1    2
   21    2    4    9    4
   25   17    6    4    2
    6   28    9    2    6
    3   28    2   12    3
   14   18    1   12    4
   20   30    4    6    1
   21   13    6    4    1
   12   16    3    1    4
   18   22   10    8    5
   19   24    3   11    5
   13    3    9    1    5
   13   25    5    9    7
    8    4   12    2    5
   10   22    9   11    6
   13   26    5   11    5
   20   26   11   11    6
   11   13    7    7    4
   10    1    9   12    7
   23   27    8    5    4
   10   11    3    9    4
   26   18    1    3    5
   10    7    8    9    3
    8    8    4   11    8
   19    7    2   10    5
   10   13    6    6    2
   10   17   12    1    4
   26    5    2    7    7
    2   22    1   10    3
   25    4    4    7    4
   25   15    7    2    6
    1   16    6   10    6
   11    4   11    6    7
   19   11    3   11    7
    8   18    2    9    3
    3    1    9    9    4
   22   22    4   11    3
    5   17    4    8    4
   29    5    1    4    2
   11   14   12    8    4
   26   23    3    9    5
   27   22   10    3    4
   10   24    2    4    2
   23    1    4    5    4
    5   10    3    6    1
   23   30    4    2    7
    3   12    9    2    5
   21    9   11    3    4
   11   23    2    4    4
   21   19    1    6    3
    5   14   11    7    3
   26   14    5    3    3
    5   22   12    2    4
   15   18    2    3    5
    4   17    2    4    4
   15   23    6    1    3
   29    7    8    7    2
   12    5   11   10    2
    9   20    6    7    5
   15   30    5    9    3
   20    6   12    7    4
   11   15   11   10    4
   11   21    8    9    5
   21   26    2    5    4
   18   18    2    6    8
   13    4   11    2    4
   15    2    8    4    4
    8   13    5    8    5
    9   15    5    7    4
   25    5   12    3    4
   28   17    1    3    4
    6    8    8   10    3
   10    9    3    4    2
   29   17    8    1    2
   20   25   11    6    4
   29   22    3    2    3
    3   18    4   10    3
   23    9    6    7    2
   29   19   10   10    2
    7   13   12    1    4
    4    4    5    7    4
   15    6    4    6    3
   11   25    8   12    4
   25   21    9   10    4
   15   28    5   10    6
   26    7    1    8    3
   23   23   11    6    1
    3    3    5    7    6
    9   14    9   10    3
   27   30    5    3    1
   25   19   12   11    4
   16   24   10    8    4
   26    4    8    3    5
   26   16    2   12    5
    7   22    8    5    7
   21   10    5    7    7
    6   26    2   12    6
    5   21    1    3    3
   29   29    7    6    8
    2   13    6    3    4
   25   22    4    6    4
   11    6    5    8    4
   20    4    6    7    4
   13   12    3    2    4
   16   16    3    1    8
   13    6    2    1    6
   24   30    4   10    5
   11   12    8    6    8
   18   12   12    3    4
   28   30   12   10    4
   24    5    6   10    6
    8   30   11    7    4
    2    1    4    7    3
   14   12    1    6    5
   28   12    5    4    5
    6    1    6    6    2
   18   30    7    1    6
   30   13   12   11    3
   11    8   10    8    4
    8    2    3   10    5
   18   23    5   12    4
    6   27   11    9    4
    1   13    7    8    6
    6   29    8    8    1
    2   16   11    2    4
   14   23    4    3    6
   20   24    3    6    3
   16   17   10   11    6
   16   25    7    4    2
   24   24    5   10    3
   29    1   11    8    5
   25   14    1   11    5
    5    5    9    6    5
   14   20    7   10    4
    9   29    1    1    4
   26    2    4   11    4
   16   19    7    5    5
   25    2    8    9    4
    9   17    2    4    3
    8    1    2    5    4
   30    7    6    1    3
   13   23    7    7    3
    3   16    8    6    5
   25   28    6    6    4
   10   26   12    3    4
    2    3    5    2    3
    2   29    4    7    2
   29   12    9   10    4
    5    2    8   11    5
   15   10    1    9    3
   27    9    8   12    4
   17   26    4    4    6
    9   16    8    5    4
    3    9    9    8    4
   15   15    4    6    6
   26   29    3    9    2
   20   15    7    3    7
   15   19    8    8    3
    6   22    8   11    3
   15   12    1    6    4
   22    4   12   12    4
   29   25    3   12    7
   16   13   10    7    7
   19    4   10   12    6
   27    5    8    1    3
    1   22    3    1    3
   22   16    2    7    3
   27   27   10    7    7
   14   15    2    9    4
   19    1    6    8    5
   25   30   10    9    4
   20   23   12    1    3
    8    7    1    8    3
   20   16   12    3    3
   15    3    4    2    4
   25    3    4    3    5
    6   12    6    7    4
    6   10    6    1    3
   18    4   11   10    3
   18    9    6    8    5
   27   29    2    9    3
   26   26    3    4    3
    5    1    1    5    5
   29   28    8    7    3
   16   11   11   10    6
    1   24    3    6    3
   21   20    7    5    8
    3   14    3    3    3
   26   22    3    5    4
    4    9    4    6    3
   24   14    2    1    3
    6   23    1    2    3
   16   27    5    1    4
   22   30    9    1    4
    7   23    1    7    3
   29   11    8    5    4
   23   28    1   10    5
   30   12    4    3    6
   24   12    6    8    5
   27    1    3    7    3
   27   11    5    8    5
   28   22   11   10    5
   23    2    4   12    6
   11   26    9    7    5
    2   11    6    9    4
   28    5   10   10    6
   17    1    1    2    4
   17   30    6    9    7
   30   26    6    3    5
   19    5    2    5    4
   26    3    2    6    4
   21   29   11    7    2
    7    1    8    1    3
    9   25    3   12    4
   17    7    3   10    4
    6    6   10   11    8
   20   18    6   12    5
    7    7   11    5    5
   19    8    2    5    7
    1    1    6   10    7
   30   21    3    3    5
   22   19    9    8    4
   12   25   12   12    4
    8   10    6    7    3
   23   19    3    6    2
   13   14    9   11    7
   27   12    4    9    2
    5    8   10   12    5
    8    3    4    3    5
    5    7    6    3    3
   10   30    7    3    3
   14    1    3    1    6
   10   10    9    7    3
    9    5   12   12    3
   16    4    7    3    6
