   13   27    2    5    6
    2    3    7   10    5
    9   14    5    6    5
   24   17    5    8    3
   20   28    9    8    6
    7   19    6   12    7
   14    6    9   10    5
   13   13    2    5    8
   19   28    7    7    4
   17   15    8   12    5
    2    7    1    7    8
   19    9    6    1    7
   16   14   10   11    7
   11   18   10    2    4
   14   14    9   11    9
   21   21    7    6    9
   26   27    6    1    6
   16   15    8    3    7
   30    8    5   10    4
   19   25    9   10    6
   23   23    6   12    7
    1   16    1   12    4
   20   22    5    7    6
   15    2    5    8    4
   30    3    4    4    5
    2   14    8    5    8
   21   30   12   10    8
   11   24   10    4    6
    6   10   12    1    4
   25   10    8   12    8
   27   16    6   12    7
   20   20    2    9    7
   10   16    2   12    6
   17    9   12    2    6
   17   14    9    2    8
    2   17   11    9    7
   26   26    5    4    8
    1    7    9    9    5
    6   18    9    8    5
   25   11    2    6    7
   26   15    4   11    5
    6   23    5   12    7
   27   12    7    5    6
   20   29    1    9    6
   23    2    6   12    3
   28   23    2    1    7
   15   14    4   12    4
   13   16    4   12    9
   20   26   12    6    8
   27   28    6   12    5
   20   30    6    6    7
    2   27    7    1    3
   10   28   10   11    5
   24   24    2   12    7
   22   17    3    8    5
    4   30    9   12    7
   15    5   12    1    6
   14   26    1    2    6
    5   12    3   12    4
   18    7    4    9    5
    4   23    8    2    4
   29   12    6    8    3
   19   26    7    4    7
    7   14    8    8    6
   14    4    4    8    7
   22   13    6    2    4
   15   30   11   12    3
   11   22    6    8    6
    7   28    2    4    7
   16    6    4    4    4
   18   20    1   11    6
    9   24    1    3    5
    1    3    3    6    4
   19    4    6    7    4
   26   13    2    7    6
   27   24    9   10    5
    4    2   12   12    5
   13   28    3    5    6
    9   26    2    6    3
    4   17    9    8    7
    9   20   11    3    6
   17    1    1    7    2
    1   25    3    7    6
   13   14   12    4    5
   15   13    6    8    4
    1   12   11    6    5
    9   25    6    5    3
   13   11   12   12    7
    4   18    3   11    6
   30   30    1    3    8
   10    5    5   11    7
   26   22    4    9    9
   26   16    4    9    6
   18   21    9    4    4
   10   24    7    7    4
   10   22    9    6    5
   25   27   12    5    6
    3    7    5    6    6
   30    7    2    7    7
   11   23    1    2    5
   23   13    9   11    3
   11   12    7    5    6
   23   18    2    8    5
   29   26    3    3    7
    7    7   11    1    4
    6   25   11    8    4
   10   19    6    9    6
   27    1    5    3    6
   25    5    4    3    5
   27   18    7    7    7
   26    1   12    2    6
   16   16    3    4    9
   15    8    9    4    8
   29    7    4   10    6
    2   21    2    5    8
   11   15    5   12    7
    8   27    7    5    7
   29   15    1    5    3
   23   20    9   10    6
   29    4    1    1    4
   27    6    7    8    5
    1    2   12   11    8
   27   14    5    2    7
   20   19    1    6    5
   24   15    9    8    5
   11    3    3    2    6
    9    8   11    9    5
   19    5   12    1    8
    5   18   12    1    8
   21   25   11    6    5
    3    5   11    6    9
   16   22   11   11    6
    1   19    4    9    4
   16   19    3    4    9
    4    5    3    8    9
   26    2    8    1    7
   19   13   11   10    6
   21   17   10    9    7
   29   18    1    3    4
   30    1   11    8    5
   11   28    7   12    8
    9   22    6    1    5
    9   18    6    9    5
   22   28    4    5    7
   12    2    5    5    5
   18   14    6   10    8
    9   27    5    5    4
   15    4   10    8    5
   28    5    7    2    4
   13   29    3    6    6
   22    8   12   12    7
   10   10    2   12    8
    7    9   11    2    6
   14   23    4    1    4
   30   18    9    7    6
    5   23   12   11    3
   28   21    3    5    4
   26   17   11    8    5
    7   15    4   11    8
   27   17    5    6    7
    3   21    3    1    4
   22   22    7   10    8
   30   23    3    8    5
   11   17    6    1    5
   27    5    7   11    6
    9   13    5    6    5
    9    9    3   11    9
   21   23   11    9    4
   29   22    5    5    2
   26   21    6    2    4
   18   18   11    7    6
   16   12   12    3    5
    1   20    4    3    5
    1   14    2   11    5
   12   15   10    7    4
    8   12   10   11    4
    4   10    7    5    5
   12   12    1    9    8
   14   12   12    7    8
   26   25    5    9    7
   10    2    4    2    7
    8    3    7    5    4
    5   14    5   11    5
   13    8   11   12    6
    9   12    2    3    3
   25   15    8    9    5
    6    5    6    7    5
   24    6   11    4    4
   30   10    6   12    4
   17   18   11    6    5
   12   10    2    1    4
   10   29    7    8    6
    2   29   12    7    3
    9   16    2    1    4
    5    5    4    8    9
    5   13    7    8    8
   24   12   12    5    5
    3   27    6    4    5
   27   23    4    4    4
   19   18    7    7    6
    3    3    8    6    8
   29    3    9    9    2
    6   26   11   10    4
   14   11    4   10    4
    7   25   11    8    4
   20   15    4    3    4
   11   27    1   12    3
    9   11    3    2    4
   16   30    6   12    5
   28    2    7    7    2
   23   17   11    1    5
   29   14    2    1    6
    4   11    3   11    7
    4   26    5    7    6
    8   10    5    5    8
   11   26    3   10    5
    1   22    4    4    6
   24    8    9    3    9
    8   21    3    2    6
    1    9    1    4    5
   17   17   10    6    7
    8   18    2   11    4
   28   29    7   11    5
   27   19   11    4    3
    1   23    4    8    5
   26   23    2    3    7
    1    5   12    5    8
   14   21    2    3    7
    8    8   10    6    8
   23    9    5    3    5
   23    3    3    8    4
    8   29   12    3    3
    5   17    8    3    3
    3    4    3   11    5
   11   21   11    7    3
   26   24    7   11    4
    6   19   12    3    5
   20    4    9    4    3
   11   19    3    6    3
   12   22    1   10    5
   23   25   11    1    1
   15   22    2    3    4
    3    9    1    6    5
   18    2   12    1    7
   13    3    7    4    4
    2   24    1   10    4
    5   24    9    2    6
   15    6    6    9    5
    7    5    4    1    5
    8   23    9    2    4
    7   12    4    9    4
    6   17    5   12    3
   25    8    1    3    4
   22   25    8    7    3
   10   21   12   12    5
   19    3   10    7    6
   18   26   10    2    5
    5   11    4   10    7
    2    6    7    8    5
   15   23   11    3    6
   10   15   12   11    6
    5    9    3    7    7
   28   24    4    9    6
    9    2    6    5    5
   22    6    7   12    4
    2   16    4    6    5
    4    9    8   11    6
   15   18    6    2    5
   14   28   12    7    5
    6   29    1    7    5
    5   26    5    5    5
    6    7    6    4    6
   26   28    7    7    5
   28    9    9    5    4
   16   25    5    6    4
   30   17    7    8    5
   10   17    9    7    5
   25   30    8   12    4
   27   27   10   11    6
   12    6    5    4    9
    4   27    8   12    7
   13   30    4   11    7
   23   10    8    4    6
   18   22    1    2    4
   19   29   12    2    5
    3   25    1   11    5
   20   17    3    3    6
   29   24    6    4    4
   19   23    6    7    5
    3   15    4    8    6
   12    4    7    4    4
   27   21    1    9    4
   16   24    2   12    7
    8    7    7    3    5
   20   27   11    3    6
   20    3    9    3    4
   12    3    2    1    4
   21    4    6   12    6
    6    6    7    4    7
   15   15   11    7    6
   21   22    5    6    5
   27    7    5    2    5
   14   10    5    6    6
   14   25    7    3    5
    4   25    7   10    4
   29    1    6    7    6
   16    8   11    3    5
    2   19    8    3    6
   30   12    7   10    4
    1    1    3    5    6
    1   28   11    9    4
   15   21   12    5    6
   26    8    7    8    5
   28   17    2    7    4
    7   16    1    3    4
   23   16    2    5    4
   12   28    6   11    4
   24    7   12    6    4
   28   28    2    6    9
   30   29    8    3    3
   25   18   10   12    3
    1   15   12    6    4
    4   24   10    6    6
   15   27   12   10    5
   13    4    9    9    5
   14   22   12    3    4
    2   30    6    9    7
    3   24   12    1    7
   13   18   10   11    7
    2   11    1    7    6
   27   22    2    3    5
   24   19    7    7    5
   16   29    2    4    6
   24   22    9    3    7
    4    4    5    8    7
    6    3    4    6    4
   19   17    4    9    5
   11   29    6   10    7
   20   16    4    7    5
   13   17   10   10    6
   14   19   10    5    6
    5   16    9   11    5
   22    3   11    3    5
   12   17    7    4    4
   10    9   10    6    5
   18   16   10    1    6
    7   22   11   11    7
   13   25    4    3    5
   28    6    2    2    6
    7   23    4    5    3
   13    2    5   12    6
   11   20    1    7    3
    5   30    5    9    6
   18   10    9    9    5
   20    6    5    6    5
   18    3    3    3    7
   11    7    3   10    6
    6    4   12    4    7
    6    8    5    6    4
   29    9   10    1    5
   19   22   11    7    5
   19   19    8   10    5
   21    6    4    3    6
   29   23   11    1    6
    4   16   12    1    5
    3   26    8   11    5
   20   10    8    8    7
    2   25    3    9    7
   19   21    9   12    7
   11    1    3    1    6
   28   16    9    3    4
   28    8   11    1    6
    6   11   12    3    5
   17   25    9    3    6
    8    5    3   10    7
    6    1    2    2    5
   17   29   11    6    5
   26    7    6    8    4
   24   18    4   12    4
    1   24    7    1    6
    5   22    2    3    6
   15   28    1   11    5
   10   27    9    2    4
   23   24    3    1    3
    4   22    3    3    5
    8    4   11    8    6
   28   18    6   11    5
   21    7   12    5    5
   12   26    6    6    5
    2    2    2    9    6
   21    5    8    5    5
   12   25    3    9    4
   30    6    7   11    6
   13   10    8    5    5
   29    5    4    8    5
    8    2    4    2    4
   13    7    8   11    3
   11   10    9    2    6
   21   16    3    5    6
   11   11    2    3    6
   15    9    8   11    5
    3   17    2    9    4
    8   19    9    1    6
   14   24    4    3    5
    3   10    7    9    6
   20   21    8    1    5
   22   30    4    7    4
   26   10    1    8    6
   20   14    3    2    7
    8   14    9    4    7
    7   10    3    3    5
   25   24    9    6    4
   28    4    4    3    4
   10    1   10   12    6
   20    2   12    2    6
   26   30    2    8    8
   21    1    2    7    5
   21   24    3    4    4
    3   14    6    9    6
    4    7    7    1    7
   25   29    1    3    7
   11   30    2    4    7
   27   30   11    6    4
   23   22    4    8    6
   24   20    8    2    4
   13   12   12   11    5
   20    8   12    9    5
    8   11    6    4    5
   24   30    9    5    4
   28   30    3    8    4
    1   13    6    7    4
   20   25    1    9    6
    9    6   10    5    5
    2   22   11    9    4
   12   23    4    6    4
    1   18    3    5    6
   19   30   12   12    4
    8    1    1   12    5
   21   13    3   12    7
   16   17   10    1    4
   20   13   10    8    5
   21   12    5   10    5
    3   16    8   12    4
   27   29   10    2    3
   25   25   11    6    5
   18   12    8    6    5
   24   13    2    4    4
   30    9    9   11    5
    3   28    5    7    4
   19   15    4    8    4
   28   25    9    6    5
    7   20    5    7    6
   17    8    4    3    5
   29   29    3    5    6
   17    7    3    4    4
   21    9   12    2    5
    2    5   10    8    4
   29   21    9    8    4
   30   14    8    6    5
   11   16   10   11    6
    4    1    2    2    5
   12   20    9   12    5
   13    6    6    7    6
    5   20    8   10    4
   19   12    9    7    5
