   26   11   11    2    5
   26   28    8    6    3
   19   19    5    6    5
   17    9   11    5    2
   27   19   10   10    1
   10   15    7    9    5
   22    3    1    8    6
   20   17   12    7    4
   11   22    7   11    7
   23    8    5    3    6
    3   11    6   11    8
    3   23   12    4    3
    4   29   10    5    6
   11    1   11    8    7
    3   21    3    2    7
    1   12    4    7    3
   24   26   11    3    6
    3   26   10   10    5
   22    6    7   10    8
   21   30    3    4    8
   14   30   12    7    7
   28   23   11    3    9
   10   11   12   10    6
   18    1   10   11    6
   13   24   10    6    7
   14   14   12    2    4
   29   18    3    6    5
    5   17   10    3    3
   19    7    5   10    8
    9   12    1   10    2
   30   12    2   11    5
   27    9    1    2    3
   11   13    1   11    5
    9    8    6    4    8
   18    2   11    5    3
   15    1    9    2    5
    8   11    1    8    7
   24    3    2    6    8
   13    6    2    4    5
   10   30    2    6    6
   15    2    4   11    5
    2   25    8    3    6
   13    8    8   12    9
   30    5    4   10    8
    3    2   11    4    7
   22   23    2    4    8
    5    1    6    5    9
    6   15    7    6    9
   26   29    6    5    8
   25   17    9    6    7
    1   28    1    6    9
   12   28   12    6    9
    7    3    2    9    8
   13   20    3    7    8
    8    2    8    2    9
    6   29    3   12    8
   19   15    4    1    9
    2   19   12    8    9
   26    9    3    9    9
   16    4   11    2    8
    7   22    7    3    8
   29   30    1   11    9
   23   26   10   11    8
   16   20    4    6    6
   15   24    7   12    7
   20   11    2    7    8
    3   17   11   10    8
   14    3   10    7    6
   19    8    3   11    7
   22    9    5    9    4
   26    2    5    2    6
   16    8    5    3    7
   21   18    8    9    3
   15    5    3   11    7
   26   21   10    5    7
    3   27    5    2    5
    7   18    4    7    8
   27    8    4   12    6
   15   12    3   11    3
    1   22    6   12    8
   23   27   11    5    1
   29    1    6    1    2
   19   25    8   12    4
    4   15    4    4    4
    5    5    6   12    7
   18   30    4   11    6
   15   15    2    3    8
   18   20    5   10    7
   25   13   11   10    7
   29   15   10   10    8
   30   16    4    3    7
    2    2    4    2    9
    6   20    4   12    8
   22   15    3    8    7
    8   30   10    4    8
   11   11   12    1    9
    5   25   11   10    8
   14   28   11    4    6
   26   12    6   11    7
   18    3    7    4    7
   19    6    3    6    6
    5   28    5    9    4
   10   21    2    9    5
   19   17   12    7    6
   23    1    8   10    6
    3   28    3    5    5
   24   25   11    7    5
   30   13    7    7    7
    4    1   12    8    8
   20   21    8    2    8
   17    2   10   11    9
    6   24    4    2    7
    5   23    6    3    6
   14   17    6   11    7
    8   10    7    8    6
    3   10    6    8    7
    5   22    5    1    8
   19   20    7   12    7
    2   20    7    7    8
    3   15    9    2    6
   24    2    3    2    7
    1   27   10    2    5
   11   24   10    4    7
   25   15    9    5    6
   16   26    6    3    7
   28   30    6    3    5
   12   23    3    7    6
   22   19    1   10    6
    9    9   12    6    7
   12   13    1   11    8
   18   26   12    6    8
    5   21    9    8    7
   21   14    6    6    6
    7    8    1    3    5
   18   25    7   11    6
    1    2    3    3    7
   16    3   10    1    8
   21   13    1    7    8
   23   19   12    4    9
    9   21   12    8    9
    8    4    2    4    9
    2    5    3    8    8
   28   25   12    4    7
    9   20    8    1    7
   27   10   10    2    8
   18   17    4    4    8
   22   27    7    2    6
    3   13    2    2    7
   17   23    7    4    8
   12    6   10   11    9
   26   14    4    1    9
    8   14    6    1    7
   14   22    7    3    7
   26   20   11    9    8
    3   30    1    2    8
   16   16   10    3    8
    7   28    7    5    4
   13   28    9   10    5
   26   10    1   10    4
    1   24   12   12    7
    3   20    5    1    9
   23   25    9    1    3
    2   29    1   11    9
   20   20    4    1    8
   19   14    3    5    9
    1   21    7   11    9
   30   15    5    5    9
   18   28    2    4    4
    4    9    9    5    6
   24    7    1   11    7
    4    3    1    2    8
   19   26    7    1    8
   17   11    9   10    9
   10    6   12   12    8
   14   10    5    2    8
    6   28   11   12    6
    1   16    9    6    7
    3    9    6    9    8
   28    8    9    8    7
    9   24   12    1    7
   28    2   10    3    6
   16   11   12    2    8
    6   26    5    4    9
   14   15    9    1    8
   15   11   10    8    7
    1    8    8   11    8
   27    7    2    8    7
   20    8    8    5    7
   28   11    5    6    5
   30   17    6    7    8
    8   24    2    4    9
    4   26   10    1    8
   28   22    8    7    6
   11   29   11   12    4
   22   22    8    9    3
   24   17    9   10    6
   21    8    9    7    7
   18    6    6    1    6
   11    5    3    7    7
   28   21    1    3    8
   30    7    1    8    7
   20   12    5    3    6
   16   12    1   12    7
   29   16    1    4    7
   15    8    1    7    7
    1    9    4   12    6
   18   18    2    5    8
    1   26    5    9    8
    6    9    2   11    5
   12   21    8    6    9
   18   19    4    4    9
   12   29    2    5    7
   25   14    3   11    8
   14   29    4    1    7
   23    2    2   10    4
   17    1    9    4    7
   23   30    1    8    8
   29   27    7    4    3
   23   29    8    2    8
   29   17    7    9    5
   28   28   12    2    6
   18    4    3    8    8
   21   19   11    3    8
    9    7   12   12    6
   28    9    8    3    7
   19    4   10    9    4
   19   12    6    8    8
    6   27    3    3    5
   29    8    6    2    7
   13   15    8    2    6
    4   17    9    8    9
   18   16    7   12    9
   14   23   12   10    4
   10   10    6    8    6
   14    6   10    2    7
   23    6   12    3    8
    2   16    5   11    8
   19    5    9    3    7
   10   19    3    2    8
   17   16    1   11    8
   29    5    2   11    9
   27   14    6    9    8
    7   17    5    3    9
   15   21    9    3    7
    4   10    1   11    8
   29   24    3    1    7
   17   17   11    9    8
   13    7    8    2    7
   18   11    5    9    8
   27   20    8    5    7
    7   20    6    5    3
    1   10    6    8    5
   14   24    2    2    6
   28   24   12   11    5
    2    4    4    5    6
    6    2    2    9    7
   13   27    9    7    7
    5    4    6    2    8
    1   20    5   12    6
    5   14    4    4    7
   25   25    5    3    7
   27   16   12    2    7
    5   18    9    6    8
   27   17   11   11    8
   19   30    5   10    8
    5   13    3    4    7
    4   25    4    9    8
   27   27   11    2    9
   13   23    2   12    6
   21   21    3    6    7
    4    6   12    5    8
   29   29    9    1    7
   10    5    4    2    3
    8    6    7    8    5
    7    5    3    4    6
    6    5    8    7    7
    9   18    9    7    8
   29    7    9    7    9
   20   14   12    2    9
    7    7    4   10    5
   17   12    8   10    7
   13   18    9    9    8
   13   29    1    3    8
   21   16    9    2    7
   17   22    8    5    7
   10    9    3    1    6
   22   18    6    7    6
    8   17    9   12    8
   21   11   11    3    9
   22   10   10   12    7
   20   28   10    7    6
    5   16    4   11    5
    9    2    4    3    8
   28   16   10    2    9
    1   14    6    7    8
   29   19    6    1    7
   27   30   11    1    7
   12   27    3   10    8
   14   11    5   12    7
   14   18    3    8    8
   14   16    1   10    6
    2   22   10    2    7
   21   29    2    6    8
    6   16    8    9    9
   27   25    3    9    5
   20   29   10   12    7
    9   23    4    2    8
   25    1    6    1    7
   13   10    9    6    6
   20   22   12    9    7
   16    7    2   12    6
    9   30   11    3    3
   13   19    2    9    7
   20   25    2    5    6
   10   29    5    5    7
    1    3    2    8    8
    5   27    8    1    8
   22   16    3   12    7
   16    9    2   10    6
    8   18    9   10    8
   16   25   12   12    8
   21   23    1    7    8
   11   23    3    4    6
   12    3    3    2    5
   10   25   12    8    7
   15   23    9    7    8
   16   10    1    3    6
   25   12    6    6    8
   29   25    3    9    6
   18   27    2    7    7
    8    5   10    2    7
    5   12    5    6    6
   24   30   11   12    4
   10    7    5    9    6
   30   22    5    4    7
   24   18    3   11    5
   26    7   10    8    3
   21    6    9   12    9
    6   30    5    9    8
   29   22   12    7    7
    1    6    9    4    8
   26   15    8    6    8
    2   21    3    8    9
    3    3    1    2    9
   24   27   12   12    8
   28   17    1    3    7
    6    3   11   12    6
   15   20   11   12    4
   12   10    2    8    2
   17   13   11   11    8
   10   23   10    3    7
    8   25   12    1    6
   22   21    6    1    7
   14    2    4    4    8
    5   26    2    7    5
    2    7    1    5    7
    8    3    1    1    8
   22   24    3    2    7
   11    4    8   11    9
   25    7    5    2    7
   28   19   10    9    6
   18   23   11   10    7
    4   20    2    4    8
   24   21    1    2    4
   10   18   10    2    6
    5   24    9    5    4
    8    8   10    1    7
    6    6    9   11    9
   24   12    1   10    8
   21   25    9    1    7
   23    4   12   11    7
   10   17   12    5    8
   23   23    8    2    4
   24   24   11    7    7
    1   19    3    2    8
   15    9    8    7    7
   25    6    5    3    4
   25   22    7   10    7
    1    7    6    5    6
   22   26    4    2    8
   10   20   10   12    7
   29   28   11   10    6
   14    9    2   10    4
   21   17    5    5    8
   30    2    7    8    9
   12   18    3    9    8
    2   12    9    6    9
   30   20    3    5    9
   10   24    8    4    7
   12    7    6    9    6
   11    6    4    4    9
   28   15   11    6    8
   12   12    7    1    9
    7   14    1   10    8
    5   20   12   12    7
   16   19    6   10    8
    3    5    7    2    8
   15   27    3    4    7
   12   22    6    7    8
   10    2    6    6    9
   22   13    3    6    6
   11   30    1    4    7
    1   13    7    8    7
   25    9   11    5    6
   26   25    2    3    6
   26   17    4   10    7
   15   18    1    3    8
   28   10    1    8    8
   12   11    8    9    6
    9   13   12    3    6
   24   23    5    1    5
   24    4   11   11    4
   21    4    8    3    4
    7    4    5    8    3
   30    1    9   11    2
    9    5    5    4    3
   27    4    5    8    5
   11    9   11   10    4
    4   13    7    5    4
   17    6   11   10    6
   27   21    2   10    5
   30   25    9    1    8
   22    8    1    4    5
    7   15    3   10    7
   13    2    4    2    8
   12   14    9    5    9
   28    4    7    4    8
   24   20    5   10    7
    4    4    1    4    8
   13   16    4    3    7
    4   12    7    6    7
    9   19    5    6    8
   27    2    4   10    7
   24   16   10    3    8
   27   28    8    2    9
   29    3   12   10    8
   16   15   10   11    7
   30   30   10    3    4
   22    4    5   11    8
   11   19   11    6    7
    8   26    9    3    8
    4   14    4    9    7
   25    3    3    8    8
   30   26   10    8    9
   23   16   12    4    6
   27   26    4    8    7
   12    8    6   10    8
   21    7    4   11    4
   19    3   12    6    6
   14   13    9   10    7
   13   13    7   11    8
   13   26    4   12    8
   19   24   10   12    5
    9   29    9   11    8
    7   11    6    3    5
   26   26    7    3    8
   15   17    9   10    7
   11   27    9    6    7
    6    7   10    5    6
   11   25    1    2    6
   20   23    9    1    6
    1    1    8    3    7
   11    2    8   10    8
    4   30    5   12    7
    7   23   12    9    8
