    1   10    6    3    2
   27   16    8    8    1
    8   23    1   12    2
   13    3    1    4    2
    4    3    4    7    4
   22   15    1    1    2
   22   10   12    7    1
   16   11    9    4    1
   14   30    6   12    5
   15   15    2   11    4
   21   21    4   12    4
    8   15    5   12    3
    8    9    1   12    2
   27   22    6    4    2
    5   15    8    8    1
    1    5    5    7    3
   25   13    7    7    4
    3    2   11    1    2
   30    5    1   10    3
   30   19    6    9    3
   23    9    6   10    3
   22   13    3    1    1
    9    9    6   12    1
   16   13   12    9    5
   11   19    6    3    4
    7   11    6    9    1
   10   13   11    3    2
   29   28    7    8    1
   23   29    1    7    1
   12    9    9    8    1
   21   23    9   12    2
   23    5   12    7    1
   14    2    9    9    2
   27   23    5    2    1
   14   23    2   12    2
    6   21    1    3    3
   27   14   11    3    2
   21    3    7    3    3
    9   10    7    3    2
   17   30    2    6    1
    7    3    6    9    4
    9   13    7    3    4
    3    9   11   11    3
   27    8    7    9    3
   28    9    8    9    2
   24   30    5    1    4
   29    9    1    4    1
    5   22    8    3    1
   12   19    1   11    1
   25   25    8   11    1
    2    2    3    6    2
   22   14   11   10    2
   28   22   12    8    1
    1   22    6    1    1
   16   15    9    8    1
   11   25    7    1    1
   29   25    6    4    2
    6   25    2    9    1
   23   19    5    9    1
   19    2    3   12    2
   29   11    6    2    1
   23   30    3    6    1
   23   28    9   11    1
   27   26    8   10    1
    6    8    5    3    2
   24   18    9    2    3
    3   14    1   11    2
   19   20    3    9    1
   20    6    9   12    1
   16    4    6    4    1
   30   27    7    2    1
    3    8    2   11    5
   22   21    2   10    5
   28   14    9    5    1
   28    6   10    7    1
   26   11   11   12    1
    6    2    7    7    1
   23   26    9    9    2
    6   22   10    1    1
   19   19    1    8    4
    7    6    1    1    1
   24    2    4    2    2
   18   20    8    6    2
   26    6    6    6    1
   10   30    1    6    1
    5   17    7    8    1
   23   15   10    6    1
   24   12    5   11    1
   26   10    8    4    2
   14   20   12    3    2
    9   16    3    2    1
   22   20    4    7    1
   14   26    9    9    1
   14    6   11   10    1
   16   30    6    3    2
   12   26    7    1    1
   27   25    1    1    1
    8    4    1    2    1
   14   13    2    7    3
   10    4   11    7    1
    5   24    8   10    1
    4   15    5    8    3
   15    9    3   10    1
    6   29   12    4    2
   15   19    6   10    1
   18   10    1    9    2
   20   20    3   10    3
   26   16    6    7    3
    6    6    1    2    3
   22   16    2   11    3
   18   27    8    1    5
   11   23    6   12    4
    1   14   11    1    4
    1   21   10   11    4
   26   19    7    8    4
   10   16    5    3    4
   30   20    5    5    4
    4   14    4    9    3
   21    5    5    9    2
   18    4    9   12    4
   19   29    6    3    2
    1    1    2    5    2
   14   21   10    8    1
   28   19    8    5    2
   10    5   11    2    1
   12   12   11    3    2
    9   17    9    6    2
   17   19    4    3    3
   29   26   10   12    2
   22   17   10    8    3
   12   25   11   10    2
   27   21   10    8    2
   10   10    7   11    2
   29    1   10    6    1
   22    3    5    1    1
   20   17    5    8    1
   26   25    9    6    1
   18    7    7    8    1
   20   21    7   12    1
    1    6   11    3    2
    3   18    6    8    1
    8    5   11    3    1
    3   11   10    9    1
   18   30    5    1    1
   25   24   12    2    3
   20   10    2    8    3
    1   23    6   11    3
   27   19    3   12    2
   19   16    4    4    2
   17    7    5    1    2
   24    4    7    1    2
   23   18    5   12    1
    9   25    4   10    1
   23    7    9    1    2
   26    7   10   11    2
   17   17   12    1    1
   27   20    7    7    2
    3   30    9   10    2
   13    6    8    8    1
   15    3    7    5    6
    4   11    2    7    6
    1   13    4    8    6
   28   28    2    6    6
    1   20   12    3    8
    8   24   10    9    7
   13   30    1    9    6
   10   15    1    4    1
   16   17    8    3    1
   16    5    1    1    3
   15   18    7    3    6
   14   19    4    7    4
    5    4    2    8    3
   24    6    2    4    1
   16   28    4    4    1
   18   16   10    4    2
   10    8    4    8    2
   29   29    4    8    2
   27    5    3    9    2
   12   11    9    5    1
   30   15   10   11    1
    4   19   12    6    1
    9   24    1    9    1
    8    2    8   10    4
    7    7    6    2    2
   30   29    9    7    1
   28    1    2    6    2
    7   19   11    4    2
   21    7    6    9    1
   21   12    8    1    4
    7   27    7    1    3
   20   16   11    4    2
   25   19    6    3    1
   25   17    9    3    1
   21    4    3    8    2
    2   27   12    1    1
    3   23   11   10    1
   10   28    6   11    1
    5   18    7    2    1
   11   21    7    1    2
   30   12   12    3    1
   12   23    3    8    1
   28    5    4    2    1
    2   20    8    9    1
   25   28    3    8    1
   11   30    8    4    4
   21   13    9    4    1
   13   20    9   11    1
   20   24    9    8    2
    2   26   11   10    5
   17    1    6    1    1
   24    7    4    6    1
    6   16    8    9    1
    2    7   10    1    2
    3   24    9   11    2
   27   24    1    2    3
   10   12    4    4    1
   25    4    2    8    1
   12   17    4   10    1
   13   15    7   10    1
   19   18    4    6    1
   27   10    9    9    1
    6   27   10   11    1
    4   28   12    2    1
   13   19    8   10    3
    6   30   12    9    1
    5   26    1    4    1
   17   23    8    9    1
   30   26    2   11    1
   29    4   12   11    1
   11   15    7    9    2
    4    7    4   11    1
   19    3    9    6    6
   25   20    6    9    1
   29   24    6    9    4
   11    9    6    1    1
   13   28    7    5    1
    2   13    5   11    1
   11   13    4   12    2
    7    8    6    2    1
   14   17    5    2    1
   28   18    3    3    1
   24   24    5    4    5
   23    6   11    5    1
    8   26   10    2    2
    5    7   12    9    2
   29   17    3   10    2
    8   13    9    1    2
   14   12    1    5    6
   25   21   11    7    1
   14   15    5   10    1
   22    8   12    6    1
    7   13   10    7    3
    9    1    5   10    1
   21   24    6    3    1
   25    3   11    2    5
   25   15    7    3    1
    4    6    5    8    2
   23   13    4   12    6
   29    8    2   12    5
   21   17   11    1    4
   29   22    9    5    3
   12   13    4   11    5
   25   30    4    8    3
   16   21    7    9    4
   25    5    2    7    1
   24   19    7    6    3
   22    4    1    7    1
   21   18    2    8    1
    6   10    2    3    1
   23   23    7   12    4
    6    9    7    7    4
    4   27    3    8    3
    3   10    7    3    1
   28    8    2    5    2
   14    9    9    8    3
    3   16    9   12    1
   22   18   11    4    2
    8   25    4    3    5
    2   10    5    1    4
   14   16    5    6    1
    5    6    4    7    1
    1   16    3    8    2
   21   15    9    9    3
    4   12    5    8    2
    5    2   12    9    3
    2    1   10    2    1
   12    5    9    7    5
    9   21    9    9    1
   29    7    3    7    2
   28   20    1    3    1
   14   29    9    3    1
    8    8    4   12    1
   11   28    3    1    1
    1    7    5    1    1
   10   25   12    3    2
    7   30    7    2    1
   25   18    7   12    1
    2   12    4    3    1
   18   17    6    4    1
    3    3    8    6    2
   17    8   12   12    1
   10   21   12    3    1
   11   11    4   12    1
   21    8    6    7    1
   29   21    8    5    1
   26   17    6    1    1
    7   12    9    8    1
   11   27   10    8    1
   11   22   11    1    4
   14   11   10    2    1
   17    6   12    4    1
   17   10    7    3    2
   15   26    1    8    2
   11    1    7    3    1
   13   13    7    6    2
   29   10    5    2    2
   16    2    7    6    1
   24   28    8    9    2
   21   19    8    6    3
   19    8    7    5    5
   18    9    7    9    1
   14    7   11    5    3
    8   14    7    7    4
   30   21    6    4    1
   28    7    5   10    1
   22    2    2    2    2
    1   15    2    3    1
   19    9   10    3    1
   18   26   12    8    1
   25    1    7    7    1
    9   26    9    2    7
   16   23   12   11    1
   27   13    1    2    6
    5   19    5    7    1
   16   12    1    2    1
    8   20    7    4    8
   24    1    1    8    1
   14   25    1    3    1
    1   26    5    7    1
   29   13    1    9    1
    2   29    1    6    1
    4   26    3   11    1
   11   18    5   11    2
   21    2    3    9    5
    4    4   10    1    4
    9    5    5    4    2
   11    5   11    9    1
   28   21    1    3    2
    5   29    3    7    1
   24   26    3   10    1
    3   17    6   11    2
    4   23   11    7    1
   18    2   10    6    1
   30    9    8    6    3
   10   23    2    3    1
   20    3    4   11    1
   22   23    5    1    1
   29   15    4    6    1
    2    4    3    4    1
   20   11    8   12    1
    3   27    9    6    1
   28   17    1    6    1
   29   27    9   10    1
   15   27    9    5    1
   16    7    9    3    1
    1   12    8    5    2
   22   19    1   10    1
   20   26    3   11    2
   25   23    6    9    5
    4   30    3   11    1
   30   28    6    3    1
    7   10    5    2    2
    5   20    9    6    1
    2   30    2   12    1
   13    4   11   12    2
   12    8    4    9    1
   22   30    3    4    1
   14   14    5    8    6
   12   27    1    6    1
   28   27    5   11    1
   28    3    1   11    1
    6   12    5   12    4
   30    1   12    7    1
   16   29    7    3    3
    4   17   12    4    7
    3   29    7    1    1
   26   13    5    9    1
   14   10    1    3    1
   21   26   12    4    1
    9    2    3    1    1
    2   11    4    5    1
   13   24   10    2    5
   15   24   12    6    1
   28   26    6   11    1
   22   26   11    4    1
   18   18    7    4    7
   17   13   12    6    8
    3   12    9    7    7
   14   24    9    3    1
   22   12    3    6    1
   13   18    2    4    6
    5    5    1    5    9
    8    1    4    3    1
    6    3    6    7    1
   15    2    1    3    1
    2   23    8   10    1
   20   15    3    1    1
    3    1    1    1    1
   16   16    2    1    1
   11    8    4    9    5
   22   24   10   11    5
    4   20    6    8    3
    9   22    5    6    1
    5    3   11    6    4
   25   22    2    6    2
    5   14    8   10    2
   26   26    2    4    2
   12   28    3    8    4
    9    7    8    7    1
   25   16    8   10    2
   23   20    6    3    3
   18    6   11   11    4
   19    1    4    6    2
   30   30    1    4    5
   11   24    7    5    2
    6   15    7    4    1
   10   11   11   11    2
    7   25    1    7    6
    8   16    5    5    2
   27   27    2    4    5
   11   17    8   10    5
   19   10    3    9    2
    4    1    5    5    5
    8   18    8    7    1
   29   18   10    8    1
   15   28   11   11    4
   12   15   12    1    1
   12   29   12    9    1
    7   15    5    7    1
   18   14    4    4    6
    4    9    2    6    1
    1   18   10    2    6
   22   22    3    1    6
   17   15    3    8    1
   26    3    7    4    5
   12   20   11    2    1
   27    1    8    5    1
   30    8   10    2    1
   24   16    4    5    1
   10   24   12    9    4
    7   22    7    6    4
    9   20    7    1    1
    2   28    9   11    1
   20   29   10    4    1
   17    2    5    3    1
   17   27    6   12    1
   25    2   12   12    4
   24   23    4    3    1
   24   17   11    2    3
    6   11    1    6    1
    7   20    5    2    1
    9   27    7   11    1
   12   18    2   11    1
    5   13    2    5    6
    6   19    5    3    7
