    3   19   10   11    8
   15   14    7   12    6
   15   26   11    1    8
    5   16    8    8    9
    8   21   10   12    9
   29    2   11   12    7
   24   28   10    3    6
   24   29    1    9    5
    8    8   10    6    8
   15    6    6    3    5
   20    5    6    6    4
    1    7   12   12    2
   21   10   11    5    2
   11   18   11    5    1
   11   22    4   10    8
   19   16   11   12    3
    8   27    1    7    4
   15    3   12    5    9
    8   16    9   10    9
   19   19   12    3    9
   17    7    8    9    4
   17    9   10    9    3
   10   30   11    9    2
   18   18    5   11    2
    1   11    2    9    3
   14   10    2   11    9
   30   13    6   10    8
   30    9    3    4    3
   16   28    8    7    1
   15   22    1   10    1
   18    9    7    5    1
   25    7    2   12    1
    7   10    1    5    1
    5    6    4    9    1
   29   15    3    7    6
    5   26   12    8    1
   20    1    2    7    3
   14   20    6    8    8
   27   25   10    6    9
   14   24    6    1    7
   27    5   10    9    3
    4   23    3    1    1
   18    2    8    7    8
   13    5   10    2    8
   28   27    3    4    7
    5    4    6    7    4
   25    2   10    6    3
   16   13   10    9    9
   18   22    5    6    4
   17    6   12    6    1
   17    5    7    4    5
   26   12   10   12    8
    7   26   10    5    1
    7   12    3    1    3
   21   21    6    7    9
    3   27   11    3    2
   13   12   11    9    6
   15   20   10    5    6
    1   10    5   10    8
    3   14    9    7    3
   20   24   11    6    2
    5    7    5    5    2
    4   30    6    2    2
    4    4   12    5    1
   11   11   11   10    8
    9    7   10   11    2
   23   14    4    9    7
    3   30    7    9    1
    5   28    4    4    2
   18   28    2   11    3
   10   17    2    8    3
   29   29   12    6    8
    1    8    9   10    8
   26   28    9    3    3
   19    8    2    5    7
    5   12    3    8    3
    4    3    4    3    9
    6    1   10    5    1
    3   23   12    8    2
   16    3    2    9    4
   26   10    1    6    4
   30   26    5    5    6
    2   10    6    2    2
   15   15   11    1    4
   12    4    4    6    6
   17   26    1    6    4
    8   28   10   11    1
    7    7    3    5    8
   22    3    2   12    8
   10   15   12    7    6
   12    9    6   10    4
   11   29    3    7    1
   21   29    8   12    1
   24    6    3    9    4
   19   11   10    9    6
   13   13    8   11    7
    3   21   10    6    7
    8   23   11   12    6
   24   17    4    7    4
   27   20   12    8    3
    4   20   10    7    3
   22   30    4    7    7
    4   29    1    9    1
   15    5    9    5    1
    9    8    3    9    5
   28   21    5    9    3
   25   28    2    4    5
   15    8    8    3    3
    4   14    9    9    7
   10   13    5   10    7
    2    4    1    3    9
   29   27    4    5    6
   14   14    7    6    6
   23   27    7    6    4
    3   10    6    9    6
   30   30    1   12    8
    8   17    8   10    9
    9   27   12    9    8
   21    2    7    9    9
   20   21    8    6    7
   25    1   12    7    4
    8   12   11   11    3
   10   25    5    2    6
    6    8    2   10    3
   15   11    7    1    3
    8   11    3    2    8
   26   26    8   11    8
   27   24    5    6    8
    9   26    8    8    7
   17    4   11    1    9
   10   10   12    1    7
   26   24    7    2    6
   16   17   12    7    4
    2   20   10    4    4
   30   28    9    8    3
   25    4   11    5    6
    2   30    7    6    6
   14   27    2   10    4
   23   29    4    1    4
   12   20    2    4    3
   14   19    9   10    2
   15   23    6    8    4
   26   20    1    1    4
   18   12    9    7    2
   30   23    1    1    6
   23    9    2    1    6
   24   21    9   10    7
    2   14   11    3    6
   24   12    8    9    6
    5    1   10   10    7
   19   27   10    1    8
   26   29    6   12    7
   18   15    1    9    6
   30   12    9    9    8
   16    1   12    7    4
   13   28    6    5    7
   20   22    9    5    4
    7    4    8    9    4
   27    6    9    3    3
    8    5   11    9    2
   25   16    4    1    6
   30    1    6    4    6
   16    6    4    7    3
   21   26   11    4    3
   12   23    8   11    2
    8    2    5   10    6
    5    9    4   12    6
   30    6    1    4    7
   20   16   11    6    6
    8   24    5   10    4
   17   11   11    8    4
   22   24    2    1    3
    6    6    4    3    9
    9   13   10    1    3
   17   15    7    6    1
   20   20    8   12    3
    8   30    5    9    8
    7   22   10   11    1
    6   22   12    5    1
    3   24    3    9    4
   13   27   10    6    3
   17   20    4    3    3
    4    9    5   12    3
   17   25    2    2    6
   10   18    4    8    3
    1   12    3    3    6
   13    1   11    7    4
   13   19    1    8    6
    3    7    8    1    4
   26    6    8   10    3
   16   26    1    5    6
   30   17    1    2    7
    5   25    9    1    3
   22   27   10    7    1
    6   29    7    3    1
    4   16    3    9    7
    6    2    7    9    4
   18   23    4    7    4
   21   19   12    9    9
   27    4   10   11    4
    3   28   10    1    3
   18    6    8    9    6
   15   21    7   11    4
   11   30    3    7    1
   13   17    4    1    3
   13   18   10   11    6
   21   16    8    3    5
   19   29    3    7    1
   28    6    4    8    3
   15   25    1    4    7
   13    3    8    5    7
    4   13    5    5    8
   17   19    4    3    4
   18   20   10    9    6
    4   11    5   11    9
   16   27    4    5    7
   11    3    2    9    2
    2   23    3    3    2
   19   12    7    2    7
   26   13    6    4    3
   11   27    6    6    5
   13    6    2    1    2
   21    7   12    3    2
    2    2   12    6    8
   24   16    6    4    6
   21   25    8    6    3
   13   15    9    6    6
   28   23   11    5    4
    3   18    7   10    4
    8    4   11    8    3
    4   21   10    4    6
    4   18   11    9    6
    5   14   12    4    4
   11    7    7    4    7
   25   22    2    3    3
    9   22   10    3    6
   21   13    2   10    3
    5    2    1    5    2
    5    5    6    2    9
    2   12    6    1    9
   18   16    3    2    4
    9   19    1   11    6
   29   16    6    9    5
    3   17    9    7    5
   28   12    7    7    3
    6   12    8    9    6
    4   28    8    7    3
   26   18   12    6    6
    2    9    9    9    4
   27    2    3    1    4
   11    2    7    5    5
   21    6   10    1    5
   22   16    4    7    4
   17   17    4    2    3
   24    5    7    2    3
    7    2    1    2    3
   29   10   12    7    3
   28    2   12    6    4
    3    3    7   10    6
    5   11   11    4    6
   13   14    1    3    4
    7   23    8    8    4
   19   25    4    6    3
   28   17   11   10    3
    1    3    3    4    6
    1   19    5    3    6
    9   20    4    7    4
   19    4   12    5    9
    6   20    5    4    4
    4   24   12    8    3
   24   18   12   11    3
   27   30    3    3    3
   28    7   12    4    6
    9   11    6    2    3
   25   23    4    7    6
    1    4    1    8    6
   22   14    8    5    1
   10    6    3    8    4
   20    3    6    1    6
   14   18    5    3    1
   19    5   11    6    6
   12   21    3   11    4
   11   24   11   12    4
    6    9    8    4    3
   11   23    7    8    2
   30   16    6   10    4
   22   29    4    8    3
   13   24    4   11    6
    7   16   10    8    1
   20   30    9    5    4
   29   30    1    4    4
   24   25    5    9    5
   10   19   10    4    6
    9   14    6   12    4
    4   10    3    1    6
   29    5   11    4    6
   24   10    9    3    4
   22   23    7    9    2
    5   21    9    7    6
   16   12    3    5    5
   26    4    9    2    6
    8   29    7    2    5
    3    8   10    9    7
   20   28    5    5    7
   29   25    7    5    6
   17   21    3   10    6
    8    7    7    8    3
   29   20    8    7    1
   14   21    2    4    6
   14   28   11    9    2
   24   23   12   11    2
    1   26    5    5    4
   21   18    5    2    4
    6   19    1   10    8
   19   30    5   11    2
   22   21    5   10    1
    7   13    7    5    4
    2   19   10    5    3
   15   27    8    2    1
    6   14   12    1    8
    3    2    4    1    6
   27   17    8    6    7
   10    8    9    4    6
    6    3   10   12    5
    7   19    3    9    6
   22    1    4    6    6
   19   28    9    9    4
   22   10    2    6    3
   15    9    2    1    7
   26   27    1    2    6
   23   20    7    6    7
    7   14    1    5    5
    3   25    4    2    1
   22   17    8   12    1
    5   22    6    3    7
   29   14   10    3    6
   15   19    3    1    3
   10   20    3    8    1
   26   23   10    4    8
    9   25   12    3    7
    1   28    7   10    1
   25   18    5   11    4
    8   14    8    9    8
   15   16    6    2    7
   18   27    6    7    6
   15   28    6   11    2
    8   18    5    8    6
   25   25   12    1    7
   29   13    9    5    2
   15    1    8    6    2
   24   30    9    4    7
   22   13    2    9    6
   13   23    1   10    4
   11   12   10   10    8
   25    6    1    3    4
    3   29    5    3    4
   12   15    1    9    6
   23    6    5    3    4
   24   15    8    1    6
    2   17   12    7    7
   12    3    6    4    7
   26   25    9    7    6
   11   14    8    1    8
    3    9    3    5    6
   17   14    1    6    5
   18   19    7    2    6
   10   12    5    7    6
    1   24   10    4    6
    7   18    2    6    1
    7   29   10    9    1
    2   22    7    8    4
   11   26    2    9    6
   26    8    9    2    7
    2   13    8    9    6
   28   29    5    5    8
    8   20    1    9    6
   11   28    8   12    6
   12   22    5    1    5
   25   14    3   11    6
   21   23    9    3    3
   20   25    9   11    4
    7   24    4   11    7
   14   16    6    5    4
   28    9    5    4    6
   11   21    3    7    4
   30    5    5    2    6
   14   12    5    3    7
   12   29    1    6    4
    7   30   12    6    4
    1   23    6    3    3
   16   16   12   10    6
   25   30    7    6    3
   30   14   12    6    3
    7    6    5    5    4
   22   19    2   10    3
   24   24   10    6    6
   29   18    4    8    6
    9   10   11   10    8
   11   16    4    1    5
   28   28   12   10    4
    2    1    5    4    6
   23   23    3   10    6
    9   21    4    8    6
   10   27    7    7    3
   13   20    6    4    4
    2   26    6    1    2
    7   20    8    3    2
   26   19    2   12    4
   13   11    9    6    8
   28   10    6   10    4
   15    2   11    7    3
    4   22    8    9    3
    6   11    6    9    2
   12   25    6    7    6
    1   29    9    4    6
   25    8    3   10    4
   15    4    5   11    3
    3   26    3    2    6
   17   18    7    8    3
   24    2   11   10    2
    1   27   12   11    2
    8   13    7    1    6
   26   22   11    2    6
   30   21   12    1    5
   27    7   12    6    3
    5   23    1   11    1
   12   12    3    5    6
   22   22    1   12    6
   21   27    9    4    4
   19   20    1    3    6
   30   18    5   12    3
   23   19   12   10    6
   14   26    6   10    3
   25   11    1    1    3
    1    1    8    3    6
   16   10   11    7    6
   24   19   12   10    4
   16    2    2    9    6
    5    3    9   12    3
   18    5    6    3    4
    4    6    5    5    3
   21    1    9    7    2
    9   29   10    6    2
   10    5    2    3    8
    1   17    7   11    3
    1   18    8   11    1
   16    9    5   12    1
    9    9    7    9    6
   24    9   11    2    6
   13   25   12   10    3
   27   27   11   10    6
   20   11    4    2    6
   27   12   11    7    3
   16   23    4    8    3
   15   30   12    5    3
    7   15   12    9    3
   17   23    9   10    4
   11   10   10    9    1
   22   28    3   11    2
   17   29    4    6    2
   14    1    4   10    6
   17   12    4    5    3
    9    1    7   10    6
    8   22    6    1    6
   23   10    2    3    3
