   30    6    4    1    7
    6   22    9   12    4
   25   19   12   10    7
   24   29    5   12    6
   30   30   10    7    7
    4   30    6    6    6
    4    4    5    9    8
   14   22    6    9    5
   24   27    6    7    3
   24   26    5    3    1
    4   25    1    5    2
    1   25    7    1    4
    1   21    8    3    7
   11   16    3    7    8
   11   20    9    8    3
    4    7    6    3    4
   12   20   12    9    2
   24   24    4    6    6
   28    7    2    9    7
   27    9   11    3    4
   13   14    9   10    8
   29    6   12    7    2
   14   26   12    7    5
    8   10    8    4    1
    8   27    8    1    3
    7   27   12    8    7
    6    6    8    1    8
    8    2    2   11    2
   17    5    7    1    3
   10   27    8    1    6
   18   18   10    9    5
   13   23    6    2    1
   24   23    6    5    3
    6   24    8   11    5
   21    5    2    6    2
   14    9    8   11    2
   12    7    6    3    3
   27   16    8   12    7
   25   22    1    7    2
   10   16    3    7    8
    9   26    1    8    7
   24    2    2    6    3
   15    2    6    5    4
    4   26    9   10    3
   19   21    5    8    7
   18   17    7    9    6
   22   19    1    6    1
   17   21    5    5    4
   22    1    7   12    3
   28    6   12    6    1
   23    2    1    6    3
   16    2   11   10    4
    9   17    6    4    1
   28   29   12   11    4
    1    4    3    2    3
   23   25    3   10    6
   27    2    8    9    7
   26   12    8    9    4
   26    6    2    5    2
   19   16    6   11    7
    8    5    9   10    1
   11    1    8    2    2
   11   28    5    9    1
   30   12    5    5    2
   25    3    9    3    3
    6    5    4    7    2
    4    9   10    7    6
    1    7    9   10    1
   10   20   11   12    8
   18    5    1    6    7
    6    4   10    7    1
   18   23    2    7    2
    1   24    1    3    4
   16    9   10    4    5
   28   22   11    8    4
    4   16    3    7    5
    8    3    3   10    4
   20   28    3    7    1
   13   25    6   11    5
   18    4   10    4    4
   17   17    4    3    1
    3   12    1    3    4
   13    9    5   11    7
    7   22   12    3    8
   12   25    9    6    4
   28    5    7    6    2
   21    6    2    9    8
   12    5   12   11    3
   10   12    3    8    1
   24   30    1    5    1
   30   10   10   11    2
   17   10    2    9    1
    2   14    1    5    6
   16    5    2    4    4
   26   25    4   11    1
   12    4    1    3    5
   14   24    1    3    4
   25   29    7    9    1
   25   20    1    6    4
    4   29   10    3    2
    3   30    9   10    5
   13    8    7    2    6
   13   22   11   12    1
   25   10   11    3    4
   15   27    3    7    8
   24   15    8    3    1
    5    5    6    7    7
   27   14    8   10    5
   17   29    3    3    5
    6    2    6    9    1
   18   10    8    1    2
   19   27   12    4    1
   24   16    2    9    3
   27    5    5   12    3
   24    4   10    8    3
   21   22    1    9    1
   22    2    6    5    1
   26   30    5    1    2
   24    5    4   11    1
   17    7    9    9    3
   18   13    7    9    2
   13    1    9    3    4
   28   14    7   11    1
    6    1    2    7    1
   25   16   10    4    1
   28    3    9    2    2
   20   22    9    3    3
   11   30    6    9    2
   29   12    6    5    1
   22   24    1    4    5
   23    9    6   12    3
   10   22    6    4    3
   19   24    2    9    1
    4   23    7    1    3
   29    3    2    4    3
   30   21    8   11    1
    9   25    2    4    6
   16   29    6   12    1
   22   11    8   12    4
    3   18    4    6    3
   20   17    8   12    1
   23   21    9    6    2
   12   12    8   12    8
   10    4   10   12    4
   20    2    5    1    1
    5   20    4   12    3
   29   30    8    9    1
   24    8    5    2    2
    9   10   12    1    1
   14   14    4    7    5
    6   18    7    6    4
   26   19    4    7    5
   15   26    8    4    1
   11   11    2    8    3
    9   30    5    7    2
   26   26    9   12    2
   19    7    8   11    2
   16   17    7   11    4
   18   26    2   10    3
   20    1    8    9    1
   20   13    4    2    4
   10   10    9    6    1
   14    6    8    8    6
    3    9    4    9    5
   23   28    3    4    5
   30   28    5    7    1
   30   15   11    2    1
   11    9    8    6    1
   19   13    8   12    2
   12    9    6   11    4
   22   12   10    5    2
   11   18    7    2    1
   21   29    9    3    1
    8    9    1   11    1
   28   12    5    9    1
    8   16   11    7    2
   26    3    8    2    1
   28   21   12   12    4
   19    2    5    9    1
    9   29   12   10    2
   27   13    7    5    4
   29   19    7    6    1
   26   21    6    4    3
   10    1    5    7    1
   14   11   11    8    6
   16   22    5    9    5
   15    9    7   12    7
    8   25   12   10    6
   19   23   10   11    4
   26    8    8    9    6
   12   21    8    4    6
    6   13   12    2    1
   26   23   10    8    2
   18   30    3   12    1
    4   28   10    3    3
   23   10    1   10    2
   10   21    3    6    2
   29   13    4    7    3
    8   14    8    7    5
   22    5    6    6    4
   27    3   11    2    3
    5    1    5   11    1
   22   22    8    3    1
    8   20    8    7    1
   27   23    2   11    1
   10    7   11    9    1
    6    9   12    7    1
   20    6   11    9    2
   15   15    6    1    5
    2   13    8    5    1
   24   18    1    6    3
   20   20   10    6    6
   23   22   11    2    1
    9    2    8    7    8
   17   13    2    7    8
    6   17    2    3    2
   22   26    2    2    2
   12   16    1    2    1
   19   12    7   12    2
   14    4    4    1    2
   15    8    3    5    2
   26    7    6    2    4
    2   26    5    9    6
   17    4    6    3    7
   29   11   12   11    1
   15    6    8    3    1
   19    8    7   10    4
    7    7    8    4    1
   28   10    9    3    1
    2   11    8    7    6
   26   16   12    7    2
   20   30   10    4    8
    7   23    2    6    7
   19   19    8    4    5
    2   12    5    4    7
   16    3    5    8    5
   30   22   12   11    1
   27   27    5    7    2
    8   12    6    2    3
   29   26    2    6    7
    5   15    3    6    2
   24   25    8    5    7
   21    9    5    9    2
   17   25    7    1    7
    2   17   11    2    7
   23   29    6   12    8
   23    1   12    6    7
    7   21    3    3    1
   14   17   12   12    2
    2    2    5   12    7
    8   21    3    6    7
   15   20    3    6    1
   14    3    8    7    6
   29   10    3    7    4
    9    9    1    2    8
   19   10    3    3    4
   15   22    5    8    2
   14   25    3    7    2
   20    4    4    8    7
   18   25   12   11    2
    2   10    3    9    1
   12    1    8   10    4
   13   13   10   11    5
   14   20    3    3    7
   21   14    2   10    6
   15   16    6    2    2
   14    5    7    5    1
   12   14    5    4    6
   20   27    4    2    5
    9   24    3    8    4
   28   27    7   11    1
   28    9    1   10    1
   25   15   11   10    2
   28   13    9    2    1
   20   24    4    9    1
   30   14    9    2    1
   28   16    9    3    1
    3    4    2    1    1
    1    1    4    3    4
   11   24    3    8    2
    3   20    2   11    1
    3   17   11    9    4
   24   12    4    6    1
   11   19    9   11    3
    1   17   10    2    7
    5   10    4    1    4
    1   16   12    1    1
    5   13   12    7    7
   10   26    6    9    1
    9   20    9   11    2
   11    7    7    8    2
    7   18    1    7    4
   29   22    1    8    4
    3   10   12    2    2
   17   30    5    2    2
   18   29   10    3    5
   13    7    5    8    4
   18   14    7    4    7
    6   10    1    7    7
   30   25   12    5    7
    3    7    3    1    6
    5    7    7    1    6
    5   19    5    3    4
   18   21    6    2    1
   19   14   10   11    7
   17   27    4    8    4
   27   22    5    8    2
    1    2   12    4    1
    1    8   10    1    6
    1   30    4    6    2
   23    6    8    3    1
    4    5    9    8    1
    7   20   10    8    1
    1   29    8    8    2
   23   16    1   11    1
    2    5    8    1    1
   11    6    8    7    6
    8    8    9    7    5
    4   19    6    5    7
    9   22    3    9    1
   27   21    5    8    8
   26    1   12    9    7
    6   27   12    8    6
    3   19    2   11    1
   15    7    4    4    5
   12   27    1    8    6
   23   17    2    6    4
   19    6    1    2    1
   28    1    4    6    1
    2   18    5    9    7
    3   23    5   12    5
   13    4    5   11    8
   23   14    7   11    4
   26   28    4   12    1
   15   10    6    8    1
   16    7    3    6    1
   28   28    9    8    8
   26   17   12    3    6
   23    5    1    4    1
   13   21    1    2    1
    4   27   12    2    1
   26   27    1    4    1
   13    3    9   12    1
    9    1   10    8    2
   11   21    8    6    3
   30   13   10    8    3
   28    8    9   10    1
   15   11    4    1    2
   13   10    2    1    7
   22   18    6    9    1
   30    2    6    8    1
   16   21   10   11    1
   10   11    6   11    1
   21   21    9    5    7
   19    1   11    2    1
   15   13    9   11    2
   24   13    9   12    2
   17   12   11   11    4
   30    8   12   10    3
   26    5   11    9    2
    9   19    3    8    7
    8   17   10    8    6
   21    3    7    5    1
   19   17    4    3    6
   21    2    1    4    8
    8    6    6    9    7
    2   25   10    5    2
   15   23    6    5    5
   12   15    5    5    1
   27   29    3    9    1
   29   29    7    8    1
   23    8   12   12    2
   22   17    3    4    3
   20   23    5    9    1
   17   28    9   12    1
    3   22    8   12    1
    7   14   12    4    5
   23   23   12    9    2
    3    6    7   12    3
   28    2    1    6    6
    7    6    3   10    1
   16   16    5    1    5
   11   17   12    1    1
    1   18   10    9    7
    5   11    8    2    5
   26   13    7    5    7
   12   11    8   11    5
   11   13    1   11    1
   18   20   12   10    3
    2    7    3    3    2
   12   13    5    8    1
   28   25   12    2    1
   10   14    5    9    6
   15    1    8   12    6
   19   28   12   11    2
    6   16    1    1    2
   29    7    7    8    1
   30   16    8    8    2
    4   11    9   11    2
    6   12    9    8    7
   22    4   10    1    3
   25   25    8    3    2
   15   28    1   10    2
   11   25    6    5    2
   15    4    4    6    1
   21   20    5    6    2
   15   21    9   12    6
   24   21   12   10    5
    7    9    6   12    4
   23   11    1    2    2
   20   19    3    3    3
    5    9    1    6    1
   24   28   12   10    3
   15    3   12    4    7
   21    4    6    5    6
   14    1    3    1    6
   10   24   12    8    5
   19   15    2   12    6
   25   21   12   11    2
    4    8    7    9    1
   25    5    6    4    2
   29   20   12    6    1
   27   25    7   12    7
   14   16    2    6    6
    3    1   10    2    7
   24   17    6    3    6
    3    2    5   11    5
   30   23   12   10    1
   27   11    4   10    1
   29    5    6    1    1
    3   24   12    7    3
   15   14    1    2    1
   17   15    6    7    3
   18   15    6    4    2
   27   30   10    3    1
   18   28   12   12    2
    5    3    3    9    6
   25    7    7    6    2
    7   24    3    4    1
    4    2    6   12    1
   19   30    7    8    2
   20   16    1   12    2
    8   29    1   10    3
    5   30    4   12    2
   19   18    4    3    2
   18   27   10    5    2
   18   16    4    3    3
   14   29    2   12    2
   27    1    5    6    6
   23   12   12    7    6
    3   11    9    5    7
   12   18    9    7    1
   16   13   12    4    4
    9   18    5    4    3
    3    3    5    1    7
   30    7    5    8    2
   20   26    7    3    1
    8    7   11   10    2
    2   29    7    9    1
   29   15    9    6    1
   26   11    7    8    2
   11    8    1    6    4
   18    8    2    8    2
   22    8   11    9    1
   25    6    5    5    1
