   14   13    6    8    3
   29    4    2   10    3
   15   13   11    2    5
    3    1   11    6    5
   29   24    3    8    3
    7   11    6    9    3
   18   14    4   12    5
   19    4    7   12    3
   19   18    7    8    3
   15   14    9    4    3
   15   28    3    3    5
   16   22    9   12    4
   10    7    7    5    4
   15    5   11   12    7
    9   11    1    1    4
   29   11   10    6    4
   25   30    6   11    4
   21   30    6    3    4
   11   11   11    4    6
   16   28    9    2    7
   27   17    7    4    5
   23   16    9    5    5
    1   16    5    5    8
   19   28    9    7    2
   22    6   10    5    3
   27    9    9    8    3
   19   23   11   11    4
   21   16    6    8    3
    6    9    2    6    1
    9    5   12    8    5
    5   30    6    8    3
   27   18    1    2    2
   16   30    2    8    1
   20   21    2    7    3
   26    8    9    1    2
   21   12    1   10    6
    9    1   10    6    6
   10   13   11    7    6
   25   17    7    1    6
    9   28    3    6    5
    5    5    9    4    4
   22   12    6   10    3
   17   22    2   11    2
   22   25    1   10    1
   19   21    8    7    1
    9   13    3    8    4
    7    1    1    7    4
   12    8   12    8    3
   17   19    3   11    3
   19   16   11    2    3
   27   10    4    3    2
    3   15    6    5    2
   24    2    9    9    2
   26    1   12    7    2
    5   22    4    9    2
   26   20   11    3    7
   11    4    1    4    7
   27   25    5    4    1
    6    7    4    9    1
   19   25    7    1    1
   12   23    2    1    3
    6    4    5    1    2
    4   28    3    6    1
   24   22    9   11    1
    9   20   11   11    6
   11   10   11    6    1
   12    1   10    5    7
    4   22    9    1    5
   18    1    3    1    8
   14   30    4    9    7
   10    3   12    7    6
   16    4    5    9    6
   25   12    4    5    1
   11    5    3    7    1
   18   15    8    3    6
   13    1    5   11    4
    1   20    6    8    1
   28   28    5   10    7
    1   23    7   12    5
    7   13    5    7    5
    5   13    7   12    5
   26   25   10    3    5
   17    3    6   12    4
   15    2    6    8    3
    1   25    8   10    2
    5   16    1    9    3
   28   25   11    5    3
   24    1    2   10    4
    7    8    2    9    4
    5   23    2   12    4
   25   15    6   12    8
   29   29    5    6    7
   27    6   11    6    1
    4    5    2    1    1
    3   25   12    9    1
   20   16    9   10    8
   25   18    6    5    8
    2   23    9    5    6
   11   21    8    4    7
    3   26   11    5    5
   18   29    5    3    8
   30   30   10    5    8
    6    1    1    4    8
    9   21    3    8    1
    9    2    7   12    2
   17   12    2    9    2
    2   11    7    9    2
   21   10    4    1    2
   10   18    2    9    8
   16    6   12    7    8
   18   26    5   10    7
   23   26   12    7    3
   25    5    4    8    3
   19   12    2   12    5
   23   11    2    7    2
    9    3    9   10    2
   14   20    7    6    6
   16   10    8    7    6
   27   19    1    8    7
   20    3   11    9    4
   24   14    3   12    3
   15   12   11    8    1
   22   14    7    1    1
   18   28   10    1    7
    7   12   12    3    8
    2    8    9   10    7
    6   26    9   11    2
    6   13    5    8    2
    7   23   12    9    4
    3   14    8    3    3
   21   18    4   11    1
    9   29    4   12    1
    3   11    5    4    4
   14    5    6    8    1
    3    3   10    8    2
    3   21   12    2    1
   18    9   12    7    3
   15   26    4    9    4
    1   15    3    1    3
   16   25    4    6    5
   18   23    6   11    1
   10   20    9    7    1
    8   20    5    8    1
   23   30    9    8    2
   24   15    4    9    1
   22   30   12    5    1
   29   21    7    7    1
   29   20    6    4    1
    7    5    7    8    3
    1   19    1    1    2
   28   10    5   12    6
   22   29    8   11    5
   29   16    1    7    1
   17   17    1    5    3
    8    3    1    3    2
   24   23    3    4    3
   30   28    8    6    2
   12    5   10    2    1
   27   12    3   11    1
   27   24   10    5    4
   24    9    2    1    4
    6   23   12    2    1
   13   24    2   10    6
    4    9    5    1    5
    2   17    3    8    6
   22    9    3    3    6
    6    5   12   12    2
    7   22    8    1    5
    5   19    6   11    4
   22   20    9    7    3
   21   28   11    3    4
   13   27   11    3    7
    3    7    7    1    7
   23   23    2    3    8
   17   23    7    1    7
   14    8    2    4    2
   26   27   12    1    7
    4    7    2    6    6
    9   16    4    7    3
    2   26    9    4    8
   22   19    3    2    7
   11   15    2    1    6
   17   18    2   12    6
   21   24    3    6    5
   29   26    8    3    4
   21    7    1   12    8
    5    1    9    9    2
   12   28    5   11    1
   16   24    4    7    1
    9   26    7    8    5
    2   14    2   12    6
    2   20    1   12    6
   29   15    1    1    3
   14   17    6   11    4
    9    9    2    1    7
    8    8    8    7    8
   29    7   10    3    7
   24   12    3    4    3
   11   30    2    4    7
   13   11   10    7    3
    4   15    3   11    3
   21   15    3    2    3
   15    6    8    8    1
   28   24    7    8    6
   13    2    6   10    4
   26   12    9    6    4
   11   25    6    2    1
   27   21    4    3    1
   30   18    1    7    7
    8   30    3    6    5
   23    9    3   11    7
   27   22   10    2    7
   20   20    3   10    9
   20   11    9   12    8
   26   21   12   11    4
   29   30   12    8    4
   17    7   10    8    4
   24   17    9    5    2
   30   27    6    2    2
   12   18    1    6    2
    9    7   11    8    2
   23   10    4    6    4
   22   28    8   11    6
    4   13   12    7    6
    8    6    3    5    6
   23   14   11    9    4
   27   20    2    2    8
   26    5    3    3    7
   18   13    7    9    7
   24   10    4    9    3
   27   27    2    5    8
   22    8    2    6    7
   20   28    3    6    7
    6   14    2    5    8
    7   14   11    8    4
   24    3   12    2    3
   17    9   11   11    8
   29   25    9    8    2
   27    3   10    6    9
   11   14    9    6    3
    3   29   10    4    9
   28    1   12   11    9
    8   28    7    4    7
   15   15    1    8    5
   26   24   11    3    8
   17   10    2    3    3
   26   10    4    9    3
    7   26    9    2    3
   15   10    9    4    3
   17   21    5    5    8
    7   20   11   11    3
    2   22   10    1    4
   16   16    7    8    6
   24   30    5    3    5
   13   20    7    5    4
    1    1    6   12    8
   27   16    2   10    8
   23    3    7    9    6
   29   17    7   11    3
   25   21    4    5    2
    1   21   11   11    9
   28    7   10    4    3
   15    7    4   12    7
   27    1    6    3    8
   18    8    3    3    8
   28   17    1    4    2
   21   21    3    6    9
   12   10    7    3    8
   25   14    2    2    2
   30   20    8    9    2
    6   25   10   10    6
   29   14    6    9    6
    7   19    6    4    5
   23    4    8    2    3
   22   18    9    7    2
   16   12    6    2    3
   18    3    8    9    3
   15   20   11    8    2
   26   26   11   12    9
   10    2   12    8    2
   19    2    7    3    3
    8    4   10   12    3
   19    6    1    3    3
   27   15    8    4    8
    9   12    6    6    3
   14    4    9    8    8
   13   26    7    7    7
   24   24    6    3    4
   16   14   12    6    2
    6    3    8   11    1
   19   14    7    7    9
    9   14    3    8    3
   30   12   12    4    3
   28    2    2    1    8
   11   27   12    5    8
    4   24    1    3    7
   11   12   12    5    7
   16   17    3   11    7
    8    9    8    9    2
    7    7    5    2    8
    6   24    4    1    1
   18    2    7    8    1
   17    1    9   12    3
   12    2    3   10    1
   21    2    3   12    1
    6   21   12    7    3
   28   23   12    9    9
   11   24   10   11    1
    1   14    4   10    3
   25   10    6    5    3
   23   20    1    6    3
   26   11    7    3    2
   14   12    4    3    2
    5   18    6   10    2
    8   17   10    7    8
   21    4    2    4    7
    6   28    9    6    7
    4   10   11    4    1
   29   28    8   12    1
   17   20   10    9    8
   22    1    8   10    1
    6   17    7    3    1
   25   25    5    1    8
    6   12   11    2    9
   27    4    3    9    8
   19   20   10   10    9
   10    1   11    7    7
   24    7   11    6    3
   21   14    7    5    9
    2    3    1    3    9
   20   24    3    9    3
    5   29    2   11    4
    5   28    4    3    4
    3   22    2    4    2
   10   10    2    6    7
   13   13   10    4    7
   10    8    3    1    8
   16    7    1    6    4
   10    5   10    6    4
    3   19    2   12    4
   24    8   11   11    9
    3   12    3    2    3
   27    5    8    2    3
   17   11    3    3    3
   17    5   10    9    2
    4    1    6    3    9
   29    8    1    6    1
   10   19    8    4    7
   30   13    1    9    4
    9   19    3    9    4
   14   27    6   12    1
    2    6    9    1    4
   19   24    7    5    9
   12   13    3    6    3
    3   13    3   10    8
   14   10    4    8    8
   28   26    9    7    2
   22   26    4    8    9
    2    1   11    3    3
   19   15    9   11    3
    3   28   11    6    2
    2    7    8    4    1
   23   25    7   12    7
   29   23    6    6    2
   16   11    9    3    3
   25   24    5   12    2
    8   15    2    4    2
    6    6   12    8    9
   13   23   11    1    3
    2    2   10    8    6
    5    2    7    3    6
   25    7    9    2    3
   24   18    7    4    3
   13   17    2    4    6
   30    2   11    9    3
    9   25    9    3    6
   20   12    7    4    6
   18   20    5    4    7
    4    4    7   12    6
    8   25    3    4    3
   20    5   10    6    3
   18   11    3    3    3
    4   20    2    8    4
   16    2    6   11    6
   15   23   12    3    3
   11    1    8    3    2
   19   30    6    9    6
    6   30    9    8    6
    4   12   11    6    8
   13   28    4   11    2
    2   29    1   12    2
   26   14    8    6    2
   15   17    5    1    6
   19   19    9    4    7
    4   26   10    4    8
    6   20    3    4    8
   15   22    2    4    8
   28   14    9   12    4
   22   10   11   10    4
    8    1    7    2    2
   19   26    3    9    8
   22   23    1    7    7
   15    9    7    7    8
   18    7    3   11    1
   17    4    8    2    8
   10   29    8    7    8
    4   30    5    7    8
   16   26    5   11    8
    8   27    9   10    8
   18   16   12   12    4
   13   25    4   10    4
   23   21   12   12    8
    8   19   11    8    7
    4   25   10   12    4
   16   13    5    8    8
    8   13   11   12    2
   17   30   12    8    2
   21    5    7   11    2
   23   27    8   12    1
    8   21   11    1    1
    4    2    2   11    8
    8   11    3   10    8
    9   10   12    3    6
   16    3   10   11    6
    5   24   12    3    9
   23    8    7    4    6
   18    6    2    1    6
   14   14    3   12    8
   19   29   11   11    7
   12   12    5    7    9
   28   11   12    4    4
   15   30    5    8    4
   21   22    8    7    1
    4    3    1    3    8
   11   22    3    2    1
    8    5   10    7    8
   15   16   11    4    3
   19   13    8    6    3
    7   27    4   10    8
   11   19    4    1    8
    6   11    1    7    6
   10    6    5    4    4
   29   27    6    4    2
   25    2    2    5    1
   21   13    7   10    6
   13   22    7   10    4
    9   30   12   10    3
   16    8    7    8    2
   25   20    8   12    2
   30    3    7    4    2
   30   10    4    5    2
    7   30    3   10    2
   12   29   12   11    2
   22   22    1    8    1
   30   26    3    9    6
   27    2    7    1    6
   18   18    7   10    6
    1   30    3   12    3
   13   29    7    6    4
   17   26    5    1    4
    5    3    2    3    6
   27   28    6   10    3
   29    1   10    7    2
   29    6    8    7    2
   18    4    1    2    7
