   12   20    9    3    5
    2    9    7    2    8
    1   25    5    1    3
   26   22   12   11    2
    1   15    4    2    5
   25    5    5    8    7
   30   28    4    6    6
   17   11    1    6    5
   17    4   10    4    3
    5    5    9    5    7
   24   17    2   11    7
   20   20    3   11    5
   22    5    6    8    6
   15   27    2   10    8
    6   24    7   11    7
    6   12    9    3    8
   25    4    1    9    4
   14   26    6    9    9
   30    9    1    9    7
    5   13    6   12    5
    6    6    3    1    9
   19   11    1   12    7
   10   22    8   11    3
    1   30    2    7    3
    5   30    2   10    5
   13   21    9   12    7
   21    6   12    5    2
   10    1    8    3    2
   27    1   12    6    2
    8   23    1   10    4
   10   28    3    3    6
    1   29    3    9    3
    6   26    2    6    3
   12   27    9   10    5
   29   13    4    6    5
   15   25   11    5    3
   24   13    6    1    7
   23    3    4   12    7
   16   30   12   12    2
    9   21    6    1    9
   26   25    4    4    9
    6    7    5    2    8
   17   28   11    1    3
    2   27   11    1    7
   21   14   10    5    8
   12   30    6    3    8
   27    5    8    3    4
   30    3    6    6    5
   21   29    8   11    5
   19    8    5    5    8
    7   24    4    4    7
   18   10    1    9    3
    1   11    2    1    4
   25   11    2    5    3
    5   18   11   12    7
   17   19    5    8    2
    6   19    1   11    6
    9   24    9    4    2
   13   28    8   10    7
    7   25    8    1    3
   19   13    5    7    5
   24    2   10    1    3
   24   15    5    4    3
   29   29   12    2    9
   25   14    6    5    7
    1    6    4   11    7
    3   13    6    8    9
   17   26    7   10    3
   20    4    1    6    7
   27    8    6    6    5
    4   26   11    1    7
   12   19    4    6    9
   18   21    8    7    3
   29   23   10    1    4
   20    6   10    6    4
   20   15    1    1    7
   22   23    2   11    1
   14   16    8    5    6
   17   16    3    6    3
   23   28   12    9    4
    4   16    9    4    7
   24    1   12    9    7
   22    8   11    2    4
   27   25    9    2    4
    4   29   12    6    5
    5   12    8    2    7
   10   10    5    3    5
   27    4    7    5    4
   19   27    8    3    3
   24   16   10   11    6
    9   29    1    1    4
    7    2    9    3    4
   23    4    5    2    7
   30   14   11    5    4
    2   26    8    3    6
   15   19    7    9    6
    5    9    9   11    4
   11   10    9    4    3
   27    7    9    3    4
    3    4    4    3    9
   26   28    5   10    5
    7   15   12   11    4
   16   27    1    1    6
   25   17    2    6    4
    9   18    8    5    8
    1    8    9    1    8
   18   23    2    8    6
   29   25   11    8    8
   28   29    5    9    9
    3    2    9    9    6
   13    4    7    2    7
   19   20    8   12    7
   20    1    2    3    4
   12    2    2    9    6
   21   25   12   12    7
   30   20    5    3    8
   14   29    6    9    4
    8   28   10   10    2
    5   15    7   12    8
    6   18    6   12    3
   23   13    4    6    5
   20   23   10    2    6
   22   11    5    6    4
   20   10    6   10    8
    4   28    9    7    4
   15   15    8   10    6
    7   19    3    2    5
   22    3    2    3    4
    1   23    3    9    7
    9    8   11    4    3
   20   29    2    2    5
   16   22    7    3    7
   12   22    2    2    8
   25   25    6    7    7
   23   27   10   10    7
    3   21    7    7    4
   11   11    4    7    2
   14   27    9   12    5
   12    8    1    1    8
   10   16    8    7    4
   10   23    4    5    6
    6   27    9    8    8
   23   30    4    2    4
    1    7    7   12    3
   29   18   11   12    9
    6   16    7    3    7
   14   19   10    3    7
    8   30   11    6    3
    4   24    1    6    6
    2   18    2    4    9
    9   20    5    1    9
   19    1    2   10    8
   20    3   11    5    4
   20    2    2    8    5
    7    9    6    9    8
   18   20    9    8    3
    7   20    9    1    8
   20   25   11    8    6
   30   22    5    4    7
   24   24    3    1    3
    5    6    1    3    7
    6   17    1    5    3
   11   13   10    7    2
    8   18    2   11    2
    8    3    2    4    7
   30    7    1    8    4
   29   24    9    3    4
    6    4    3    9    7
   16   19   10    1    9
   12   12    8    7    9
    5    1    1    6    2
   28   24   10   11    8
   26   12    8    7    9
    6   30   11    5    9
   13   22    2   12    7
   30   27    7    4    4
    6   11    8   12    7
   27    9    4    4    3
    3   26    8   10    2
   28    7    3    3    4
    3   19    8    4    6
   28    3    8    6    4
    6   13    2    7    8
    5   16    5    6    6
   30   19    7    2    4
   16   15    7    6    3
   14    7   10    2    3
   13   27    4    6    6
   22   17    3    6    5
   11    3   12    9    8
   13   18    3    1    8
   20   13    3    3    6
   29   11   10    4    4
    3   12    6    4    5
   16    1    6    2    3
   17   18    4    4    3
   13   13    6    5    7
   12   15    1    9    5
    9   15    2    1    7
   23   15    3   12    3
   22   29    9    8    1
    7   23    9    5    7
   24   12    9    2    6
    2    6    9   12    3
    2    2   12    2    8
    9   28    6    4    4
   17   17   11    1    6
   19    4    7    7    4
   16   25    6   10    7
    7   21    5    3    5
   21   10    8    3    8
    8    5    5    3    4
   23   25    1    9    3
    1    1    6   11    8
   10    5    7   11    6
   16    7    6    5    8
   21    1    1   10    9
   11    8    3    4    1
   26   16   10    6    3
    7    7   10    3    6
   30   11    7    2    4
   28    2   11    9    3
    9    6    5    2    7
   14    6    8   11    8
    7    8    9    5    4
   11    5    5    9    5
    4   21    7    1    5
   28    1   10    5    3
   11   23   10   10    1
   24    3   11    7    6
   14   14    6    4    9
   14    2    7   12    6
   10    8   11    6    7
   11    7    5    5    3
   13    9    3    3    6
   30   21    7    7    6
   21   28   11   12    1
   14    1    1    1    8
   28   16    4    4    3
   16   21    1    1    6
   19   10    9    2    6
    3   25   10    3    4
   25    9   10    9    4
   23   26    2   10    5
    8   25    2    8    6
   10   13    6    5    4
   27    3    3    9    4
   11   24    8    2    5
   22    6   11    9    1
   24    5    8    5    4
   19   28    1    8    5
   14   28    4    4    5
   19    5    2    3    6
   13    2    5    6    4
   19   23    8    3    4
   10   25    9   11    6
   20   28   10    4    3
   12   18    9   11    4
   11    2   12   10    7
   14   20    6    7    7
    9   22    4    1    3
   30   26    3    3    6
   27   20    5   12    9
   28   28    9    4    9
   25   24   11    1    6
   21   21   10    2    7
   16   23    5    1    4
   18    3    1    4    8
    5   17    9    6    8
   18   11    5    1    4
    2    8   10    6    4
   26   26    4    3    6
   10   12    3    7    7
    8   16   12    5    6
    4    4    3    8    8
   22   18   12   11    7
    2   10   12    2    7
   17   23   11   10    3
   11   16    9    5    6
    5    7    8    1    7
   22    4    4    8    8
   27   17    2    5    9
   10    7   12    1    4
    2    4    7   12    8
   22   15   12   11    4
   26    7    5    6    8
   13   16    4    8    7
   28    6    3   10    2
   17   21   12    1    4
   28   12    2    2    8
   20    8   11   11    7
   20   26    6    5    9
   11   14   12    5    8
   22    7    1    9    3
   29    6    8   10    3
   30   29    9   11    7
   20   16   10    5    6
    1   26    9   12    5
   15    8    4    5    3
   18   18   10   11    8
   13   15    5    2    2
    2   15   10    7    7
   26   21    4    9    9
   24   21    8    1    9
   18   25    4    1    7
    3    9   11    5    8
    3    7    2    7    4
   15   14   10    2    2
   29    2   10    5    2
    5   21    3    9    2
   14    9    4    6    3
   14   17    3   10    3
   15   30    3    4    7
    2   17    5    6    4
   27   10    4    1    8
   17   15    8   12    4
    7    4    4   10    4
    2   16   11   12    7
   16   16    3    2    8
   18   27   10    4    9
    8    8    1    4    8
   23    2   10    6    3
    5   23    2    9    7
    3    5    5    4    8
   15   10   10   11    2
   10    9   10    3    4
    4    1    9    1    8
   29    7    3    2    3
   13   30    3    3    7
    5   29   11    4    6
   20    5    2    8    4
   12    7    1    9    2
   29   26    2    5    6
   17   10   12   11    8
   20   22    7    9    9
   22    2   10    9    7
    4   14   11    3    8
    9    9    2    9    9
    6    3    1    5    4
    5   14    2    8    6
   23   14   10    5    3
    1    2    6    1    7
   13    1    4    7    3
    8   17   12   11    4
   18   26    2    1    7
    4   10   10    8    3
   23    9    9    3    9
   15   21    2   10    7
    1   17    3    9    3
   30   30    4    1    9
   12   23    6    1    1
    6    8   12    6    3
   24   27    1    7    2
   12   16    3    6    3
   23   21   11    6    4
   21   27    3    6    2
   22   25   12    7    7
   10   29    1   12    3
   18   30    9   10    7
   10   26    6    7    5
   10   24    1    8    4
   11   20    2   11    3
   19   29   11   11    4
   19   25    7    4    2
    1   22    8    5    8
   26   19    3   10    9
   17   20    3    4    9
    7   18    7    4    7
   26    9    6   11    5
   28   25    7   12    2
   14   13    8    5    3
   14    3    4    2    7
   26    8    8    5    3
    4   18    6    8    2
    8   24    2    7    7
   12   13    3    6    9
   30    2   11    6    3
   28   22    6    9    8
    4    5   12    8    2
   21    2    6    6    7
   12   29    1    8    2
   17   12    6    5    3
   13    8    2   11    8
   20   24    9    7    4
   11   26   12    8    8
    3    3   12    2    8
    7   13    9    1    7
   24   23   12    8    4
   11    9    4    8    8
   16   29   10    4    9
    9   19    5   11    7
    4   15    8    1    3
   13   25    1    4    4
    4   12    7    1    5
   17    9   10   10    2
    5   28    7    5    5
   18    1    5    3    7
    6   25   12    7    8
   30   25    2    8    7
   12    1   12    1    8
   27   27    6    5    3
   11    4   10    1    7
   17    7   11    1    7
   21   19    5    3    7
   27   29    9    5    4
   19   24    7    2    6
    5   26    4   12    4
    3   15    5    1    7
   16    3    7    1    7
   30   17    4    8    7
   26   27    6    9    8
   22   22    6   10    3
   22   24    4   12    6
   15   18    1   12    7
   11   21    5   12    3
   17   29    5    3    7
   12    9    6    8    8
   10    3    6    8    5
   29    8    3   11    7
   20   21    3    4    3
   12   25    2    4    3
   10   30    1    3    7
   30    4    5    9    8
   13   17    3    6    6
   25    2    5    4    3
   22   21   11    4    2
   23   23    7   10    1
   18   14    9    2    3
   11   28    6    2    6
   18   16    9    8    6
   13   26    7    3    5
   22   19   10    2    7
   27   28   12    7    3
    3    1    3    5    8
   15   26   12    1    4
   15   11   10    8    4
   19    2    6    2    8
   26   24    6    3    8
    6   10    7    5    7
    3   17    4    8    9
   23    6    7    4    4
   14   10    6    3    8
   18   19    5   12    3
   15    6    2    1    3
    8   14   11   12    3
   18   24   12   10    8
   29    3    6    5    7
   24   14    7    8    7
   24   30    2    4    9
   15   29   11   10    8
   12   11    2    2    7
   19   19    5    7    8
    4    8    9   12    6
   27   11    9    7    8
    5    2    8    8    3
   14   22   12    2    6
    9   16    3    1    8
    9    4   12    5    7
    9    1   10    2    6
   21   12    8    5    2
   22   27    5    5    9
   18   28    8    5    8
   14   12   11    5    3
   15   28    6    3    7
    8   21    8    3    7
