   30   30    3   10    2
   23    4    2    7    1
    8   25   12    1    4
   15    5    2    8    3
   29    6   10    5    2
   28    2    5    5    7
   22   29    9   12    1
   11   11    7    2    9
   18   29    8    7    2
    9    3    7    7    4
   10   19    2    7    3
   12   27    1    2    6
   19   23    1    5    6
    1   12    8   11    6
    2    2    4   11    5
   13    1    7    7    7
   16   14    4    2    3
    1   25   11    3    8
   28   29    6   10    2
   27   25    6   10    2
   20    8    3    8    7
    5    1    6    2    4
    4   25    9    9    3
    9    9    7   10    9
   18   27   10    4    7
    5    3   10    7    7
   15    1    1    6    9
   11   12    8    2    9
   27    3    8    2    3
    3   16   10   11    4
   23    6    9   12    8
   20   20    6    8    3
   16   16    9   11    7
    8    5    3    6    5
   25   23    9    1    4
   13   14    9   12    3
   18   28    7    1    7
   27    5    7   12    4
    5    5   12    3    9
    1   30    4   12    8
   12    4    1    9    8
   10   20    8    3    5
   10    3    3    5    4
   23   10    7    3    7
    2   13   12    1    8
   24   11    7    8    2
   30   25    7    4    2
    1    8    2    6    8
    8   29   11    5    2
    9   30    6    3    7
   25   20    4    9    1
   24    7    2    6    8
    4   28    6    6    7
   17   16   11    3    6
   21   29    2    4    3
    3   30    9    6    3
   22   25    5    8    6
    7    7    3    4    4
   25   13    5    6    4
    5   16    1    1    4
    5   20   11   10    3
   24   22   10    1    4
   29   27    3    2    3
    5   12    5   11    8
    4   20   10    4    9
   27   27    7    1    9
   14   27   12    8    5
   11   13    9   10    6
   20    6    3   12    5
   21   12   11    5    9
   23   23   11    4    8
   25   26    7   10    8
   29    4    6    8    3
   22   14    1    2    3
   23   28    2    6    3
    3   12    5    6    8
   18   30    2    2    7
   26   22    5    8    6
   28   20   10    3    5
   26    3    8    6    3
   18   18    5    4    9
   14    3    6    1    8
    7   30    6   11    9
    4    1    1    3    9
   28   10    6    7    9
   25   15   10    6    7
    9   25    8    5    6
   10   11   10    2    5
   30    8    7   10    7
   23   21    7    5    7
   18    7   10    6    6
    2   25    9    4    3
   11   28    6    2    9
   17   26    9   10    3
    9   10    6    6    3
   20   14   12    5    3
   13   21    9   12    5
   19   22    9   10    4
   20   29    9   12    3
   23    9    4    9    3
    9   26    6    4    3
   19    6    1   10    5
   24    9   12    6    4
    8    8    4   12    3
   21   18    3    3    2
   14   19   12   11    8
   27   17    3    5    3
   15   22    7   11    2
    4    6   11   12    8
    9    6   12    1    4
   24   28    6    6    7
   16   22    5    3    3
    3    3    2    4    9
   14   30    1    2    9
   26    2    6    4    7
   18    9    7    6    8
    9   11   11    4    5
    9   22    8    2    4
    8   11    4    1    6
   26    7    6    9    2
    3   21    2    2    8
   17   12    8    8    9
    5   28    6   11    4
   11   14   10   11    9
   14   18    6    9    2
    7    5    8    5    7
   14    2    2    5    9
   26   13    2    1    3
   15   15    3   12    8
    9   15    9    6    7
   26   24    8    9    6
   22   20    6    6    4
    8   27   12    3    3
   18    6    1    6    2
    7   14    4    5    2
    6   24    7    4    9
   27    2   10    3    8
   20    2   11    2    7
   15    2    8    4    3
   25   25    6    4    8
   19    7    4    1    7
   20   19    7    6    7
    2   19    2    7    8
    2   29    9   11    8
   16   18    1   11    6
   20   27    7    3    5
   21   25    4    6    7
    4   30    6    4    4
   18   12    8   12    6
    8   16    5    2    5
   16    4   12   12    8
   30   22    3    2    2
   22    3   12    8    2
   15   19    4    3    2
   26   18    2    4    2
   21   21    1    2    9
    5   19    3    9    7
    1   27   11    3    2
   13    9    8    8    5
   25   28    5   10    6
   12   16    8    3    3
   12   24    7    8    3
   14   14   11    2    7
    3   13    7   10    7
    4   13   12    6    6
    9    8    6    8    6
   26   15    6   11    5
   10   13    2    5    3
    6   13    5   11    6
   12   22   10    5    7
   24   18    6    7    4
    2   17    6    6    8
   22    1    9    2    2
    3    2    7    9    2
    1    1    4    6    5
   28    8    4    9    2
   21    6    8    1    9
   29   30   11   12    7
   24   21    6    9    6
   10    5    5    2    5
   11    7    1    4    6
   30   11   11    6    4
   17   17   11    9    7
    7   10   11    7    2
   12   12    8    6    9
   23    3    2    8    1
    6   30    6   10    2
   16   29    8    3    8
    7   20    4    2    3
   11   20   10    9    3
   16   23    3    6    3
   15   16    2    3    2
   19   26    9   12    2
   15   13    6   11    3
   12   23    5    4    2
   28    3    8    6    2
   19   28   11    4    1
   10   14   12   11    5
   24    1    2    2    2
   17    5    2   10    2
   20   17    9    5    8
   11   15   11    5    2
   30    2    6    5    8
   30   17    5    5    7
   24    2    9   11    5
   17   29    5    7    2
   24   24    4    9    9
   21   22    8    6    6
   18   23   11    3    1
   19   29    7   11    5
   25   24    3    3    7
   12    2    4   10    9
   13   12    6    8    7
    7   25   12    9    2
    1    6    9   12    7
   18    3    8    6    3
   17   18    9    8    3
    5   14    1    5    1
   11   21    8   12    9
   11   26    9    2    2
    1    9    4    7    3
   20   15    2    2    6
   27   19    9    7    2
   22    7    2    7    8
   28   22   11   11    1
   10   18   11    8    9
   12   10   11    6    9
   21   30    8    8    5
   30   28    1    6    2
   15   27   12   11    3
   20    9    4    2    2
   29   10    8    2    3
   22    6    6   11    6
   11    2    9    6    7
   29   15    8    9    3
    6   15    2    3    1
   23   13    7    4    2
   25   11   12   11    5
   27    7    9    6    2
   30   12    4    2    6
   15   21    3    3    7
    4   17    6   11    7
   20   30   12    5    3
   14   24    1    1    3
   19   19    2   10    9
   28    9    1    3    2
   20   21    2   12    3
   24   30    3    2    5
   22    4    7    2    2
    9   17   12    1    2
    6   10    6    1    3
   13   24    4    3    3
   24    4    7   11    3
   26   14    3    5    2
    1    3   11    1    7
   14   28    4    1    8
    7    6    4    7    5
   17   19    2    1    6
    2    9    7   11    6
    3   15    9    3    3
    8   21    5    8    6
   12    8   11    2    3
   28   21    1    1    8
   27    9    2    5    2
   15   24    1    8    3
    7   12   12   10    8
   28   26    8    6    7
    8    4    6    1    6
    7    9    4    3    6
   27   24    2    1    3
    4    4    4    3    7
   26    5    4    2    3
    2   18    5    2    9
   23   20    3    8    2
   19    1    2    4    2
   10    8    6    4    3
   13   28    4    8    2
    7   15   11   10    8
    5   13    1    7    5
    8    2    3   12    8
    6   16    6   12    7
   27   30    6    3    3
    8   13    1   10    3
   23   24    4    9    5
   29   13    5    7    4
    4   14    8    3    8
   14   15   11    3    8
   19   13    2    6    5
   17    8    1   11    2
    8   15   10    3    2
    6    6   10    5    9
   29   23    9   11    2
   22    5    6   12    8
   22   13    3    6    7
    5   23    9   11    7
   22   17   12    9    6
   17    1    6    8    7
    1   21   12    6    7
   20   12    2   11    4
   19   11    5   11    9
   17   10    8    6    8
   16   11    8    4    8
    7   29   10    5    2
   18   25   11    8    1
    5   29   11    1    4
    5   24    9    1    8
   11    1   11    4    7
   27    4   10    8    7
    2   22   12    9    7
   14    9    9    7    7
   12   14   11   11    8
   29    1   10   12    2
   28   12    3    9    5
   13   17    2    4    5
   24   17    1    5    4
    7   21    4   11    6
   16   24    4    4    5
   29   24    5    9    3
   17   25    2    5    3
   23   15   11   11    6
   10   27    9    7    3
    3   24    7   12    3
   18   19    7    1    3
    8   19    5    8    6
   10   22    3    4    3
    1   18    7    7    3
   17   15    1    9    4
   12   29    4    1    4
   19    9    2    3    7
    7    1    5    2    6
   29   11    1    2    5
   13   18   12    4    2
   26   26    6    1    3
   17   11    5    9    2
    9   12   12   11    2
   28   27    4    1    3
    2   10    9    4    2
    8   24   12    8    6
    7    8    1    1    5
   27   21   11   12    4
   29   26    9    7    5
    7   16    2    9    4
   28   28    4   12    7
   16    1    2    1    3
   26   23    7   12    3
   13   20    2    7    3
    7   17    2    6    3
   16   25    8    9    6
    8    3    6   10    3
    9    4   11    4    3
   17    3    1    3    3
    8   18    3   12    3
   23   17    3    8    3
    7    2    2   10    9
    5   11   12    7    8
    7    4   10    9    3
   17    6    4    6    3
    3    6    7   12    3
   15   28   10    6    2
    9   16    9    6    8
    1   28    8   11    4
   13   16   10    3    3
   26    1   11    8    3
   29   25    5   12    2
    3   29   10   10    3
   30   16   12    7    2
   21   10    7    1    3
   26   21    8    9    8
   24   20    2   12    6
   10    1    3   10    4
   23    2    3    8    1
   15   12    7   11    2
    8    6    9    7    3
   26   20    4    8    3
   22   27    6    1    2
    4   19    3    9    8
    4   26   12    7    7
   10   10    2    4    3
   26   10   11    3    2
   25   14    2    8    2
   25   12    9    6    4
   26   27    7    2    3
    8   26    1    2    4
    8   14    4    6    2
   24   10    3    8    2
    4    3   12    2    3
   16   28    5    6    3
   21   19    4    6    8
   21    4    9    6    8
    6   25    7   12    2
   25    5    4    5    8
   19   25    5    6    2
    9   29   12    8    2
    6   12    8   10    9
    1   23    2    7    5
   18   15    9    3    5
   21   14    3   12    9
   23    8    4    1    9
   27   11   12    1    5
   30   15    4    4    4
   10   25    8    1    3
   10   16    8    9    3
    5   18    8    6    3
    1   14   10    4    3
   20    1    2   10    4
    6   14   10    9    8
   19   16   12    1    5
   30   13    3    7    3
   24   19    3    7    4
    4   11    3    1    9
    5   21   10    3    5
    7   28    3    8    4
   22    8    3    3    3
   16    2    1   11    7
   21   16    2    4    8
    5    4   10    3    3
   18   11    9    9    3
   14   23    3   11    7
   28    6    9    6    1
    3   25    7    4    3
   12   26   12    6    2
    7   13    1   11    1
   23    7    8   10    1
   17   28    4    7    1
    4   10    4   12    3
   30    5    3    2    3
   10   30    4    9    2
    6   27   11    5    8
   22   23    6   11    7
   14   29    8   11    6
   15    4    5    1    5
    9   21    8    9    7
   16   26    8   11    7
   29   29    9    8    5
    2    6   10    5    2
    5    6    6    5    2
   11    6    5   12    3
    5    9    2    6    4
   18    4    2   10    2
   20   18    4   10    3
   10   15    9    6    2
   30   19    9    1    2
   23   27    1    7    7
    3    7    6    1    3
    2    1   10    8    2
    3   20   11    7    2
   27   16    3    7    2
   19    3    4   11    5
   22   18    1    1    5
   12   19    2   10    5
   30   26    4    3    3
   22   22    2    9    2
   20   16    8   11    7
   14   17    3   11    2
    2   21    7   10    8
   13   13    5    6    1
   22   11    7   10    2
    2    4    6    8    6
   30   23    9    5    7
   17   21    9    9    7
   27   13    7    4    3
    2    5    4    9    8
    6   26   11    9    6
   11    3   11    4    8
   23   11    6   10    3
