   29   26    6    7    2
   27   13    5    4    7
   22    2    8    2    1
    2   19    6   11    2
   20   14    9    4    3
   21   21    3   10    5
   29   12    9    5    2
    1   30    3    6    3
   24    6    2    8    1
   21   25    7   11    4
    3    3    2    6    9
   14   15   12   11    8
   28    8   12   10    7
   23    3    1   12    6
    5   19    6    9    5
   22    5   11   10    4
    7   25    3   10    2
   15   13    3    5    1
   12    5    2   12    3
   29   28   10    6    5
   23   17    8    4    5
   20    4    5   12    8
   18   20    2    6    9
   18   18    8    6    6
    9    7    9    6    1
   12   22    6    4    1
   25   28    9   10    2
    7   20    5    2    1
   19   22   11   10    7
   24    5    3   10    5
   25   17    5    2    4
   18    2    4   11    3
    7   10   12    3    5
   18   21    5    4    4
   23   19    9    7    1
   20   13    5    1    6
   30    9    6    4    1
   13    6    7    7    8
   20   29    9    2    6
    9   11    2   10    1
   21    2   10   12    1
    5    1    3    8    9
   12   19    2    7    1
    7   14    6    2    4
   27   21   10   12    1
   10    8    1    6    7
   25   19    9    6    1
    2   16    8    8    1
   28   27    9    8    9
    7   30    4    2    9
   28   12    9   12    1
    1    1    3    8    3
   21   14    8    8    6
   25    8    6    8    5
    8    2   12   11    1
   21   19    8    5    1
   23    8   11    9    1
   16    7    3    9    3
    2   30    7   12    4
   30    8    8    6    2
   28   19    5   12    1
    2   28   10    4    1
    9    9    9    6    9
   14    1    9    1    1
   28   11   10    4    4
    2    3    7    9    1
   20   19    8   11    2
    1   12    4    3    4
    8    4   12    2    1
   27   30    5    1    3
   15    3    4    1    6
   11   27    8    8    1
    9   23    8    8    1
   28   17    6   10    1
   13   16   10   11    9
   19   18    5   11    6
    3    1    9   10    5
    3   25   12    2    1
   25   13    1    4    7
   26    1    7    8    9
   14    6    9    2    1
   27   14    4    3    1
   16   23   10    4    2
    2   29   12    5    1
   30   10   10    9    4
   21   28    4   11    1
   18   24    5    3    3
   20   25    5    1    7
   30   18   11    8    7
   15   22    4   10    6
    5   10    6    9    8
   21   24   10    3    1
   26   15   10   12    1
   23    1    1    8    1
   14   11    1   11    1
   21   22    5    3    3
   26    6    2    1    4
   18   29    4    1    1
   24   24    4    6    7
    9   14    1   10    1
    1   15    6    1    6
   18   15    8    8    9
   19    4   10    8    8
    8   14    6    5    1
   24   27   11    2    5
    4   16    5    1    1
   25   27    2    5    1
   17   10    4    6    5
   13   21    2    9    1
   29    7   10    9    3
    4    2   12    6    1
   15   25    4   12    6
    5    9    4    5    1
    2   26   12    2    1
   26   22    3    8    1
    9   13    4    8    1
   21   20    6    6    3
    1    9   11    8    6
    1   17   11    1    9
   11    6    4    2    1
   30    6    3    6    1
    7   27    9   12    7
   13   11   10    6    9
   26    5    8    1    1
   29   17    5    6    1
   21   26    6   11    6
    9   12    6    6    3
    5   27   12   12    2
    7   12    2    7    1
    6   15    8    1    1
    3   26    2    2    1
    8   20    7   12    4
   21   15   11    9    5
    2    5    2    6    3
   28   28   12    2    7
   14   18   12   10    5
   16    1   11    7    7
   27   23    1   10    1
    3   21    1    1    3
   28    5   11    7    1
   26   27   10    1    4
    2   20    3   12    4
   29    9    8    8    5
    5   25    5    9    5
   19   30    4    6    4
   14   23   10    1    1
    6   17    9    5    1
    2    7    7   11    7
   16   29    3    1    9
   23   28    7    3    2
   14   30    4   12    7
   25   12    6    4    1
    6   18    3    7    6
    2   27   10    6    5
   28   22    5    1    4
   29    1    4    6    6
   11   25   11    4    1
   25   24    3    9    3
   22   17    3    4    6
   23    7    5    6    7
   27    3    4    8    2
   19   19    7    5    7
    9   16    5    8    2
   14   13    8   10    1
   16    5    5    9    1
   18    7    3   12    3
   22   16    4    8    4
   17   21   10   12    6
   27    1    7    1    5
   23    2    1   12    1
   23   12    9    2    6
    4    4    6    7    3
   12   11    8    5    2
   13   26    9    8    1
   20   27    5   11    1
   10   12    7    9    4
    6   20    3   12    1
   13   18   11    4    1
   27   19    2   11    5
   19   14    2    5    4
   12   30    7    6    8
    4   24    2    6    2
   22   25    8    7    1
   22   29   11    2    4
   30   25    7    9    4
    8    7    2    5    2
   26   11    3   12    2
    3    4    1    4    9
   14   24   12    4    4
   14    4   12    2    5
    5   20    7    8    1
   12    2    2   11    2
   11    1    2    2    3
   30    5    2    3    6
   13   19   12   12    5
   11   11    5    8    1
   20   23    3   11    1
    5    5   12   11    9
   22    1   12    1    7
    6   25    2    9    1
   22   22    6   10    6
    8   21   11    3    5
   22    4    4    3    1
   29   29    1    4    6
   12   18    8    8    4
    8   24    8    8    7
   10   25    8    8    1
   10    2   10    3    8
   11    2    8    8    2
    6   29    5    6    1
   28    7    7   11    1
    8    1    4   10    1
   10   29    5    3    6
   16   11    8    6    4
   22   23   12    1    1
   17   17   10   11    8
   21    5   10    9    4
   15    5    9    8    3
   15    8    1    1    2
   18   17    1    5    4
    6   12    9    7    9
    7   24    9    3    4
   27   16    1    1    3
    1   24   10    5    2
    9    8    1    3    2
   26   17    8    6    1
    1    7   11    8    9
   19   11   12    6    9
   21   10    4    8    6
    9   26    9    2    1
    5    4    7   12    9
    2    9    4    8    2
   15   19    4    7    1
    8    6    9    5    1
    5    6    1    9    1
   14   25   10    9    4
   24   30    4    7    3
    2   17    2    2    7
   27   29    9    5    1
   27   12    7    3    3
   21   12   11    1    9
   15   16    4    7    4
   20   11    3   11    3
   22    7    4    6    6
   16   25   12    8    2
    7   17    4    4    1
   20   10    4    2    1
   14   14    1   11    6
   22   20    8   12    1
   29    5    2   12    1
   26   23   12    8    3
    3   29    9    2    2
   16   26    1    4    1
   27    9    7    2    1
    3   20   11    2    1
   25   26    3    2    4
    8   11    2    5    6
   13   24   11    7    1
   23    5   12    3    1
   17    4    6    7    1
   29   25    2   12    7
   19    8    2    4    3
    8    5    9    6    4
   22   24    6    9    9
    6   22    9    9    1
    7    4    2    7    8
    7   19    5   12    6
    5    3   11    1    5
   10   10    6    1    4
   12   26   11    5    3
   15    9    6   11    6
   12    3    1    1    3
    1   21   12    7    1
   10   18    7   11    6
   13    4   12   12    3
    3   30   10   11    2
    1   28   12    2    4
   26   24    3    8    4
   21    9    4    6    1
   20    1    4    6    4
    8    8    1    9    3
   23   23   10    6    9
    5   13    7   12    9
    4   18    6    2    4
   19   29    1    9    3
   22   14    1    7    1
    7    7    5   12    3
    5   18    2    3    9
    8   16    1    8    6
   22   10    8    6    5
    4   27   11    5    4
   11    5   10   10    3
    9   17    6    8    2
   19    9    8    1    2
    7   13    7    5    2
    6   27   11    1    1
   21   29    6    4    1
    3    9   12    2    1
    3    6    2    7    1
   20   28    2    7    1
    9   20   11    6    1
   27   18    9   12    4
   10   14   11    1    1
   20   16    8    3    1
   16   30    3    8    1
   24   23    8   10    1
   28   30    9    1    1
   22    3    3    4    4
   14   29    4    9    5
    8   27   10   10    3
   11   15    6    9    1
    4   12   12    8    2
    4   26    8    2    4
   16   10    2    3    6
   23    4    6    8    5
   20   12    2    1    3
    9   28    2    6    4
   15   17    4    7    2
   16   14    1    9    3
   17   30   11    4    7
    9   10    6    3    1
    6    4    4   10    3
   19    1    8    7    2
   19   26    5    6    2
    4   28    4    6    7
    8   29    2   12    1
    4   15    8    6    4
   29   13    3    5    6
   13   10    2    4    5
   17   13    3    7    8
   30   26    2    5    3
   14   12    1   11    2
   22    8    7    7    1
   19    6    8   12    1
    6    1    8   10    1
   22   11   11    8    1
   25    1    2    2    5
   12   13    9    4    2
    7   21   12   12    3
   26   28    3   11    1
    2   15    3    6    2
   14   17    8    2    1
   19   17    8    2    2
   13   22   10    6    6
   10   27   11    1    5
    3   14    4    6    4
    2    6    7    3    1
    9   24    7   12    1
   19   24   10   11    3
   10   11    9    1    9
   16   16   10    2    7
    6    6   12    7    9
   27   27    9    4    9
    2   14    2    2    9
   26    7    9    4    4
   21    4    8    9    6
   13   30    9   11    9
   30   23    7    9    8
   10   24    5    9    4
   23   21    9    5    3
    4    1   11   12    2
   28   24   12    3    1
    6   16    3    9    1
   18   16   12    3    6
    3   18    1    5    7
    1   18   11   10    7
   11   17    3   10    4
    3   24    6    7    3
    8   12   12    3    3
   11   30   12   11    3
   22   30    7    9    5
   18    8   10    5    7
   22   18    7    9    4
   10   19   12   10    5
   17    8   12    7    5
    3   19    5    3    5
   23   10    4    1    6
   30   30    2   10    8
   10   28    5    1    3
   23   18    1    8    2
    6   28    2    7    1
   13   23    1    7    6
   29   15    5    1    5
    6   21    8   10    3
   26   26    5    6    6
    3   16    1    5    7
   25    9    3    2    5
   13    8    9    8    4
   13    1    9    5    4
   15   24   10    3    9
   12   17    1    6    7
    3   17    6    5    3
    7   11    4    2    3
   10    6    2    2    1
   30   21    4    8    4
   11    3    9    7    6
   18    9    3    8    1
   15    7    1    3    1
   20   20   12    7    7
   30   15   10    4    4
   10    1    6    4    4
   26   18    9    5    5
   15   27    7    3    5
    5    7    2    2    7
   30   20    7   10    5
   17    5    6    3    4
   25   25    5    2    3
    2    2    7    5    5
   18   25    4    5    6
    9    4    9   12    1
   17   24    9    6    1
    7    3   11   10    7
   24   11   10    6    7
   26   20    5   11    7
   27   22    7    4    5
    3   13    3    1    8
   14   26    7    2    4
   16   17    8    8    3
   15   23    4    7    2
   25    4    3    4    6
   20   24    1    9    5
   23   25    5    3    1
   10    4    3    8    1
   15   15   12    3    1
   11   18    2    9    3
    4   11    9    5    2
   13   28    5    6    1
    6    9    8    3    1
   23   29    2   12    4
   23   11   10    1    3
    2    1    5   12    2
   15   20    2    2    4
   21   16   11   12    4
   24   12   10    2    4
   13   13    8    4    9
    8    3   10   11    8
   28    3    3   11    6
    6   23   12    5    1
   17   27    5    6    4
    8   26    4   11    3
    4   29   11    6    6
   14   28    1    9    3
   21   11    4    3    4
   22    9    7   12    6
   28   15   10    9    5
   12   12    9   11    3
   29   11    5   10    4
   13    2    2    7    3
   20   17    9   10    6
   16   19    6   10    4
   24   29   12    3    5
   14    5    7   11    4
   15   10    3    6    4
   10   26    2    4    4
    3   10   12    4    4
   24    2   11    5    3
   15   12    1    1    2
   12   16    5    1    1
   16   28    3    2    1
   28   18    4   10    6
   16   24    6    4    4
    2   25    9    5    3
   30   29    8    3    7
    7    6    3    5    5
    4   30    4   11    5
