   17   21    8   10    1
   15   17    3    4    1
   29   21    3    5    1
   30    8    3   12    1
   22    1    1    6    1
   22   29    9    8    1
   18    1    5    9    2
   14   16    2    7    2
   22    3    1    6    2
   18   30    6    4    1
   20   11    1    9    1
    7    1    5    5    1
    1   20   12    1    1
   18    3    3   12    1
   22    9   12    2    3
    9   30   12    1    2
    4   26    3    6    2
   15    9    7    3    2
    4   14    1    7    2
    3   12    7    4    1
   18    6    9   10    1
   13   13    4    3    4
   20   14    7   12    2
    8   20    2    1    2
   19   28    2    6    5
    1   26    6   12    2
   22   25    9   10    2
   26   12   12    5    1
   29    8   10   12    1
   25   24    6    2    1
    7   11   10    5    1
   26   29    5    7    1
   27   18   10    7    2
   29   19    7    9    1
   13   15    9   10    2
    9    6    6    5    1
   12   15    4    2    2
   11   23    9    3    2
   22   26    8   11    2
   15   10    1    4    1
   10   27    3    3    3
   11   13    4    5    4
   29   11    9   11    1
   14   12    9    6    3
    9   14    7    9    1
   18   14    7   12    1
    1    8   11   10    2
   13   18   11    9    2
    7    6    5    8    3
   10   26    3    2    2
   12   11    5    3    1
   16   29    2    4    2
   11   21    8    9    3
   10    9    7    5    1
   29   25    9    4    1
    8   26   11    1    1
   10   28    9   10    1
   13    3    5   11    3
   17   22    5    7    1
   16   27    9    5    4
    2    3    1   10    2
    8   24    7    6    1
   27   26    2    7    1
    4   16    4   10    3
    1   12    2    8    1
   12   19    2    8    5
   19    6   11    8    1
   21    1    2    2    1
   19   26    8   10    1
    7   10    9    6    1
   30   14    7   10    2
   17    1   11    6    2
    1   19    3    7    1
   13   29    7   12    1
   20   25    7    2    1
   22   22    2    1    5
   29   30    5    5    1
   17   11    4    5    1
   12   13   11    9    2
    9   18    3    4    1
   14   22    4    8    1
    7    3   10    1    1
   16   20   11    2    1
   24    6    2   10    2
    7   23   12    1    1
   20   26   10    3    3
   11    4    8    6    2
   19   13    4   10    3
    4   23   11   10    1
   29   12    5    9    1
   23   17    8   11    3
   11   14    9    8    1
   27   27   10    1    6
   21    2   12    1    4
   17   25    4    5    1
   10   21   11   10    1
    6   27   12   12    1
   23    9   12    6    1
   24   28    8    2    3
   20   28    9    2    1
   20   21   11    6    1
   19   14    4    8    1
   16   17   11    8    1
   12    8    8    3    1
   19   17    6    5    1
    7   28    4    6    4
   13   26    4    5    1
   20   24   12    5    1
   20   20    9    6    5
   17    3   11   11    2
    4   20    3   10    1
   25    9    2    5    1
   19   22    3    1    4
    6   15    9   12    2
   18   24    2    8    1
   25   15    9    4    1
   11   24    5    9    1
    7   20    7    4    1
   29    1   10    9    1
   16   10    4    4    1
   30   13    2    2    3
   15   11    2    2    1
    6   10    7   11    1
   26   26    5    1    1
   30   21    5    2    1
   10   17    2    9    1
   27   29   10    1    1
    4    2    3    4    3
    5   19    5    2    2
    8   10    7    1    3
   21   16    7   10    2
   25    4    8    6    1
    2    8    8    9    2
   26    6    3    4    1
   12   22   11    5    1
   25   10    5   12    1
    1    3    7    1    1
    7   29    3   12    1
    9    3    4    8    1
   11    9    4    1    1
    1   16    8    6    2
   20   10    9   10    1
    7   27    3   12    1
    9   13    8    3    1
   24    7    9    2    5
    2    7   11    3    2
   18   18   12    7    2
   12    4    5   12    3
   23   30    1    8    3
   21    4    2    8    1
   20   13    3    8    1
    6   30    1    5    2
    3   10    6    4    1
   25   30    2    9    1
    9    2    6    7    1
   13   16    2   10    1
   12   20    6    5    1
   27   11    5    3    2
   11   26    4    6    1
    5   21   11   11    2
    8   15    7   12    1
    8   28    1   11    1
    6    8   11    7    1
   29   28    4    1    1
   26   18    4    4    2
   17   18    8    5    1
    7   25    8    8    1
   19   18   12    4    3
   30    7    4    9    2
   18   21    3   10    1
   24   27    5   12    1
   15   30    5    2    1
    9    9   10    5    3
   28   25   12    1    1
    7    9    1    6    2
   21   19   10    7    2
   19   30    3    7    1
   16   16    2    5    7
    8   25    4   12    3
    1   27    9    5    3
    6   28    3    9    1
   15   26   12   11    1
   20   18    3    6    2
    7   15    3    2    1
   17   17    7    6    7
   16    6   12    6    1
    5   24    2   11    1
   18   29    8    5    1
   14   24    1    7    1
    1    1   12    9    1
    4    5   12    8    1
   18   11    8    2    2
    5   29    5    9    2
   17   28    5    9    1
   11   16    7    3    2
   19    7   12    2    3
   21   23    2    5    1
   25    6    6    1    1
   24   17    2    5    1
   19   16    2    5    3
   28   11    8   12    1
    1    2    8    9    3
    2   26    3    9    1
    1   23    7    7    1
   22    6    6   11    1
    4   27    2    2    1
   16    9    5   12    1
   19   27    2    3    2
   22   28    7    7    3
    2   19    2    9    5
    9    4   12    4    1
    1   25   11    6    1
   21    9    7    3    1
   17    2   11   12    1
   30   30    4    2    6
    8   19   11   11    1
   16   23    1    1    1
   28   16   10    5    1
   14   21   12    4    2
    6   21    3    8    4
    1   11   10    4    2
   21   12    3    6    5
    2   10   11   10    1
    1   15    6   12    2
   30   27    4    4    1
   23   26    2    2    3
   10   13    4    5    1
    5   27    9    8    1
   25   13    1    3    1
   25   23   10   12    2
    2    2   11    6    1
   25   27    2    6    1
   20   22   10   12    1
   19    9    9   11    1
   16   18   11    7    1
   10    5    1    6    4
   12    2    3    6    1
    3   14    5   11    1
   11    5   12   10    1
   18    4   11    7    1
   23   14    4   11    1
   27   14    8    6    3
   16   22   11   12    1
    5   18    4    6    1
   12    5   10    4    2
   13   28    7   10    1
   30    4    9    3    2
    5    9    9    9    1
   22   30   11    4    1
    8    7    8    3    2
    6    1    9    3    1
    5    3    7   12    3
   26   16   10    3    4
   27   28    6    5    1
   28   15    1    7    1
   12   18   12    3    1
   21   28    2   12    1
    5   17    3    7    1
   18   22    5    5    2
    2   27    8   10    1
    7   16    2   10    1
   23    5    8    7    1
    6   13    7    6    1
   20   23    8    9    1
   18   25    4   10    3
   19   24   11    3    4
    2   20    9    7    1
   17   14    6    5    1
    3   30    3    7    1
   29   29    6    5    1
   27   12    9   10    1
   26    9    2    2    5
   28   30    7    6    2
   13    8   11   10    2
    3   11    6    8    2
   10   14    3    5    2
   24   29    3    2    3
    2   25    6    2    1
    1   10    6   11    1
    6   20    7    1    1
    4   29    1    5    1
   30    2    5    7    1
   23   29    6    9    1
   26    7    7    9    2
   24   23    3    6    1
   19    3    6    9    6
   14   29   10    5    1
   24   10    5   11    1
    6   17   11    8    2
    7   13    3    7    2
   30    1    4    4    1
   26    3    9    5    1
   28    2    4    1    1
    2   14   12    5    1
    6   11   12    2    2
    3    6   11    5    3
   17   12    3    3    2
    8   23    9    5    1
    4   15    8    6    2
   11   19    6   12    2
   23   28    8   11    4
   10   30    1    1    2
   21   15    6    2    1
    7    7   10    1    4
   26   25    1    9    5
    8    9    9   12    1
   21   25    3    7    1
    5    7    9   11    3
    4    4    2    6    4
   30   16   12   12    2
    5    8    7    3    1
   14    7    6    4    1
   17    4    8    7    1
    8   16   12    7    4
   19   19   10    4    1
    5   13    7   12    2
    6   29   11   10    1
   26   24    2    8    1
   28    1    6    2    1
    2   24    6    6    1
   28    4    4    6    1
   11    2    7    7    1
   24   30   10    4    1
   10    4    7    4    1
    8   14    1    2    4
   25   11    6    1    1
    2   22    4    8    2
   21    8    8    7    2
   23   23    3   12    3
   15   15    8    2    1
    5   25    8    6    1
    5    6   10   12    2
    9   12    6   10    1
    6    6    9    4    8
   13   24    4    8    2
   13   14   11   10    1
   16    3    3    9    1
   22   21    8    3    2
   22   27    9    5    1
    8    8    2   10    7
    6    2    5    4    5
   20   29    9    1    1
    2   15    9    8    1
   17   26    5   12    5
   14    5   10   11    1
   21   26    1    7    1
   17    7    9    1    4
   12   10   11    1    2
   29   10    1   12    1
    5    5   12    2    7
    1   24    8    8    1
    1   13    1    1    2
   19   23    9    1    1
   23   27    9   12    6
   23    2   11   11    4
   25    3   12   10    1
   28    3    6    9    2
   15   22   10    8    3
   24   24   10    5    2
   16    2    9   10    1
   10   23    1    5    1
   15   29    2    9    1
   27   17    4    7    1
   27   15    9   12    2
    5   22    1    7    1
    3    8    4   11    4
    4    3    5   12    2
    9   17   10    4    1
   24    4   11    1    1
   16   24    1    1    1
   17   13    2   11    1
    7    4    4    5    1
   23   13   10    5    1
   27   13    1    1    1
    4    6    8    1    1
   27   20    8    4    3
   23   15    1    3    1
   28   26    1    8    6
   15   19   11    7    2
   28   28   12    8    5
   12   23    4    9    1
   15   14    6    5    1
    5   26    4    4    1
   20   15    3   12    1
   25   19   11    3    1
   25   25   12    1    4
    5   28    1    9    1
    4    1    2    7    1
    3   23    5    5    1
    8    4    7    9    1
   11   10    1    1    1
   12   25    5    4    1
   22   24   10   11    1
   15   24   12   10    2
   14   14    9   10    5
    2   13    9    3    1
   10   19    7    2    1
   11   11    7    4    1
   18    8    4    4    1
   12    6    3    8    2
   18    2   10    9    1
    4   19    4   11    1
   17    8   10   11    1
   11    8    9    1    2
   27    3   10    7    1
   26   14    4    9    2
   16    5    2    2    1
   17   30    9    6    1
   24   21    1   11    1
   18   15    2    3    1
   24   12    4    3    1
   30   11    1    5    1
    7   21   11   12    2
   20    5    9    7    2
    9   28    5    4    1
   14    6    3    5    2
   28   14   12    7    1
   13    4    5   10    1
   30   12    5    7    1
   12   16    4   10    1
   11   22    3    1    1
   27    8    9    7    1
   17   20    4    8    1
   29    9    8    2    1
   30   26    4    2    2
    8   22    1    4    3
   17   29    6   12    2
   28   18    1   11    1
   21   21   10    8    6
   18   23    9    5    5
   12    7    4    5    1
   27   21    6    1    1
   29    2    7    1    1
   19   20    2   12    1
   20    3   12   12    1
   12   28   10    1    5
   30    5    7    5    1
    3   29    8    4    1
   24    9    3    7    1
   30   20    7    5    3
    1    5    6    9    1
   20    9    7    2    1
    3    3   10    8    1
   14   25   10    6    1
    9    1    3    9    1
   15    3    2    5    1
   21   13    4    6    1
   14    1    4    9    1
    2    5   12   10    1
   15   16    7    2    1
   27    9    6    4    1
   16   25    4    2    1
    4   22    7    5    1
    3   21   11    1    1
   13   22    9    5    1
   24    3    9    2    1
   22    7    3   12    3
    6   23    4    9    1
   15    5    1   12    7
   23   22    2    4    1
    7   18    7   10    1
   10   10    5    4    4
   12   12    4    3    1
   10   18   11    1    1
   10   22    1   10    1
