   23    6    7   10    2
    1   25    2    9    5
    3    3    6    1    8
    6    5    9    7    1
   16   13    4    9    5
   26    2    9    3    3
   17   10    6   11    8
   20   14    8    3    7
   30   11   11    3    4
   23    1    7    2    4
   10    6   11    3    2
    8   23    2    9    1
   11   11    4    7    6
   15   15    5    3    8
   28   12   11    4    5
   23    2   10    4    4
   18   24    1    3    5
    7   25    4    6    6
   14   19    1    5    7
   17    7    9    4    3
   25   23    4    2    4
   25    5    7    9    3
   15   25   11    8    6
   24    6    8    5    1
   16   22    6    4    6
    4   11   12    8    2
   15    6   11    7    1
   10   30   10    3    4
   12   20    7   10    4
   17   26   12    8    3
   25   16    8    3    2
   11    8    8   12    3
   29   29   11    2    6
    9   19    2    1    6
    2   14    5    4    7
   19    6   10    9    6
   28   13    3    7    2
   18    3    3   10    7
   14    8    7    3    6
   13   30   11   10    3
    4    9    8    3    5
   22    7    9   12    6
    7    7    9    8    3
   24   14    3   12    3
   27   27   11    2    8
   14   16    8    7    3
   21   11    5    1    9
   11   18    7    1    7
   13   25    7   11    4
   30    1    7   10    6
   13   11    8   10    5
   11   28    1    4    2
   11   14   11   11    3
    3   20    5    5    1
    9   26   12    9    4
   23    7   12    9    5
   29    1    4    5    4
   21    3   11    7    4
   27    9    9   11    1
    7   30    6    1    6
    3   17    8    5    4
   10   23   11   12    7
   12    1    3    2    3
   19   22    8    7    4
    4    4   11    2    7
   12    8   11    4    2
    8   16    3    2    4
   11   20    7    2    6
   20   22    2   12    4
   20    7    5   10    1
    1   19   10    2    7
   19   28    9    7    7
   30   20    6    2    4
   15   24    5    3    6
   12   26    2    9    6
   29    9    3   11    7
   11    1    3   11    6
   22    2    3    3    8
    1    1    3    1    9
   10    4    6    4    7
    7   28   10    8    6
   15   23   10    1    7
   25    6    4    7    4
    2   11    2    9    4
   29   23    1    3    8
   17    5    8    4    6
   26   13   11   10    3
    5   30    6    6    3
   18   10    1    2    8
   25    8    1    7    7
   25   14    4    3    6
   21    2    4    9    7
    6   16    1    1    7
   13    9    3    6    7
    5   19   12    1    6
    9    3    6    1    3
   12    9    6    9    1
    1   20    2   10    6
   17   23    1    1    4
   30    2   10   12    7
   11   25    8   12    3
   26    7    8    5    6
   19    8   11    9    7
   29   22   12    4    4
   29   20    4   10    8
   20   20    2    4    9
   28   29    3    7    4
    7    6    4    8    4
   19   29   10    1    4
    2   28    9   10    2
   30    3    8    5    6
    8   18    7   10    6
   26   26    1    8    7
   30   16   12    4    5
    4    5    4    2    8
   22    5    7    6    7
    2   10    2   12    5
   11    9    2    1    8
   19    4    2   11    8
   12    3    3   10    7
   11   27    7    4    6
   30    4    5   11    7
   20    2    2    7    7
   11   23   10   11    8
   24   28    6    6    6
   22   10    9    2    7
   11   19    2   12    8
    4    7    5   11    7
   22   26   11   10    3
    7   24   11    1    7
   20   17    9    9    8
    4    8    4    3    7
   28   14    1    7    4
   19   27    7   11    3
   12   23   10    9    7
   21    1   12    9    5
   19   10    2   10    6
    3    5    2   12    7
    6    2    2    1    4
   27    5    8    1    4
   20   18    4    6    6
   15    5    7    7    8
    3   29    9    9    3
   12    7    9    4    6
   16   26    8    4    7
    9   28   10   12    2
    3    1    4    5    6
   22   22    1    7    6
    2   29    4    5    7
   27   12    4   11    6
   19   24    9    8    6
   21   17    6    8    8
   22    8   12    3    9
   13   10    8    3    8
   12   22    8    9    7
   15   26    4    5    7
   14    9    4    1    6
    4    2   12    1    7
   26   10    6    9    4
   24   25    7    6    3
   17    9    4   11    3
   20    6   12    5    2
   24   20   12    8    6
    7   15    6    4    1
   10   25   11    8    2
    1   26   12    4    4
   28   21    7    7    6
   11   26   12    3    4
   23   16   11    5    4
   14   18   12    3    6
   16    7    2    2    3
   30   22    9    4    6
   16   18    5    8    8
    2    2    7   11    8
    9   23    4    8    6
   27   13    2    3    2
   14   15    4   11    3
   26   30    9    4    3
   26   27    7    6    3
    1    9   11    2    6
   30   12    9    9    8
   27   18   10    9    9
   11   10    3   12    3
    4   22    8    9    5
   14    7   10   12    6
   14   29    4    7    4
   13    5    8    4    7
   17   13   10   10    3
   30   15    8    9    4
   18   25    2    1    6
    9    6    1    6    2
   10   12    9    7    1
    5   24    8    2    7
   16    1    7    7    8
   22    3    1   10    6
   28    5    1    1    2
   27   20    9    5    4
    7   27    5   11    6
   23   23    1    6    7
   30   23    6   10    6
    4   17   10    1    9
    9   25    8    2    2
   17   18   10    5    7
   24    4    6    5    6
   30   30    7    8    9
   24    3    3    7    9
   21   27    9    1    5
   17   29    2    6    6
    9   30    2    9    2
    5   16    8    4    3
   21   19   11    9    7
    1    6    4    9    3
   12   25   11    8    4
   16   19    8    8    6
   16   24    1    1    3
    9   15    5   11    2
   22   13    1    3    2
   21   24    8    9    3
   24   26    7   12    7
   20    4   10    3    8
   20   10    7    8    6
    8    6   11    7    3
   11   29    2    8    2
   12   19    8    5    9
   26   21    6    3    4
   15   10    9    6    6
   26   28    5    1    2
    6    6    9    4    9
   22   18    5    5    6
   30   14    8    2    9
    4   25   11    1    6
    2   16    4   11    4
   10    5    8   12    3
   19   19    3    9    9
    6   28   11   12    7
   27    2    7   10    8
   25   28    5    6    2
   19   18   12    1    6
   21   21    3    5    4
   23   20    6    3    3
   28   23   11    8    4
   21   22    1    4    2
   15    2    6    8    1
   14   12    9    6    9
   21    8    8    9    9
    9    8    6    2    8
   24   12    1    4    2
   13    1    2    7    7
   17    8   12   10    3
   16   15    9    6    7
   23   19    4    3    6
   11   24    2    2    6
   27    8    7    1    4
   12    2    8   12    8
   30   18    8    6    7
   23   27    5    5    4
   24    8    6    8    5
   27   16    6    7    4
   21   15    3    7    2
   29    6   10   12    1
    4   23   10    9    3
   19   20    3   11    6
   24   10   10    6    2
    3   10    6    7    3
   18   29   10    1    6
   26    4    9    8    6
   28   20   11   11    2
   14    1    9    4    5
   18    2    9    9    7
   27   25   10    9    3
    9    9    2   10    9
   26   14   11   12    8
   27    1    1   10    7
   13   18    2    1    8
    8   20    5    1    8
   16   12    7    5    5
   21   23    2    1    4
   28    8   10    4    3
    4   18   12    9    8
   15   13    5   10    6
   29   26    1    8    4
   21   13    3    9    7
   20    9   11    7    7
    3    4   10    7    6
    9    7    4   11    3
    1    5   10    7    6
   18   12    5    2    3
   21    5    8    6    2
   25   17   12   11    7
   29   15    6    8    6
   12   21    2    6    9
   13    4    9   10    8
   10    9    8   10    6
   30   19    4    7    4
   13   19   12   10    7
   14    4    2    6    7
   27    4    9    8    2
   17   14    4   11    6
   28    1    9    3    1
   15   19    6   11    3
   30   24    9    7    2
   21   29    8    5    3
    3    2    1    7    1
   29   25    4    7    8
    9    2    3    7    8
   15   22    5    8    3
    6   17    9    4    4
   29    5    3    6    4
   30   21   12    3    7
   13   13    5    2    8
   10   21    3   12    7
    9    5    5    5    4
    8   29    7    4    3
   15    8    6   11    4
   14    3    3    5    3
   22   11    1    4    2
   29   27    3    7    7
   14   14    9    3    8
   17   27    3    6    6
    7   18    7    3    3
   24    2    8    5    6
   25   26    9    4    4
    3   28   12    7    3
    3    7   11    2    6
    5    8   12    2    7
   15   12   10    2    2
   16   16    2    9    6
   13   24    9    9    3
    1    2    4   12    9
   10   28    8   11    7
   12   29    5    6    2
   20   25    8    5    7
   23    5    7    9    4
   16    3    4    9    5
    5   20   10    7    4
   30   28    8    7    3
   25   30    3    2    8
    8   13    9    3    3
    3    6    4   10    6
   18   23    9    5    6
    4   16    3   10    8
   13   12    1    1    6
   12    4    2   10    7
   13    6    5    7    3
   17   12    4    6    8
   25    2    7    8    8
   21   14    2    2    3
   28   28    6    9    7
   30   29    4    2    8
    5   18    1    4    2
    6   21   12    3    7
   20   15    7    1    1
    4   15   10    8    1
   28   17   11    3    6
   17   30    1    2    3
    6   27    6    3    2
    9   21   12   10    3
   18   18    1    8    7
   21    4    2   11    6
   26   19    2   10    7
    3   26    4    2    6
   24   17   11    9    5
   14   27    4    8    6
    9   16   12    8    5
    1    8    1    4    3
    7   21   12    3    4
   20   26    3   12    7
   23   13    6    8    7
   17   16    4    6    3
    6   18   12    7    4
    3   13   11   12    7
    8    2    5    7    7
   16   29    9    3    3
   10   14    1    4    6
   24   24   10    9    7
    6   22    4   12    3
    4    1    1    2    5
   13   29   11   12    4
   26    8    3    2    6
   22   28   10    2    6
   10    8   10   11    7
   28   18   12    9    3
   14    5    1    5    2
   20   16   10    4    6
   10    1   12    8    2
    7   10    4   12    4
   11   15    5   11    3
   23   24    1    4    2
    2   17    1    6    7
   21   25    3    8    4
   27   15   10   10    8
   29    7    2   11    4
    3   25   10   11    7
   21   16    5    3    4
   22   14    4    3    6
   27   10    4    9    2
   11   17   12    2    5
   22   24   10    2    4
   27   28    8    4    6
   30    6    4    5    3
    9   22   11   11    3
   19    3   10    1    8
   12   12    8   12    8
   17   19    7    1    2
   22   23    3    6    4
   26    5    8    8    3
    8    3    8   12    7
    6   11    3    4    8
   11    5    1    7    4
    9   24   10    9    6
   22   17   12    2    4
   26    6    7   10    3
   14   13    9    6    6
   28    4    5    1    3
   29    4   11    6    7
    8    8    9   12    6
   10   29    7    6    4
   18    9    6    7    3
   10   10    6    4    1
   22   27    7    1    2
   26   23    2    7    6
   20   13    3   10    3
    7    8    3   10    5
    5   12    8    6    5
   15    1    4    7    4
   11   16    4    8    6
   16   28    9    9    7
   15   17   10   11    3
    3   23    8    7    3
    7   13    2    9    2
   13    2   10   10    6
   30   27    2    3    2
    1   17   11    5    7
   23   14    6    4    6
   18    1    1    8    6
    1   24   12    4    3
   19    7    7    7    6
   21   20    7    3    4
   21   18    9    7    6
   14    6   12    1    7
    7    1    7    9    3
   22    1   11    1    2
   11   12    5    5    7
   25   25    7    3    2
    5    5   11    2    8
   15   28    6    5    6
    7   11    4    3    3
    5    7   11   10    6
    7    2   11   10    7
   25   19    2    5    3
   18   15    1    9    6
   30    8   12    9    6
   17   17    7    9    7
   24   29    7    1    2
    3   11    9   10    6
    2    5    5    4    3
   27    3    7    1    3
   22   25    8    2    4
   27   24   11    2    4
    4    6    2   11    6
   12    6    6    7    3
   26   18   12   11    2
   16   10    7    8    3
   15    3    6   11    6
   19    2   12   12    4
