    6   13   12    2    2
    5   10   11    3    4
   21   10   10    9    2
    6    3    1   11    2
    2   10    3   11    6
   29   13   12    2    6
   23   20    2   12    7
    9   14   11    6    4
    5   20    8    1    3
   16   24    7    3    2
   29    4    6   10    3
   15   30   11    6    7
   18   25   11    5    6
   22    9    7    3    1
   17    5    5    8    6
    6    8    2    3    7
   25   17    6    8    5
   13   20   10    7    2
   20   26    5    1    7
   14   28   11    5    7
   12   23    8    2    7
    9   20    9    3    6
   16    6    7    7    7
   28   27    2    4    9
    6   18   11    7    6
   21   21    2    5    8
    6    5    1    9    5
   30   12   10    4    6
   26   14    2    6    3
   29   10   11    1    3
   19   17    5   10    6
   21   17    1   12    6
   10   10    7    3    6
   13   28    4    2    4
   19   18    4    1    6
    2   26    7    9    3
    9   27    7    9    6
   23    6   12    8    6
   20    3    1    1    7
   21    1    9    9    6
    4   26    5    1    3
   25   22    5    2    2
   22   10    7   11    2
    7    9    7    8    2
   30   14    1    2    6
    6   14    1   11    6
   18    5    3    4    6
    6    9    1   11    3
   19   21   10    3    6
   28   15    9    2    8
   14    5    7    5    6
   28   10    2    9    2
    2   14    3    7    6
   27   11   11    1    5
   30    9    2    2    4
   25   24   12    3    4
    8    3    5    8    7
   14   14    9   12    7
    8   17    1    1    6
   16    5    4    6    6
   18   27   12    2    4
   30    2    4    7    4
   23   11    7    5    2
   19   19    7    5    6
   27    4    5   11    6
   21   25    5   10    6
    3   29    6    9    2
    3   30    8    2    2
   14   22    9    3    3
   18   18    8    3    6
   26   26   10    5    4
   30   30    9    4    6
    9   10   10    5    2
   20    6    8    4    3
    8    9    1   12    5
    8   16    9   10    6
   17   13    5    8    6
   11    7    3    9    5
   12   12    7    6    6
   17   28    6    4    6
   25    8    3    6    4
   11   11    9    7    7
    4   30   11   10    7
   22   18    5    6    7
    7   28    8    2    7
   29    7   11   11    2
   12    8    4    9    7
    1    6    4    5    6
   18    2   11    7    2
    2    8   10    6    6
    1    1    4   11    6
   19    8    4   11    6
    1    2   10    2    6
    1   13    6   10    6
   29   16    3   12    6
    1    8    5    5    5
   26   16    2   12    6
   25    9    5    2    3
    1   10    5    4    2
   27   16    3    9    2
   27   27   12    9    6
   25    7    2    2    7
   28   25    3    3    7
    1    4    5    6    7
    2   11   10    6    7
   24    9    5    6    2
   21   15    9    1    3
   21   23    5   11    6
   14    3    3   11    3
   15    2    4    7    3
   14    4    1    7    3
   10    6   10    5    3
   17    9   12    3    3
    5   11    7    9    6
    8   30    3    1    6
    2    4    4    2    6
   13   21   12    6    6
   24    8   11    9    3
   18   23    8    7    3
   25   26    1    6    6
   12   14   12   12    6
    7    5    1    2    5
   11   19    8    5    5
   11   30    4   10    6
   20   28   10    1    6
    6   17    9    3    3
   10   12    5    2    3
   28   22    4    2    6
   14   23    7    6    3
   22    7   11    9    6
   24   24   11    1    7
   14   21    6    1    6
    1   26    4    6    4
   21   26   12    7    5
   21   22   11    4    4
   17    4    7    9    3
   13   23    2    8    2
    2    2    4    3    3
   20   21    6    7    6
   18   16    9    5    6
   16   11    2   10    6
   25   20   11    6    3
    7   30    7    3    2
    3    7    2    5    7
   28   24   10   12    3
   18    1    6    8    3
   15   23    1   12    3
   16   22    7    5    6
    5    5   11   10    6
    4    6    2    6    6
   12   24    3   10    3
   18   11   10    3    3
   12   17    3   10    3
   11   22    4    4    3
    4   22   10    9    3
   24   14   12   10    2
    7   18    3    9    2
    8    8    1    6    2
   29   14    7    1    2
   13    3    8   10    6
    1   15    3    3    7
   14   27    9    4    3
   27    2    6    4    3
    5   29    1    1    3
   23    7   10    6    5
    1   30    9    7    3
   25   12   12    3    3
   10   16    5    4    3
   29   22    2    1    3
    8   14    3    2    3
   17   20   10    1    3
    9    1    6    1    3
    1   23    5    3    2
   20   14   10    9    7
   12   27   12    3    3
   19    3    6    5    7
   19   29   10    6    3
   23   10    6    5    5
    2   20    8   10    6
   30   28    9   11    3
    1   25    8    8    2
    7    2    3    2    4
   18   30   12   10    3
   29   25   10    8    3
    7    4    4    3    7
   16    3    4    5    7
   28   18   10    3    1
   19   26   11    3    2
    3    3    5    2    3
   29    6    9   11    3
   27   17    3    9    4
   19    9    2   12    4
   14   11    5    8    7
   30    5    2   12    5
   18    9    6   10    3
   27    1    5   10    6
    1   16    9    5    6
   16   16    5   10    7
    6   11    9    5    5
    6   27    5    2    3
   23    2    6    5    3
   16    9   10    7    7
   27    8    6    2    2
    7    7    8    1    7
   30   22    1    4    6
   17    1    9    4    2
   13   19    5    1    3
   12   28    1   12    2
   26    3   10   12    3
    8   23    5    4    2
   19   23    4    8    2
    8    7   12   12    6
    7   13    5    2    7
    8   15    2    8    2
    9   26    3    2    6
   29   11    7    7    2
   28   28   12    4    8
   12   26   11    7    6
   26   23   11    1    6
   13   24   12    3    6
    8   22   12    2    5
   14   17   11    3    6
    9    4    8   10    3
   15   16    9    5    6
   15   12    6   12    6
   30   19    7    3    5
   15   27   11    8    6
   25   27   12    1    6
   18   12    3    6    2
    9   23   10    2    2
    3    1    6    9    6
   12    4    9    6    5
   27   29    3    5    2
    6    6   12   10    6
    1   12   10    4    5
   30   23    4    5    2
   15   15    3    4    8
    6    2    7    9    6
   15   29    6    8    3
   29   21   11    8    3
   28    9   10    5    2
   20   11    8    8    5
   28   29    6    1    3
    4   23    8    8    3
   24   17    7    4    3
   23   16    3    1    6
   29   17    7    1    2
    8    4    4    8    3
   16   14    1    2    6
   30   27   12    8    6
    4    4   10    8    5
    9   11   11    5    4
    1   11    8    3    6
   26    5   10    7    6
    4   24    4    6    6
    3   28    5    6    6
   16   12    7    9    6
    3   22    5   12    4
   24    1    6    2    6
   30   17   11    6    4
   17    7    4   12    6
   12    7    2    6    4
    1   28    2   11    3
    3    5    3    6    6
    6   19    9    5    6
   20    1    7    4    3
   29   24    5    6    3
    5   19    9   11    3
    5   25   11    4    5
    5   21    5    9    3
    1   14    6    1    6
   15   22    8    7    4
   10   20    3    9    4
   17    2    4   11    4
    7   15   11    9    4
   28    4   12    5    4
    4   10    4   10    4
   12   21    4    2    7
   18   24    5   12    7
   22   27   10    5    3
   13   27    7    1    4
   29   12    7    3    3
    7   26    6    7    4
   30   20    9    2    6
    2   21    5    6    7
    3   11   10   10    7
   25   11   10   11    6
    6   26    4    1    2
   15   11    9    9    3
    5    2   10    8    3
   18   14    2    7    4
    3   21    4    7    4
   24    7    3    9    3
   30   16    8    3    2
    3   12    9    7    1
   26   17    2    2    6
   11    4   12    6    6
    9    9    1    7    6
   27   10   11   12    3
   15   10    9   11    5
   20    4   10    7    3
   13   25    9    8    5
   27   26    5    8    5
   10   19    3    9    7
   28   19   11    5    2
   23   23    6    2    7
   16   21   11    1    7
   22   17    6    6    2
   20    8    2    1    3
   20   12    8    6    3
    9   15   11    4    2
   24    5    4    7    3
   27   19    1    2    6
   27   20   10    7    2
   22   19    3    8    6
   11   10   11    7    5
    2   25   12    7    5
   11   13   12    3    5
   13   13    9    3    5
   10   13    2    5    6
   17   23    7   11    2
   10   26    4    6    6
   11   17    7    9    6
   10   24    6    8    3
    3   27    4    2    3
   30   26   11    7    3
   11   28    9    7    3
    1    7    3    2    2
   22   23    4    1    6
   13   30   11    3    2
   26   29   12    3    3
   24   22   10    9    3
   25   15   11    6    3
    6   25    7    3    2
   27    7    5   10    2
    2    9    6    7    1
   18   29    6    9    6
   17   10    4   10    5
   15   20    8    1    6
   19   12    2   10    6
   15    4    5    5    3
   15   13    6    1    3
    9    5   12    7    4
    8   18    7   12    3
   26   24    9    3    2
   28   26   10   11    2
    3   24    2    5    3
   24    2    6    3    5
   29   29   11    4    6
   12    6    1    6    5
   20   18   10    4    6
    2   29   12    9    4
   14   25    5    8    3
   12    9    9    3    2
   11   24    6   12    4
    4   16    6   12    5
   13    4    4    5    5
   24    6    9   10    3
   17   17    2    5    6
   30   21    7    2    3
   25   10   11   10    2
   16   28    2    1    3
   22   22   11    7    8
    7   19    9    7    7
   25   16    2    3    2
    8   26    7    8    2
   22   12    5   11    3
   13    8   12    2    2
   15   24    6    4    6
   19   14   10    1    6
   10    3    8    3    3
    7   14    4   12    6
   24   27    7    1    2
   15   14    1    5    4
   30    6    6   11    3
   23    3    4   10    2
   29    8    1   12    3
    6   22   10    7    3
   11   21    7    4    4
   22   13    2    1    4
   25   25    8   12    6
   19   20   11    8    5
   15   18   11    6    8
    6   28    3    1    7
   30   29    8   12    6
    8   21    4    4    3
   13    2    8   10    3
   20   22    1   11    2
    3    4   10    2    5
   19    4    6    9    6
   11   12   12    3    6
   20   16    3    6    4
   16   19    5   12    4
    8   11    4    9    5
   24   21    2    5    3
   13   16    5   11    2
    8   10    8    7    2
   20    7   10    2    3
    3   15    8    4    2
   25   23    1    5    6
   24   23    2    1    5
   26   22    3    2    5
    7    6   10    6    3
    3   25    5    8    3
    7   16    5    2    5
    5    8    4    2    5
    4   18    9    7    3
   12    2    4   12    3
   21   27    7    3    6
   24   20    9   12    4
    1   19    4    2    3
    1    5    2    8    7
    3   18   10   10    6
   30   25    5   10    5
   23   29    2    2    6
   26   18    3    5    6
   15   26    2   12    6
   26   11    2   11    3
   21   28   11    9    7
   30   24    3   11    2
   29    1    2   12    2
    3    9   10    8    2
   28    5   11    6    2
   10   14   11    4    6
    9   13    4    5    3
   21   18    9    7    7
   17   16   12    5    5
   13   26   10    9    3
   21    7    4    7    2
   15   17    4   10    6
   21    4    1   10    7
   15    5    9    3    5
   19   25    8    3    6
    3   17    5    2    5
   15    6    9    3    6
   10   18    6    9    6
   23    5   11    3    3
   22    2    9   11    3
    5   12    3    7    3
    9   29   12   12    5
    9   21    9    3    4
    2   19    6    1    3
   22    5   10    2    7
    5   13    7    7    6
   23   28   12    2    5
   28    2   10    7    5
   18   17    8    2    6
   13   12    9    9    4
   14   13    3   10    4
    1   22    5    4    6
   10   30    9   11    5
   27    5    5   10    3
   27   23   12    9    7
    6   21    7    2    6
   20   20    2    7    6
    8   28    7   10    3
    5    4    9    8    4
   19   24   10    9    3
    3    2    1    1    2
    2   16    2    1    2
   15   19    1   12    3
   20   29    9    9    2
   18   13    1    2    4
    7   10    1    4    2
   25    4   10    6    2
