    3   13    3    5    8
    3   11   11    8    3
   29   11    5    7    1
   21   27    6    6    4
   27    9    2   11    3
   26    2    1   10    5
   21    6    5   11    4
   30   11    3    5    2
    5   30    7   10    4
   30   30    4    9    6
   20    3    2    3    3
   13    1    2    7    3
   21   12    9    6    6
    9    6    4    2    1
   18   17   11    9    3
   26   10    6   12    4
   18    1    8    4    7
   28   27    1   11    6
    8    2    4    4    2
    2   15    8    6    3
   14   12   12    6    9
    1    4    4    4    8
    4   23   11    7    3
   16    3    3    3    6
   25    7    9   12    4
   18   11   12    5    3
   25   19    4    7    3
   29   29    5    7    8
   23    3    6    2    2
   11   27    3    2    3
    3    3    9   10    7
   19   10   12    2    5
   17   20    2   10    6
   11   11    7   11    5
   30   24    5   12    8
   12   22   10    5    5
   26   29    1    4    9
   29   30    4    5    5
   16   18    1    8    5
   10    9    4    8    3
   21   28    9    1    6
   11    9   11    4    2
   16   13    5    6    6
   18   28    1    5    2
    3   24   12   12    1
   15   11    1    6    3
   19    6    3    5    1
   26    6   12    2    1
   22    1    4    2    3
   17   23   10    7    4
   16   16    9    1    4
    5    4    7    7    3
   12   12    5   10    9
   28    1    8    2    4
   29   12    4    1    1
   12    8    6    4    4
    1   26    1   12    3
   23    6    8    2    4
   25    6   10    3    5
   12    9    4    1    1
   20   14    1    1    3
    4   16    1    1    6
   26    8    5    3    4
   29   27    3   12    4
   24    5    8    6    3
   26   26    9    4    6
   16    1    4    3    4
    5   25   10   10    3
   27    7   11   10    5
   14    8    4    4    4
   17    8   11    2    4
    5   14    8    1    4
   13    2   10    5    3
   10    5    1    8    7
    9   24    3    4    3
   24   11    1   11    7
    6    7    5    3    7
   24    4    2   10    5
   28    8    4    2    6
    1   23    2    4    5
   10    8    8    5    4
   26   17    1    7    7
   21   19   10    7    6
   26   18   12   11    4
   24   25    7    1    2
    9   13    7    6    3
    9    8    1   11    7
    1   19   12    9    7
   20   12    7    6    5
   30   14    8    9    5
   15    9   12    9    1
   17   15   11    5    3
   21   14   11    1    5
   18   21    6   12    5
   30   19    2   10    4
   20   13    2    5    3
   12    1    1    5    2
   12   27    2    5    4
    7   30    3    8    1
    8    8   10    6    6
   23    2    8    3    3
   21    8    1    9    6
    4   10    2    6    5
   24   17    2    4    4
    9   20    7    4    1
   30   10    5    7    8
   27   17    5   11    4
   28   14    4    6    2
    3   14   10   10    3
   15    7   10    7    2
   13   17    3    7    4
    9   29    8    7    1
    4   25    2    5    1
    1    1    5   11    4
    3   30    8    2    1
    9   17   11    4    3
   28   24   12    7    2
    6   15   11   11    4
   13   10    4    5    5
   30   15    3    7    3
   20    4    7    3    1
   10    3    5   12    2
    4   30    9   12    2
    4   26    4    5    1
   29   14    4    3    4
   20   18   12   11    2
   27   14    2    3    4
   14   15    8    8    4
   29   17    5    2    5
   21   16    2   11    6
    9   23    5    4    2
   28    2    8    8    2
    2    6    6   11    4
   19   11    8    3    4
    1    9    4    3    2
    6   22   11   11    1
   15   13    3    3    2
   19   16    5   12    4
   11   25   10    4    1
   23   23    4    3    7
   10   11   12    1    7
   27   27    8   12    8
   17   11    7    2    6
   22    9   12   12    1
   25   18   12    6    6
   25    1    1   10    4
   19   26    7   12    5
   29   10   10    4    6
   27   15    1   12    8
   10   14   10    3    4
    1    7    1    9    4
   29   28    5    9    1
   28    4    4    7    6
    5   13    4    5    9
    5   20    9    2    5
    4    8    8    6    6
   19    3    9    9    5
   13   14    7   11    6
   16   15    2   11    4
   25    9    4    9    2
    6   28   11    3    3
    1   10    3   10    5
    8   11   12    4    5
    3    5   10    1    6
   25   13    3    1    6
   24   14    8    5    5
   22   22   12    1    8
   14   14   12    5    9
   14    2    7   10    8
    3   27    8    2    4
   20   10   12    4    2
   13   23    4    1    3
    4    7    3   11    1
    6   10    5   10    3
   19   17   12    8    4
   24   15    4    3    1
   10   18    7    7    2
   12   15    5    6    2
   16   25    5   10    5
   21   30    2    5    4
    1    3    6    9    6
   21    5    2    9    6
   25   17    3    1    4
   11    7    9   10    1
   11    5    8   10    4
   11   26    3   12    3
    7   14    7    6    3
   30   16    6    8    4
   18   30    3    7    3
    6    5    3    2    4
   30   27   11    3    1
    4   29   11    7    1
    4    9    2    3    2
   30   26    3    7    5
    4   18   12    2    5
   24   12   12    7    4
   27   26    1    7    4
   18   13    4    5    5
    1   17    2    2    4
    5    5   12   10    7
   23   21   12    6    6
   23   22    4    9    6
   17   22    5    3    4
   28   11   10    5    2
   27   22    9    5    5
   22   21    6    8    4
   15   22    1   11    3
   21   29    9    2    1
    8    6    7    3    4
   16   17    2    4    4
   27   23    2    8    4
   29   15    5    9    2
   14   25    1    2    4
    4   15    3    4    5
   25   28    1    1    2
   23   30    3   10    2
   26    9   11    5    1
   20   25    1   10    4
   19   19    5    4    7
    5   28   10    2    7
   17    3    5    2    3
   25   22   11    5    6
   21   20    8   11    6
   20   27   10    7    5
   13    4    6    8    6
    4   14    8    7    6
    2    3    1   11    4
   24   18    4    7    2
   24   13    5    5    1
   29    8    5   10    1
    6   24    4    3    2
   25   29    3   10    2
   11   21   12   11    3
    3    7   10    6    4
    3   22    3   10    4
   13   13    6    7    6
    2    4    9   12    5
   18    5   12   12    3
   25    3   11    5    3
    5   16    7   12    2
   19   28    6   12    5
    6    6    6    3    7
    4   12   11   11    5
   12    7    5    1    4
   29    6    9    3    1
   12   28    2    2    7
    2   29   10    5    4
   29    3   11   12    3
   20   15   11    3    3
   27   16    6    2    3
    3   15    4   11    5
   26    5   12    3    5
   12   19   11   11    4
   21    7    9    6    2
   25   10    2    9    1
    6   20    1    8    2
   29   22   11    5    3
    2   16    9    9    4
    7   23    6   12    2
   16    6    3    1    2
   20   11    4   12    2
   28   15    2    9    5
   26   20    2    7    2
   12   30    1    4    4
   14   19    1    3    6
   20   22    1   11    1
   22   24    1    4    7
   22    4   12    1    4
   26   22    1    6    3
    5    1   11    1    4
    8   23   10    2    5
   27    2    4    1    4
   26   14    7    9    8
    1    2    8    9    5
   27    8    5    8    5
   26   12    6    6    3
   25   27    9    5    3
   10   15    9   12    1
   29   19    6   12    1
   17   14   11    4    4
   24   16    8    1    2
   11    2    1   10    3
   28   20    2    8    1
    8    3    8   12    4
   30   25    8    6    2
    5    9    1   12    1
    7   29   11   10    1
   30    8    8    5    3
    4   21    9    9    4
   18   18    5    9    7
    2    7    4   10    2
   22    8    4   12    4
    7    7    1    6    5
   30   13   11    2    2
   29    5   10   12    3
   16   28    1    9    1
   25   25   11    6    3
   27    6    8    5    6
   30   17    2    8    6
    6   30    5    1    3
   21   13    2   11    4
   16   12    5    5    2
   11   13   11   10    3
   14   11    3    9    2
   22   13    1    6    1
    3    4   10    9    2
    9   28    4    8    1
    3   18    3   10    4
   28   28   11    5    8
   20    7   11    5    5
   18   29   12    1    2
   18    9    2    4    2
   16    9    3    6    2
   13    6    7    1    4
   23   28    9    4    6
   10   12    5    2    4
    4   11    5    1    4
   21   17    2    9    5
   19   23   10   11    2
   12   18   11    9    3
   14   16    1    6    4
   28    7    4    5    6
   22   11    5    6    5
   22   10    6   11    3
   23   20   10    5    1
   16   20    6    4    3
   18    2    7    7    2
   26   16    1    3    1
   17    6    1   11    6
   20   24    5    4    1
   27    1    5   12    1
   10    2    6    1    3
   21   24    4    6    3
   22    5    4    3    3
   12   23   11    1    2
   13    7    2   11    1
    8   19    2    5    4
   17   17   12    7    3
    2    2    9   11    4
   25   15    9    5    4
   27   24    6   12    5
   28   13   11    6    3
    4    6   12    6    2
    6   18    3    1    3
    2   24    6    4    1
    9   14    5   10    1
   15    8    4    2    2
   16   29    5    4    3
   24    1   12    9    3
   22   16    2   11    2
   10   21    8    7    2
   17    5    1    4    2
    8   20    3   11    2
   13   19   12   12    4
    1    8   10    7    5
    9    3    3    3    3
   19    5    7   11    4
    1    6    3    3    2
   21   25   10   10    2
   10   10    7    5    5
   12    6    2    7    4
   28   22    1    6    6
    7    9    2    9    3
   24   29   12    6    3
    5   12    9   11    5
   26   21    1    4    3
   14   18   10   12    3
   26    7    3    8    7
   29   20    3    6    3
   10    7   11    1    3
    8   25    3    4    2
   19    9    8    2    1
    9    9    2    7    9
   15   15    8    1    8
   17    2    6   10    5
   22   30    4    6    6
   23   29    6   12    4
    2    9   11    9    9
   26   15    9    7    6
    3   26    8    4    3
    4    4    4    7    4
   28   10    2   10    4
   26   23    8    1    9
   20    1   11   12    4
   21   15    1    5    4
   21   21    9    8    8
    9   21    6   11    2
   24   24    3    2    7
   29    1    7    8    2
   10   23    2    9    4
    4   17   11   12    4
   23   15    2    3    3
    8   16    8   12    3
   23   25    3    1    3
   12    2    6   11    4
    8   24    6    1    8
    1   30   11    4    4
   23   18   10   10    6
   28    3    9   12    2
   24   10    7   11    2
   27    5   11    5    2
    2   19    5    1    3
    3   12    5    5    4
    7    5   10    9    5
   23   11    6    2    3
    1   21   10    7    4
   21    3    9   11    2
   16   10    8   12    2
   19   20    1    9    6
   16    7   10    2    3
   24    7    7    6    2
   15    1    1   10    3
   15   18    4    4    5
   24   19   12    3    5
   15    5    7   11    3
   19    4    8    1    5
   25    2    3    2    4
    4   27    8    3    2
   13   26    6    2    2
   28   30    4    6    1
   11    6   12    7    2
   18   19    6   10    2
   13    8    2    8    4
   19   27   11    8    4
   23   16   10   11    5
    8    5    9    3    4
   23    5   11    9    6
   12   11    7    5    4
   19   15   12   10    5
   20   30    2    9    4
   12   17   12    8    6
   24   23    7    6    3
    1   11    6    4    4
    1   14    6   12    4
   17   10    6   11    3
    7   17    1    2    2
   22    7    9    8    6
   13   27    3    2    2
    7    8    4    2    3
   20   20   11    4    8
   25   26    6    9    4
   18   22    1    4    5
    9   30   12   10    2
    6    3   11   10    1
   18    8   12    2    2
   13   29    2    4    4
   25   12    4   11    2
   26   24    7    5    2
   22    2    6    7    3
   10   27    8    2    2
   30    2    9    8    4
   23   14    9   10    5
   13   12    5    8    2
   19   22    4   10    5
   18   27    2   12    3
    2   20   11    4    2
   28   26    7    3    1
   18    7    5    5    1
    6   14   12   11    3
    2    5   11   12    2
   19    7   11   12    3
   14   22    1    7    1
   16   11    9    7    3
   17   28    5   10    2
    2   21    5    9    3
