   29   21    9    3    4
   29   19    4    8    6
    7   13    4    2    6
    8    7    2    5    5
   15   28    1    9    3
   25   23   10   12    7
    5   11   12    4    3
    3   16    4   12    2
   25   28    3    7    1
   20    1   11   11    7
    2   27   10    1    4
   23   26    1    3    2
    9   22    7    9    2
   16   17    9    3    6
   27   16   12    1    1
   15   21   10   10    5
    2   16    7    2    6
   29   26   12    4    4
   13   18    9    7    7
   12   17    4   12    4
   10   12    6   11    6
    3   24    1   10    3
   26   16    4    5    3
   23    2   11    9    1
   30   17    2    8    8
    3   20   12    5    2
   13    6    8    5    3
   11    3    7    5    7
    6   10    9   11    6
   24   29    6    1    4
   13   22   11    4    2
   29    1    7    4    2
   29    4    9   10    2
   27   30    7   11    3
   17    7   11    5    4
   25    7   10    2    2
   14   25    3   11    6
   14   26    8    5    7
   26   24   11   12    8
   29   29    3    7    6
   19    7   11   12    5
    2    9    8   12    1
   25    4   12   10    2
   11   24   12    6    6
   10   20    2    9    1
   18    8    2    6    2
   16   16    9    7    4
   15    9    6    6    2
   22   24   11    3    6
   25    6   11    9    7
   25   12    4    2    5
   22   18    2    6    6
   17   26   12    1    4
   30    9   11    2    3
   11   20    4   12    7
   23   23    9    4    6
   28   29    3    9    1
   13   15    2    1    9
   17   21    4    5    7
    1   18    6    8    6
   27   17   11    6    6
   24    1    8    6    3
   13   13   12    4    6
   22   15    2   12    4
   26   22    4    8    2
    5   19    8    2    4
    7   27    4   10    6
    4   20    5   11    6
    9   23    4    3    1
    5   10    8   10    8
    2   18    9    3    7
    9   24    4    1    2
   10   28    1    4    1
   13   29    5    8    4
   18   15    8    6    6
    1   27   12    8    2
   24   27   11    9    3
    4   21   11    9    7
   26    9    9   12    6
   30   25    6    8    2
    5   28   12    9    2
    3    6   10   12    5
   12    2    9    9    6
   15    1    6    8    7
    3    3    5    9    8
   27    5   11   10    2
   21   26    1   10    6
   15   24    4   11    5
    7   22    5   10    6
   21   30    6    3    4
    6   17    6   10    3
    9   20    3    5    2
   20   23    5    6    2
   28    3   10   10    3
   21    9    4    5    4
   24    4    9   11    6
   15    4    7    5    6
   16   10    1    9    3
    5   17    7    5    5
   23   15   11    4    3
   24   24    2    8    7
   10   23    5    8    6
   12   12    6    2    9
    1   26    6    9    6
    6   26    3    7    6
   20   21    5   10    3
   29   25   11    1    8
    9    7    8   12    4
   18   27    5    1    9
    6   29    7    7    3
    3   13    5    7    6
   13   30    5   10    4
    9    4    5   12    1
    9   29    4    8    4
   30   14    6    8    6
    8    4    9   12    8
   28    4   11    1    2
   20   14    1    6    3
    3    5    1   10    6
   26   11   11    3    3
   17   25   11    7    6
   27   29   12    3    6
   12    8    5    3    7
    4   10   12    8    3
   14   17   11    6    8
    5   30    4   10    4
    7    2   10    7    1
   26   10    3    5    5
   21   11   10    6    8
   25   25    1    9    9
    6   11   11   11    6
   30   26    8    2    4
    6   12    5    8    7
   30    6    9    3    6
   18   24    4   11    6
    9   27    7    3    2
   18   19    3    6    6
   16    9   11    2    4
   28    1   12    5    2
   19   30    2    1    7
   12    7    7    8    7
   19   13    7   11    8
   23    1   12    1    8
    4    5    5   12    6
   18    9   10    4    2
    7   16   12    5    6
    8   14    9    2    8
   14   21    1    2    9
    1    6    4    8    6
   21   21    5    1    9
    6    8    1    8    6
   22   28    2    1    3
   18    4    1    3    6
    2   29    4    5    2
   20   20    2   12    9
   26    2   10    4    7
   25   10   10    9    2
   16   15    5    8    3
    7    6    1    3    5
   28   11    7   10    3
   30   30   11    1    6
    2    3   11    9    4
   16    8    8   10    8
   14    1   12    9    7
   15   14    5    7    5
   27   27    8   12    6
    2   20    2    9    5
   26    8    3    8    3
    4   14   10    9    5
   10   19   11    9    5
   21   13    6    5    3
    4    7    6    9    1
    3   25    4    6    6
   28   28    1    8    8
    3   18    8    5    6
    7    1   10    4    1
   30   29    1    6    7
    3    8   10    9    4
    4    2   10    1    8
    8   21   10    1    7
   14    5    4    3    3
    9   12    6    8    1
   10   14    7    1    9
   23   19   12    2    7
   21   22   11    6    4
    9    9   11    5    8
   17   17    4    2    8
   10   10    2    1    2
   14    2    4    4    7
   25   15    2    5    3
   26   12    1   11    2
   28    6   10    2    1
   22    3    2   12    6
   13    4    5    5    5
    9    3   11    9    6
   19   19   12    3    9
    1    9    3   11    8
    7   26    1    8    4
   16   25    3    7    6
   22    6    8    5    2
   29   20    1   12    7
   30   12    6    8    5
   27   15   12   12    5
   15    8   11    4    6
   30   20    3    7    6
    3   29    7   11    3
    3    4    1    9    7
    2    5   12    8    4
    7   11   11    4    3
   11   12   10    2    7
   24   28    4   10    2
   15   11   11    2    7
    7   28   10    9    6
    6    4   11    3    5
   15   17   12    7    5
   16    5    1   11    6
    6   18   10    4    6
   11   30    8    9    7
   22   11   11    3    6
   17   18    8   10    4
   12    1   12   10    7
    1   13    6    6    6
   26   25    7    7    7
   23   21    7   10    2
    3   21    7   12    4
    7    5    5    2    5
   27    3    7    9    3
    1   25    3    3    7
   14   27    9    4    4
   17    9    5    8    2
   12   20    1    1    5
   17   19    7    2    4
    8   29    8    8    3
    3   15    6   10    2
   13   25   10   11    5
    4   27    2   11    2
   14   24    3    8    2
    2   30    9    5    7
   17    1    4   10    6
   16   21    7    8    3
   28   23    4    1    6
   29   14    5   12    4
   24   21   12   11    7
   10    1    7   11    6
    8    8   10    1    8
   21   10    1    6    3
   14   14    7   11    9
   10    2    8    9    9
    7   20    5   10    2
    8    5    5    1    6
    8   22    9    9    6
   29   16   12   12    4
   20   18   12    1    8
    2    1   12    8    7
   26    5    9    3    4
   19   22    6   12    5
    1   19   12    3    5
   17    2   12   11    6
   24   30   11    5    5
    7   30    9   10    3
   22    5    6    4    7
    6    9    6    3    1
   27   10    5   10    2
    5   12    4    1    2
    8   23   10    1    3
   22   10    7    8    3
   19    8   10    5    7
   15   15    5    8    6
    2   13   11    6    7
   19   21    1    6    7
   11    4    6    4    7
   10   15   12    3    4
    6   21    7    1    7
   27   19   11    7    6
    6    2    2   12    1
   10    7   11   10    2
   13   11    6    2    5
   24   19    7   12    7
   13   23    8    3    3
   11    2    5    3    7
   10   30    2    5    6
   12   27    6    3    6
   30   28    5    8    5
    7   24    3   10    6
    4   17    2   10    8
   23   16   10    6    6
   10   24    3   12    4
   22   23   11    4    3
   17   29    8   10    3
   23   18    4    5    9
   12   28   10   12    8
   21    5    8    6    7
   20   22   10    7    4
   13   12    7    4    6
    5   20   12    2    5
   10    9    9    2    2
   27   21   11    5    1
    5   18    1    9    4
    6    5    6    2    2
   14   28    2    5    2
   23   14    2   12    2
    7   14   10    7    2
   28   13    7    4    1
   14   12   11    9    8
   30   22    4    8    2
   12   22    8   10    1
   24   17    3    6    4
   20   27   11   11    5
   29   12    4    4    4
   20   24   11   12    7
   23    7    5    4    6
    2   15   11   11    3
   13   16    7    6    7
   14    6   10    9    5
   27   13    1    3    8
   16    6    5   12    6
   11    1    5    1    8
   27   11    8   11    2
   18   29   10    2    5
   19   11    2    1    4
   18   16   11   10    5
   22   17   10   11    3
    2   22    1    4    6
    3   12    1    7    7
   18    7    8    7    3
   26   28   11   12    2
    2    8    5   10    2
   10   13   11    2    4
   14   19   11   12    6
   21   28   11    1    6
   24    5   10    3    3
    7   21    7    9    5
   18   28   11   10    6
    1    4    8   10    8
    7   29    4    9    2
   23    6    4    6    2
   24    8    5    4    3
    1    1    7   11    4
   17   11    4   12    6
    9   28    1    2    3
   16   11    5   12    4
    6   27    3    3    5
   20   25    4    4    6
   14   22    9   10    6
    1   21    7    9    2
   16   12    5    1    3
   26   20    6   10    6
   29   15   12   11    6
   28    2    4    9    2
    2    2    9    3    9
   27   25    2    8    2
   30   18   12    3    4
    9   19    8    8    6
    4   23    6   11    6
   15    5   12    6    4
    1   30    7    4    6
   16   24    9    9    8
   16   19    2   10    9
   13    8    6    2    3
   26   26    7    1    9
   20   17   11    6    9
   20   16    4   10    8
    5   29    7    9    3
    3    7    3    4    8
   14    9   11    4    4
   23   27    5    4    3
    6   20   11    1    7
   19   26   11   12    1
   22   25    2   12    2
   28   19    7   12    1
   15    7   11   11    7
   11    9    7    5    4
   26   13    7    5    9
   27   26    6    8    9
   24   13    5   10    5
   25   21    8   11    6
   19    4   11    5    4
   23   12    8    7    7
   19    6    1    7    3
   11   29    6    8    7
    8   30    6   10    2
   18   18    8    4    8
   12   21    2    8    9
   20   19    9    8    7
    8    1    4    4    8
   18   10    4   11    7
    5    5   12   10    9
    2   25    4   10    7
    3   26    2   11    3
   11   11    4    1    8
   25    5    2    5    8
   24    6    6   11    7
    5    9    4    3    3
   22   29   10   12    2
    4    4    6    3    7
   26   15   12    2    8
   11   23    4    7    6
   12    4    8   11    6
    8   25    9    8    4
   12   24   10    4    2
   18   26    2    8    5
   16   14   12    9    6
   18   25    3    2    3
   30   16    2   12    8
    3   30    7    6    2
   22    4    7    7    9
    5   13   11   11    4
   20   15    4    4    2
   14   18    6    9    6
    8   10    9   12    3
   28   27   10    9    7
    8   20    1    2    5
   23    5    5    2    3
   11   25    4   10    6
   16   22    6    1    2
   19   15   10    3    2
    9   13    5   12    1
   24   25   12    7    8
   12   18    6    7    8
   28    8    6    7    6
   23   17   12   10    9
   17   28    8    2    9
   25    9    7   10    7
   13   14    4   11    6
   19   25    3    9    6
   22   22    6    7    8
   30   15    6   11    8
    8   17   10    3    6
    6   15    6    2    2
    8   27   10    2    3
    6    6    8    6    9
   23   24   10   11    8
   10   29    8    8    8
   23   30    9    1    7
    4   16    3    4    6
   19   12    9   10    8
   11   18    1    8    5
    1    5    1    8    6
   20   13   11    7    7
   12   15   12    6    4
   10   11    4    7    3
    2   24    7   12    2
   28   20    5    6    2
   21   18   10    4    4
    3   23    4    1    2
    2   19    6    8    3
    8    9   10    9    2
   17    3    9    5    3
   17   10   10    8    7
   14   11    7    7    8
    8   11   10    6    8
    1    3    9   12    7
    4   26    7    2    4
    3   10   12    7    3
   27   22    4   10    2
    3   19    9    3    7
    1   16    9    4    2
    7    7    9    6    7
   13   17    9    4    7
    4   30    7    2    7
   22    1    9    2    3
    3   14    8    2    2
   16   28    9    2    7
   21    2    7   12    7
   29   23    4    5    8
