   22   10    5    1    6
   15    5    7    8    4
    4   21   10    1    4
   16   16    6    2    6
   30   15    5    2    7
    2   26   10   11    8
   15    3   10    6    1
   11   24    6    6    3
    5   10    9   11    1
   26    8    6    9    5
   10    9   12   10    8
    1   15    9    2    7
   25   15    6   10    4
   20   20    7    4    9
   11   12    8    3    9
   13    8    3    5    7
    9   30    1    3    1
    9    4    4    9    2
   14   19    1   11    2
   11   30    3    1    2
    6   28   11    3    1
   29   17    9    8    2
   29    7    2    5    1
    8   10   11    9    5
   19   20    6   11    4
   25   14    2    6    8
    3    9    4    6    4
   21   14    6    2    7
   10    6    6    7    5
   10   23    1   10    6
   22   22    7   11    9
   28    2    2    9    4
   13   29    8    9    3
    6   22   11    1    1
   29   11    5    4    1
   26   19    7    5    7
    7    6    8    6    5
   13   13    7    9    8
   30   16    8    1    5
    1   11    5    1    6
   11    5    2    6    6
   30   28   12    9    2
   13   20    8    4    6
   23   21    7    1    2
   12    5    3    7    6
   10   24    1   12    7
   27   22    9    3    4
    7   24   12    4    6
   17    9    2    4    4
   25   10   12   11    9
   23    4    3   12    3
   17    4    9    7    4
   19    7    2    6    6
    6   29    9    7    1
    5   18    4   10    6
   13   23    8    3    3
    8   22   10    9    6
   14   14    1    5    9
   19    8    2    6    9
   11    4   12    1    8
   16   26    8    9    7
    9   12    1    7    1
   24   18    7    8    3
   27   24    7    3    3
   19    1   12    2    6
    3   20    9   12    1
   30   14   11    9    7
   30   13    6    6    7
   28    5    7    2    7
   18   16    4    6    4
   23   26    4    6    8
   17   26    4   12    7
   29   29    1   12    7
   10   13    4   10    6
    8   15   12    5    6
   17   14    5   11    8
   28   28    4    3    9
   20   29    6    2    9
   23   23    1   12    8
   18   28    8    3    7
   17   25    8    3    4
   29   25    7    4    5
    2   29    3    8    4
   13   16    8    1    8
   13   26   12    3    4
    3    5    8    1    8
   27    8   11    9    6
   13   28    9   12    4
    4    4    4   10    9
    6    2   11    8    6
    8   28   11    2    7
   18   19   12    6    4
    1   13    4    7    6
   22   29    6    1    4
   30   23   10   11    4
    3   17    8    8    2
   12   13   10    4    1
    1    5   11    6    5
   22    3    9    5    4
   10   10    6   10    6
    4    8    7    5    6
   24   21    8    6    4
    7    5    4    3    7
    7   11    6    9    6
   23   11    9    9    3
    6   30    4   11    3
   26   24    6   12    7
    4   30   12    7    6
   12   24    2    6    6
   26    5    4    5    4
   15   16    5   12    2
   10   12    5    5    3
   21   15    4   11    2
    7   14   11    3    1
    3   14    4    6    1
   27    2    2    7    5
   19   25    8   12    7
    3   21   11   10    4
   11   14    5    8    4
   28   12    6    7    5
    2    9    6    6    3
    6   11    7    7    3
    8   23    1    7    4
   10    2    7    4    8
   25    3   11   10    4
   18   22   12    1    1
   30   29    6    4    2
    6    6    6   11    8
    6   14    4   10    6
   18    1    8    3    7
   30   30    1    7    6
   19   11   11    5    6
   19   24    6   10    5
   24   29    3    4    6
   29    8   12    1    4
   26   28    5   11    3
   27   12    8    5    6
    3   29    7    5    4
    2   23    5    3    4
    6   20    8    8    6
   13   25    2    5    4
   18    4    9    3    7
    1    2   12   10    6
   13   18   12   12    5
   27   20    2    7    4
   22   15    7   12    4
   17    8   10    9    6
   18   15    5    7    6
   15   17    9    4    4
   25   18    2    4    7
   25   12    4   11    1
   29    5    3    9    1
   13    9   11    3    1
    5    2    9    4    1
   16    8    9   12    7
    8    6    3    6    1
    7    4   11    2    2
   16   17    6    7    2
   20   12   10   11    6
   17   22    9    2    2
    4   26    4   10    2
    8    1    9    6    7
   13    6    6    5    4
    6    3    9    3    4
   26    6    4    5    6
   10   27    1    8    4
    8    5   11    7    8
    2   25    2    4    6
   27    1    3    8    4
   29    4   12    2    6
   21    9    9   12    2
   23   17    7    3    2
   24    1   11   12    6
   30   10    8    8    8
   17    2   12   11    6
    7   22   11    3    6
    6   27    4    7    5
   21   17   10   10    6
    1   20   10   11    4
   18   26   10    5    6
    9   27    2    1    3
   24   20    8   11    3
    3   12    3    9    3
   24   13    3    9    3
   17   19    6    2    4
   12   16   10   12    6
   30   12    6   12    4
    4   24    8    1    7
    5   17    7    4    5
    7   21   11    4    4
   16    3    6    3    6
   16    2    5   10    6
   17   20    2    5    6
   19    5    3   10    8
   28   10    7    8    3
   29   15    9   10    1
   24   30    5   10    1
    7    2    2    8    6
   19    9    3   12    3
   26   14   12    5    5
   11   18    1    1    4
    1   16   12    8    8
    3   18    7    5    7
   25   26    9    1    6
   18    9    1   12    6
    8    8    9    8    8
   15   19    3    9    5
   24   24    8    2    6
    4   27    2    8    3
   30   19    3   11    3
    5   25    6    9    6
   22   30    2   12    3
   14   10    3    6    3
    5   24    2   11    6
   28   24   11    8    2
   28   11   12    9    2
   17   12   11   10    8
   10    4   10   12    8
   27   18    7    2    7
   19   19    1    4    6
   28    7    3    9    6
   22   12    2    8    2
   20   28    7    9    2
    5    4    5    5    7
   20   14   10    9    7
   14   29    3    2    6
   17   28    1    4    2
   12   23    4    6    2
   16   20    8    2    3
   12   26    5   10    3
    6   16    3   12    3
    4    3    3    9    7
    7   18   10    5    7
    1    3   12    2    6
   20   18   12   12    7
   16   14    9    8    7
    7   15    1    1    7
   24   16    2    5    5
   16    5   11   10    4
    1   25    6    6    4
    6    9    8    3    3
   13   22    5    1    4
   21   20    9   11    4
   16   19   11    6    4
   28    9   10   11    4
   20   22   12    1    2
   25   16    2    4    3
   21   13   12    9    6
    3    2    3   12    7
   23   25    3    2    6
   14    1    8    1    7
   29    9    1   12    4
    8    7    1    9    3
   19   22    9    2    4
   30   20    1   11    8
   17   27    2    1    7
   22   16    9    3    4
   22   26    2    9    5
   11   11   10    3    8
   24   15    4    3    2
   12    2    4    4    4
    9   14    9    5    4
   21   10    1    6    4
   11   17    8   12    5
   29   27    7   11    2
    5    6    6   11    3
   25    9   10    7    4
   15   23    6   11    3
   26   15    3    2    6
    3   28    1    8    4
   17   10    3    5    4
    1    1    1    7    6
   20   15   10    1    4
   23   20    6    5    4
   30    8    9    1    5
   23   18    1    5    4
   27    7   11    5    5
    4   14   11    1    8
   12    7    1   12    6
   10   29    2    6    5
   14   15    9    9    4
   30    1    7    5    3
    2    4    4    9    4
    2    8    5    2    4
    5   30    2   12    4
   19   13    1    2    6
    2   20    6    9    6
   30   18    2    4    6
    6   25    9    8    2
   20    9    4    5    2
   11    9   10   12    2
    2   18    4   12    1
   19   21    6    3    6
   23    9    3    4    2
   28    1    7    5    4
    3   30    5    2    3
   11    8    3    9    6
   25   28    2   12    4
   21   12   11    1    9
   18   17   12    2    6
   12    1   10   11    2
   29   26    8    8    3
   20   26   11   11    6
   30   27    7    4    3
   17   17    3    4    7
   23    5   12    9    2
   26    9    4    8    2
   12   14    6   12    7
   20    7    4    4    3
   22   11   11    2    2
   13   15   10    1    4
    7   17    8    7    4
   19   10    7   11    4
   27   27    7    1    6
   15   15   11    2    6
   11   16    7    2    6
   27   11    9   12    3
   13   11    5    7    7
    7   23    1    8    6
   14   18   11    3    6
   19   27    5    4    4
    3   10    9    4    2
   15    2    9    4    4
   13    7    8    9    4
   10    7    9    4    4
   24    8    6    8    7
    1    4   10   11    7
   16   23   10   10    6
   13   17    4    2    6
   28   19    1    2    6
   11   15    9    2    6
    5   14    9    7    4
   20    8    5    7    4
    5    5    1    2    7
   13    4    4    5    6
    8   18    2    8    6
    8    9    7   10    4
   29    1    8    8    6
   22    2    8    6    4
   30   26    1   12    6
    3   27   12   11    3
    8   12   11    3    4
    4   28    7    4    2
   23   14    4    9    6
    3   19   11    3    6
   13    5   10   12    6
   22   25   11    7    3
    4   15    9    6    2
   21   27    2    5    3
    2   19    4    4    3
   18   10   11    6    3
   29   28    1    1    2
   25   27    7    6    5
    6   17   12    8    7
   22    1    3    4    8
   20    4    6   11    8
   29   16    9   10    6
   29   12    5   11    2
   11   10    4    8    3
   12   15   10    7    3
    7    7    7    1    8
    3    3    8    1    7
   20   11    5   12    3
   21    8    1    3    4
   15   28    1    8    2
    6    4    4   11    2
   11   26    6    7    6
    7   26    2    5    4
   17   24    2    2    4
   26   26    1    8    6
   12   12    3    2    8
    2   21    4    7    9
    1   21    5    4    4
    9    7    1    2    3
    6   24    8    3    3
    6    1    3    3    3
   26   27    8    2    4
   16   28    8   10    3
    3   13    2    4    4
   24   14   10   10    4
   18   12    6   12    3
   27   16    8   10    4
    4   22    3   11    6
    9   22    3    7    6
   17    1    6    1    4
    2   14    5    3    6
   14   27   10    8    4
   29   21    9    1    2
   11   21    3    1    3
   21   25   10    4    6
   11   25    7    7    6
   15    6    1    8    2
   22    5   10    4    6
   15    9    1    2    6
   29   19   10    1    7
    5   27   11    8    6
   13   27    9    4    4
   28   14    9   10    3
    2   30    7   10    3
    1   10   11   10    7
   21   28    2    7    6
   18   18   10    2    6
   25    4   12    3    5
   23   28    3   10    4
   15   10    6    2    6
   13   14   12    7    6
   26    1    7    2    6
   16   10    8   12    6
   10   20    4    3    6
   23   27    9   11    7
    3   11    4    1    6
   21   26    5    2    4
   19    6    1    3    4
   21   18   11    7    3
   24   22    9    6    6
   23   22    9    4    6
    6   18    7    8    3
   22   21    8   11    3
   12    4    5    9    7
    4   16    4    3    6
    1   23    4    6    6
   21    5    9    9    2
    9    5    9   12    2
   12   19    8    3    3
    6   21    7    2    3
   30   17    4    5    8
   21   30    7    7    8
    3    8   11    2    8
    7   30    1    7    4
   24   25   10    9    7
   25    7    9    4    6
   28   27   12   12    6
    6   23    7    7    3
   24    3    5   12    4
   18   29    6    7    3
   20   25    7    2    6
   16    9    5    6    4
   23    3   11    7    3
    9    1    8    2    6
   19   23   11    2    3
   23   29   10    5    6
    8   14    1   12    6
   11    2   12    4    6
   13    2    2    3    7
   22   14    7    8    7
   10   26    5    3    7
    2    2    7    9    6
    9    9    1    5    6
   15   27   11    9    7
    3    7    2    6    7
   24    9    5    7    6
   24   23   11   10    7
    3   26    6    3    6
   21   21    1    5    8
   22   28    8   12    8
    1    7    2    5    7
    2   24   12   11    8
   16    7    2    4    8
   16   21    8    8    7
    6   12    8    9    8
   25   25    6   11    8
   25    8    7    8    8
    5   20   12    7    7
   19    4    8    3    8
   30   25    9    5    9
