   25   22    5    8    4
    1   25    4    1    6
   19    6    2    9    5
   17   24   10    8    6
    8   30    1    8    6
   26   10   11    5    6
    8    3    1    8    4
    3    5   12    8    7
    6   29    5    3    4
   24    9    1    9    2
   22    9   10    6    3
   26    3    2    8    5
   18   23    7    9    7
   13   15    8    2    7
   16   29    5    1    4
    2   27    5   12    1
   17    4   10   10    7
   19   14    5    2    6
   11   24    3   10    3
   21   15   11   12    5
    3    3    8    5    7
   18   11    2    2    6
   21    4    4    8    8
   30    7    5    4    4
   29   10   11    8    7
    8   20    5    1    6
   17   29    4   11    8
   17   25    8    4    5
   15   15    2    8    6
   26   16   12   10    5
   16   25    3    7    6
   20   18   10   12    6
   28    4    4   12    2
    8   25   10    9    6
   12   17    1    9    6
    7   11   10    3    6
   14   20    4    7    7
   14   11    1    7    7
   11   27    7    6    4
   27   16    5   10    5
    9   29   12   12    4
   24   16    8   12    4
   17    2   11    8    3
   19   15    1   10    3
   28    9    8    3    6
    3   25    4   10    6
    4    8    9   10    7
   14   17   11    1    7
   21   22    9    7    4
   15    6    7    2    4
   17   30   12    1    5
    3   29    8    1    4
   13   11    4   12    5
    5   17    4    3    5
    7   29   12    5    6
   16    6    1   12    8
   24    5   10   11    7
   13   26    6    2    5
   23    6    6   12    5
   24   28    8    3    6
   21   30   12    6    5
   24   20    8    6    5
    5   20   10    6    6
   20   27    9    8    7
    4    2   11    6    8
   29   20   12    4    5
   13   23    9   11    6
    4   23   10    5    6
   23   22    6    4    5
   16   16    8    5    5
   12   25    3   10    4
   27    1    7    8    7
   19   23    9    4    6
   27   21   12    9    5
   20   21    8    2    6
    2   23    1   10    4
   24   21    4    3    7
    8    2    8   11    7
   14   25   12    2    7
   21   19    5    1    7
   30   30    6    8    7
   13   22    7    7    7
   12    9    7    1    4
    5    2    9   12    7
   18    8    2    9    8
    7   27   12    3    7
   12   10    4   11    6
   27   27    6    8    6
   16    7    6   12    7
   18   28    2   10    7
   26   21    1    5    7
    1    4   12   11    8
   11    6   10    6    4
    1   20    4    8    7
   23    9    7    9    7
   17   11    2   12    8
    6   28    5    7    7
   16    1   11    6    8
   28   28    4    2    7
   28    7    6    7    7
   27   29    1    7    6
   11   15    9    3    5
    1   21    8    7    6
   13   29    8    9    7
    1   18    2    8    6
   27   19   11    2    7
    1   17    4    1    7
   15   30   10   12    7
    2    6   12   11    7
   20    3    1   12    6
    6   26    3    9    8
   15    7    6    9    8
   19    1    6    1    7
   19   12    7    4    7
   27   17   10    6    8
   26   26    9    5    8
   25    2    3    2    8
   13    7    9    5    7
   29   29    9    6    8
   21    7    9   11    7
   27    8    5    1    7
   13   30    3    2    7
   27   13    6    2    7
   20   12    9   10    6
    4   19    9    4    7
   13   19   12    2    6
   26   24    5   12    8
   25   23   12    3    8
   26   25    4    8    7
   20   28    2    2    7
   28    3    7   12    6
   30   19    2    1    7
   30    5    6    7    8
   23   12    7    5    7
    2   18    1    1    8
    5   19   11    9    7
   11   30    3   10    7
   24   27   10    1    7
   19   20    5    3    8
   17    9    3   10    7
   10   10    4   12    6
   24    6    1    6    7
   15   28    1    2    8
    1   10    2    6    7
   14   24    5    2    8
    7   17    8   11    6
   20   11    2    6    7
   18   16    4   12    7
   22   28   12    5    7
   12   26    6   11    6
   28    5    5    2    7
   15    5    1    4    7
   30   29    4    2    8
   20   30    6    4    8
    6    4    8    1    6
   20   20    1    9    5
    8   10    4   12    6
    6    5    9    7    7
   12   18   11   12    6
    3   16    4    8    8
   12   21    2    3    8
   14   13    9    6    8
    3    2    1    6    8
   21   16    3    7    7
   30   18    9   11    6
   26    4    9    7    6
    3    7    5    9    7
   15   22    1   11    5
   19    7   10    7    7
   30    9   10   11    7
    9    5   11   11    7
   20    9    6    7    6
    7   22    6    7    7
   14    5   12   10    6
    2    2    3    2    8
   14    2    3   11    8
   13   25    8    3    7
   17   10    9    3    6
   12   27    1   12    5
    4   13    5    1    7
   27   23    6    9    7
   18   19    7    5    6
    2   30   10    5    8
    7   14    9   10    6
    6   17    9    7    7
    6    1   10   10    6
   17   19    9   10    8
   10   30   10    9    6
   23   28    3    7    7
   23   21    6   11    7
   26   14   10    4    8
   28   16    2    8    7
    8    5    7    4    7
   27   25    8    4    6
    7    1   11   11    4
   15   18    5    9    8
   26   18    9   11    7
   15   20   11    7    7
    2   15    1    7    7
   26   29    5    1    7
   15    1    4    9    8
   30   26    1    1    7
   17   17    2    8    8
   20   17   12    1    6
   10   15    8    1    6
    5   11    7    6    8
    3    1    6    2    8
    4   11    2    3    6
   13   13   11    2    8
   27   22   10    4    8
    6    7   12   12    7
    3   18    3   12    6
   21   13    3    1    7
    2   13   10    9    7
   30   25    5    3    7
   24   18    2    2    6
    4    9    1   12    7
    1   22   11    5    7
   26   19    2    5    7
    7    5    8    7    5
   16   11   11    4    8
   29   11   11    9    7
    5   27   10   11    4
   15    9   10    9    5
    9   13    2   10    6
   29   24    8    2    6
   26   17    4   11    6
   22    2    9   12    6
   14    4    2    8    7
   23   11   12   12    7
   30   24    8    3    7
   22    3    4    9    7
    1   11   12    8    6
   23   17   12   11    7
   15    4    5   11    7
   18   22   12    7    7
    6   18    2   11    6
   25   25    1   12    8
    9    3   12   12    4
   26   23    5    9    7
    1    9    3    3    6
   28   21    4    4    6
   14    9    6    4    6
    4   25    5    6    6
   21   11    9    1    7
   10   19   11   10    7
    1   23    2    4    6
   27   15    5    5    6
    3   19    8   10    7
    8   26    1    8    7
   24   23    2    6    7
   26   22    7    4    6
   16   15    7   12    7
    4   27    4    8    6
   26   11    5   10    6
   29   15    2    1    6
   25    6    4    7    5
   25    9    1    9    6
   12    6    5    7    6
   18   14   11    7    6
    7   10    9    4    4
   30   23    9    3    5
    1   14    5   10    6
   25   20   12    6    6
    5   23    7    5    7
   25   28    3    8    6
   24   24    2    5    7
    5   12   12    1    6
   30   12    9    1    6
   17   16    7    5    7
   19   11    1   10    7
   24   12   12    7    7
   21    3   12    8    7
   29    8    1   10    6
    2   26    5    1    8
   16   23   10    9    7
   14   14   12    9    7
   12   14    8   11    7
   19   25    9    7    7
    2   29    7    1    6
   25    7   12    1    6
   22   12   10    9    6
   28    1    6    8    6
   19   28    8    7    7
   13    1    7    9    7
    4    5    2    4    7
   11   10   11    4    5
   28   13    8    2    6
   11   11    2    5    6
   27    3    6    5    6
   28   27    7   12    5
   12   12    4   11    8
   14   23    7    9    6
    9   16    3    9    7
   13    5    4    1    7
   21    9    6    4    7
   27   26    7    8    7
   19   19   11    3    7
   14   15    1    7    8
    4    3    8    2    7
    3   23    3    6    6
    8   16   10    7    6
   10   13    8    2    6
   21    6    2    6    7
    6   10   12    2    6
   17   21   10    3    8
   13    6    8    4    6
    8   22    8   10    6
    3    6    8    7    5
   28   11   12    5    6
   28   26    3    2    8
   12    1    8    3    6
   10    5    7    5    7
   13    3    4    3    6
   24    3    4    5    7
   24    1   12    4    8
    8   28    2    2    6
   22   22   12    6    7
   21   14    6   11    8
   11   25    9    5    7
    2   12    4    7    7
   30   28    1    4    6
   30    3   12   10    6
    9    9    2   10    8
   28   29    3    3    7
    8   13    9    6    7
   25   18   10    3    7
   10    2   11    7    7
   28   14    2    3    7
   29   21    5    2    7
   21   21   11    9    8
   16    5    5    4    7
   12   29    4   10    6
    7   26    2    9    6
    7   20    5    1    6
   15   26   11    2    7
    6   20   11    5    6
   18   27    6    5    7
   13   18   12    9    6
   25   24    3    7    6
   10   21    3    7    7
   16   13    2   10    7
   12   11    6    6    7
   12   13    1    3    6
   22   11    2   10    6
   30    4    5    2    8
   20    4    1    6    7
    2   21    4    9    8
   23   23   10    2    8
   23    7    1    1    7
    5   21   12   10    7
   12   15    3    6    6
    9   27    4    3    6
   25    5   10    9    6
   29   23    2    5    8
   20   10    9    7    8
   29   14   10    7    7
   10   27   12    6    5
   18    5    2   12    7
   19   16   11    1    6
   18   18    8    9    8
    5   26   10    1    7
    1    1    4   12    7
   28    2    6    5    6
   18   21    4   11    6
   22   29   11    1    6
   13   20    6    2    6
    9    2    5    2    6
   23   15    6   11    6
   13   24   10    4    6
    9   19    9    8    7
    5    5    9    6    7
   16   12    5   11    7
   10    9    7    2    7
    4   24    6    7    7
   21    8   11    4    7
    8   19    8    2    7
   20   22   11    9    7
   14   22    3   11    6
   17    8    5    9    7
    8    1    3   11    6
   22   24    7    5    7
   29   18    2    9    7
   30   14    6    8    7
    8    8    1   11    7
    4   18    7    7    7
   10   28    4    3    6
   27    6    3    8    6
   26    1    9    9    6
   19   29    7    5    5
    8   14   11    5    6
   27   14    6    7    6
   10   18   10   12    6
    3   17    3    1    6
    8    9    2    6    5
    9    6    4    2    5
   28   17   11    4    6
   20   26    2    5    7
   10    3    9    5    7
   19   24    2   11    7
    5    1    4    7    7
   22    6    4    4    7
   15   17    6    4    6
   30   22    1    3    6
   29   25    2    7    6
   17   18    9   10    7
    7    7    8   10    7
   16   20    5    6    7
    1   30   11    6    7
    8   24   10    8    8
    7    9   10    1    7
   16   10    4    1    7
    8    6    7    7    6
   11    2    6    8    6
   14    3    4   10    7
    6   30    8   12    6
   22   17    7    1    6
   24    7    8    6    6
    5   22   10    9    5
   20   23   10    6    6
   15    3    8    3    5
   12    7    8   11    6
   10   24    2    3    7
   19   22    4    7    7
    9   11   10    6    7
    6   14    2   10    7
    8   23    1    7    8
   25   15    5    5    7
   21   25   11    6    7
    4   29    2    4    7
   22   10    3    9    7
    2    1    8    2    6
    2   24    8   11    6
    8   11    6    4    6
    8   12    3    1    6
   16    4    8    8    6
    6    6   10    5    7
    7   18   11    3    6
   19    2    3    8    6
   26    9    8    3    7
   10    4    9    4    6
   11    3    5   10    8
    2   20    6    7    8
    7    2    6    2    7
   17   13   11    9    7
   30   16   10    6    6
   12    3    7    5    6
   22    4    8    1    6
    4    7   10   10    6
   14   10   10    2    6
   10   25    6    7    6
    4    4    1    6    7
   24   15    6    6    6
   12   28   11    5    6
    7    8    8    6    7
    8   15    9    4    7
   23   10    5    8    7
   18    9   11    4    6
   30   27   10   10    7
    5   29    1    6    6
   16   14   12   11    7
   29    1    9    7    6
   16   22    8   10    7
    2   16    1    6    6
   12    4    5    4    7
