   30    2    8    2    6
    5   16   10    2    5
   14   27    2    4    6
    8    7    3    4    3
   27   13    5   12    8
   19   11    5    4    8
   13   13    9    4    9
   22   15    2    3    2
   18   11    9   10    6
    1   13    9    2    4
    1    6    7    1    3
   16    2    6    4    3
    9   21    1   10    4
   28    7    6    2    2
    2   20    4    1    5
    1    5    1   12    3
    6   17    7    2    2
   15    8    7    1    6
   20   25    8    1    6
    5   25    2    2    4
   25   16    4   12    5
   17    1    1    2    1
    7   13   11    5    2
   17   27    8   10    3
   25    7   11    8    1
   23   21   10    2    1
   18   28    4   12    6
   26   27    1   12    6
   27    2   12    5    3
   11   22    2    5    4
    3   22    1    4    7
   10    9   10    9    1
   20   10   10    7    9
   14    4   11    9    9
   14   29    9    8    2
   26   19    7    3    2
    2   13   11    5    3
   20   14    7    3    5
    8    4    9   12    6
   13    3   11    2    3
   22    4    4    6    6
   19   19   12   11    6
   14    8    8    8    6
    1    2    5   11    3
   18   18    1    6    8
   16   18    3    3    6
    4   13    6   12    7
    8    1   12    6    4
    2   29    7   12    2
   15   23    5    5    1
   20    3    4    4    6
   11   23    7    4    2
   21    8   10    6    4
   18    2    4    4    5
   26   23    7    4    5
   16   16   11    7    7
    6    2    6    4    1
    4    5   12    5    4
   13   25    9    2    1
   28    3   11    4    2
    3   15   10    1    6
   25   28    5   11    3
   23   29    4    6    6
    6   29    8    2    2
    5    5   11    4    8
   30    1    7    2    6
   16   27    7    9    5
    5    7    4    1    4
   17    5    5   10    2
   12    5    3    2    2
    6   15   12    8    1
   20   20   10    9    6
   22   24    9    9    2
   14   30   11    9    8
    4   17    7    8    4
    4    4    7    5    5
   13   20    6    7    4
   17    2    6    6    5
   17   12    8    2    6
    6    9    8    5    2
    6   16    5   10    4
   14   24    3    8    2
   27   11    1   11    2
   16   17    4    3    4
   20   11    2    4    3
   10   29    6    5    1
   20   15   12    6    1
    6   30   12    7    4
   16    8    5   11    6
   16   22   10   10    6
    1   16    3    1    6
   24   15    1    1    3
   18   10    9    1    4
    9    4    3    3    3
   30   28   12    8    2
   30   10    8   12    6
   11    9    7   12    3
    8   30    6    5    2
   10   14    1   10    6
    1   22    9    4    6
   22    8    3   12    7
   21    7   12    5    3
    6   25    4    9    2
   29   17    9    3    2
   28   21   10    3    1
   20   18   10    9    8
   22   21   12   10    1
   15    1   11    6    5
    4   28   11    2    6
   12   12    9   12    9
   15   14    7    9    6
    7   12    8    7    6
   14   28   11    3    5
   24   21   11   10    3
   27   27    6   10    9
   26    4   11   11    7
    1   14    3   12    5
   19    3    5    8    4
    9   28   10    1    2
    9   14    1    3    1
   19   10    6   10    1
   29   18    8    6    7
   11   16   12    3    3
   24   30   12    2    8
   14   23    9   12    8
    1   24    8   11    5
   18    7    7    3    5
   12    1    3    6    6
    2   19   12   11    6
   20   24    3    5    4
    6   28   11    1    7
   15    7   11   12    3
    5   14    7   12    4
   26   28    3    1    5
   11    4    8   11    6
   11   25    4    3    8
   19   29    6   12    4
    8   28   10   12    2
   10   12    5   12    1
   16   12    9    5    2
   30   17    5    5    4
   26    3    2   12    2
   12    9    7   11    1
    3   30    8    7    1
    7    4    7    1    1
   12   27   10    4    2
   19    9    7    7    6
   28   15   11    1    3
   19   24   12   10    6
    1   10    2    1    8
   30   30    7    4    7
   17   20    7    2    7
    9   25    8    6    6
   23    1   12   11    5
   17   14    9    1    5
   30   11   10   10    8
    2   21    8    7    9
   11   15    3    2    2
   22   10    9    4    1
   26    6    2    5    3
    6   21   11    1    8
    3   24    5    5    5
   18    9    2    3    6
   25    1    8    5    3
   26   26    6    7    9
   30   22    9   10    3
   12   24    8    7    2
   15    2    8    4    4
    8    9   10   12    3
   14   12   12    3    7
   16   10    5    5    6
   20   12    8    4    4
    3   11   10    5    7
   25   18    9    2    8
   12   25    5    2    5
   13   14    2    9    8
   20   27    9    3    2
   23   12    3    9    3
   18    8    3    3    6
    5   23    2    5    4
    8   26   10    8    4
   27   18   11    6    5
   18    3    4    6    4
    3    2    2    8    5
   15   13   12    8    6
   22    6    6    7    1
   19    1    7    7    6
    7    9    3    8    3
   16   23    9    7    4
   28   17    1    8    6
   30   25    2    5    5
   12   29    3    8    2
   21   17    3    1    7
   10    2   11   11    6
   25   24    4    4    3
   20    7    9    5    3
   11    1    2    7    6
   20    6    3   10    3
   11   12    6    2    6
   24   27   11    3    1
   24   17    9    4    2
   10   23   10   10    2
    6    3    6    4    1
   25    2   10   11    3
   30   21   12   12    4
   27   30    7    1    5
   25   29   11    8    4
    4   19    9    9    6
   12    3    9   10    5
   26   10   12   12    4
   17    7    1    4    5
   14   14    4    6    8
    8    2    2    7    4
    2    7   12    8    3
   16    9    3    7    6
    9   13   11    1    4
   14   21    1   12    8
    4   12    9    5    9
    4    3   10   12    4
    3   16    3    5    6
   13   19    5   12    5
   23    3    7    7    2
   29    3    4    9    3
    7    1   12   12    1
   26    2   10   11    7
   21    1    2    8    6
   10    3    1   10    6
   27   15    4   10    5
   13   10    4   12    3
   28    5    3    3    3
    5   22    2    8    1
    8   13    9    6    7
   13   23    1    3    4
   30   16    2    4    5
    1    9    9    4    6
   13   21    3    8    5
   15    9   11    5    3
   12   26    4    6    2
    6    6    1   12    9
   15    5    2    8    6
    6   23   12    5    4
   19   22    2   11    1
   30    4    7    1    2
   24    9    9    5    3
   20   22   11   11    3
   23    9    5    6    6
   30   15    1    4    3
   21   11    6    2    8
   15   12    3    6    4
    8    5   12    8    6
    4   29    3    9    2
   29   24    7    5    3
    7   11    5    5    4
    2   12    1    5    6
   21   10   11    9    2
   25   21    7    3    2
   24    4    8   12    2
    7   16   12    3    5
   23   18    3    7    6
   26    1    4    3    5
   26   29    8    3    6
    9   30    3   12    7
    5    3    2    7    6
   26   17   12    2    8
    8   11    1    5    7
   24   26    8    9    6
   16   14    7    7    5
   15   25   11    7    5
   22    7    3   11    7
    8   12    2   10    4
   20   30    2    6    6
    7    7    9    7    4
   24    6    2    9    3
    5    2    5    9    3
    5   27    6    1    6
   23   30    9    5    4
   23    8   10    8    5
    7    3   12    4    5
   15   10    5    1    4
   29   11    4    1    2
   19   23    5   12    7
   17   13    5   10    5
   29   27   12   12    2
   19   12    5    8    3
    9   26    5    8    4
   27   21    3    1    1
    6   18    9    3    3
   22   26    6    3    6
   22   29    7    1    6
    9    3   10    6    4
    9    5    9    4    6
   21   18    3    4    7
   20   16    3   10    8
    4   25   11    7    8
   26   15    6    6    4
   25   22    9    3    5
    3    3    2   11    7
    5   29    5    5    6
   25   25    4    7    4
   24    5    2    2    5
   27    8    9    6    2
    7   19    3    7    3
   22   17   10    5    1
   11   28   12   12    1
   11   14   11    3    5
   17   15    6   10    4
    4    1    3   10    6
    1   18    7    7    4
   28   27    3    2    6
   27   22    9    3    7
   25    3    9   10    6
   26    5   11   12    6
   21    3   12    3    7
    8   25    4    2    4
   17   18    5   10    5
   28   16   10    9    3
   21   26    1   10    6
   27    3    4    7    4
   29   21    3    7    4
   24    7    1    2    6
    4   10    2    2    6
    2    2    4    9    9
   19    8   12    6    7
   25   19   12    6    4
   27    6    9    6    4
   22   12   12    4    3
   21    5    8   12    3
    4    6    2    1    7
    9    9    6    1    7
    3    1    5    2    8
   18   30    4   12    6
    9   20   10    8    1
   28   24   11   10    3
   15    4    8    1    4
    7   27   12   11    4
   18   12    9    2    3
    7   14    5    2    5
   18   13    8    5    6
    1    1    1    6    4
    4   23    4    2    3
   16   29    4   11    5
   10   10   11   10    6
   11    2    1    6    6
   20   29    6    4    5
    8   20    1    3    7
    4   27    6   12    5
   29   29    2    5    4
    4   20    8    2    4
   11   11    3   12    3
   10   28    8    4    2
   29   13    3    4    2
   20    1   10    1    6
    6   13   11    2    1
   10   11   12    4    3
   23   24    7    6    3
    2   24    2   11    4
   16   26    4    5    3
    8   29    9    2    4
    9   27   11    7    6
    2   22    3   10    3
   22   23    9    8    3
   29   30   11   11    5
   18   15    3    9    6
   23   27    4    7    9
    9    2   12    9    4
   15   15    6    2    6
   11   24    2    5    5
   26   13    2    6    6
   20   26    4   10    8
   28   12    7    5    2
   13   16   12   11    8
    7   10    1   10    4
   24   16    2    3    2
    3   14    2    1    5
   22   14    4    2    6
    3   17   12    7    4
   18    5   10    3    7
    5    6    8    9    5
   13   11    7    4    6
    6   19    5    9    4
    4   18    9    9    3
   19   17    5   10    5
   12    6    8    7    6
   25   27    5    3    4
   14   19    8    2    7
   19   27    3   12    3
   18   22    3    5    4
   30   19    7   11    2
   12   30   12    5    4
    8    8    1   12    4
   28    2    1    7    5
   18   19    8    3    5
   27   10    6    6    4
   24    8    6    9    6
   20   23    5    2    6
   22   22    8    9    4
   14    2    8   11    6
   25   23    2    5    4
   23    7   10   10    3
   30    7   12   11    2
   20   19    5   12    2
   10    6    8   11    2
    1   29    1   11    4
   12   21    7    3    7
   18   26    6   12    7
   24   24   12    1    5
   10   17    6   10    4
    6   14    9   10    3
   11   17    8    4    2
   26   11    7   11    4
   28    1    8   12    1
   28   29   10    2    2
   23   17    2   11    2
   28   28    2    1    3
   21   15    3    6    4
   13   12    1   11    4
    5   20    8   10    3
    6    7   12    7    2
    8   17    8    8    1
   13   24    5   10    2
   22    9    1    5    3
    8    3   11    2    4
   17   17   11   12    5
    4    2    7    9    4
   25   14   12    6    6
   21   21    6   11    6
   10    8    9    1    2
    8    6    7    1    3
   11    5    2    2    4
   10    5    9    8    2
   15   19    4    7    3
   13    5    9    9    3
   18   24    7    7    4
   29   15    1    9    1
    2   23    3   12    7
    1   27    9    5    7
    9   17    9    1    6
   11    6    5    1    5
   13   30    5   11    4
   18   14    5    9    7
   16   21   12   11    6
   28   19    6    1    3
   28   22   12    4    3
   28   13    5    8    2
    7   29    7    5    1
   25   26    9    4    6
   21   19    7    9    8
   13   22    1   12    4
   28   20    2   10    5
   21    4    8    2    7
   26   30   10    9    5
   16   19    4    6    6
   23   23    2    4    6
   25   10    8    7    5
    9   29    3    4    7
   26   14    6    2    6
    4   16    1    8    8
    5   19    6    6    4
    7   26    9    3    4
   15   16    1    9    6
   24   10    1   10    3
   17   25    2    9    4
   28   23    1    9    6
   21   20    2    4    6
   30    5    4   12    2
