    8    1    8    5    6
   28   28    8    6    6
   29   18   11    4    8
    7   21    7    9    4
    9    4    5    1    3
   29    5   12    4    4
    9   22    3    5    3
   21   12   10    9    8
   12    2    7    4    8
   28    9    1    5    3
   30    7   11    7    2
   24   13    3    9    5
   14   20   12    4    4
   24   17    7    3    5
   30   21    4    8    8
    5    9    3   11    6
   10   24    1    3    6
   10    6    7   12    6
    2   18    1   11    5
    3   29    3    5    4
    7   12    3    4    5
   24    9    8    8    3
   27    9    1    9    5
    5    3    1    7    4
   14   28    2    7    2
   17   16    5   10    8
   30   15   10   11    4
   15   19    7   10    5
    8   19    7    6    8
    5   14    3    5    2
   15   24    5    3    3
   24    1   12    4    6
    7   10   11   12    4
   20   13   12    4    8
   18   25    5    7    6
   21    5    8    1    4
   24   18   11    9    6
    6   25   10    4    3
   14    8   11    8    6
   28   29    2    2    3
    2   15    8    4    6
   29    9    9   12    4
    1    3    2    8    7
   18    6    6    8    3
   18   15    7    5    3
   19   12    7    5    6
   25   15   10    2    3
   21   26    4    6    6
   25   20    6    2    7
   19   14    5    9    8
   14   17   12    6    6
   11    7    6   10    3
   30   17    8    3    3
   11   11    4    1    4
   18    7    8   10    1
   19   27    6    1    3
   28   24   11   10    4
   22   29    9   10    2
   28   22   10    2    6
    2    4    4    1    3
    7    8    8    2    4
   14    7   11    6    3
    3   18    4    8    6
   16   26   11    2    6
    1   12    3    9    5
   27   16    4    7    3
   22   30   10    9    5
   19   26    3    4    4
   16   28   11    6    3
    4    8   12    7    8
    4   21    5    2    5
   16    4   11    6    7
   13    6    5    5    3
   14   14   10    2    8
   25   24    8   10    4
   23   27   10    2    2
    9   11    8   11    3
   26    9    1    2    4
   14    1   12   10    5
    8   16    4   12    4
   12   18    3    9    3
    8   25    5    4    5
   20    2    3   10    7
    3   14    8   11    3
   10   27    5    4    2
   10    1    9    6    8
   12    6    6    5    4
   22   24    5   11    8
   23   20   11    3    3
    7   28    9    6    8
   25   30    4   10    7
   17   18   10    9    4
   25   19    4    7    7
    7   27    8    1    4
   30    4    1   10    4
   22   18    3   12    3
   21   20    5    6    6
   21   28    3   12    4
    9   13    7    1    4
   18   28    7   12    2
   18   13    9    3    5
    1    5   12    6    9
    6   19    4    2    2
   26   18    6    1    7
   15   17   11    2    3
    8   20   10    2    3
   16   10   11    4    7
   21   19   12    7    8
    8   26   11    4    3
    2   26    1    9    9
   11    6   11    5    8
    9    9    8    2    9
   13   12    4   11    9
   26   12    7    9    6
   10    8    1    5    7
   10   17    5    9    7
    1    2   12    2    3
   20   12    7    1    3
    2   25   12   12    3
   10   10    4    6    3
    8   28    9    5    3
    1    6    1    6    6
   22    2    6    9    4
   23   28    9    4    7
   13    2    8   11    4
    6    5   10    5    4
   20   15    8    9    3
   29   21    2    2    6
    4   13    8    6    3
    3   12    5    6    7
   24   16   12   11    7
    4    5   12    6    6
    6   22    8    5    4
    6   15    1    9    3
   18   20   10    9    2
    6   21    6    3    5
   10   20    5    6    7
   25   25    4    5    3
    9   10    4   10    3
    2   19    7   11    8
   15   22    6    9    6
   17   17    9   10    6
   18    1   10   10    4
   30   11    9    5    2
   15    4    7   10    3
   19   18   11    5    4
   21   13    3    5    6
   23    9    2   12    2
   14   15   11    8    7
   23   15   10    3    3
   20    7    5    6    3
    8   18    1   10    3
   17   29   11    3    2
   13   25    2    1    6
   29   12    1    4    3
    3   10    8   12    8
   30    2    3    6    8
    4    7    5    4    8
   30    9    1    1    4
   30   10   12    7    8
    7    9   12    8    3
   24   30    1    5    4
   28   20    7    7    2
    5   25    4    6    3
   29   30    4    6    4
    9   20    9    8    3
   11   14    5    5    4
    7   15    5    4    2
    3   19   10    4    6
   17   23   12    3    4
   26   30    9    8    9
   16   30    8    9    3
   22   22   10    1    8
   11   16    4    9    7
    6    8    2    1    3
    3   23   10    6    3
   23   25    9    1    4
    3    3    8    4    8
   10   12    6    2    6
    6   29    4    8    3
   24   20   11    9    4
   10   18    6    9    8
   25   10    6    3    3
   15   16    6   12    7
   26   26   12    6    8
   22   13    3    4    2
    7   22    4    7    7
   17   12    3    3    4
   20    5   10   11    4
   16    6   11    8    8
   14    9    7    1    4
   13   26   11    2    8
   21   23    9    1    9
   27    4   12    6    3
    3   11    4    2    7
   15    8    1    9    9
    3    8    8    2    8
    3    4    2    9    8
   19   23   10   12    4
    1   19   10    2    7
   19   13    8    8    5
   15   21    9    1    7
   12   24   10    4    6
   21   21   11    3    7
    1   27    3    8    4
   16    3    5    8    3
   12   12   11    6    7
   28   25    9   12    2
    3   13   10    4    3
    9    6    2   10    2
    5   16    9    2    3
   10   26   10    5    6
    5    5    7    1    7
    6    6   10    2    7
   29    7    9    7    4
   27    5    2    2    3
   15   10   10    6    6
    1   22    5    1    4
   13   28    9   10    4
    2    2    3    9    6
    7    3    2   10    4
    9   12    5    9    4
    8   22   11    5    3
   16   25    3    5    6
    7    5   11    3    3
   28   30    6    4    3
    7    6    6    4    4
    3   21   10    9    3
   13    8   11    2    5
   26    4    3    5    4
   17   28    2    4    4
   23   13    9    3    4
   14    6    2    8    3
   12   28    3    4    6
   14   10   11    9    4
    4   29   12    5    3
   12   25   11    7    6
   20   29   11    1    4
    2   29    6   11    5
    8   30   10    1    3
   22    4   12    4    7
   27    6   12    3    6
   22   23    7    6    4
    1   16    4    6    5
    3    6    1   12    3
   12   14    4    2    3
    1   23   10    2    4
    4   25    9   12    3
   23   23    5    9    4
   29   11    2    3    3
   23   30    9    2    3
   30   14   10    7    3
   13   10    9   10    4
    6   23    3    4    3
   19   30    8    5    3
   18    5    3    7    6
   11   21    7   12    6
   28    3    8    1    3
   11   26    5   10    2
   14   25    6    3    6
   23   12    1    5    3
   10    2   10    1    3
   23   14    4    8    3
   23   26    3    7    4
   13   13    6    2    3
   24   21   12    2    5
   22   10    5    8    2
   19    7   11    7    5
   25    7    9    1    4
    1   28    8    5    4
    1   29   10    8    3
   12   22    5    1    5
   18   27    7   12    6
   27   26    5    4    6
    6    2    7   11    4
    1   13   11    8    6
   15    9    6    9    6
   20   17   12    1    4
   21    1    4    5    3
    2   28    1    9    2
    5   17    5    2    3
   20   20    7   10    8
   24   26    6    9    5
   24    5    5   12    6
    2   21    7    4    4
   12   11    1    6    6
   23    5   11    6    2
    3   15    2    1    7
   27   11   10    8    7
   29   24    9   10    3
   20   26   11   11    7
    4    1    5    2    7
    6   17    2   10    3
   17   11   10    6    3
    3   17    3    9    6
   14   16   10    3    8
   15   15    6    8    7
   29   25    7    4    4
    2   11    6   12    4
    5    2    4    5    4
   25   17   12    6    8
   27   14   12    3    7
    9   21    5   11    8
   11   19    9    8    4
   10   28    8   10    5
   21    8    6    4    6
   22   14    1    1    2
    8   24   11    5    3
   28   19    8    5    4
    2    7   12    2    2
   30    3    2    9    3
   15   29   10    5    4
   27   22   10    4    4
   19    9   10    4    4
    2   27   10   11    4
   11   25   11    1    4
   24    7    8   10    5
   16    7   12    9    2
   16   19    5    1    7
   22    5    6   12    8
    8    8    3    4    8
   17   27    4    5    6
   14   24    6    6    8
    1    9    1    9    7
   29   29   11    9    7
   23   16    7    1    4
   24   24    9    1    8
   24   19   12    4    8
   16    2    9    1    4
   30    5    4    8    4
   13   16   10    9    7
   14   21   10    8    4
    9   16   10   10    6
   26   29   12    4    6
   25    9    5   12    4
   14   18   10   12    4
    1   20    7    8    2
   17    4   12   12    3
    2   17    5    4    3
   30    1    8    6    3
    8   29    8    3    3
   16   20    8    7    3
    4    4    7    5    6
    1   25    1   10    3
    4   18    5    8    7
   18   21    4   12    6
   18   18    2   10    3
   26   15    4    5    3
    6   26   11   12    3
   21   17    9    1    6
   20    4    4   10    6
   27   27    9    5    4
    8    2    4    9    4
   20    6    9    6    4
    5   13    2    7    4
   21   27    4    4    6
   25    3   12    3    3
    2   23    8    1    4
   13   17    1   12    3
   14    2    2   11    6
    7    7    3    9    4
   27   29    6   11    6
    4    6   11   10    5
   29   16    1   12    7
   28    6    2    6    5
   26   17    6    3    6
    4   24    1   11    7
   27   25    7    6    9
   13   11    2   10    6
   12   16    7    2    6
   12   30    3   11    4
   25   26   11    3    4
   15   11    4    4    3
    3   22    2    2    3
    2   24   12   12    4
    5   26    2    5    4
   17    7    9    7    2
   28    4   10    9    3
   10   23    2   11    2
   27   30    9    8    1
   20   22   11    9    2
    6   24    1    5    1
   27   20    2    6    3
   22   16    8    6    2
   30   13   10    9    4
   10    5    6   10    3
   21   22    7    5    2
    5   12    8    3    5
   22   17   10    4    2
   28   27    5    7    4
    4   19    3    2    5
   17    1    8    4    3
   13   15    3    8    6
   18   16    9    4    6
   22   11   10   10    4
   11   20   12   12    3
   27   15   11    6    5
   24   27    9    6    3
    4   14    7    9    7
   11   28   12    1    4
   11    1   10    3    7
   18   23    7    8    6
   16   21   10    3    4
   12    8   12   12    3
    8   11   11    7    7
   29   19    1    5    4
   19    5    3    1    3
    7    1    5    4    4
   19   19    2   12    8
   29   13    1   12    3
    3   20    7    9    4
    8    5    1   11    2
   14   29   11    5    4
   21   25    3    2    4
    7   23    7    1    3
   27    3    7    3    4
    7   13    7    2    4
   15   28    7    2    3
   11   18    3    9    5
   23    8    3    6    5
   27    8    8    3    4
   24   11    1    5    4
   10    4    8    5    4
   23   24    3    3    3
   28   26    6   10    3
   23   29    9   11    4
   23   11    8    6    3
   20   30   12   10    7
   21   10   10    2    4
    9   17    3    7    3
   13   27    6   11    4
    4   11   11    8    3
    3   24   12   12    3
   10   11    2    5    6
    6   30    6   12    3
   20   19    5    2    3
   12   27    2    4    6
    1    1    4    9    6
   30   30    9    1    7
    9   18    9    9    3
    2    9    7    4    8
   15    1    9    2    3
   19   17    2    3    6
    3    2    9    4    3
   16   16    4    8    7
    5   28   10    6    7
    8   17   12    6    3
    5   15    9    4    4
    9    8    1   10    7
   10   29    7    1    3
    4   23    6    4    3
   19   22   11    1    2
   26   22    8   12    3
   22   25    7   12    3
   26    3    6    8    3
    4   12    6   11    6
   15   12    1    7    3
   26   14    7    2    7
   14   13    4    6    5
   30   18   11    5    4
    1   26    7    1    3
   10   19    2    5    4
    5   11    7    3    5
    7   26    7   12    4
    3    9    3    2    5
