   27   21    6    6    8
   24   19    2    4    7
   18   16    7    4    4
   15    6    5   11    6
    4   18    1   10    7
   20   22   11    8    2
   10   10    9    4    5
    4   20    4    9    7
    1    6    6    7    4
   25    8    2   11    4
   15   13   12   12    8
   27   30    7    5    8
   29    5    3    7    7
   18    9   12    7    6
   18   26   12    6    6
   28   12    5    4    5
   23   22    9   10    3
   22    2    7    9    3
   13    4    6   12    9
   20    7   10    6    5
   23   21    2    1    5
   28   28   11    4    6
   13    9    3    8    4
   15   19   10    2    5
   26   14    5   12    5
   24   16    6    5    5
   13   23    3    3    4
   21   10    1    5    7
   24   12    9    8    6
   12   15    4    8    5
   27    6    5    9    6
   14   23   10   10    5
   23   15    3   11    5
    8   24    5    7    4
   28   24    1    8    3
    3   29    9   11    5
   20   19   10    7    6
   22   14    5   11    7
   17   27   12    6    6
    9   12    2    5    3
    1   26    5    6    6
    3    2    1    6    6
    7    5    7    5    6
    3   12    6    3    5
    9    2    8   11    8
   19    4    6    8    8
   30   21    1   11    8
   15   15    4    1    7
    3   30   12    2    5
   28   15   12   11    7
   10    3    8    4    4
   17    1   12    9    5
   28   29    1    1    3
   15    5   10    2    6
   17   28    2    3    4
   10   22    8    3    5
   23   25    8    8    3
    6   29   12    8    3
   17   18   10    4    5
   11   11    2    1    6
    8   22   11    9    2
   26    8   12   11    4
   30    4    7    6    7
   18    3    5    8    5
   24    3    6    3    5
    4    3    6    4    7
   11   25    5   12    5
   27   28    5   11    7
   25   26    4    3    8
    2   10    3    7    7
    7    7    8    6    7
   30   14    2    1    8
   21    5   11   10    4
   15   25    8   10    4
   23   24    1    9    5
   24   26    6    3    7
    9   22    2    6    8
    4    2    3    8    4
   14   21    9   11    5
   20    2   11    4    4
   18   30   12    2    8
   30   16    5   10    5
   20    3   12   12    3
   16   23    4    2    3
    5   11   11    6    4
   22    6   10    6    5
   12   16   10    3    3
    9   10    6    9    4
   30   20    9    6    5
   28   21    3    2    7
   10   23    6   11    8
    3   15    9    1    8
    6   16    8   10    2
    1   22    6    3    9
   23   27    9   11    9
    1   15   11    5    8
   26   30   12   12    8
    6   20    5    6    4
    3   14    8    3    4
    8    6   11   11    3
   17   20    1    9    3
   19   25    7    4    8
   20   20    4    1    8
    5   25    7    4    6
   28    4    5    6    7
   20   23   10    1    3
   29   15    3   12    7
    8   19   12    8    7
   11    6    3   12    8
   14   11    6    2    8
   19    7    4    6    5
    7   29    6    8    6
   17   19    1    1    6
   19   19    5    9    7
   12   25    1    7    8
   26   21   11    9    6
    1    8    5    8    5
   29   10    1    1    5
   26   17   10    5    7
   11    7    6    6    5
   23    9    2    2    4
   30   30    5    3    7
   21   12   11    9    7
   27   26   10    9    7
   25   14    2    9    6
   24   29   12    5    7
   25   29    9    3    7
   24   13    2    4    4
    3    5   12   11    5
    4   11    4    8    6
   24   20    8    9    5
   20   14    2    3    6
   23   30    8    5    7
    4    4    1    6    7
   25   25    1    5    8
   13    6   10   11    4
    9   29   10    7    3
   25   22    7    6    3
   14   18    2    1    8
   30    5   11    3    6
   21   11    9    5    5
   22   29    8   10    4
   30   10    7    9    3
   18   21    1    5    4
    2   17    1    8    6
   18   18   11    3    6
   17   12    4    1    6
   21    4   10    6    6
    8   10    5    7    7
   12    7   12    8    5
   22   12   12    2    4
   15   27   10    6    3
    8   28   10    1    4
    3   28    8    8    3
   25   28   11   12    5
   15   26   11    1    3
   17   25    7    6    4
   16   11   10    9    5
   30    8    8    4    4
   10    5    4   12    4
    1   21    8    6    5
   25   20    8    2    4
    9    8    6    1    3
   24   14    8    2    4
   28   16    7    7    5
   23    1    3    7    5
   23   23   12    4    6
    6    6   10    9    7
   14   16    6   12    6
   15    2   12    2    7
   20   16   11    2    7
    6   12    9   10    7
    9    5    5    8    5
   13   13   11    6    7
   29   13    9    4    6
   13    2    4    4    5
   16   29    5   11    5
    8   21    7    2    4
    3   21    1    2    4
   19   10   11    6    3
   12   10   12    8    2
   25   24    5    2    7
    9    1    5    7    5
    6   17   11    5    5
    5   16    7    3    4
   26   26    1    2    6
   19    2    7    2    5
   28   30    9   12    6
   29   27   12    3    4
   24    7    8    6    5
   30   11    7   10    5
   21   24    6    8    5
    1    2    9   12    7
    1   27    4    8    6
    1   16    3   10    5
    1   29    5   12    3
   23    8   11    2    1
   29   14   12    1    2
   17   13    3    3    4
   21   22   11    3    3
   27   25   11    3    4
    4    1    6   12    4
   16   16    3    9    4
    9   28   12   10    5
   24    4   12    6    5
   18    5    2   12    4
   22   16    7    3    3
    9   14    8   12    2
   19   30   12    3    3
   12    8    1    1    6
   28   13    4    4    4
   19   14    8   11    5
   29   29    8   10    5
   13   18    6    1    7
   12    2    3    6    5
   25    7    9   10    5
    6   18    2    8    3
    6   14   10    1    7
   14   14    3    4    8
   25   18   12   11    5
   22   15   10   11    5
    6   10    8    5    4
   19   27   12    1    4
    4   23   10    8    3
   24    6   12   10    4
   25    9   10    6    5
    2    2    7   10    6
   12   20    3   10    6
    2   26    2    3    7
    2   27    8    9    6
    6    2    8    3    4
    8    8   12    5    6
    8    5    6    7    5
   30   22    1    8    3
   18   12    5    9    4
   25   10   10    2    2
   29   19   12    1    4
    4   22   11   10    5
    4   12    2   11    7
    9    6    6    2    3
   10   20   10    8    5
   17   17    7    2    7
   29   12    9    3    3
   25    3   11    8    4
    5   27    4   11    4
    8   20    6   11    5
   19   18    6    7    5
    6    3    7    8    2
   21   15    4    1    7
    5   22    5    4    5
    5   14    4    4    5
    7   16   10    8    4
   23    6   11    3    6
    9    3    2   10    5
    8   15    1    5    4
    1   12   12    9    5
    3    7    5   12    6
   13   27   12    8    7
   23   11    3    8    4
   26   16    3   10    5
   20   15   10    4    5
    3    8   12    7    6
   26    6   11    2    3
    4    9    5    5    4
    5   17   12    8    3
   20    5    9    9    1
   15   24    9    6    4
    7   23    2    7    4
    4    6    5    4    4
   16    8    9   12    6
    1    3   12   10    7
   22   24    3    9    7
   30    7    4    6    4
   23    5    1    4    3
   20    1    2    6    4
   10   16    3    7    6
    8   18    1    8    6
    9   15    5   12    4
   22   27    3    8    4
   15   14    5    1    4
   13   26   10   11    5
    2   30    2    6    6
   28   23   12    7    4
   30   25    1   12    6
   24   11    2    7    6
   21   20   11    2    5
   18   15   11    2    3
    3   22   12    3    7
   16   13    1   11    6
    1   19   12   12    5
   24   10    3    5    5
    9    9    2    6    6
   13    7    2   12    5
   25   13    9    4    4
    1   13   11    5    6
   13   21    3    9    3
   28    5    4    2    2
    3   23    7    7    3
   19   22    6   12    4
    5   19    6    4    5
    3   17    1    8    7
   21    7   12    3    6
   19   28    8    2    5
    8   14    7    3    6
    5   13    5    1    4
   16    9    6   12    3
    5    2   10    5    4
   22    7    1    9    7
   27   20   12    1    4
   17   30    2    5    6
    4    7    7    5    5
    3   16    9    7    4
    2    7    3    8    5
   27   11    9    1    4
   10   11   10    8    3
    5    5    4    3    5
   27    7    9    8    6
    7   17    9    7    5
   18   24    4    9    6
   23   19    8   10    5
    6    7    4   12    6
   17   15    1    1    7
   12   14    6    2    7
   30   15    9    6    6
   11   22    1   12    7
    8    7   12    3    5
   15    4    1    9    7
    6    5   11    7    4
   29    4    3    8    5
   13   19    2    4    6
   10   17    9    8    4
   16    2   11   10    5
   29    2    2    5    7
    5   26    2    3    6
   17   23    1    4    4
   19    9    7   12    3
   18   28    2    9    4
   18   23    3    1    3
   30   13    9    6    4
   28   11    3    9    3
   21   21    4    5    2
   22   18    3   11    3
   18   11    9    4    7
   11    3    1    1    7
    2   24    7    9    6
   19   21    9    3    5
   28   20    7   10    4
   12   23    7   12    6
   14   13    6    4    4
    3   13    2   10    4
    7   10    2    8    5
   11   15    4    5    4
   25   16    7    3    6
   16   15    2    3    4
   17   24    3    2    5
    1    7    7    1    4
   27   14    5   12    6
    9    7    8   12    4
   21    9    1    6    5
   26   29    5    2    5
    9   30   10    9    3
   10   15    6   11    6
    4    8    1    8    6
   24    1    7   11    4
   25    2    8    3    6
    4   14    2    2    7
    1   30   12    9    4
   28   26    8   11    5
   27   10    6   12    3
   11    2    9    1    4
   14   28    8    6    5
   15    7   11    5    4
    3   26    2    4    4
   12   26    6    6    6
   27    9   12    4    4
   16   19   12    7    5
   27   27    1   10    5
   17    9    8    2    4
   21   29    6   11    5
    7   26    7    1    4
    9   20    8    4    6
    7   28   10   11    5
    5    1    8    6    6
    9   26    2   10    3
   11   12    2    4    4
   30   24    6    4    3
   26    4    2    2    6
   18   20   10    4    4
   13   10   11    8    2
   20   26    4    3    5
   27   18    6    8    5
    1   10   11    3    4
    4   17    3    3    5
   18    7    7    3    3
   20   13   11   10    4
   10   28    8    5    3
    6   25   11    9    3
    4   16    5    8    6
   28    1    2    6    7
   29    8   12    6    5
   21    6   12   10    4
   13   22    4    4    3
   12   13    6    5    4
   23    2   11    5    3
   13    8    9    7    5
   25    4    3    5    5
   26   10    8    2    4
   21   25    4    7    3
   30   29    4    7    2
   21    2    2   11    4
   11   17    8    8    5
   14    7   12    9    3
   28   22    7    1    3
    5    4    4   11    5
   12    5    3    7    5
    3   19    1    3    6
    4   27    4    4    6
    8   17   11    1    6
    1   25    2   12    5
   10   14    2    9    4
   18   29    9    4    4
   23   26    5   10    3
   27   12    6    4    2
   28    6    6   12    6
    1    1   10    1    5
   17   16    6    5    5
   23   29   12    4    4
   11    8    1    1    6
    2   14    6    2    7
   19   11    5   11    5
   21   16   11    2    4
   10    4    4    9    5
   19   12    1    3    7
   24   24    9    4    8
   20   11    5    1    4
    1   14    9    4    5
   26   19    4    3    5
    6   19    3    6    3
   22   22    2   11    5
   11    9    1   12    4
    9   24    2    5    3
   12   12    7    3    5
    6   30   10   11    6
   11   13   10    3    5
    2   28    1    9    2
    2   18    3    9    4
   24   27   12    7    3
   21   17   10    4    4
   11   26    6   11    5
   17   14    3   10    6
   29   17    3   10    6
   30   12    1    8    6
   17   22    1   10    5
   27    8    3    2    4
   24    5    6   10    5
   11   29   11   11    3
    3   27    2    9    2
    1   11    2    8    3
   22   26   12   12    4
   29   20    5   12    5
   10   18   10   10    4
    1   18   11   11    3
   16   27    1    7    5
    8    2    4    9    4
    3    3   11    5    3
