    8    3    7   11    1
    4    6    6    1    1
   16    9    8    2    1
   16    1   10    2    3
   10   18    4    7    3
   17   17    4    6    4
   19    9   12    7    3
   20   18   12    1    3
   26   24    6    7    1
   21    1    4   12    3
   26    3    4    9    4
    3   24    9    8    4
   20   12    1   11    5
   20   15    8    2    6
   24   10    3    9    6
   10   12    8    5    3
    5   14   10   10    2
   18   19   11   11    4
    1   28    7    8    1
    6   28    4    8    1
   10   26   10    4    1
   29   23    5    1    4
   10   20    9    6    3
   25   16    3   11    5
   17   21    1    6    4
   22   20    6   12    1
   27   18   12    2    1
   13    3   11    8    3
    7   12    2    6    4
    5   22   11    5    3
    2    4    4   10    7
   29   20    1   12    7
   14   29   11    9    5
   27   16    1    2    5
    2    2    2    5    7
    4    3   10    1    9
   16    3    1   12    3
    1   26    4   10    3
   14    6    3    1    8
    9   30    4    6    3
   24   29    6    6    5
   27   27    5    9    3
    6   23   10    5    7
   29   26    7   10    5
    6   25    5   10    3
   10    4    7   12    7
   16   24    7   12    4
   25   27    2   10    9
   18   26   11   12    7
   17   19    9    9    7
   27   14    6   10    3
   27   20    2   10    2
   28   27   11    6    9
   30   26    5    5    9
   29    7    5    2    4
    6   29    8    6    1
   25   22   11   10    9
    4   29    4    4    4
   23   19    8   12    3
   19   19    7    6    7
    6   10    8    8    4
   17   22    2    1    1
    5    1    7   11    7
   10    8    3    7    4
   23    3    7    5    4
   26    7    3    7    7
   20   23    4    4    9
   12    2    1   11    1
    5   23    9   10    6
   21    2    5    6    9
   12    8    3   10    4
    3   18    7    7    1
   18    4    4   12    7
   19   12   10    7    4
   14   13    9   12    4
   20   13   12    6    2
   24    9   10    4    2
   22   15    8    1    3
   12   27    8    7    9
   19    2   11    1    5
   25   23    3    9    6
   15   30    9   10    8
   16    6    8    1    4
   12    4    7    2    2
   14    7   12   12    4
    2   10    9    6    4
    8   18    8    9    3
    9   26    5    7    3
    1    3    2    8    8
   26   15    8   12    7
   24    6    3    2    5
   16   14    7    1    4
    3   30   12    8    3
   11   23    6    3    1
   28   26    9    6    3
   26   16   12   11    6
   26   19    6    5    4
    1   18    4    5    4
   19   20    6    8    3
    4    5    9    6    6
   27    5   11    1    3
   28   21   11   10    7
   28   10    2    2    6
   16   19    8   12    7
   30   30    4    6    4
    5   28    5    7    3
   29   13    9    1    8
    4   22   10   10    6
   22    7    3    4    8
   13    1   10    9    7
   20    7   12   12    2
   13   13    6    1    8
    8    4   12    6    4
    5   18    4   12    5
   12   11    1   12    4
   12   15    2    4    9
   15   14   11    8    9
   27   15    3    4    9
    3    2    7    7    2
   16   28    6   11    6
   24   17    6    1    5
   22   23    1    7    1
    6    8    6    3    1
   28   14    8   11    1
    1    7    4    4    4
   15   23    2    4    9
   27    7   12    6    3
    3    6    4    1    3
   21    9   11   10    2
   19    3   12    3    6
   15   28    2    3    4
   23   23    4    6    8
   30   14   11   12    5
   14   22    8   12    5
   30   20    2    8    1
   27    6    9    9    9
   30   16    6    9    4
   17   29    6    1    5
   21    4    2    7    4
   24   18   12   11    4
   22    2    9   10    4
   25   13    4   12    3
   13    2   10    6    6
    5   15    1    6    3
   21    6    8    4    2
   26   25   11   12    9
    4   20    7    7    3
   25   15   11   11    3
   10   15   12    6    3
   10   16    8   12    2
    1   30    4    2    4
   30   28    9    8    3
   24   21    6    5    6
   12   23    1    6    4
    8   29    1   12    4
    1   25    3    7    7
   11   14   10   11    5
    8   30    1    3    3
   30   17    2    2    5
   10   29   12    3    4
   11   19   10   11    6
   18   13    6    6    3
   17    1   10    1    3
   16   22   11   10    7
   19    6    4    2    1
    8   24    5    6    8
   16   12    6    2    7
   23   10    4   10    4
   12   22    1    4    6
    7   16   11   12    5
   17   14    1    7    4
   17   28    3    5    4
    5   12   12   11    3
   22   22    4   10    6
   10    7   11    1    5
   16   17    6   10    4
   18    2    1    5    6
   19   27    9    3    7
   22    9   11   10    8
   14   19   11    8    4
   26   23    2    4    4
   11   26    2    5    1
   21   26    3    6    4
    6   11   10    3    4
    7   15    4    5    6
   14   14    4   10    6
   25   11   10   10    3
   21   25    8    2    6
   10   17    8    6    4
   28    8    9   12    4
   12   18    8   10    7
   23    1    7    8    4
   26   26    1    8    5
   20   24   11    7    3
   24   19    5    1    2
   30    6    9    3    4
    6   15    8    5    7
    2   29    3    9    4
   17    2   12   12    3
   21   15    1    7    5
   26   20    5    8    1
    9   28    9   12    7
    7   13   12    9    6
    7    3    2    9    7
   25   20    6   11    9
   29    3   11    4    9
   21   20    1    5    3
    1   12   10   10    3
   30   10    9    8    2
   27   29    3    7    6
   21   22    8    5    4
   20    5    6   12    4
    4   16    3    9    8
    4   30    4    6    4
    6    5    3    9    7
   26   27    7    5    4
   11   29    2   10    6
    8   20    6    8    3
   14    3    7    2    6
    4   25    3    8    4
   23   16    3   11    3
   30    2   11    3    3
    9    7   12    5    3
   25   25    2    6    7
    2    6    9   10    4
   28   29    1    1    1
   16    5   10    9    3
    4    7    6    9    3
   25    9   10    8    4
    9   14    5    8    3
    2   24    3    9    6
    8   14    6    9    6
   14   20    3    9    7
   13   27    5    6    4
   11    4    7   10    9
   20   16    7    3    4
   19    5    2    2    5
   25   17    6    2    6
    5   11   11    1    8
   22   28    6   12    6
   28   24    9    9    4
    2    5    7    9    4
    8    1    5    9    5
   24   15    7    1    4
   24    5    1    6    4
   19   15    7    1    9
   23    7    3    5    4
   22    8   12    9    3
    9    9    3    4    7
   14    1    4    2    5
   23    9    5   11    7
   27   23    8    2    9
    4    4    1    7    6
   18   23    2    9    6
    8   16    2    5    4
    3   17    1    5    4
   21   29   10    2    8
   28   13   11   11    4
   30   27   10    8    7
   21   16   12    8    7
    8   15    8    2    3
   10   25    7    5    3
   25   30    9    5    7
   19    4    7    6    6
   29    5    1    7    4
   28    3    1    7    1
    9    3    3    4    7
   27   17    7    9    5
   29   30    6    8    4
   27    3    9    9    1
   21   21   10    6    9
   29   25    1   12    3
   27   11    8    9    3
   30   22    1    5    7
   29   12    5    7    1
    8    8    6    7    6
    2   15    8    1    4
   28   28   10    5    9
    3    5    2    3    7
   21   12   12   12    6
   25   24    2    8    7
   12   28   11   12    9
   30   19    2   11    3
   25    2    1    9    9
   26   22    4   11    7
    9    5    3    6    7
   18   25   12   10    6
   30    7   11    7    6
   26    2    3    2    8
   10   22    6    9    6
   21    7    8   10    6
   13   21    2    7    4
    1   20   11    2    3
   13    6    9   10    3
    7   18    4   12    3
    8   26    4    9    4
   18   16    6   10    6
    9   15    3    7    4
   30   21    3    4    5
   14    2   10    7    4
   30   23    9   12    7
    1   11   12    5    6
   12   24    6    2    3
   16   13    4    9    6
   27   21   12    3    3
   12    9   12   12    3
   25    3    1    1    3
   20   28    2    3    3
    9   10    5   12    3
    5    5    9    3    3
   24    7    3    9    4
   28   23   12    1    9
    4   24    9   11    8
   17   26    8    2    5
    5    7    4    4    7
   17   11    1    5    4
   25    5    8    8    4
   21   14    1    2    4
    6   22    2   12    3
   10   14    8    7    6
    2   28    8    2    4
   17    5    9    2    3
    9   13    9    2    2
   10    1    9   11    6
   25   19    2    4    4
   28   18   10    3    8
    8   13    3    9    4
   15    1    2    9    2
    7   19    9    6    3
   23   21    3    4    3
   11   11    4    6    7
    9   20    9    7    4
    6   12    5   12    7
    5   10    5    8    6
    3   11    1   11    3
   16   29   11    5    4
   25    7    8   10    4
   13   15   11    1    7
   22   18    5   11    4
   10   27    2   12    2
   21   10    2    8    1
   15   17    8   10    4
   20   20    1    2    3
    2    8    9    6    3
   20    2    2   11    2
   18    6   10   12    7
   18   17    8    3    6
   11   28    4    3    6
   20   17    1    6    6
   30   18    6    6    6
    5   21    4    3    4
   24   23    2    1    6
   29   18    6    6    7
   26    6    8    5    7
   11    8    2    7    8
   28    4    9    3    1
   21   11    7   10    3
   19   10    2    9    3
   22   11    9    2    2
    8    5    3   12    6
    8   21    3    3    4
   13    5    3    5    4
   28   25    7    3    3
    9    1   11    1    6
   12   12   10    3    7
   20   11    3    1    3
    9   18    7   12    2
   13   17   10    4    3
    8   23    5    6    2
   24   11    5    9    1
   11   13    6    1    3
    6   20   10    6    1
   11   16    3   12    3
   19   22    7   12    6
   28    7    3    2    4
   27    2    1    1    6
   16   16    9    1    6
   17    6    3   12    7
   16    2    8   10    3
   21   18    2    4    6
    2   23   12    3    2
   24   22   10    8    6
    4   14    1    5    4
   30   24   10   10    4
   11   30   10    6    4
    2   11    2   10    4
   26   14    4    5    7
   27    9    6    6    3
   12   14    3    9    3
    4   13    6    4    6
   17    8    5    4    4
    6    6    3    7    8
    9    2    3    5    4
   19   13    6   11    7
   24   27    5    8    6
    8   27    6    5    6
   13   12   11    5    6
   27   22    3   10    4
   24   24    3    7    6
   27    1    2   10    3
   26    4    7    5    6
    6    1    3   10    3
    7    6    1    9    2
    3   22    5    9    3
    7    7    7    5    7
   21    3    2    7    4
   14   24   10   11    3
   18   11    9   10    3
   13   24    3    6    4
    9   17    5    8    3
    3   12   12    8    2
    1    1    1    7    7
   16   15    1    5    4
   22    1    5    8    3
    1    2    7    1    3
   10    3    7    3    3
   10   13    7    4    6
   14   18   10    3    6
    9    8    4   12    7
    3   15    7    6    4
    7    8    9    1    3
    9   11    2    4    3
   19    1    3   11    6
    3   20    7    8    1
   25    8    7    1    7
   17   23   11    9    6
   15   11    8    8    7
   12   17    5   12    1
   29   15    3    1    3
    7   17    9    5    3
    3    3    4    1    8
   15    4    8    6    7
   18   15    6   10    6
   29    9   12   12    4
   21   19    7    5    4
   28   19   11    8    7
   26   12   10    6    4
   27    4    5    5    4
    9    4    3    6    3
   29   19    5    5    3
   29   29    8   10    7
   17    4    1   10    6
    1   29    8    3    4
   10   11   11    1    2
   18   18   11    5    8
   10   10    6   10    4
   13   26   10    5    3
   14   25   12   11    2
   24    1   12    3    3
    9    6    8   10    4
   29   22   12   10    3
    2    7    2    3    3
    1    4   11    8    3
   13   30    3    8    4
   12   25    3    3    2
    4   23   12    2    2
   30    5    4    3    3
    8   19    4    5    6
   11    7   11    5    6
   15   15    4   12    7
   23   14    6    3    6
   26    5   11    6    4
   13   22    5    6    4
   13   23   10    1    3
   30   12    2    2    6
