   10   15    9   10    2
   12   19    2    3    4
   14   12    2    9    4
    8   20    2    3    3
   24    8    3    8    5
   19   20    7   12    1
   26    1    8   10    3
   26    7    9   12    1
    7    3    6    7    3
   11   10    3    8    1
   21    1   11    5    1
   17    3    4    9    1
   25   18    6    1    2
   12    7    3    6    1
   25   26   12    6    8
    1   23   10    4    6
    4   12    2    9    5
   15    9    8    8    1
   22   20    4    9    4
   24   12    8    8    2
   29   24    2    9    2
   14   11   11    1    2
    6   21    8   12    4
   15   30    7   11    2
   17   10    9    6    2
   11   16    3    1    1
   10    3    4    7    1
    9   25    2    4    3
   12   11    8    5    1
    3   28   10    3    3
    3    5   11    2    9
    4   18    3    8    1
   15    6   12    9    1
   14   29    5    7    1
   23   27    4    3    1
    8    8    8   12    7
   27   10   11    4    1
    1    7    1    3    1
   27   25   10    4    1
   24   26   10    9    6
   14    3    1   10    1
   10    5   12    1    5
   14   27    4    1    1
   21   27    3    1    1
   30   28   12    7    1
   27   24   10    2    1
   26    5    6    3    3
   30   11   12    7    1
   28   20    6    6    2
   23   16    8    2    1
   10    7    4    6    1
   27   18    8   10    1
    7   25   10   12    1
   16   21    6    8    3
    4   11    4    7    9
    9   26    5    4    1
   16    3   10    6    1
   26   22    1   11    1
   21   18    3    9    1
   26   28   12    6    1
   16    1   12    5    1
    2   14    9    7    6
   10    9    8    1    5
   30   23    6    6    1
    9    5    8   10    1
   27    4    4    4    1
   10    2   10    7    5
   23   23    6   11    1
   14   15   11    8    1
    6   16    6    2    1
    1    2    5    4    1
    5   12    4    4    1
    5   28    9   11    1
   16    2    3   12    1
   13   13    1   11    7
   29    1    8    2    1
   28   28    7   12    4
    4   10   11   12    1
    1   22   11   12    1
    5   17    3   12    1
    8   21    4    2    1
   30   21    6   10    1
   20    2   12   12    1
    5   16    2    5    1
   25   22   10   11    1
   25   17    1    8    1
    8   25    2    3    1
    8   17    3   11    1
   29   16    9   10    1
   20    6    9    4    4
   21   15   11   12    1
   20   20    9    6    8
   20    3   10   12    1
   18   17    4    7    5
   12   15    8   10    1
    5   29    2    3    1
   28   25   11    9    1
    3    3    5    8    8
   28    8    1   10    4
   17   12    6    6    4
   27   26    3    4    1
   20   17   10   10    9
   22    6    2    1    1
   17   30    9   12    5
   20   27    7    3    1
    4   25    8    4    1
    6    9    6    3    1
   23   21    3    5    1
   12   10    7    5    1
    7    2    6    2    1
   28   13   10    2    1
   29    8    2    6    1
    2    2   12    6    5
    5   15    1    3    1
   21   21    9    3    4
   11   13    9    7    4
   22    2    2    5    1
   18   13    5    3    1
   24   14   11    2    1
   27   17   12    3    4
   14   21   11    3    6
   29   15   11    4    1
    1   11   12   10    2
   15   22    5    6    1
   13    5    1    1    1
   13   22   10    3    1
   25   16   11   12    1
   17    1    2    4    1
    2   18    9    7    8
   25   10   11    7    1
   10   14    2   10    1
   30    2   12    5    8
   13   12   10   10    1
   19   21   12    3    1
    7   15    2    6    1
   22   21    4    1    1
   19    8    6   10    7
   15    3    2    3    1
   15   17    2    5    1
   10   10    7   10    1
    9    1    8    7    5
   27   27    3    7    4
    1   12   10    1    2
   29   17    9    8    1
    1    1    8    9    8
   11   19    3    7    1
   11   20    1    9    1
    8    9    2    8    2
   23   13    8    4    1
    7    6    4    5    1
   28   27    9    1    1
    2    6    2    5    1
   10   16   10   11    1
   11    8    2    6    1
   23   14    9    2    1
    7   27    5    6    1
    7    5   10    1    1
   28    2    2    2    1
    8   13   11   11    1
    6   30    6    7    1
   27    8   10    6    1
    2   15    4   10    1
   21    3    7    4    1
   11   29    2   11    3
    1   18   10    4    1
   12   23   10   11    6
   26   16    1    4    1
   15   18    2   10    1
   11   18   11   11    1
   21   24    3    2    1
   25   13    5    9    1
   14   17    9    5    6
   29   22    7    9    1
    3   29   11    6    1
    1    4    1    4    4
    6   18    5    7    1
   19    5    9    1    1
   10   28    8    1    1
   29    7    3    9    1
   21   25   12    1    1
    1   13    1    5    1
    7   23   11    6    1
   26   21    4   12    4
   17   22    7   10    1
    4    4    5    4    4
   21   28   11    3    1
    5   23    6    5    1
   24    7   12   12    1
   25   19    8    7    1
   17   28    9    8    1
   22   28   12   10    1
   15   23    4    5    2
   19   18    8    9    2
   19   17    1    6    5
   20    9    3    6    4
    9   14    4    7    1
    7   28    7    1    1
   25   20   11    6    1
   11   25    2    7    4
    3   12    3    9    1
    2    8    6    2    1
   15   16    9    2    1
   23   24    8    8    1
   27   11    6    5    1
   20   23    9    7    1
    5    2   11    1    1
   26    4    7    3    2
   28    1    7    9    1
   14   28   10    8    1
   15    1    6    4    2
    6   26    1    7    1
    7   22    6    2    2
    3    9    7    4    1
    4    6   11    5    1
   22   16   12    9    6
   27   30   12   11    1
   23    8    2    3    1
    5   21   11   12    1
   11    7   12   11    1
    6   23    6   12    5
   12   20    8    1    1
   16   13    6   12    8
    1    5    6    8    7
   15   19    8   10    1
   15   24    4    9    1
   25    3   11    6    1
    9    9    6    9    7
   14    8   12    7    1
   17    6   11   11    1
   13   29    9   10    1
    1    8    1   12    1
   17    2    8    1    3
   13    7   11   12    2
   21   17    5    2    5
   19   24    5    8    1
   28   23    2   10    1
   13    6    4   10    1
   23   11    9    6    1
   18   30    6   10    1
   29   20    5    1    1
    5   20    2    8    1
   26    8   11    5    1
   26   29    2    9    1
   29   10    1    8    1
   30    5   11    2    1
   27   13    1    9    1
    3   27    9   10    1
   16   30    4    7    1
    8   10    1    9    1
   11   11   12    8    5
   15   28    8   11    6
   23   10   12    1    1
   17   23    3   11    1
    6   11    8    8    5
   25   14    9    3    1
   18    9    5    9    1
   18   28    4    2    4
    5   25   12    4    1
    6   19   12    2    1
   28    4    3    4    7
   19   23    5    2    1
   18    5   10   11    1
    2    4    9    8    5
   22    3    8   10    1
   23   18    6   12    2
   13   19   10    5    1
   20   18    8    9    1
    7   16   11   12    1
    3   13    1    9    4
   25   15   10    5    1
   19   19    9   12    6
   13   30    3   10    1
   24   13    2    5    1
   13   20   11    6    2
   14   20    6   12    1
   14    5   12    5    1
    7   19    4    3    1
   12    9   12    3    1
   28    9    3    6    1
   10   24    4    4    1
   13   21    2    2    1
    9    2    1   10    1
   25   30    6    5    1
   29    9    1    5    1
   12   16   12   12    1
   16   14    9    8    1
   23   25    9    3    4
    9    7   10   12    1
   11   26    2    4    6
    1    6    1    9    4
   15   27    2    2    7
   19   27    9   10    1
   15   13    2   11    1
    5   24   11    5    1
    7   18    1    7    1
   18   24    3    5    1
    7    7   10    1    5
   22    4    5   11    1
   19   22   10    4    1
   10   22    8   12    1
   30    7    3    4    1
    7   20    8    1    1
   14    6    4    8    3
   29   29    3    1    4
   12   21    9    4    5
   17    9    5    5    2
   20    1    8    9    1
   19   29   10   10    1
   19    9    7   12    1
    6   29    7    1    4
   24    2    8    2    1
    3    6    9   10    1
   20   26   12   12    1
   19    4    7    6    2
    8   12    3    4    2
    7   14    8    5    1
   29    4    8    1    1
   30   26   12   11    4
   24   16    3    3    1
    4   24    3   12    1
   18   18    3   10    3
   12    2    7    7    2
    9   21    7   11    1
   24    9   12    5    1
    1   30    7    8    1
   11    5    7    1    2
    2   26    1   10    7
   27    5    9    5    1
   22    5   12    7    2
    4    8    1    5    7
   19   14   10    4    5
   11   15    4    1    1
   11   28    6   12    1
   30   22   11    6    1
   13    9    5    8    1
   17   17    8    5    5
   19    1    2    3    1
   19   30    4    9    2
    9   23    4    1    1
   18   26    5   10    4
    8    7    3   11    1
   19   26    1    5    6
   30   10    4    6    2
    9   16   10    6    1
   24   24    3    7    4
   10   20   12    8    3
    4    9    5    2    1
    6   27    3    4    1
    7    4    8   10    1
   23   26    3    7    1
    1   27    1    6    1
   22   14    2    3    1
   16   16    1    2    4
    2   29   12    7    1
   12   12   11    4    8
   24   28    9    1    1
    8   30    7    8    1
    2   11   12   10    2
   21    7   10    2    1
   14    1    7   10    2
    5    8    9   11    1
   12   27    1    8    1
   28    6    9    5    1
   29   27    8   10    1
   29   18    4   11    1
    8    3    8    1    5
   25   25   10    2    1
   21    2    2    8    6
    6    6   12    9    9
   22   18   10    4    1
   21   20    4   11    7
   30   24    5    2    1
    3   30   11    4    1
   27   16   11    6    1
   11   22    1    4    1
   24    1    1    4    1
   25    6    5    2    1
   30   30    9    5    7
   15   26   12    9    1
   19   16   12   11    1
   22   27    7   12    1
   22   24   11    2    2
   15   20    2    8    1
   14   13   10   11    1
   26    3    2    8    1
    3    4    1    7    1
   26   17    2    8    1
   26   10    1   10    1
   22   22   12    5    1
   15    8    6    5    1
    6   10    7    8    1
   19    3    4    4    6
   16   20    6    5    1
   25    1    2    2    1
    4   23   12    1    1
   13   17   10   12    2
   28   19   10   10    1
    9   22   11   10    1
   23   22    4    9    3
   15   15   12    1    3
   29   30    8    9    1
   29   25    6   12    3
    4    5    5    7    4
   13   26    8    8    1
   12   29   12    3    1
   30   12   12    9    1
   30   20    1    6    8
    3   18    4    8    1
    3   11    1    5    8
   21   10    1   12    1
   18   16   11   12    1
   12   25    4    7    1
    4   20   12    8    1
   12   22    8    3    1
    3   23    4    6    1
   18    8    8    8    1
   21   29    2   11    1
   16   17    4   12    1
    4   14   10    7    7
    4   17    1    3    1
   12   18    2   11    1
    5    5    4   11    8
   12   28   10   12    1
    4   30    7    5    1
   17   24    3   10    1
   16    8    9    3    7
   18   10    7    8    1
   28   29   10   12    1
   14   18    4    6    1
    4   13    2   10    1
   11   24    6    6    1
   21    4   10    5    4
   17   11    3    8    1
   23    2    3    5    1
   28   16    2    8    1
   12    6    3    8    3
   24    6    1    6    1
    9   30    9    8    1
    5    6   10    7    1
   12   26    4   10    1
   24    3    8    4    3
    2   19   12    6    4
   15    4   12   10    1
    8   22    2    5    1
    3    2    1    9    1
   27    9    3    1    1
   14   14   10    1    1
   26   26    3    7    6
    2   25    2    8    1
   11    9    5    1    1
    6    8    9   11    1
   14   26    4    3    1
   19   10    5    8    1
   13    2   10    8    1
   13   10    9   12    1
   17    7   10   11    1
    1    3    9    4    6
   14   30   10    3    1
   27    2    1   10    1
   29   23    5    2    1
   24   20   12    4    5
   16    4    5   11    4
   25   24    7    4    1
   11   21    5   11    1
   10    1    3   12    1
