   15   16    1    4    4
   18    2    1    2    5
    1   30    2    4    4
   30   23   12    6    7
   13    8    4    3    3
   27    4    8    6    5
   10    5    1   10    4
   29    5    6    8    3
   25   26    2    7    2
   20   30    1    6    1
   23   25    7    1    3
   14    3   12    3    3
   11    7    8    1    2
   17    2    1    9    3
   26   13   10    7    4
    5   23    5    7    4
   18    5    9    2    3
   13   13   10    6    5
   11   11    1    9    4
   24   26    6    4    2
   20   19   12    6    3
   30    8    7    4    4
    9    8   10    2    2
   10    2    5    3    3
    9   30    3    6    4
   24   19   12    3    6
   14    8    9    6    4
    1   18    6   10    3
    7   23    6    7    2
   21   19    8    3    3
   22   13    9    4    3
    7    9   12   10    5
    3   20    6    4    5
   24    1   10   12    4
   11   13   10   10    4
   23   23   12    7    2
   16   30    6    8    2
   20   18    1    1    3
   15   14    9   11    3
   12   28   11    6    4
   12   26    2   11    3
   18   10    1    9    3
   27   11   12   10    2
   16   11    6    5    4
   11   28    3   11    3
   17    7   11    6    2
   22    7    3    6    5
    2   12   12    9    4
   27   13    5    6    3
    4   24    7   10    3
   10   26    6    7    3
   19    8   12   11    4
   17   14    3    2    4
    9    9    6    1    6
   15   24   10    1    6
   28    4    9   12    4
   16   19    3    7    3
   13   12    7    8    5
    3   27    6    5    4
    4    5   12    4    7
    2    1    1    5    4
    5   13   12    9    3
   10   30    8    8    5
   15   11    6    4    4
   16   18    5   12    3
   27    6    7    3    6
   20   27    4    7    6
   25   20   12   12    4
   30   28    1    2    6
   12   27    7   11    5
   19   22   12   10    7
   16   20    8   11    3
   20    9    9    8    4
    9   11   12    8    3
   18    4    7    6    3
   19   27    8    1    4
   15   28   12    1    2
   21   18    3    1    3
    2   14   10    5    7
   12   25    1    9    4
   10    6    6   10    3
   24   20    8   12    3
   12    7    2    8    4
   16   16   11   10    6
   24    2    9   10    8
   26    6    3    2    3
    6   23    2   10    3
    4   10    6    7    3
   21   16    5    3    3
   15    4   10    4    3
   29    4    3    9    3
    1   19    7   11    4
   17   10    8    9    3
   15   15    2    8    3
    1   17   10    2    2
    2   22   11   11    3
   16   14    5    6    3
   14   29    3    4    2
   25    7   10   12    3
   27    2   11    3    3
    1    1   10    7    3
    2   25   12    2    3
   26   26    1    9    4
    1   20    1    2    2
   20   29    1   11    3
    6   28    6    4    4
   17   25    1    8    3
   14    6    2    7    3
   25   13    1    5    4
   14   13    1    6    5
    3   30   10    7    3
    3    5    7   11    6
    2   13   11    3    3
   19    2    1    3    3
   21   26    8   10    2
   29   19   11    1    6
   21    9    3   12    4
   26   22    4   11    2
   22    3   10    3    3
   24   27   11    4    4
    8   29    2    2    4
   26   19    5   10    4
    5   30    5   11    6
   20    7   12    1    3
    6   11    6   10    4
   21   10    9   11    3
   17   21    9   12    3
   14    7    9    7    3
   15   25    1    1    2
   21   22    6    9    3
   18   12   11    9    3
    5   21    1   10    3
   17   15   12    3    2
   18   30   11    5    2
   17    8   12    9    3
   16   17   11   11    3
   24   10    3    8    3
   26    7    5    3    4
    8   26    7    7    3
   18   15    9    1    4
   16    9    6    4    3
   12   29   12    3    2
   27   14    4    5    2
   25    6    7   10    3
   18   19    6   10    3
   16    3   12    5    3
   30    4   11    7    5
   12    6    7    7    4
    1   29    4    2    4
   11   29   12    2    3
   15    1   11    1    3
   19   12   11   12    4
   21   29   11    9    2
    9   17    5    9    3
   27   27    1   11    5
   25   30   11    9    3
   19   15    4    6    2
   14   26    8    4    4
   14   20    8    2    4
    4    6    4   10    4
    3    3   11    1    4
   10    8    6    1    3
   15    9    1    7    5
   12   12    5    1    7
    7    8    6   11    3
   29   10    6    8    7
   18   26    5    7    8
   18   11    6    3    3
   11    2   11   11    3
   11   25    5   10    2
   28    5    7    5    3
   19    9    8    8    5
   10   13    6    1    3
   22   10    3   10    4
   30    6    2   10    3
   28   20    3    6    4
   20    2   10   12    6
   21   13    1   10    3
   24   29   12    3    3
    7   15    6    2    4
   25   22   12    3    3
   26   15    9    4    4
   29   25    3    5    7
   17   11    1    9    3
   28   19    2    4    4
    9   22    1    4    3
   27   16    2    9    3
   30   30    9   12    3
   13    4    8   10    3
    7   13   12    4    3
   19   19    8    6    4
   28   28    6    2    5
   11   24   10    9    6
    7    3    2   12    3
    1    9   12   12    3
   14   18    3    5    2
   22   27   10    9    3
    3   15    1    4    4
   24   16    4    4    4
   14   21   11    9    6
   18   27    4    1    5
   27    9   12    4    4
    4   23   10    6    3
   22   24    7    3    3
   21   21    9    6    8
   14   22    9   10    4
   24    8    2    3    4
    1   12    7    5    4
   26    5   10   10    3
   12   21    3    5    7
    8   25    7   10    6
   11   21   11    8    6
   17    4    9    7    5
   19    7   11    2    4
    9   13    1   12    3
    5    9   11    9    4
   11    3    3    6    4
   10    3    1    6    4
   17    3    7   10    4
   12   23    5   12    5
   14    4    6    6    5
    9   25    4    8    4
    4    4    5    7    3
   28   23    6    5    3
   11    1    6    1    7
   16    4    2    7    4
   14   10   11   11    4
   17   26    1    5    3
    2    5   11    6    7
    1   27    1    9    4
   23   11    3    6    3
   13   18    8    4    4
    3   28   10    4    4
    1    6    7    6    4
   25   25    6    9    4
   11   26    4    6    4
   21    8   12    7    5
   29    3   11    2    4
   18   25    6   12    6
    7   24   12   11    4
   16   26   10    1    4
   14   14    6   11    4
   12   10   12    3    4
    9   24    7    8    4
   14    5   12   12    4
   25   16    2    6    4
   21    7   11   11    3
    6    3    1    8    4
   17   12    1    2    4
    7    4    2    3    4
   13    6    6    6    4
   18    6    4    8    4
   11   22    3    7    4
   22    8    3    8    4
   24   14    5    4    4
    6   17    7   12    4
   16    8    1    2    5
   22   15   11    2    3
   19    5    8   10    3
   22    4    5   12    4
   10   15   12    6    3
    6   16    1    4    4
    3    9    5    4    8
    2   21    2   10    5
    1    3    2    9    5
   13    1    2    9    4
    1    8    3    3    4
   16   23    1    1    4
   28   18    1    6    5
    4   11    6    7    5
   13   24    3    5    4
    8   23   10    1    5
   11   12    1   11    7
   20    5    9    7    5
    1   14    1    6    4
   23   24   11    9    3
    7    2   10    8    2
    3   21   10    3    3
   17   20    9    7    4
    2   16   10    1    4
   13   15    6    1    4
    8    6    8   12    4
   12   14    9    4    4
   20   23    9    1    5
   27    8    7    8    3
   13   20   12    8    4
    8    8    8   12    5
   24   24   10    5    4
    2    2   11   12    7
   30   12   12    3    4
   18   23    8   10    4
   30   27    3    5    3
   30   17    8    5    4
   13   28    2    4    4
   19   13    5   12    6
   21   24   12    6    4
   10   10    2    1    5
   23   19   10    7    3
    7    1   10    8    4
   20   22   12    8    3
    9   14   10    3    4
   23   26    7    5    3
    4    2    4    1    4
   27    5   10    9    4
   19   10    4   10    4
   22   22    8    9    4
    7   10    1    6    4
   28   17    7    2    4
   16   28   10    9    4
   13   29   12   10    4
    8   11   11    5    4
    8    3    5   12    4
   25   24   10    5    5
   19    3    6   12    4
   12   20    8   10    5
   20    6    4   10    4
   15   30   11    4    4
   22   30    6   10    4
   29   15   10    3    3
   15   21   11    9    4
   20   26    9    1    4
   29   28    4    1    4
   18   18    5    2    5
    5   22   12    5    4
   23   27   12    7    4
    6   19   11    2    4
    6    9   12   10    4
   12   15    1    7    4
   20   11   11    3    4
   15   20   12    6    4
   27   15    9    9    4
   18   17   10   11    4
   11    5    7   10    4
    1   22    1   10    4
    9   18    5    7    4
   22    6    3    4    4
    4    3    3   11    4
   21    6    7   11    6
   12    8   11    9    4
   16    5    3    1    4
   27   17   12   11    4
   12    5    3    4    4
   27   29   10   12    4
   24    3    5   11    3
   25   19    2   11    4
   19   17   11   12    3
   13   17   12    6    4
    5    1    9    5    4
    1   10    9    1    3
   30    2    8   12    5
    5    6   11    9    4
   30   26    1    7    4
   18   24    4    9    4
   23   22    2    2    3
   14   19    9    6    4
   12    3    2    4    4
    1   28    6   10    5
    7   27    8    6    4
   28   22    5    9    4
   11   10    8    8    4
   17   22   12    5    5
   29   18   10   11    4
   27   26    1    1    5
   28   21   11    2    4
    2    9    5    1    3
   29   22    1    9    3
   23    9    3    5    7
   21    4    6   11    7
    8   20    8   10    4
   28    8    6    2    3
   20   21    8    5    2
   18   22    6    8    3
   10   28   10    8    4
   15    8    8    1    2
   25    1    2    6    4
    6   24    2   11    2
   30   13    4   10    3
   26    2    8    8    2
   24   17   11    9    4
   26    1    1    5    4
   26   29    2    8    4
   20    4    3    5    5
   15    2    1    9    4
   16    7   12   10    5
   30   14    4    3    8
   23   15   10   12    4
    5   25    8    8    3
   23   10   10    7    4
   21   27   11    9    5
   18    8    1    3    3
    2    6    9    9    4
   29   29    8    7    4
    4    8    6   12    3
   15    6    3    4    3
   13    3    3   11    5
   25    3    7    7    4
    5    7    6    4    5
   26    3    3    8    4
   26   28   11    5    4
   17    5    7   12    4
   16   13    7    4    5
   30   29   11    3    4
   25   28    6    6    3
   30    7    9    9    4
   24   28    4    9    4
    8    5    7    9    4
    7   29    7    5    3
   28    9   10    9    4
   29   23    5    6    4
    6    6    3    7    4
   26    9    5    3    4
   12    9    7    3    4
    6    7    1    8    7
   16   12   10   10    4
   23   17    6    1    4
   27   10    3    1    3
    5    5    6    2    5
   13   23    8    1    4
    4   19   10    9    8
   15    5    7    4    6
    4    1   10    7    4
   23    1    1    4    5
   25   10    5    2    4
   29    2    2    6    3
    2   28   11    1    4
   28   14    2    5    6
    6   29    3   11    4
   16   29   12   10    4
    1   16   10    4    4
   11   19   12    4    3
   23   14    3    6    3
   21    1    1    7    4
   11   14    3    4    3
   10   20    4    2    3
   30   11   11    4    3
   30   21    6   10    4
   24   30    1   10    3
   17   17    8    2    4
    4   26    3    8    4
    9   10    1    7    3
    7   18   11    3    4
   12   24    2    4    5
   19   30   10    7    4
    2   23    1    5    3
    4   12    8   11    4
   12   22    6    6    4
    9    4    6    1    3
    2    3    9    1    4
   16   10    1    8    4
   20   20    4    6    6
   27   28    9    2    6
   25   14    5    7    4
    7    7    2   12    4
    8    2   12    2    4
    4   25    5    3    4
   22   16    7    4    3
   21   23   12   10    4
   17   29    5    3    4
   21   25   12    4    4
   29    9    3    7    3
   28    7    2   12    4
   25   27    7   12    3
    3   18    9    6    4
   23    3   11    3    3
    5   24    2    5    4
