   11   16    6    1    3
   27   20    7   11    6
   10   19   12    5    5
    9   12   10    6    2
   25   25    8   10    4
   29   12    9    7    1
    2   30    8    9    4
    1   16    2    8    3
   23    9    8   11    3
    4    8   12   11    4
    1    3   10    7    4
   23   14   10    9    3
   18   12    1    9    1
   16   28    5    1    2
   15    4    7    1    3
   17   24    6   11    2
   18   18    6    1    5
    7   17    9   11    3
    5    7    3    2    5
   15   22    6    6    4
   16   21    2    8    3
   13   23    8    7    2
    4    9    7    3    2
   25    2    7    7    3
    9    9    6    2    3
   29    5    2    3    2
   22    6    3    2    1
   30   16    4    3    1
   29   26    7    5    1
   12    4    1   12    3
    4   17   11    5    2
   28   22    5   12    2
   22   22    6   11    2
   24   22    4   11    2
   18   25    1    8    3
   18    8    6   10    2
   12    3    9    6    3
    8   25    4    9    3
   21   23    7   10    1
    4   13    7    6    2
   30   15    5    8    1
   24   30   11    3    3
   23    1    2    7    1
   24    9    6    6    3
    6    1    3    8    2
    9   28    7   11    2
   24   12    4    4    5
   26   10    3    8    3
   17   11    7    3    3
   18    7   11    6    2
   12   27    5    9    2
   17   23    8    3    2
   15    7    8   11    6
   22   20   11   10    3
   20   12    5    7    2
    3    9   10   11    3
   18   17    7    4    3
   12    8    1   12    2
   28   28    9    4    4
   11   11   11    4    5
   27   27    6    5    4
   22   14    4   11    6
   29   11    1    1    3
    4    4    9   10    7
    2   14    4    9    6
   10   25    1    9    5
   23    4   10    9    2
   15   10    9    7    2
   22   18    6   12    2
   26    7   11   11    1
   28   24   10    1    1
   10   27    2    6    4
   16   17    3   11    3
    2   17    4    7    3
   27   21    1    8    2
    8   13    7   12    1
    4   22    9    6    2
   18   16    6    8    4
   20   28    3   12    3
   19   20    7   11    2
   13   15    2    5    1
   21   14    3   12    4
    9   29    8   11    3
    8   21    8    6    2
   10    2    7    2    3
   14   26    4    3    3
   30   25    3    3    6
   23   12    3   10    2
   27   30   10    9    3
   19    6    2    9    2
    7    7    6   12    2
   26   24    3   11    2
    7   25    4    6    1
   23   11   11    9    1
   18   14    9    5    3
   15   26    3    9    2
   23   29   10    7    3
    2   22    2    8    3
    4   20    6    1    3
   30   30   11    5    4
   15    6    6    5    1
   20    5    1    4    1
   16   22    3    4    1
    2    2   11    4    4
   15   23   11    9    4
   14   13    8    3    3
   15   17   11    4    2
    6   29   11    6    1
   20   26    6    7    1
   30    1    5    8    1
   25   19    3    3    6
   19   21   11    8    6
   20    9    3    7    4
   11   28    7   11    2
    1   26    2   10    2
   23   23    6    4    2
    1   24    9   11    1
    8   19   11    1    1
   19   14    6    2    1
   20   16    4    2    7
    3   19    8    3    5
    6    3   10    5    4
    4   25    9   11    4
   21   17    8    4    4
   19   28    3    6    7
   26    9    2    1    4
   18   11    3    1    2
   17   29    7    8    4
   20   13   12    3    2
   15    1    8   11    1
   25   13    7    5    4
   29   13   11   12    3
   12   22    4    8    5
    4    6   11    9    2
   19   11   12   10    1
   18    4    3    2    2
   26   25   12   11    1
    8   15    2    9    2
   20   23   12   11    1
   27   26    8   10    4
    8   27   11    5    2
   12   15    1    2    1
   20   10   12    7    3
   13    9   10    5    2
    8   24    8   10    2
    5    6    3    5    1
   21    6    5    6    3
   21   25    6    6    2
    3   18    2   12    1
   17   19    4    3    3
   22    5    1    9    4
    6    6    3    7    4
   16   15    6    7    4
    7   16    6   12    4
   26   17    8    5    4
    1   19    5    5    8
   10    5   12    2    6
   16   10   10   12    6
   17    3   10    6    4
    2    4    9    1    4
   25   12    1    3    2
   10    8    9    3    1
   15   20    7    6    3
   27    7   11    9    2
    7    1    7    8    1
   12    7    2    9    1
   30   23    4    3    2
    6    8    5    8    2
   17   25    4    9    2
    2   16    7    1    2
   12    1   10    5    2
   27    2    8    4    3
   12    6    1    2    3
   20   20   12    5    1
   29   22    8    2    3
   23   28   12   11    2
    3   28   11    8    3
   24   13    5   10    2
   17    9   11    4    4
   30   10    2    9    1
   24   21   11   12    1
    6    7   12    5    4
   29   29   12    5    2
   24   10    1    2    1
   11    2    5    3    5
   19   23   12   12    4
   12   10    8    8    1
   14   27    2    1    2
    2   28    4   10    1
    9   16   10    5    2
   26   28    5    5    1
   13   30    5    1    1
   14    7    8    5    1
    3   26   12    6    3
   24   14   12   12    5
    2   24    2    2    2
   13   18    2    1    4
   15   15    7    8    1
   21   21   11    8    6
   11    1    3   10    4
   19   13    5    4    2
   22   23   10    1    3
   28   27   11    7    2
   24    6    4    7    4
   22    9    8    2    2
   27   19   12   10    2
    2   19    2    2    6
   28   21    1   12    2
   18   27    2    8    9
   25   20    2   10    5
   30   21    6    8    5
   12   14   12    1    5
    1   20    1    3    4
    3   13    7    8    2
    3   29   10   10    2
   30   22    4    9    2
    3   11   10    6    6
   11   10    1   10    1
    1    1   11    7    1
   17   10    2    2    1
    1   25    4    8    1
    5   13   12    2    6
   25   15   11    1    5
   21    5    6   12    4
   16   16   10   12    6
    2   23   12    1    1
    1   18    9   10    1
   22   21    4   12    2
   12   13    7   11    3
   10   23    1    5    5
   26   11   12   12    2
   24   29    9    5    2
   19    4    2    8    7
   27    4    7    1    4
    5   16    8   12    2
    5   30    1    7    2
   26   26    8    3    8
   21   12    6    1    6
   20    8    4   10    2
   24   18    2    9    5
   27    9    7   11    4
    1   22    5    6    3
   15    2    1    8    1
   29   25    4   11    2
   27    6    1    3    1
   16   12    6   12    3
   26   13   12    6    3
    8   26    4   10    1
   26   22    3    3    3
   23    6    1    6    3
   29    2    4    9    3
    8    8   11    5    4
   29    7    3   10    3
   15    9    4   10    3
   21   10    1    1    4
    7    3    1   10    2
   24   24    7    8    8
   21    1   10    8    5
   30   18    5    5    4
   11   21    3    6    2
    2    8    4    2    1
   28   30    8    2    2
   22   13    6    2    2
   11   14    2    3    6
   29   16    8    8    3
   17   27   10    1    3
   12   26    2    1    3
   22   19    4    4    3
    2    5    4    3    3
   12    2    6    5    5
   24   27   11    9    3
    5   24    2    1    2
   19    7    6    6    3
    9   21    3    2    1
   24    4    4    6    1
   15   11   12    2    4
    3   10    8    8    2
    8    9    9   12    1
   19    9    8    9    2
   18   20    2    1    1
   13   16   12    1    3
    1    8    2    8    2
   12   12    4   11    4
   16    3    4    3    2
   14    8   10    8    1
   27   11    6   10    1
   18   15   11    3    1
   14   25    8    8    1
   18    9    2    7    1
    7    2    7    8    1
   17   20    4    3    1
    5    5    8    9    1
   25    9    8    5    7
    3   30    6    9    2
    4   29    9    5    1
   19   18    3    6    3
   24    7    2    7    1
    2    9    6    2    2
   10    4    5   12    2
   12   11   11    8    6
    5   23    7    7    1
   18   26    6    5    4
    9    7    2   11    1
   10   28    5    9    3
    9    1   10    4    2
   28    7   10   12    1
   28   13    3    9    1
    5   17    5    3    2
   20    3    4   10    1
    6   30    7    5    1
   27   16    1   12    4
   17   28   12    7    4
   17   13    1    7    4
   27   13    4   10    4
   17   14   12    5    3
    4   16    7    1    3
    1    4    5    1    6
   11    6    7   11    5
   19   26    7    2    4
   26    5    1    6    3
   24   20    6   10    2
   10   18   10    5    3
   23   18    2    9    4
   25    3    5    2    2
    5   18   11    1    3
    2    1    4   12    1
   19   15    1    1    3
    3    2    8    9    2
   26   21    9   11    2
    6   17    9    2    2
   30   20    3   12    2
    5   12   10    5    2
   25    6    4    5    1
   27   15   10    3    4
    5   15    2    2    3
   30    9    6   10    2
   23    7    8    9    1
    8    7   11    3    1
    5   27    4    2    3
   19   19    2    4    5
   17   17    1    8    4
    7   10    6    2    1
   28   15    7   10    1
   25   11   12    6    1
   28    5    4    5    1
    1   29    2    2    1
   20   14   12    3    1
    4    7    3    9    1
   19   24    8    3    1
   26   23    9   10    1
    8   16    6    4    1
    3   21    6    3    5
    3   24    7    7    3
   20    6    3   11    3
    3    5    2    6    2
   21    2   11   10    2
   13    2    9   12    2
   28    6   11   12    1
   14    6    7   10    1
   30   12    3    9    1
    1   13    1    6    1
    6   13    9    5    1
   17    8    9    5    1
   28   18    9    2    4
   18   21    3    9    3
    7   30    4    3    1
   16   26    6    2    1
   27   25    9    3    3
   10    1    8    6    1
   25   16    5   11    1
   22   11   10    2    1
   28    8    9    3    1
   13    7    4   10    1
   14   28    6    6    1
    3    4    6    7    2
   11   13    8    1    1
   23   25   10    1    1
   15    3   11    3    1
   29   10    7    5    4
   11    5    6    5    1
   30   26    9    2    2
    1    5    5    5    1
    4   21    7    7    2
    4   14    5    2    2
    2    6    5    6    2
   10   22    1    9    1
   21   15    7    2    1
    3    3    6    9    5
    9   14   12    4    2
   29   15    3    3    3
    4   30   11    7    3
   29    8   10   12    2
   12   17    5   12    2
   15   14   10    1    1
   21   13    6    5    1
   24   23    3    7    2
    3    8   12    4    2
   27   29    2    4    2
    2   26    5   10    2
    4    5   11    3    2
   11   30    4   12    1
   10    9   10    7    1
   13   13   10    4    6
    9    6    7    8    2
   19    5   10    6    1
    8   22    1    5    1
   17    1    4    8    2
    1   27   11    3    6
   10   10   11    3    5
    5    9   10    8    2
   14    1    3    5    3
   25   22    7    7    3
    8   30    2   12    2
   11    9    4   10    2
   26    6   10    8    1
   25   28    9    3    1
   29   14   11    9    1
   30   17    8    1    2
    6   16    8    8    1
   21   20    6    6    6
   28    1    1    7    2
   15   24    9    9    3
   20    7    6    3    2
    6   18    6    8    2
   11    4    1    4    2
   12   28    3    7    2
   30   19   10   11    1
   16   14    3    6    1
    3   22    5    2    1
    6   10    7    8    1
   30   14    4   10    5
    7   11    1    7    3
    4   26   10    4    2
   11    8    7    7    2
   18   29    1    1    2
   16   19    1    9    2
   11   24    4   10    2
    3   23    7    6    2
   18    2    3    8    3
   22   17   10   12    2
    8    5    4    3    1
   28    4    1    1    1
   23   16    1    4    2
   21   29   10    2    1
    5   25    8    6    2
   21    7    1   10    1
    2   20    2   12    1
   24   16    8    2    2
   24   25   11    8    2
   22    7    1    5    3
   13   10    3    9    3
   22   27    5   10    6
   19   12    8   11    5
    8   23    9    7    2
   20   29   10    3    3
    3   27    2    7    2
   19   29    7    9    2
   28   29    1   11    2
   30   29    7    1    1
   23   27    7   12    1
   20   11    7    2    1
   14    5    5    5    2
   14   14    6    7    2
    3   14    5    8    3
   14   10   10   12    3
