   26   26   12    3    6
    2    5    1    1    3
    1   17    5   10    4
    1   25   10   10    3
   14   13    5    4    5
    7   14    2    5    4
    4    2    6    1    7
   30   18    5   11    4
   29    1   12    6    2
   22   17    9   10    2
   28    4   10   11    3
   11    7    1    3    3
   14   15    6    6    3
   15    1    8    3    2
   21    5    9    2    4
   14   28    8    2    6
   21   22    7   12    4
   21   29   10   10    4
   10   26    6    4    5
   23   17    2    9    6
   12   12    6   11    8
   24    5    8   10    6
    9   10   11    9    4
    5    6   12   10    7
    9   30    1    2    5
   12   17    9    9    7
   11   19    7    7    7
   16   24    4   11    5
   21    3    8   11    5
   11   29    1    1    4
   25   28   12    1    5
   27   28    9    7    5
   24   22    6    1    3
   14   21    2    9    7
   15   25    7    3    6
   30   23    8    6    5
   26    2    7   12    4
    4    6    8    4    6
    4   19    5   11    5
   19   25    1    7    7
    3   18    2    9    7
    1   11   12    1    5
   26   13    3    2    6
    9   11    1    1    4
   11   15    8    8    3
   11   12    8    5    9
   29   10   11   10    7
   13    3    6    6    5
    2   15   12    8    3
    2   27    5   10    3
   27    1    1    2    5
    1   14    7    6    4
   20   12    5    7    2
   19   14    6   11    6
    7    7    7    2    6
   21   25    8   10    6
    2    8    1   12    5
    7   12   10    9    3
   18    5    2    1    3
   17   30    6    4    8
    4   18   10    1    6
   30   30    4    8    5
    1   30    9    2    7
    2   19   11    4    5
    5   22    2    1    3
   24   24   10    5    6
   17   26    3    4    8
    8   21    3    5    8
   18   12    9   11    7
   28   12    4    8    5
   19    1    4    3    4
    8    4    1    8    7
    8   13    6    4    4
   18   23    1    6    5
   22   18   10   11    6
    1   21    3    6    6
   22   16    9    8    5
   23   11   11   11    5
   20   27    2    6    9
   10    2    6    9    6
   11   11    2    5    4
   18   20    3    7    6
    7   15    9    7    5
    5    5    8    6    9
   25    4   10    2    7
   26   16    4    7    5
    3    3    9    8    9
   21   12    7    8    9
   13   13   10    3    9
   23    8    3    4    7
   27   14    5    3    8
    9   15    6    8    9
    9   12    3    7    6
    6   18   10    1    6
    1   10    4    5    5
   22   19    1   10    4
   25   22    5    8    7
    1   16    1    3    6
   15    6   10    8    4
    3   29    8    3    3
    2    3    6   11    4
    2   14    4    6    7
    4   12    7    9    5
    6   29    2    3    3
   10   19    6    5    5
   16   25    7    7    3
   18   24    8   12    7
    3   26    9    7    5
    1    8   11    5    5
    9    4    4    6    4
    2   25   11    9    4
   17   19    4   11    3
   16   11    8    5    4
   18    8   12    6    3
    1   23    7    3    3
   30   15   10    5    4
   10   15    7    9    5
   17   11    3    1    3
    7   29    2    8    3
    8    5   10   10    5
    7   27   12    4    5
   17   17    5    2    7
   23   23   11   10    3
   27   30    2   11    4
    7   13    4    2    7
   19   26    6    7    5
   10    7   10    1    5
    6    2    7    9    3
   15    3    7   10    3
   25    5    5    1    5
   29    9   11    9    3
   29   23   10    5    4
   11    5   10    1    4
   20   26   12    1    7
   19   15    3    4    5
   25   10    4   12    4
   27   26   12    1    7
   13   30    5    2    5
   21    4    6    9    8
    9    8    2    6    6
   28    1    1    7    4
   25    9    8    9    5
   15    5    6    3    5
   14   23   10    2    4
   20    4    2    5    6
   14   24   12    4    5
    6   25    4    3    6
   28    8    5   11    4
    3    6    3    2    3
   28    7   12    5    4
    6   17   11    6    6
   22   28   10   11    5
   18   15    6    6    6
   23   28   11    6    4
   28    6    9    7    3
    5   13    3    9    5
   24   11    5    7    3
   15    4    5   11    5
   26    1    3    5    6
   16   15    9    6    4
   23   19    4    4    4
   17    4    9    5    7
   29   29    1    3    5
    7   16    8    3    4
   11   27   10    6    6
    7    9   10    3    3
   23   22    1   10    5
   28   30    7    9    5
   16    6    9    7    3
   20    7    9    7    3
   13   15   12    2    3
   11   13    5   12    7
   28   11   12    9    4
   23   15   11    1    3
   30   21    9    1    6
    7   23    6    9    6
   20   28    3    7    3
   27   23    3    1    4
    1    7    7    2    3
   15   27    8    4    3
    5   30    5    5    3
    2   17   11    8    4
    2   29    8    3    2
   24   28   12    5    2
   21   17    7   10    6
    6   20    3   11    5
   25   12    8    4    3
   19   24    7    3    2
    9   17    3    5    7
    8    3    6    9    5
   24    3   10   11    4
   22    1    6    7    4
   20   29    4    1    3
   14   29    8    1    3
   27   12    4    5    3
   20    2    2    5    7
   27   13   10   12    6
   10   14    5    8    5
    8   17   11    1    3
   12    5    9    9    3
   30   16    6    4    2
   17   18    4    2    4
   25   11   11    3    3
    4   11   10    5    6
   13   24    3    5    5
   26   24    6   10    7
   28   13    7    3    3
    9   19    7    7    7
    3    4    8    4    8
   20   15    6    8    3
   15   15    9    7    6
   22   15    2    6    4
   11    8    4    5    8
   21   10    8    2    6
   13    6   12    7    4
   17    7    2   11    3
   11   26    3    4    6
   20   14   10    4    7
    4   29    8    8    5
    7    6    8    5    5
    7    2   10   12    4
    2   12   10    1    7
   17   27    6    1    6
    2   13    1    2    5
   25   14    9    6    4
   21   28    6   12    6
   14   30    3    7    6
   20   16    3    5    5
   27   24   10    7    3
   12   10    2    5    5
   18   28   10    3    5
    3   23    5    9    4
   15   28    8    5    8
   20    8    4    6    4
   30   26    3    7    5
    9    9    2    1    8
   27   16   10    4    4
    5   17    7    4    5
   28   29    3    8    3
    7   30    5    9    6
   14    6   10   10    4
   29   17    5    6    3
   27   22    8    3    5
   17   14   11   11    7
   14    8    7    9    7
   29   16    9    5    3
   19   27   11    4    4
    7   19    9    2    3
   18   11    7    7    2
   17    3   11    1    3
   19   19    5    3    6
    2   30    9    4    8
    7    8    6   10    5
   26   15    4   10    4
   21   21    1   10    8
    2   24    6   10    4
    6   30    7   11    4
   10   16    8    3    3
    6   22   11    6    3
    9   16    7   11    5
   19   13   10    1    7
   22   11    4    8    5
    7   26    4   10    3
   18   19    1    9    5
   14   18    5    3    4
   26   14   11   10    6
   12   22    4    8    4
   20    5    3    7    4
   24   10    8   10    5
    6    1    8    5    3
   28    2    2    4    6
    6   26    5    9    3
   11   14    3    2    4
   24    9    3   10    3
   21   24    1    4    3
    3   28    6   10    3
   12   23    6    7    2
   27    5    9    2    4
    6   11    9    3    6
    9   13   10    6    2
   18    2   11    8    3
   14   16    3    4    3
   17   28    7    5    4
   10   28   11   11    4
   26    8    5    1    5
   25   26    9    7    7
   14   14    9   12    8
   11    2   12    1    6
   19    8   10    3    4
   30   19   10    5    6
   19    6   11   12    3
    4   10    8    2    5
    3   30   12   10    4
   25    8   10    3    4
   27    8    7    7    3
   19   16    4    9    7
   24   30    3    1    5
   21   11    6   11    5
    8    8    1    6    4
    9   14   10   10    3
    9   26    6   10    3
   30   29    4    9    2
    7   24    8    7    3
   29   13    3    1    2
   10    8    5    5    4
   18   27    2    7    4
   24   17    1    7    3
   23   24    1    1    3
   21    6    7    6    3
   22   10    2    9    3
    3   25    5    2    4
   29   25    4   12    6
    2    9    4   12    4
   16    5   12    1    3
   29   26   11   10    4
   18    9    6    9    4
   26    5   11    3    6
   16   28   11    8    5
   21   13    2    5    4
    3    7   10    9    4
   25   13   12   10    6
   30   10    4    6    6
    9   27    2    7    4
   23   20    8    2    7
    5    4    5    9    4
    6   10    5    4    3
   27   21    5    3    7
    5    7    1    1    3
   16   21    8    4    3
   18   26   12    4    4
    6   12    3    9    9
    3   27    5    7    7
    3   19    6   10    7
    5   28    6    1    6
    3   20   11    2    3
   26   23    6    3    4
   25   18    9   12    8
   20   10    4    7    8
   19   12    9    9    7
    4    1    5    9    6
    5   29   11    4    4
    1    1    3    4    4
    5    9   10    5    3
   30   20    2   10    5
    8   12    3    8    6
    1    5    7    7    4
   14    5    3    2    3
   27   10    1    2    2
    4   27    2    4    4
   10   13    8    6    3
   21    7    4   10    3
   25   27   10    2    4
   25   25    8   10    3
   29   19   12    5    3
    8   29    4   10    3
   24   20    2    1    4
    8   16    1   12    6
   25   20    8    1    5
    7    4    3    8    2
   24   25    2    5    3
    4   24    7   10    4
    9    1    8    7    2
   18   10    1   12    4
    1   24    8    1    2
   16   16   10    6    6
    4   16    6    4    5
    8   24    7    3    3
   23   16    3    2    2
    5   19    2   11    2
   12   15    2    9    3
   20    9    9    8    4
   22   14    9    6    3
    6    6    2    6    3
    7   25    3    9    4
    1   18    5   10    3
    2   23    1   11    4
    3   12    9    3    5
    7   22    9   12    4
    9   21   11    5    3
   18   13    8    3    4
   22   26    1    3    3
   10   17    7    8    7
   16   18    8   12    4
   22    9    8    9    3
   16   17    7   11    7
   13   17    6    5    5
   11    3    6    9    4
   15   21    1    3    3
   30   25    1    9    4
   20   17    5    2    2
   25   17    2    2    2
   22   29    8    7    3
   20   11    2    2    6
   20   21   11   11    6
   22    8    2    5    5
   13   12   10    2    4
    3   10    2    9    3
   29   15    7    9    3
   21   18    8    8    6
   28   28   12    9    7
   28    9    9    7    5
   22    3    2    1    3
   24   15    8    8    5
   13   23    5   10    3
    6   24    8    3    3
   13    4   11   10    6
    4   14   10    6    5
    4   23    2    4    7
   11   30    6    7    6
   22   22   10   11    4
   21    2    6    3    6
   10   10    8   10    5
   23    5    1    9    4
   30    8    2    5    3
   23   21    3   10    4
   20   19    9    7    4
   18   18   10    5    7
    5   10    1    9    6
   24   12    9    2    4
    6   27    1    3    2
    8    6   12    5    3
   17   15    7    9    3
   22   20   11    3    2
   10   11   10    4    7
    6    9    5   12    3
   27   27    1    5    8
    6   23   10    6    6
    9   23   11   12    3
   16   12   12    2    4
   23   10    6    8    7
   28   19    4    6    5
    1   13    4    3    4
    1   20   11   12    3
   28   26    8   12    7
   22    2    6   10    4
    1    3    4    2    4
    3    5   12    8    8
   14    3   11    6    3
   26   21    1    2    2
   26    4   12    7    3
   27   29   10   11    5
   25   23    6   12    4
   16    3    9    5    7
   18    7   11   10    3
   12   30    7    6    2
   14   12    7    6    6
   13   20    3    5    2
    4    4    7    2    2
   15    8    1    1    4
    4   30    6    7    3
   20   20   10   12    8
    3    9    4    2    8
   30   22    9    7    4
   22    4    6    5    3
   29   18    3    5    8
   16    2    2   12    7
   19   21    6    7    4
   13   16   11   11    5
   12   29    9    9    3
   12   26    2    4    7
   12    1    1    2    5
   29   24   11    6    3
    1    2    7   11    2
    2    2    1    9    8
   13   22    7    8    3
