   25   20    4    1    1
   26   26    3   12    8
   28   23    6    2    3
   23    7    6   12    6
   11   10   12    3    1
    3   19   12    5    1
   29   15    1    9    1
   12   11    4    3    6
   25    6    5    7    1
   30   30    4   11    4
    2   24    3    3    4
   27   25    8    7    5
    4    9    9    1    5
   18   12    7    2    3
   27   27    8   10    8
   19    5    4   11    8
   13    5   12   10    2
   10   10    3    4    3
   23   17    4   11    4
   23   12    2    9    7
   26   14    9    4    9
   13   20   12    7    1
   27   18    9    6    3
   22    3    3   10    8
   23   13   10   10    1
   28   20    1    8    5
   15   12    1   10    5
   27    4    2    9    2
   28    9   10    5    2
   26    7    5    3    7
    7   13   10    9    6
   21    2   11    5    7
    2    1   10    3    7
   25   18    8    4    7
   23   23    9    6    6
   11   20    9    7    3
   12   12    5    6    9
   23    8   11    2    1
   18   18   11    7    7
    1   13    4   10    7
    3    8   12    3    5
   18   24   12    5    3
   12   22    3    7    1
    3   29    8    8    1
    5   17    7    3    7
   14    6    7    4    8
   24    7    9    3    6
   18    3   11    2    4
    9    2   12   10    4
    6   11    4   11    7
   26   30    6   10    8
    3   13    2    4    1
   21   25    8    3    8
   17    1    9   12    8
    6   26    3   10    9
   19   24    7    6    9
    4    1    9   11    7
   26   19   10   12    4
    6   10    6   11    2
    4   16    9    4    4
   12   29    5    7    2
   19   12    7    7    7
    2   29    4    4    9
   16    6    5    8    7
    1   26    3   11    8
   18   20    6    1    8
   20   27    8    5    5
   28   18    5    1    5
   21   23    2    3    4
   28   25    4    1    1
   28    1    8    8    1
    9    9   12   11    9
   10   12   10    5    5
   28    8    1    8    4
    4   23    7    2    1
    3   27    1   10    3
    1    1    3    8    9
   22   17    4    7    2
    1   20   12    5    2
   10   21    8   11    7
   27    6    5    2    7
   27   15    6    2    9
   22   22   11   10    7
   13   21    1    5    5
    7   27    1   11    1
   16   21    6    2    3
   26   22    7    7    1
    6    6    7    2    6
   11    2    1    7    6
    5    7   10    7    6
   13   14    5    8    7
    2   27    3   10    8
   28   19    3   11    4
   25    8    6   10    1
   17   25    6    7    9
    7    7    8   12    7
   20    2   11    4    8
   30   22    8    7    6
   30   19    3    7    6
   10   19    7    6    9
    9   13    6    6    7
   26    2    6    7    8
   17   20    7   11    9
   17    2    8    9    9
    4   17   10    8    7
   19   17    7    1    8
   23   27   12    1    8
    1   10    9    9    8
   22    5   10    6    6
   14   21    4    7    9
    3    4    1    1    9
   29   27    5    1    5
   29    8    6    6    6
   13   30    2    9    2
    4    2    5    9    6
   11   22    9    1    1
   21    1   11   11    5
   28   11   11    3    2
   12   27   10   12    1
    8   19    2   12    8
   25   19   10    6    4
   10    9    2    9    6
   10    4    3    4    5
   12    5   12    7    8
   22    1    4    2    6
    5   27    3    3    2
   11   29    2   12    6
    5   30    3    9    4
    9   16    4    5    3
    3   16    1   11    5
   11   13    2    7    7
   12    3    3    8    6
    8    7    7    7    7
    7   10   10    4    2
   16   12   11    9    6
    9    5    1    5    2
    3    2    7   10    2
   18    1    8    7    4
   19   11    4    5    7
   25   12    2   11    2
   15   22   11    1    1
   13   25    3    1    1
   13    2    4    8    3
   12   17    2   11    7
    1    5   12    7    7
   21   12    4   11    8
   12    8   10   12    7
   23    5    6   10    8
   11   15    5    6    8
    3    7    4    1    7
   16   26    5    7    6
   22   29    6    8    4
   13   17   12   12    3
    4   30    7   11    7
    1   16    8    7    7
   13   10    5    3    2
   20   24    2   10    2
    4   13    9    6    5
   29   30    2    1    9
   27   14    6    5    9
   19   20    4    3    9
   21    7    1    7    7
   16   27    8   10    6
   21    5    2    8    6
   15    2    1    9    6
    7    6    4    1    1
    5   24    7   10    2
   19   29   11    6    1
   28   13    2    3    2
   26   18   11    6    7
    6   19   10    7    6
    7   30    1   10    3
    1   12   11    2    6
    9   23    3    4    6
   25   16    4   11    5
   21   18    6    4    9
   15   13    3    5    8
    9    1   12   10    8
   21   21    5   10    9
   27   28    9    7    8
    3   28   11    4    6
   18    7    1   11    2
   15   26    4    1    8
   29   13    7    4    7
    1   15    6    3    7
    4   12   10   11    9
    6    1   11    2    2
    1   11    1    3    2
   24    6   10    8    2
   27   30    9    5    8
    4   14    6    5    9
    1   30    8    7    9
   11    5    6    3    6
   27   11    4    4    4
   16   14    3    8    7
   21    9    4    8    7
    8    8    3    1    8
    6   20    4    1    6
   18   13    6    4    7
   20    7    9    6    4
    2    2    9    3    9
   28   14    3    3    8
   16   28    2   12    7
   18   29    1    6    7
    2    6   10   10    8
   26   24    9   10    8
   30   23    4    5    8
   17   17   10    3    9
   10    2    2    4    6
   14   19    9    5    7
   17   24    2    6    8
   30    9   10   11    8
   19    1    9    9    9
   22   20    1    4    1
   10   20    3    6    3
    7   16    3    6    7
    5   10    2    6    6
   29   26    3    9    9
    6   17    1    5    7
   16   18    8    8    9
   20   29   10    1    7
   11   11   10    3    9
    8   14    2    6    7
   30   17   11    2    8
   15    9    3    5    6
   25   30   11    2    8
   30   21   12   12    8
    8    4    7    6    8
   24    9    6   12    7
   15   23    1    8    5
    6    8   10    3    8
   29    6    2    7    6
   26    4    9    2    7
    8   22    4    7    7
   28    2    2    8    6
   13   12   11    1    6
    5   16    8    1    2
   14   11   11    7    7
   29   14    7   10    4
   16    2    8    3    8
    5   15   12    5    8
   11   26    6    8    8
   27   13    2    5    7
    3   14    3   11    9
    8   15   12    9    8
   18   14    1    1    8
    7   11    9    5    6
   14   14    7    5    9
   19   27    1    8    5
   18   22    9    1    3
   16   23    9   10    1
   17   11    3    4    9
    4    4    8    4    9
   25   29    3   10    9
   26   25    4    2    7
    8   10    8    2    9
    1   29   12    2    8
   10   17    8    7    8
   21    6   11    8    9
   12    7   12    1    7
   28   15    4    1    7
   30    8   10    5    9
   12    9    4    4    6
   11   16    2    8    9
    2   14    1    6    9
    8   21   11   11    8
    5    3    4   11    9
   21    4    4    2    8
   13   22    3   12    4
   24   22    5    5    7
    7   29    2    7    4
    9    7   11    8    1
   19   18    2    2    6
    1   23   12    4    4
   15    6   10    9    6
   24   11    3   12    6
   30   15    3   11    7
    9   26    9    7    8
   16   29    8    9    7
   24   16    3    8    1
   14    9    9    3    4
    4    5    7    1    7
   23   29    8    4    7
    4   11    7   11    7
    3    3    7    8    8
    1    7    4    1    7
   25    4    1    9    8
   17   29    9    6    5
   15   17    1    1    7
   26    3    3   11    5
   15   15    3    6    9
   27   22   10    8    8
   21   22    1   11    1
   11   30    2    4    9
   18   23    1   10    6
   15   21   10    7    7
   19   21    5   11    9
   12   20   11   12    9
   17    3    2   11    8
   26   23    3    8    9
   27    9   12    7    4
    4   24   11    7    3
   30   16   10    6    7
   29   29    7    3    6
   22    9    8    4    2
   20   15    7   10    2
    7   14    5   11    5
    4   20    2    1    7
    8   16    5    8    9
   30   20    6    1    6
   20   23    1    5    6
   28   21    1   10    9
   20    8    3    2    8
   12   28    7    7    6
   18    2    7    5    7
    3   25    7   12    4
   25   23    9    2    5
   28   10    7   10    3
   24    8   12    5    8
   19    9   10    2    8
    5    2   11    7    7
   30   12    7   11    8
    8    5    4    8    7
    6   12    1   10    9
   22   16    1   12    7
   20   20    1    5    7
    7   28    5   11    3
   16   20    8    6    8
   14   30    6    3    9
    2    8    5   12    8
    8    9   12   11    6
   25    2    8   12    9
   25   11    2    7    7
   25   10    3    1    7
   12    2    8   10    9
   16   19   11    7    9
   12   26    7    2    9
    3   11    3    2    8
   14   17    8   10    8
   22    4    3   11    2
    2   19   10    3    7
   16   10   12    2    3
    8   18   11    4    7
   15   14    6    9    7
   30   24    8    5    3
   12   24    4   10    1
    3   24   11    6    3
    4   18    7    8    5
   19   15    1    2    8
   23    2    5   10    7
   14   25    9    4    7
   24   24    9    4    9
    2    7    8   11    6
    7   22    3    2    7
   26   20   10    4    9
    4   15    2   11    7
   15   18    8   12    7
   23   14    5   12    7
   25    1   10   12    3
    1   27   12    9    2
   21   27    9   10    6
    4   28    9    2    9
   15   24   12    4    3
    4    6    7    7    4
   13   16    2    3    6
   18   30   10    7    8
   13    8    4    6    3
   30   28   12   11    6
    2   30    2    9    8
    6   28    8   10    7
    3   23    1    9    7
    6    3    1    3    6
   29   24    9    2    1
   20   14   12    4    7
   28    5    5    3    7
   17   26   12    3    8
   24   28    1    8    4
   21   11    6    1    8
   17   18    9    4    9
   25   22   10    4    7
   26    8    1    2    6
    6   18    3   10    7
   21   24    4    7    4
   16   16    2    8    7
   23   10    7   11    7
    3   15    4   12    7
   16   15    7    8    5
   10   15    8    5    6
   19    4   10    4    9
   13   13    7    9    8
    9   25    9    3    8
    8    1   10    4    8
   17    9    9    8    7
   26   10    3    3    6
   30    3    4    8    1
   22    2   10    3    2
   19   23    7   10    1
   14    5    9    7    4
   19   22    3   10    5
    5    5    3   11    8
   20    5    7    7    6
   25   24   12    7    6
   13    6    6   12    3
   18   11    1    5    7
    3   20    9    5    3
    9   20    8   11    6
   24   14    8    8    2
   10   24   10    5    2
    1   14   12    6    6
   26   28    1    4    3
   28   28    8    2    6
   25   25    4   12    8
   17    8    4    9    9
   25   15   10    3    6
   18    9   12   11    7
   10   29    8    1    6
   28   17    6   12    6
   19   19   11   10    8
   10   30    5    2    9
    5   29   10    3    8
    3    9    8   10    7
   22   14    3    5    5
   22   28    2   12    4
   10   22    5   10    5
    9    6    5   12    1
   23   22    1    3    2
    5   26    2    5    7
   29   28    4    2    7
   13   19    3    5    6
   17   21    5    2    6
    7    4    4    1    7
   11   23   10    4    5
   18   10   12    9    6
   21   29   12    2    7
    1   24    9    6    5
   15    7    8    6    7
   17    7    3    9    7
   21   20    5    6    9
   18    5   12    4    6
   26   13    3    3    7
   19    7    6    4    6
   11    9    2    6    4
   27   17   11    3    7
    1    3   11    8    2
   11    8    6    6    4
    4   29    8    5    3
    3   10    3    1    7
   27   26    7    7    9
    3   21    7    8    8
   23   24   11    4    2
   14   10   10    4    6
   13   24    1    3    1
   12   14    6   11    9
   30    6    6   12    8
    8   27   12    2    5
    6    5    7    5    6
   25    7    5   10    8
   27   10    6   10    7
   26   21    7    1    7
   17   16    4    5    7
   27   24    7    9    5
   25    5    3    9    6
    6   22    5    5    6
   23    6   11    3    8
   29    9   11   11    9
