   27   11    4    4    7
   22   12    9   12    9
   22   13   12   11    5
   12   18    8    3    2
    4    6    9    9    9
   30   12    8   12    6
    5   12   10   10    8
    1    4   10    1    8
   29   10    5    5    8
   12   19   11    3    6
   21    5    5   10    3
    6   16    6    7    6
    3    6    8    8    2
   20   29    9    7    3
   29   19    6    4    2
   17   17    9   11    6
   21    8   10   12    1
    6    7    1    9    1
   19   30    4    3    1
   19   19    6    7    7
   21   10    1    5    9
    4    2    4   11    6
   16   30    9    7    3
    9    8    3   11    4
    7   13   11    8    1
   13    5    5   10    3
   23   18   12   12    3
   29   29    4   11    8
   27   28    7    1    4
   16   23    8    3    4
   18   18    7    5    7
    5   23    9   12    3
    5    6    6   12    3
   29   27    6   11    3
   29    7    4    8    4
    2    2    1    7    4
    8    1    4    5    4
    8   26    1    9    2
    4   25    6    2    1
   19   14    6    6    4
   19    4    4    7    8
   28    3    6    8    5
    9   29    7    7    1
   27   25   12    3    4
   30   23    9    7    8
   20   20   12    7    4
    5   24    2   11    4
   19   16    7    9    8
   15    2   10    2    3
   21   25    6    2    3
   16   11    4   11    3
   22   14    4    4    7
   25   22    1    1    4
    7   21    4   10    1
   29   18    4    4    9
   13   25    5    2    2
    5    9    5    4    2
    3   22   10    3    5
   28   28    9    8    8
   14    1    7    2    2
   12   20    6    3    4
    6   14   10    6    2
   10    2    6    2    4
   21    3    4    9    4
   23    7    3    9    2
   19   25    8    5    2
   11   28    3   10    2
   23   19    4    7    3
   23   27    5    2    4
   24   23    8    7    5
    1   15   10   10    1
    9   16   10    9    1
   13    6    1    6    1
    3   16    8    4    6
    8   25    1    5    2
    4   16    5    3    5
   25   29   11    6    2
   11   13    2    1    7
    1   29    5    8    2
    6   27    7   10    2
    5    8    4   12    8
   15    9   10    1    4
   25    1   12    8    8
   25   16    9   10    3
   25   24    5    7    4
   17    1    7    2    5
   26   24    2    7    2
   15   20   12    3    8
   22   18    7   10    5
    9    2    5   11    2
    6    6    3    5    8
   10   28    2   11    6
   28   19    3    2    9
   14   10    1    1    4
    6   15    1    8    4
   12    1   12    5    6
   13   21    3    5    3
   26   19   10    2    3
   26    1   12    7    1
    4   27    4    8    6
   25   20    4   11    1
   30   10    2   12    1
   10   12   11    2    5
   22   11    1   12    9
    3   26    6    8    4
   15   23    2   10    4
   30   21    9    5    8
   19   17    8    2    4
    5   30   11    1    4
   11   19    8    6    9
   24   27   11    3    1
   22   29    8   11    2
   14   15    5    7    1
    2   22    5    9    4
   10   10    4    9    3
   30   15    8    5    1
   23   17   12    4    4
    5    4    3    5    1
    3    3    2    5    4
   11   15    6   12    3
   12   24    5    5    4
    6   23    7   11    8
    3    4    7    9    4
    2   19    1    5    7
   24   21    7    4    3
   12   12    2    8    9
    5   19    2    2    9
   21    4    7    6    8
   20   17    2    7    9
   10    6    3    4    9
   10   11   12    1    8
    3   13    7    4    4
    7    7    9    4    4
   19    3    2    5    9
   30   14    6   11    6
   29   24    2    4    4
   15   15    2    6    9
   16   14   12    5    6
    7   26    8    7    4
   30   13   10    3    3
    2    1    9   10    5
   23   29    2    9    1
    2    8   10    1    9
   21   27    4    5    1
    7   15    6    1    8
    5    5    2    5    6
   17   18   11   12    6
    7    4    8   11    3
   21   21    6   12    9
    9   18    2    5    9
   13   26    8    9    5
    7   20    8    5    2
    3    9    5    9    9
   23   25    8   12    7
   13   12    3    8    3
    2   20    1    5    3
   30    7   10    2    3
    1    9   10    8    3
   25   15   10    1    3
   19   27    4   11    3
   16   10    8   11    6
    9   21   11    8    4
   14   14    8    1    9
   12    2    1    8    6
    5   18    5    1    2
   11    8    6    5    7
   11   21    5   10    7
   28    2    9    4    1
   18   11    8    1    1
   11   11    9    7    9
   16   24   12    1    2
   27    5   12    3    2
    7    2    4   12    3
   24   24    3    6    8
   15   21   12   12    2
   15   13    7    5    2
   21   16    1    7    2
   24   13    4    4    1
   26   20    1   12    1
   10   24    2    7    1
   14   20    3   11    5
   20   28   11    3    3
    4   12    5    6    7
   26   30    7    2    6
    7    3   12    4    6
   10    8   11    9    8
   30   11    5    2    9
    9   10    4    9    3
    7   12    4    5    3
   19   24    9   10    7
   22    9    9    5    1
   13    4    6    1    7
    5   11    7    8    7
    7   24   12    3    7
   22   16    6    4    2
   12   11    6   11    5
   17    8    1    6    7
   15   27    6    3    7
   16    5    8    3    3
    8   16    9   10    9
   16   16    8    7    6
   21   20    9   11    6
    4   20    4    6    3
    8    3   10    8    4
   12   21    2    7    9
   26    9    8   10    7
   28   15   12    7    7
   21   29    8   11    3
   12    6    4    6    8
   22   20   10   11    3
    8    4   11    1    9
   13   18    5    4    9
   22   19    2    3    8
   25    6    5    4    1
   19   15    9    9    3
    6   26    1   12    1
   30    8    7    1    5
   25   30   11   11    3
   27   30    8    1    9
   21    1    5    6    5
   30   22    1    8    2
   14   24   12    3    6
   13   23    2    1    6
    6    1    9    5    3
    7   10   12    9    2
   14    5    5    6    7
   24    6    7    9    1
    8   19    3    4    8
   30   29    2    3    2
    9    9    4   11    9
   26   15    3    2    9
   25    3    1    7    1
   11    1    2    7    1
   10   23    1    8    8
    8    8    4   10    8
   28   29   12    5    3
   20    6    9   10    4
   17   11    6    5    8
   17   16    6    9    3
    9    4    2   11    3
   28    5    1    1    2
   10   20    2    4    4
   23    2    1   12    2
   30   24    7    2    2
   22    8    4    7    4
   20    5   10    8    2
    4   17    1    6    7
   11    2    6    8    7
   25   17    5   10    3
   25   11    1    2    3
   23   23    4    7    7
    6    8   11    7    3
    2   14    5   11    8
    6    9    3    6    3
    4   24    8   11    6
   30   18    4    1    6
   13    2   11    1    6
   24   15    5    1    3
   25   25    2    5    1
   28    6   11    4    1
    8   18    4    7    4
    5   17    1    4    1
   16   26    6    5    4
   29   14   11   11    4
    6   19    7   11    6
    3   17    2   12    6
   13   28    3    1    2
    2   27    6    2    2
    8   13    9    4    4
   27   27    7    6    9
    2   30    6   11    3
   23    9   12    5    3
   30   30   12    8    9
   17    6    5    5    1
    1   27    3    2    1
    3    2    1   11    6
    4   28   10    7    4
   17    9    3    2    4
   13   16    9    3    9
   10   26    2   11    1
   14   11    2    1    9
   16   20   12   10    7
   27   18    6    6    7
    7   11    2    2    7
   18   20    4    6    4
   14   18    9    3    4
   28    8   11    2    1
    3   24    1    9    4
   27   14    5   12    4
   27    8    2    9    4
    2   24    5    6    1
   15   10    8   12    3
    1   13    2    8    3
    5   10    3   10    8
    6   29    1   12    2
   14    8   11   11    7
   14   23    2   10    2
   24   28    3    4    1
    4   18    5    8    6
    3   20    3    1    5
   10   17    3   10    3
   20   24    3    1    3
   28   17    2    8    4
   26   14    6    9    4
   12   14    8    1    9
    4   14    9    1    9
    5   29    8    6    1
   17    2   11    4    4
    7    1   12    1    6
   14   21    9   11    3
   14    3   12    3    7
   25    5   12    1    2
    6   11    7    2    8
   23    4    2    9    3
   11    9    7    4    3
    6   18    3   12    2
    9   20    1    4    4
   23   26    7    7    4
   14   17   10    5    2
   23    3    8    1    2
    9   14    1   10    4
   12   27   11    9    6
   10   27   12    8    5
   12    8    4    3    9
   19    1    7   11    6
    6    2    1    5    9
   18   21    3   10    3
   17   29   12    3    2
   20   30    6   11    4
    2   25    9   12    8
   29   11    4    8    3
    3   29    8    4    1
   29   15    2    5    1
   17   27    2    1    8
    6   21    9    9    9
   15   18   12    7    8
   11   24    7    5    8
   12   26    3    8    7
   10   19    1    9    7
    7    8    3    1    3
   30   28    7    6    5
   11   20   12   10    1
    5    1    9   10    1
   11    4    4   11    9
    4   26    9   11    3
   18   26    1    4    3
   28    1    8    9    4
   12   29    9   11    3
   19    9    6    4    6
   12    3    7   11    4
   22   26   12    4    2
    2   18   11    4    4
    7   22    6   10    6
   26   27    1    6    6
   26   28    9    8    6
    5   22    1    5    3
   11   26    8    5    3
   18   10    6    5    6
   25   28   12   11    2
   23   11   11    6    2
    2   21    5    6    9
   23   28    4    4    4
    4    4    5    1    9
   16   28    9    1    1
   10    1   11   11    8
    9    7   12    6    6
    7   14    6    8    2
   30    4   11   11    2
   22    6   12    3    2
   20    1   11    8    4
   30    1   11   11    2
   26    2    9    6    9
    3    5   12   12    3
   18   19    8   11    7
    3   15    5    5    7
   17   13    8    4    3
    5   15    7    3    2
   22   22    2    6    9
   17   21   10    6    7
   13   10    2   10    9
   29    4    1    2    7
   16   18    3    6    4
   27   13    5    8    2
    9   28    8    8    1
   20   13    2    6    1
   12   25    7    3    8
   29   16   11   12    7
    3   18    6    7    6
   12   17    1    8    7
    3   27    5    1    7
   14   28   11    8    2
   28   18   12    7    6
   22   21    5   11    1
   27    9   11    6    1
    7   25    2   11    1
   26   25   10    6    8
   23    1    6    1    2
    7   28    7    4    6
    7   17    9    8    1
   14   13    8    3    1
    6   30    1    8    9
    7    5    9    9    2
   22   15    4   10    1
   10    4    4   11    2
    7   18   10    8    2
   26   17    3   11    8
   13    9   11   12    3
   26   26    4   12    8
   18   24    5   12    3
    8   15   12    8    3
   30    3    2   12    8
    1    3    5    1    6
   15   12    2    8    1
    9   25    8    5    1
   19   13   11   12    1
   12   28    7    3    7
    7   27    2    1    1
   11    3   10    8    8
    8   20   12   10    1
    9   12    6    4    2
   28   22    8    7    1
   18    1    6    6    1
   13   13    2    1    7
   22   23    4   11    8
   25   10    3    6    8
   21   19    2    2    7
   24   22    7    8    8
   16   27    3    5    1
   21   26    2   12    1
    2    5   11    6    4
    8   29   12    6    2
   21   28    5    5    4
   19    7    1    2    1
    5   26    8    5    7
   29   13    2    8    4
   24    8   10   12    7
   12   16    9   12    7
    1    1    9   10    7
   30    9    1    2    3
   22   17   10    3    3
   26   29    6    5    2
    3   10    6    4    4
   25   18    4    4    6
   21   23    7    9    1
   20   23   10   12    8
   22   10    2    5    8
   22    4    9   10    8
   15   17    6    8    4
   15    4    1    1    9
   23   12    1   11    6
   29    2    4    4    6
   27   20    6   11    6
    1   22    4    6    9
   25   14    5    6    4
   24    9    7   12    1
   20   19    6    9    8
    8   23   12    6    2
    2   16   10   10    7
   17   30   11    1    3
   27   22    7    5    6
   24   17    5    3    1
    1   16   12    9    6
    7   16    1   11    6
    1   24    1    1    1
   16   15    6    2    2
