   26   15    7   10    3
    1    1    2    1    4
   29    1    9    5    1
   10    3    4    8    2
   23   26    7   10    6
   26    8   10   11    4
    3   26    8    4    3
   22   16   11    2    2
   23   18   11    6    1
    1   19    8   10    5
   29    8   12   11    4
    8    2    6    2    7
   20   13    1    7    8
   15    2    3    1    2
   16   19   12    4    5
   11    3    3    4    3
    5   10    3    6    4
   28   14    8    6    2
   24   19    9   12    2
   18   22    6    9    6
   19    7    8    1    4
    4   25    2    2    4
    8   21    2    5    6
   17    4   12    6    5
   22    3    6    5    7
    5    7    4    7    2
    8   25   12    6    4
    3    3    9    1    6
   14   14    8   10    5
   29   29    2    8    7
   11    5    2    6    5
   20   11    3   10    7
    6   30    3   10    8
    8    7    9    3    5
   25   12    7    5    4
   17    6    9    4    4
    3   25    5    5    2
   15   28    3    7    8
    7   22   10   12    4
    5    6    7    3    3
    8    5    7    4    2
    3   12   10    7    3
   25   29    2    8    4
    1   23    8    6    2
   24   26    4   12    3
   24   13    4    4    3
   30   21    1    1    7
   25    1    7    1    5
   21   29    8    7    1
   23   19   11    9    2
   23    3    7    6    4
    4    7    6    5    1
   23   24   11    6    3
    1   27    2    8    2
   11    1    1    4    4
    8    8    7   12    9
   19   10    4   12    9
    7   28   12   12    8
    5   13   11    4    5
    7    3    6   11    4
   22   28    9    2    7
   21    4    6    6    8
   14   26    3    6    2
    3   13   12   12    2
   16   23   12    7    4
   26   18    1    1    6
   27   13   10    8    2
    7   10    4    4    4
    6    3   12    2    7
   26   25    8   12    2
    8   28    8    6    5
   29   12    2    2    3
   26   28    6    5    7
   10    1   12   12    8
    8   17   11    1    4
   30   17    1    5    3
    7   26   10    8    4
   24   21    8   11    7
   13    2    2    4    5
   15    4    1   12    8
    1   17    9    5    3
   18    9    6    9    8
    9    9    6   12    9
    3   15    7   12    6
   27    4   10    8    7
   19    2    7    3    2
   28   13    2   11    2
    4    5   12    1    9
    3   21   12    4    4
   25   15   11    4    8
   10   26    7    8    2
   18    6    1    1    2
   23   28    4   10    3
    2    4    4    2    8
    2    3    3    9    7
   12   13    8    5    4
    2   26    8    9    6
   26   27    8    9    3
   23   23    9    6    9
   12   12    5    1    9
   21   13    9    9    7
   14   10   12    3    6
   30   15    8   11    2
   29   10   10    2    4
   16    6    9   11    7
   23    9    5    4    4
   29   24    5    7    2
   29   16   11    4    5
    9   15    2   12    6
   18    8   10    3    3
   22    1    9   12    4
   27    5    9   12    3
   17   15   10    6    3
   24   22   10    6    4
   16   17   12    8    7
    6   21   12   11    9
   19    4    4   12    9
   25    6    9    4    4
    1   15   12    7    8
   22   21    1    4    3
   27   14    6    5    7
    7   11    8    4    2
    8   14    1    9    6
   13   23    3    2    3
   19    6    8    2    2
   16   20   12    6    4
   23    7    7    2    2
   18   13    9    7    4
    1   24    5   11    5
   30   19    1    2    3
    2   12    6    5    7
    3    8   10    8    4
    5   18    7    1    8
   10   22    7    4    5
    3   20    5    6    3
   17   24    5    3    2
   23    4   12    6    7
   25    2   12    9    4
   11   24   11    3    8
   18    7   12    1    2
   19   18   12    4    5
    2    6    7    6    9
   13    4   11    1    9
   12    9    2   10    5
   18    4    3    3    3
   20    1    3    5    7
    2    9    7    9    9
   17    7   12    3    3
    2   11    7    9    7
   25   30   11    1    5
    6    6    1    2    9
    9   19    5   12    2
   19   29   10   12    2
   18   25    9    6    4
    4    3    6   12    6
   11   21    5    5    3
   15   23   11    6    5
   20   23    4    5    3
    3   30   11    5    4
   25   11    9    8    2
   11    9   12   10    3
    1    4    7    9    4
   29    4    3   10    2
   27   24    8   11    5
   17   18    5    7    4
   17   12    9    8    2
    1   30   11    2    3
   25   21    5    8    1
   15   21    7    5    5
   12   19   10    1    2
    5   21    1    2    1
   17   22   12    6    3
   28   20    9   11    6
   22    9    6   11    5
   26    9    7   10    4
    5   22    4    4    2
   27   23    7    5    1
   22   13   12    8    2
    6   11   11   10    3
   16    7    6    4    7
   29   14    8    1    1
   13   13    2   12    8
    9   14    5    1    2
    1   13    4    5    2
    8   27    1    2    7
   12   28    5    6    8
   10   27    7    7    6
   18   15    6    8    5
   11   14    1    1    8
   15   27    4    7    9
   28   28    9    8    9
    5    2    5    4    4
   15    7    1    2    6
    1   26    5    8    3
   10   13   10    4    4
   25   27   12    9    2
   11    8    4    2    4
   27   11   11   12    1
    5    3    8   10    6
   14    5    5    8    4
   24   25    4   10    4
   15   24    1   12    6
   27   17    7   11    6
   11   28   12    2    2
   12    8   12    8    3
    8   16   12   10    4
   22   22    3    9    2
   22   23   10    3    2
   30    9    9    7    1
   15    8   10    2    4
   20    7   10    9    8
    2   10    6    8    4
   14   22    4    4    8
   10   21    2    8    5
    4   16    8    2    3
    7    7    7    9    8
   17   25   10    9    3
   24   28    1    5    8
   12   16    3    7    5
   26   13    5    3    3
    8   23    9    4    4
    9   28    5    9    1
   30    7    4    7    5
   12    4   12    6    4
   14   17    2    3    6
   22    4    2    7    7
   18   29   11    1    5
    9   17    8    3    3
   25   13    4    6    7
   19   21    4    9    2
    9    8   11    4    3
   29   23   10    3    4
    3   27   11   11    7
   30   12    8    4    5
   27   30    7    5    8
   27   12    8    3    6
   30   24    8   11    3
   17   11    5   12    4
    9   24   11   11    2
   17   19    7   11    2
   13   14    9   11    2
   27   16    3    4    4
   13   15   10   11    5
   27   27    7    6    9
   27   20    1    2    9
    6    7    4    4    2
    9   13    7    8    6
   18    2    4    6    3
    7   12    7   12    2
   15   11    7    3    7
   24    2   10   11    3
   24   10    4   10    2
   25   14   12    9    2
   20    4    7   12    2
   16   10    5    9    2
    2    7   12    9    2
   18   24    8    5    1
    2   20    7    9    1
   18   10   10    2    5
    7    9    6   11    3
   10    8   10    3    6
   14    7    4    6    3
   28   21    8    8    1
   23   11    4   10    3
   25   20    6    2    8
   11   26    1   10    4
    1   16    4   11    2
   28    6   11    1    7
   22   30    3   11    3
   24   24    5    3    9
    4   28    4    6    9
    3   17    7    9    2
    9   20    6    1    3
    3   28    9   11    2
    2    1   10    3    3
    3   18   11    8    3
   10   10    7   12    3
    5   17    7   10    3
   23    6   12    6    3
   15   10    6    6    2
    2    2   12    9    2
   28    1    7    2    2
    1    3   12    1    1
   24    6   12    2    3
   20   22    4    8    1
   17   17    1    5    2
    6    8    7    8    3
   11   13    2   10    4
   29   30    4    6    2
   11   16    1    7    3
   18   18    5    2    3
   24    7    9    7    2
   13    7    9    1    2
    8   19    5    1    2
   20   14    5    2    2
    9   27    8    6    5
   26   26    5    9    4
   26   21   10    7    3
   10    6   10    6    2
    2   21    8    9    6
   11   19    2    4    3
   19   15   12    1    2
    4    4    2    7    4
   13   29    8    5    2
   26   20    4   12    3
    9    5    7    8    7
   19   19    2    8    7
   20   12    7   10    3
   24   14    3    8    2
   16    3    7    8    2
   27    7   12   10    3
   15   29    6    6    4
   28   17    9    1    6
   29   22    6    3    1
   16   24   10    4    2
   19   22    3    4    1
   15    6   11    1    1
   28   18    6    9    7
    1   12    1    5    8
   11   11   11    1    8
    6    1    6   12    2
   14   23   10    3    1
    1   14    4    1    6
   30    8   12    9    2
   25   25   10    8    7
   26    5    4    4    3
    2   14   11   12    7
   16   16   12    9    2
    2   30    8   11    2
    9    3    6   11    2
   20    5    5   12    2
    9   21    2   11    2
    1   18    9    3    2
   20    6   10   11    2
   11   22    5   12    7
    9   25    3   10    4
   16   18    8   11    3
    1    7    6    4    3
    5   15    7    7    6
    6   14    2    2    3
   14    4   10    9    2
   30    5    9    4    3
   10   28    9    1    3
   20   20   11    4    8
   27   18    8    9    5
   23    2   10    3    3
    5   24    4    8    3
   26    6    2   11    3
   17    2   10    6    3
   16   21    8   12    3
   28   27    4    7    2
   17   29    9    6    7
   18   20    5    3    4
   24   12    3    8    7
   21   12    4    2    7
    9    4    9    8    4
    4    6    1    2    3
   16   14    3    7    4
   28   25    8    7    8
   10   11   12    5    3
   10   17    4    5    3
    1    9   12   12    3
   27   21    5    2    4
   16    9    4    1    8
   22   26    2    2    5
   22   15    2    2    3
   20   24    2    7    4
   13   30    1   10    2
   21   21    1   12    9
   13   16    9   11    9
   27    6    6    6    3
    2   28    7    4    2
   28   30    9    6    2
   29   27    1    2    2
   29   28    5   10    1
   22   25    7    3    1
   30   26    5    9    2
   15   14    2    7    3
   10   30    1   12    4
    4   11    4    1    7
   16   25    3    6    4
   19   26    4   11    4
   21   18    1    7    3
   12   23    6   11    3
   23    5    4    4    7
   17   13    2    9    4
   29   26    2   10    4
    5   25   10   11    2
   30   30    4    7    3
    4    8    9    9    9
   27   19    4    4    4
   16    2    5    3    8
   14   21    9    8    9
   22    6    5    4    2
   18   12    7    4    2
    6    9   11    2    7
   22    8    9    7    3
   30   20    9   12    3
    3   19    5    6    8
    3   24   11   12    4
   30   23   11    8    4
   24    4    8    2    7
    1    8    7    8    6
   14   19    1    8    7
   28   19    7    2    3
   14   18    7    2    8
   15   16    6    4    5
    5    5   12    7    9
   18   11    8    2    3
   30   14    3    8    2
    2   22    4   11    7
   16   28    8    7    3
   10   25   12    9    3
   12    6   10    8    7
    1   21    2    5    6
   10   20    5   12    3
   20   17    6   10    3
   22   27    5   10    3
   21   17   12    8    8
    2   27    5    5    8
   20   21    3    3    8
   12    5    8    1    2
   23   10    5    3    2
   15   15    2   12    7
    5   28    6    6    6
   29    5    2   11    4
    6   13    8   11    3
   25   23    3    3    3
   26   12    2    2    3
   25    7    8    1    3
   20    8   10    4    2
   30   18   12    2    2
   11   29    3    6    1
    4   10    2    7    7
   29    6    2   10    3
   22   12   12    3    2
    5    1   12    3    4
    3   29    8   11    3
    7   21    4    4    5
    8   24    3    8    4
   12   14    3   12    6
   12   15    9    5    5
   16   26    1   11    4
   26   17    1    5    6
    9   29    4   12    3
    8   13    3   12    7
   10    9    4    6    3
   17   23    8    6    2
   14    3    4   11    3
   20   15   12    7    3
   12   11   12    7    6
   11   30    4   12    4
   13   19    6   11    8
   21   23   12    7    2
   29    2    5   11    1
   19   20   12   12    2
   26    4    5    2    3
   30   16   10    5    8
   12   10   10   10    4
   29    7    2    7    2
   20   29    4    1    7
    5   19   11   11    3
   30    4    3   11    2
   19   25    4   11    7
   16    5   11    2    3
