    6   23    4    5    2
   15   16    2    1    3
   22    2    1    5    2
   15    8   12    2    6
   17    8   12    8    4
    7   25    1    6    2
   26    8    5   11    2
    3   20    2    1    2
   24    7    3    5    3
   29   10    5    1    1
    4    4    9   10    8
    5   30    5   12    5
   21   13    2    7    3
   30    4   11    6    3
   21   28    4    7    3
   17   11    7    9    4
   13   26    6   12    3
    5    5   10    1    9
   17    5    2    7    4
   29    4    5    6    2
    1    4    5   12    7
   22   16    5    4    4
   15   10    4    8    4
    9    3   11   11    5
   17   24    2    8    3
   17   26    4   10    4
   13   14   12    5    5
    4    7    9   10    3
    2    7   11    6    3
    5   20    7    4    3
   21    3    4    3    4
   24    4    1    3    2
   29   23   10   10    3
    7    8    3    4    2
    6   12    4    5    8
    2   28    3    1    4
   25    4    9    7    3
    8   27    3    6    3
    8    5    4    9    5
   23   16    1   11    3
    8   24   10    9    3
   21   21    5    7    6
    7   19    7   10    4
   24   24   11    8    6
    7   29    4    9    2
   23    5   10    5    3
    3    3   11    5    7
   20   20    4    8    4
   12   22   10    2    3
   23   20    9   10    3
   17   17   10    1    5
   30   11    5   11    3
    1   18    2    4    6
   12   28   12    3    5
   10    1    4    6    3
    5    1   12    5    5
    5   29    3    8    3
   16   20   10    5    3
   29   12    8    1    2
   26   20    9    4    7
   25   23    2   10    3
    4   21    7    7    3
   17    6   11    4    3
   29   29    2    4    5
    5    6    6    8    2
    3   25    9    9    4
   19   16   12    1    3
   27   13    6   10    3
    4   27    8    8    4
   28    5    9   12    7
    4   22    1    9    4
    3   22    1    6    3
   16    3    9    9    6
   27   28    9   11    4
   17   25    5    9    7
   21   11    8    8    7
    2   20   12    4    5
   21   10    8    9    3
   29   21    1    2    3
   19    1    6    9    4
   30   20    3    3    5
   10   25    3    1    3
   30    3    9   12    3
    3   11    2   11    3
   12   26    9   10    4
   19   14    8    9    8
   18    2    1    8    6
   26   26   10    5    4
   17    2    2    4    6
    8   16    1   10    4
   30   24    4    4    3
   24   22    3    8    6
   24    2    4    7    3
    9    8   11    9    2
   21   12    2    2    9
    8    8    6    3    7
    2   23    3    6    3
   10   17    7    4    5
    4    9    3    6    3
    3   14   12    1    2
    4    3   11    9    3
   19   15    1    7    4
   10   11    2    4    3
   19   28    8    4    5
   12    4    8   12    3
   26   27    9    7    6
   10   10    6    1    3
    1   21   11    4    3
   11   20    8   12    3
   14   15    7    9    3
    7   28    9    1    5
   20   18    9    1    6
    9   11    7    9    6
   20   10    3    7    5
   11    4    1    8    5
   26    6    5   12    5
   11   11    4    1    3
   14   20   10   12    7
   24   25    9    9    3
    1   24    8   12    3
   20    1   12    7    3
   25    8   10   12    2
   21   17    4    8    6
    9   20   12    2    4
   30   21    2    1    4
   20   21    5   12    4
   20   17    6    4    5
    9   26   11    8    4
   21    7    4    2    2
   11    8   12    6    6
   19   20    4   12    4
   26   14   12   11    5
    5    7    3    5    3
    4   18    7   10    4
   27   29    4    7    3
   25   12    6   12    3
   29    6    6   12    2
    9    2   10    1    2
    8   30    5   12    3
   18   22    3    7    6
   16    5    8    6    6
    6   15    9    3    3
   20   24    2    2    3
   27    2    9    4    4
   28   26    1    4    3
   29    2    5    2    5
   29   11    3    2    4
    7   16    4    5    3
   19   19    6    9    6
    1   13    6    8    4
   21   24    1    7    1
   20    6    4    9    1
   24   11    1   10    2
   12   13    6    1    5
   12   12   12   10    9
    9   24    2    6    4
   28   30    3    3    3
   28   16   10    7    3
   11   28    1   10    3
   10    6    6   10    2
   19   26    5    7    5
   17   30    4   12    3
   24   26    8   12    3
   27    3    5   11    4
    7    7   12    2    5
    6   14    7    4    4
   30   13    1    3    3
   12    2    3    7    3
   16   30    5    3    4
   10   24    4    4    2
   29    3   10   11    2
    8   29    5    2    3
   27   27   10    3    8
   26    2    2    1    4
   12    9    6    4    3
   29   13   10   11    3
   11   27    4    8    6
   12    8    3    6    4
    2    8   12    2    3
   20   22    4    1    5
   13    4    4    3    5
    2    2    3    6    5
    9   21    5    8    2
   13    2    1   11    3
    7   11    4    4    8
   18   17   11    8    2
   30   25    8    8    2
   30   27    5    3    2
   25   20    5   12    3
   22   22    9   10    3
   22   21   11   10    3
   21   26   10    3    3
    4    5    6    6    3
    7   30   12    2    5
   12    1   12    9    3
   27   25    6    9    4
    9   27    6    6    2
   19   24    8    6    4
   15   30    4    2    4
    4   23    5    1    3
    6   22   11    4    1
   15   15    3   11    7
   30   30    2    9    4
    8   18    4    4    6
   30   29   12    6    6
    2   15    4    9    3
   24   12    8   11    3
   12   14    9    4    4
   16   29    9    6    6
   22   14    6    5    5
   25   26    1   12    6
   18    6    2    9    4
   16   16    2    9    8
   16   25    9    6    2
    2    1    2    3    7
   22    7   11    7    3
   14    1    8    4    5
   30   10   11    1    3
   11    2   10    1    4
    9    5    5   12    2
   16   11    6    9    5
   30    1    3    3    5
    8   20    5    8    1
   14   21   12    9    4
   25    5    3   12    3
   26   16   12    3    3
   15   25    1    1    3
   28   15   12    1    3
   20   27    5   12    3
    4    8    5    6    7
   12   19   10    7    6
   21   18    2   11    3
   23    8    4    4    2
   26   23    3    7    3
    9   29    6    6    3
   13   13    2    9    9
   15    4    8    1    5
   18    7    3   10    5
   24   23    9    3    3
   14   16    8    9    4
    1   23   11    1    8
   21    8    3    1    6
   30    2    1    1    8
    8    1    5    4    4
   12   15    7   12    4
   17   28    8    3    4
   28    3    4    2    3
   24   14    3    5    3
   14   27    9    1    3
   26   15    3    9    2
    3    5    4   10    7
    6   16    9   11    3
   10   14   12   10    3
   19   23    1    8    2
   10    5    4    3    2
   19   30    8    4    5
   27   10    9   11    3
   30    9    8   10    2
    3   13    8   12    4
   24   16    5    2    3
   30   23   11   12    3
    6    4    1    1    3
    1   26    6   11    2
   16    9    5   11    5
    1   25    4    4    3
   22   19   12   12    5
   19    6   12    7    3
   17   22    9    3    4
   20   13    8    1    3
   14   17    3    6    5
    8   19    9    3    5
    6   27    1    1    4
   19   17   10    4    3
   13    7    8    1    4
   25   18   12    9    5
   15   17    4    5    4
   22   15    7    1    5
   13    8    7    9    3
   23   21    4    4    3
   23   13    6    5    3
    1    6    3    1    3
    5   22   11    6    4
    6    2    3    4    5
   24   18   10   12    3
    4   17    8    2    3
   15   24    4    2    3
   12   30    9    6    3
    6    6   10    5    8
    7    6    5    1    6
   10   18    1   11    4
    4   14    8    4    7
   22   26    8    5    2
   18    9   12    8    3
    1    7    7   12    4
    9   25   12    6    6
   16   27   12   10    4
   16    4    8   10    5
   18   28    9   11    2
   29   18    4    9    2
    9   28    3    6    7
   23   15    3    3    4
   17   29    8    2    3
   21    2    6    5    3
   13   28   12    3    3
   15    1    6    5    3
   25   14   12    3    3
   18   30    3   11    3
   17   27   11    5    3
   26   10    6    1    3
   24    3   11    1    3
   29   26    8   12    5
   21   15    3    4    3
   28   28    7    3    6
   14    7    8    2    3
   11   19   11    2    5
    6   28    7    4    3
   13   11    1   12    3
    1   29    4    9    3
    3    8    8    8    6
    2    5    1    1    4
   26    7    2    9    5
    7   20    8   12    3
    3   18    2    1    4
   12   20    5   11    5
   17    1    8    9    2
    5   15    8    6    4
   10   22    7    6    3
   28   23    1    8    7
    4   10   10    4    3
    7    9   11   11    3
    9   22    1    1    3
   11   18    1   12    2
    9   13    5    4    3
   22    1    8    9    6
   14    8   10    7    5
   22   30   12    5    3
   21   19   11    8    3
   14   18    5    2    4
    9   14    3    7    3
    5   14    7    8    3
   28    4    7   10    4
   24   27    1    7    3
   13   17    4   11    3
   18   12   10    1    3
   25    2   10    7    3
   14   23    2   10    4
   12    7    1    1    3
   15   11   12   11    4
    7   23    3    2    4
   14   29    5    6    4
    1    1    1    6    7
   23   17    3   12    3
    9   15    5    1    3
    9   23   11   11    3
   29   20    6    9    3
   17    9    3    3    2
   24    6    8    6    3
    5   18   11   10    4
   22   29    1    1    8
    3    2   12    6    4
   12   23    2    6    3
   18   23    3   10    5
    2   14    3    5    6
    3    7    8    7    4
   19   29    9    7    3
   25    6    2    4    4
   27   21    8   11    6
   10   12    4    7    3
   16   12    3    4    3
    6   21    7    3    2
    6   30    2   12    2
   13   25   12    9    3
   25   28    7    5    3
   19    4    5    4    6
   24   13    8    3    3
    2   10   10    5    3
   15   29   11    3    3
    3   23    8    5    3
   28   29    7   12    3
    1   16    2    7    3
   27   15    6   11    3
    9    9    6    1    7
    7   27   10    9    6
   11    1    9    3    4
   16   18    2    7    3
   19   25    3   12    3
   28    1   11   12    4
   11    5    5   12    5
   14   14    5    6    6
    5   26    2    6    5
   25   29    3    3    5
   15    3    3    2    3
   11   22   10    9    3
    8    6    6   12    2
    5   24   10    9    6
   22   13    2    1    5
   22   25   10    8    4
   25   21    9    4    3
   12   11    5    4    3
    3   10    2    7    4
   26    3    5   11    3
    4    2    8    7    6
   14   11    5    2    6
    1    3   10    9    3
   12    3    5    4    3
   10    9    2    6    3
   10    8    3    9    3
   10   16    6    7    6
   14   30    3    4    7
   16   21    8    9    4
   30   26    9    5    3
   18   15    2    7    3
   15   20    1    8    3
   21    5    7    1    3
   11   25    9   10    4
   10   13    4    6    2
   18   18    6    1    8
    2   16    4   11    3
   17    7    8    6    3
   25   25    1    6    6
   22    8    8   11    5
   18   13    5    7    4
   28   20    2    8    2
   27   22    2    5    3
   16   13    9    2    7
    1    9   10    3    6
   20    4    4    4    4
    1   27    7   11    4
   28   14    9    9    4
    5   19    9    4    8
   19   27    2   10    6
    6   11    9    8    5
   19   10    9   10    6
   12   17   11    7    5
   13   19    3    7    3
   27   12   10   11    3
   24   29    8    7    3
   13    5    2    1    8
   22   23   12    7    6
   11   26    4   10    5
   23   23    9   12    6
   26   18   11    4    6
   26    4    8    2    5
   28   10    6   12    4
   19   18    4    9    4
   13    6    7   12    2
   28   24    2    1    5
   11   23   12    5    3
   28    8    2   10    6
    5   27    9    2    4
   15   13    6    8    3
   10    7    8    8    3
    3   19    2    9    4
    9   19   12    4    3
   15    7    7   12    4
   28   22   11    9    4
   17    3    4    7    4
   12    5    2    9    4
   18   27    1    2    4
   19    2    4    1    4
   27   23   12    3    4
   23   10    4   11    6
    3    6    8    7    2
    6    9    2   10    3
   16   17    7    2    3
