   28   21    6    4    8
   14   12    3    5    8
    9   12   12    6    6
   19   10   12    4    3
    6   10    4    3    6
   23    3    7    8    2
   23    2    5   10    4
   16   25   10    4    6
   17   29   10    7    4
   20    4    7   12    2
   17   17    3    9    8
   28   24    4   12    6
   30   23    9   12    9
    9   30   11    4    7
    9   28   10   10    5
   26   18    7    4    8
   18   21    2    8    7
   19   29    6    3    5
   11   14    5    5    5
   19   23    6    4    8
   10   16    7    4    8
   11    8    8    3    9
   19    3    1    2    4
   26   15    6    1    7
   22   23    6   11    6
   13   14   11    6    3
   20   20    9    4    9
    2   14    8    3    9
    3   26   11    5    7
   12   22    4    6    7
   12   12    4    3    8
    7   28    2    7    3
    8   18    5    6    8
   10   11    8    5    6
   11   18    5    4    9
   29   20    9    4    3
   20   23    7    1    4
    7    3    2   11    4
   29   22    8   11    2
   28   27    2    4    8
   30    4    7    7    7
   14   30    3    4    9
    9   13    2    2    7
   10    2    4    3    1
   18   24    6    9    5
   24    8    6    6    5
   26    8    9    9    7
    6   25    8    2    1
   15    4    5    2    5
   30   21    3    8    4
    7    9    4    6    3
   10   25    5    3    9
   25    2   11    6    7
   24    1    3    6    8
    6   16   10    8    6
    7   25    6    4    7
   29    6    9    4    1
    6   13   10    8    4
   11    6    7   11    6
    6   19    9    3    7
   13   13    4   11    9
   22   22    5    3    9
   19    4    4    5    9
   26   30   12    5    8
   17    8    6    4    7
    8   20    2    8    4
   20   12    3    6    7
   21    8    6    3    7
    5   23    1    6    3
   19   14    4   12    8
   26   16    1    7    6
   22   13    7    4    4
   26   22    8    3    6
   27   27    8    3    5
   24   26    7    2    7
   13   16   12    3    7
    2    7    9    5    3
   23   17   10    6    6
   25   18    2    5    2
   11   15    1    5    3
    7   22    1    3    9
   23   11    4    8    8
   23   15    7   12    4
    7   18    1   10    7
    7   10    2    1    5
   13   21   10   11    4
   22   14    8    8    2
    1   22    5    7    2
   23   14    5    4    8
    5    8    7    3    8
   27   13   12   11    8
    9   18    1    1    9
   11   20   10    9    6
   19   18    5    3    8
   20   19   10    3    5
    7   27    9    5    7
    2    4    2    8    7
   13   17    3   12    7
    5   27    6    3    4
   11    5    7    6    8
   11    7    5    1    7
   25    4    7   11    8
    5   12   11   12    4
   17   15    1    8    3
   30   24    2   10    8
   27   14    8    4    8
    4   13    7    2    6
   11    4    6    4    7
   17   19   10   12    6
    6   28   10    6    5
   16    5    4    3    3
   17   20    1   10    7
   14    8    1    9    8
    9    5   10    6    6
   28    1    1    5    5
   27    9    8   11    4
   29   11    4    2    2
   13   19   10   11    5
    1   25    6   10    6
   28   25    4    1    1
   12   21    5   10    7
   14   18    8    5    7
   16   11    7    6    4
   18   23    8    7    3
    9   24    6    1    6
   16   27    8    2    7
   14   10   11    8    2
    1   29    4    1    6
   26   23    9    8    8
   25   12    5   11    7
   30   25    6    3    8
   17    5    6    8    6
   19   12   10    9    6
    6    4    1    6    6
   29   12    2    2    4
    2   26   12    8    7
    5   21    8    8    6
   19    1    2    8    8
    4   16    8    4    8
   19    5    8    1    3
   21    7    2   12    9
   16    3    6    9    7
   11    9    4    4    6
   19    9    6    4    6
   19   21    4    9    3
    4    1   12    9    9
   17   14    4   12    8
   22   15    7    1    5
   17    6    5    5    4
   21   25   11   12    3
   10   27    5   11    3
   13   25   11    8    5
   28   23   12   11    7
   16   29    7    2    2
   16   14    8    1    7
   13   18    5   12    7
    7    7    5   12    8
   13   12    2    3    4
   27   25   10    8    5
   13    5   12    4    9
   30   29    8   10    8
    1    7    9   10    2
   20   13   12   12    8
    6    1    6    8    3
   17   25    3    4    7
   30    7    2    5    8
    8    7    9   11    1
   22   30   11    1    4
    8   16    2    5    6
    3   29    1   10    7
    7    4    8   11    7
    3    1   12    1    8
   28   20   11   12    1
   28   13   10    9    3
   16   24    2    1    3
   28   26    8   11    6
    4   10    2    8    6
    8    4   12    4    8
    3    2    1   12    9
    3   30    2   12    1
   27   30   10    5    8
   11   28   11    7    6
   10   10    5   12    9
    9   10    5    9    6
   21   21    1    5    9
   17   30    2    5    9
   27   17    2    2    7
    9    8    1    2    6
   18   20    4   12    6
    5   10   12    8    5
   11    3   12   10    7
   27   23    8    2    7
   12   17    1    9    7
   18    3   10    6    7
    4    4    6    7    3
   16   15   12    3    3
   19   28   12    1    4
   23    4    5   12    3
   21   27   12    1    3
   22   19    4    3    5
    4   27    8   12    5
   14    9    8    4    7
   15    3    6   11    4
    3   14    1    4    8
   23   10    9    5    3
   26    5    1    6    4
   14    1    3    1    7
   29   27    4   11    5
   26   26    2   10    8
   21   26    3   12    3
   12    1   11    4    2
    2   17   12    7    7
   21    2    3    1    8
   16    1    1   11    9
   12   10    6    6    9
    5   24    3   11    7
    7   26   10    4    6
   30    1   11    8    3
    1   17    7    3    6
   15    8    1    6    7
   29    7   10    5    3
   14   20    7    2    5
   24    7    8   12    7
   19   11   12    9    7
    8   13   12    3    8
    8   27    7   11    4
    6    2   11    8    9
    7   17   10    4    7
   28   15   12    4    9
   21   17    3    2    8
   26   29    7    7    1
   15    2   10    5    1
    9    2   10    2    7
   25   22    1    7    3
   12    8   12    2    5
   10   18    5    6    7
   30    5    3   10    8
   22   28    6    8    6
   19    8   10    5    8
    4    5    6   10    5
   16   16    7    5    9
    3    6    7    6    4
   22    2    2    9    4
   20   22    7   11    2
   16   21    3    9    5
    3    9    3    5    5
   12   27    5    7    2
   25   25    3   11    8
   17   11   12    1    7
    4   26    5   11    5
    1    9    2    4    9
   13   30   11    9    4
   19   24    3    1    4
   24   29    9    3    5
    3   27   11   12    4
    5   29   10    2    4
   21   20   10   11    3
   18   28    1    3    8
    6   30    6    1    6
   19    2    8    2    8
   23    9    4    7    6
   12   18   11   11    2
   16   19    4    2    8
   29    2    3    3    4
   24   13   11   12    5
    5   15   12   11    9
   12    2    7    6    9
   12    3   11    9    4
   23   23    4    1    8
    2   30    1    6    8
   16   28    7    9    4
   11   21    2    4    9
   24   24   11    8    8
    8   29   10    7    2
   11   27    7   10    7
   15   18    5    5    9
    7    5    5   10    7
   17    3    8    2    6
   30   16    7   11    8
   20   16    1   10    7
   11   30    9    6    8
    8   23   12    6    6
   15   13    7    5    6
   23    6    7    6    4
    5   25    6    4    4
   16    9    8    8    5
   24   25   12    6    3
   19   30    2    7    7
   10   20   12    5    6
   15   14    6   10    7
    3   22    5    8    4
    2   11    9    1    5
    6   27   12    7    4
   23   25    8    6    8
    8   30    3    7    7
   19   19    9    1    7
   29   10   11    7    6
   12   30   11    2    9
   24   14    7    5    8
   11   12    5    4    7
   18    2   10    7    9
    3    3    2   11    9
   17   22    6    2    4
   15   19    8   10    4
   13    7    2    9    7
    4   29    3    9    2
    9   17    2   12    8
   10   17    9    5    1
    4   21   12   12    9
    9   15    3    6    9
   18   30    5    4    7
   10   13    9    2    5
    5   18    5    1    4
   11   11    1    6    8
   14   26    4    1    7
   14    7    6   11    5
    4   18   11    8    6
   22   11    9    8    9
   21   24    1    6    9
   13    1    5   11    8
   28   12   11    6    1
   20   30    3    1    7
   26   17    2   11    8
   21   10   12   10    7
   29   13   11    7    7
   26   11   10   10    8
   15   24    6    2    9
   10   26    1    4    8
   23   16    8    1    8
    6   12    2    2    9
   29   23    9    9    3
    5    5    5    4    7
   18    1    3   12    5
    2   20    3   12    7
   30   30    7    4    8
   28    2    5   10    4
    4   22    9    7    3
   24    6    9    9    4
   10   30    2    1    8
    6    5    9   12    3
   21   23    9    8    8
    2   24   11    4    7
   17   28   11    7    6
   18    6    1    9    4
    9    9    7    4    8
    3    4    6    2    7
   20   27    5    1    3
   28   28   11    4    2
   15   27   11    7    8
    2    1    3    9    9
    6   15   10   12    8
    6    6    7    1    9
   13   23    6   11    7
    3   21   12   11    3
    1   26    8    2    7
    3   20   12    1    7
    9   22    8    1    3
   25   20    2    7    1
   22   27    9    6    6
    1   20    6   11    8
   24   27    7    5    3
   19   27    1    7    8
   26    6    9   11    7
    7   20    2   11    1
   27    2    3    1    8
   15   15    5    9    9
   14    6    5    2    9
   23    1    4    7    6
    9   26    5    6    7
    7   15    1    3    7
    9   25    2   11    8
    1   15   11    8    4
    9    4    1   10    3
   13    3   11    6    7
   24   12    4   12    7
   24    3    9    5    4
   17   18   12    8    8
   25   11    2    8    2
   29   25    7    1    7
    8    8   10    1    7
    6    9    1    1    4
    3   10    4   10    9
   15   12    5    2    4
   20   24    4    7    2
   20    5    8    5    7
    2    8    4    4    2
    1    5    3   11    2
    6   22    1    5    5
   18   16    7   11    6
   19   25    2    9    7
   13   26    9    1    3
   17   16    6    4    7
   13   11    1   11    7
   16    7   11    8    7
    8   22    7   12    4
   14   14    8    7    8
   24   23    5    3    7
   21   14   11    8    9
    7   23    7   10    1
    1    8    4    2    8
    2    5    1   12    5
   29   29    1    3    5
   15   10   10    3    1
   10   28   10    2    6
   28   30    8    9    7
   22   24    1   10    8
   12    7   10    5    8
    9   29    7    9    3
   24    4    1    7    8
   29   18    2    3    6
   17   24    3    6    8
   22   16    7    8    3
    8   25    5    6    3
   16   12    6    9    5
    1   27    9   12    5
   16    2   11    6    7
   28   29   11    8    6
   22   21   10   11    3
   14   29    2    2    5
   22   10    5    7    4
   18   18    9   10    8
   21    9    5    9    3
    6    8    1    2    3
   15   21    2   11    1
   26   19    2    2    8
   20    6   11    3    4
   27   18    1    2    8
    5   22   10    1    6
    1   21    4    5    7
    3   25    5   11    9
   17    4    3    5    4
    9   20    1    8    3
   15   30    6    2    5
   22   18   11    8    1
    8   28    4    9    4
    3   28    5    3    7
   10   24    3    6    3
   29   21   12    2    1
   14    4    7   12    6
   26   12    8    7    6
    3    8   10    9    7
   11   24   11    9    6
   10    8    3    9    7
    5    3   10    3    5
    7   19    4    7    8
   27   26    6    1    6
   26   25   11   11    9
   15   20    2    3    8
   12    4    4    7    7
   28    4    4    9    6
    6   21    8    4    9
    5   28    5   11    7
   25   14   12   10    8
   10    1   12    2    9
   14    5    4    7    9
   11    1    1    9    7
   15   29    2    2    8
   28   14   11    5    6
   23   12    5    9    6
    1    1    4   12    9
    2   13    7    8    6
   25   15    5    1    5
   26   20   10   10    9
    2    2    1    5    9
    6    7   10   11    4
