   20   19    8    2    1
   19   26    3    1    1
   15   30   12    6    1
    8   26    6   12    1
   20    2   10    6    4
    7   30   10    6    5
   15   29    6    8    1
   11   29    1    8    1
   30   30    8    7    8
    4    3   12    4    6
    2    5    4    3    1
    4   16    8    5    3
   14    8    1    7    3
    6   21    1   11    6
   17   17   12    6    1
    8   30    1    8    3
    5   29    2   12    1
    4   14   11    3    3
   17   14    3   12    2
   26   30    3   11    1
   19    1    6    4    2
   23    7   11    6    1
   22    1    1    9    1
    5    5    1    9    1
   10    5    4    3    1
   19    7    8    9    6
   27   15    6   11    1
    4   19    5   10    1
   14   24    6    6    7
   10   10   10    6    1
   27   21    7   11    1
    7   16   10   11    1
   28    5   12    1    1
    4   17    3    3    1
    9   15    3    7    1
   25   17    9    6    1
   25    3   11    1    1
   16   27    5    8    2
   27   10    8   10    1
    5   26    1    4    1
    3   29   11   10    1
   24    8    4   11    1
    1   23   12    5    2
    4    7    3    5    1
   29   30    6    8    4
   15   15    9   11    1
    7   22    1    7    1
    6    5    5   11    1
    5   20    6    4    2
   25   12   12   11    1
   16    2    8    9    1
    5   24    4    7    1
   10   14    2   11    6
    4   15    8   11    1
   22   15    1    6    1
    2   11    5   10    4
    2    2    3    7    7
   16   10    4    7    2
    8   28    6   10    1
   21   18    1   11    1
   17   21    7    9    5
   10   26    1    3    5
   11   14   12    3    2
    9   25    8    2    1
    6    9    4    1    1
   20   20    7    2    1
   28   28    9    7    7
   21    5    7   12    1
   12   18    2    5    1
    9   16    8    1    1
    4    4   11    3    8
   18    5   10   12    8
   10   24    4    7    1
    9   13    2    2    7
    4   21    7    5    1
    2    7    9    6    1
    3    3   10   11    9
   12   21   10   12    9
   18   18   10    7    8
   21    7    1    2    1
    6   14    4   10    1
   18    4   11    2    1
    2   30    4    4    9
   12   13   11    2    7
   13   17    1   11    8
   13   21   10    9    1
   28   24    3    4    1
   24   23    2    3    6
   30   22   10   10    7
    1   10    8    8    1
    7   15    4   12    7
   11   17   11    4    7
   17   18   11    3    6
    8   21   11    5    1
   14   28    1   12    1
   11    3    2    9    1
   28   12    7    6    1
    2   14    3    1    7
    5   16    9    6    1
    8    6   12    8    1
    7   17    7    8    5
    3   18    9   10    1
   27   26   12   12    7
   23   30    2    8    3
   20   26    2    1    4
   16   16   12    9    1
   26    9    3    4    6
    6   28    8    2    4
   22   23    9    1    3
    6   24    8    6    1
   14   13    1    6    7
   26   21    1   11    1
   21   14    5    4    8
   15   20    5   11    8
   11    6   12    4    6
   18   29   10    8    5
   20   18    8    6    5
   20    9    4    5    7
    6   17    8    8    7
    6    3   11    7    4
   11   30    4    4    9
   26   11    8    8    2
   13   26    7    9    7
    7    7    2   11    7
   29   16   11    8    7
    8   17   12    1    7
   30   25   11   11    5
    7   18    4    1    7
   20    1   10   10    9
    6   23   11    8    3
   22   24    5    1    1
   13   30    5    3    5
   27   19   11    5    6
   19   12   12    2    3
   13   11    5    1    3
   27    3    5    4    1
   15    1    5    9    1
   28   13    6   11    2
   12    6    2    7    6
   23   19    1   12    1
   26    6    8   10    1
    6    6   12    2    9
    1   24    7    8    1
   24   13   12   10    2
    3   20    2    3    1
   24   11    1    6    2
   25   18   11    7    1
   26   26    9    5    6
   17   24    3    2    6
   29    9    7    7    1
   23   15    6    8    7
   22    8    8    9    1
    6   30    1    6    5
   30   17    7    6    7
    6   25    2    7    1
    2   12    7    3    7
    7    3   10   11    6
   25    5    8    7    5
   13   16    4   10    5
   11   11    5    3    4
   22    4   11    5    4
   11   28    4   11    3
    3   19    4    3    6
   25   19    7    9    8
    2   22    7    4    8
   29   21    8    5    1
   10    7    6    1    1
    4   20    7    7    1
   30    9    5    3    3
    2   29    1    2    3
   13   19    7    1    7
   29    4    5   12    1
   11   10   11    6    1
   10   19    7    7    4
   29   26    8    3    4
    8   10    8   12    4
   14   23    9   11    6
   14   27    3   12    5
    5   23   11    7    4
   19    2    4    9    7
    2   10   12    7    7
   24   19    7   10    1
    4   27    3    4    1
   25   14   10    6    7
   26   15    3    9    8
   13   15    7   10    1
   30   19    1   12    7
   11   16    4    3    6
    7    8    1    7    6
   27   13    6   11    7
    5    7   11   11    1
   21   19    9    6    2
   11   25    1    7    1
   16   24    6   11    1
   10   21    5    9    1
   27   29    4    8    1
   10   18   11    1    7
   23   17    6    5    7
    9   11    4   12    1
    1    6    6   10    3
    3    8   12    4    1
   21   21    4    2    7
   13    3    3   12    7
   18    8    8   12    1
    4   12   10    9    8
   12   16    5    4    1
   28   15   11    9    1
   11    8    9    6    1
    9    9    1    9    8
   25   13    3   11    4
   24   15    9    9    1
   20    6    5    7    1
    5    1    7    1    1
   18    1    8    7    1
   10   12    1    7    2
   10    6   10    5    1
   10    3    5    3    1
   18   15   11   11    4
   29   19   10    3    7
    7   29   10    2    4
   15    5    8    1    2
   19   14   10    8    7
   20   30   11   10    7
   23   21   11    5    1
   12   26    1    4    3
    7   24   12    1    1
   29   29    2    8    7
   18   19    1    6    3
   21   20    9    6    8
   17   27    9    5    6
   20   13    7    1    1
   13    6   12    5    1
   28   16    1    9    1
   25   23    2   11    1
   14   20    8    5    1
    9   14   11    9    2
   14   22    4   11    1
   29    8    8   10    1
    9    4    6    2    1
   27   24    5    7    1
   18   14    5    5    1
   18   26    7    1    2
    1   11   10    1    2
   19    9    2   11    2
    6   15    1   12    1
    3   12    7    6    1
   20   17    6   12    1
    4   25    6   10    1
   16   17    4    5    1
   21    1    6   10    4
    1   14    7    2    1
   28    3    8    4    1
   26   22    8    5    1
   26    4   12    7    1
   13   10    3    3    1
   22   10   11    9    1
   16    8    9    1    2
   22   16    9    4    1
    9   23    5    9    4
   25   24    3    6    5
   30   16    9    5    2
   21   30    5   12    1
   30    4   12   10    1
   15    3    9    5    6
   22   11    6    2    1
   23   11    2    9    1
    7   11    1   10    1
    9    7    7   12    1
   27   27    9   12    1
   17    5    4    2    1
   28   19    8    6    1
   20   23    8    1    1
   27   25    8   11    1
    8    5    6   12    1
    1   13    4    6    1
   22   20    3    5    1
    9   27    9    1    6
    4    1    5   12    2
    1   27    1    4    1
   14   16   11    5    5
    4   13    8    7    5
   26   28    5    4    3
   13    5    7    1    1
    4    6    6    6    1
    2   28    4    7    1
   25   28    5    4    1
    3    1    5    6    7
   15   19    2    4    1
    6   16    4    1    1
   11   27   11   11    1
    1   30    6    5    1
   13   22    7    5    1
   28   17   11    6    1
   23   16   12   10    1
   28   20   11    2    1
    7   26   12    7    1
   22   17    1    6    1
   12   12    6   12    1
   24    9   10    6    1
    7   14   12   10    1
   15   17    9    1    2
    8   20    8    1    1
   29    6    7   12    1
   14    5    7    4    1
   27    6   12    3    1
   20   25    3    1    7
   19   19    5    8    7
   26   17   12    2    7
   14   12    2    6    7
   15   25    7    3    2
    9   21    2    4    1
   12   15    8    5    1
   28   21    6    5    5
   18   22    8    6    1
   26   25    5    4    1
   12   23    6    7    1
   21   22    1    2    1
    2   18    4    8    1
    7   27    9   11    1
   12    8    3    2    1
   23   23    2    4    1
   24   26   12    8    7
    5   11   12    9    6
   14   29    7    3    1
    5    3    9    9    1
    3   30    7   10    1
    4   11    6    1    1
   13   13    4    3    9
   29   25    1    4    1
   15   10    5    5    1
   28   30    5    1    1
    7   12    2    5    1
   21   16    3    3    1
   28    1   11   12    1
   14   30    7    3    1
   12   30    5   11    3
   10   28   11    7    2
   25   25    7   10    7
   18   11   11    1    1
    4    8    1   11    1
    8   19    6    4    1
   10   30    7    9    7
   17    2    1   12    7
    8    9    7    4    5
   23   27    6    5    1
   16    3    5    1    7
   14   26    7   10    1
   26   16    9    6    1
   21    2    5   10    7
   24   21    4    6    7
   23    8    3    5    6
    1    7    3    8    5
    4   10    9    5    3
   30    5   10    8    1
   14   14    1    9    8
   20    7    4    2    1
    6   22    2    2    1
   26   23   11   10    1
    6   19   11   11    1
    1    1    2   12    1
   24   24    2    9    1
   20   16    7    6    1
    8   25    8    5    1
   24    2    1    4    1
   22   29   10   12    1
   17   29    8    6    1
   30   27    4    5    7
    8   13    4    5    7
    3   24    8    2    4
    9   17    1   12    4
    4    2    4    1    6
   22   28    4    5    4
    1    2    8   12    8
   29   28    8    4    1
   27   28   12    3    1
   14   15   10    7    4
   12    9    4   10    1
    2    6    6    9    8
   16   19   10    7    1
    7   28    5    3    1
   17   10    7   11    1
   20   11    9    9    1
   20   24    9    6    1
   21   25    8   10    5
   23    4    2    2    1
    8    1   10    3    1
   28   18    6    7    1
   16   18    1    9    1
    2    9    9    7    1
    2    8    7    4    1
   21   15    8   10    1
   22   22    9    7    1
    3   26    1    8    1
    3   22   12    6    1
    9    3    7    7    1
   18    6    2    6    1
    7    6    8    6    1
    3   23    7    3    1
    5    9   10   12    1
   24   29    3    1    1
   20   12   12   11    1
   23   10    4    3    1
   22   19   12    8    1
   12   29   11    9    1
    1   17    1    2    7
   23   28    5    7    7
   10   20    4    1    1
   27    2   11    1    6
   18    9    5    4    7
   26    2    3    4    1
   12   27    2    3    1
   12   24    2    7    1
   12    1   11   10    5
   25    7    1    7    1
   25    2    7   10    1
   24   18    4    7    1
    1   25    4   10    1
   24    4    5   10    1
    5   27    2    9    1
   21    3    4    1    2
   25   16    2    6    1
    7   13    3    6    1
    2   13    7   11    1
   19   17   11   10    1
   25   22   10    7    1
   23    2    5   10    1
   15    2    8   12    1
   16   15   11    5    1
    5    4    6   12    1
   18   30    9    9    9
   19    5    3    2    1
   27    8   12    4    1
   13   18    4   11    1
   21   11    9   12    6
   18   23    1    2    1
   27   20    8    5    1
   10   29    5    1    4
   11   15    7    7    6
    9   22   11   10    1
   17   12    6    4    1
    5   12    9   10    1
   28    9    1   12    1
   27   18   12    9    5
   22   12    2    5    1
   30   24   10    3    1
    3   17    3    4    1
    9   10    6   10    5
   29   13    7    6    1
    8    8   12    1    1
   29   23    3    5    2
   22   27    6    5    1
   13   23    4    2    1
    2    3    4   10    1
   26    1    8   11    1
    3   14    9   11    1
    1   16    2    5    1
    5   22   11    1    1
   11   19    3    8    1
    1    9    2    7    1
    4   28    7    8    1
    8   15    6    3    1
   10   25    1    9    1
   20   29    5    1    4
    1   29    5    2    1
   11   12    9   10    1
