   23    1    2   11    1
   25   15   11   11    6
    7   29    4    9    1
   11   16    2    9    5
   17    6   11   12    6
   24   14    2    4    2
   22   25   11    7    1
   29   15   10   10    6
    5   24    6   10    6
    7   15   11    9    1
   14   26    7    7    7
    9    8    1    1    1
   15    6    3    9    5
    5   29    4    8    3
   22   24    2    9    8
   22   28   10    8    1
   10    9    4    2    6
    4    2    5    5    7
   30   18    6    2    8
   21   30   11    7    3
   13    3   11    5    6
   18   17    6   10    9
    9    2   11    4    1
   24   24    8   10    9
   17    2   11   11    6
   30   26    8    1    2
    3    3    7   12    9
   24   20    3    4    4
   16   19    2    4    1
   23   27    2    9    1
    6   30   11    8    1
   11   24    3   11    1
   19   13    4   12    6
   26    9    5    2    2
    4    7    8    2    2
   29   14   11   12    4
    3    4   10   10    7
    9   20   11    5    1
    5   19    6    1    2
   22   12    4    6    4
   17   12    8    4    4
   14   11    4    1    2
   21   11    3   11    6
   26   24    7   11    4
    2   16    6   11    3
   16   17   12    9    2
   11    6    9    3    4
   10   19    7    3    1
   23   14    2   12    1
   11   11    1   12    9
   19   17    9   11    7
   26   20    4    8    6
    4   10    1    7    5
   11   12    6    7    9
   18   13    9    1    4
   15   15    2    3    9
   10    7   10    3    5
    3   21    5    2    2
   18   14    8    1    8
   12   21   11    3    9
    5    5   12    1    9
   10   25    5    2    8
   15    2    3    4    2
    5    9    3    4    1
   30    5   11    1    7
   23   22    2    8    1
   10   27    2    7    5
   16   12    1   11    1
   21   21    1   11    9
    3    8    1    6    8
   22    8    3    8    7
    1   30    7   10    6
   19   25   11    4    1
    3   23   12    3    1
    9   23   12    6    8
    4   19   12    4    8
    3   25   10    7    3
   12    6   10    1    9
   21   16   11    9    1
   23   20    7    8    9
    9    1    4    3    3
   25   17    7    4    5
   17   21    3   10    6
    7   14    6    4    3
   28   16    2   11    6
   17    4    8   11    7
    3   12    8    2    1
   24   16    5    6    1
   23    2    6   12    1
    5   13   11   12    5
   12   10    6    6    9
   29   18    8    2    2
   13   23   10    5    1
   20   12   12    3    1
    3   27    3    7    3
   28   12    1    9    6
   26    3   12    1    2
   26    5    4    5    4
   30   12    5   11    9
   24   29    3   11    2
   19   24    4   11    2
    3   22    5    5    2
    8   30    1    5    8
   28   10    6   11    5
    9    9   11    6    9
   12   26    8    2    5
    5   25    4    4    4
   28   19   12    4    6
    7    6   12    6    4
    2   12    3    6    9
   27    1    1   11    9
   30   15    7    3    8
   23   26    5   12    7
   29    3    5    1    1
   16    4    4    1    9
   28   26    6   10    2
   11    7    2    7    1
    5   18    4    3    8
   28    7   10    3    2
   14   13    8    3    2
   20   20    4   11    9
   15   24    8   11    2
    8   27   12    5    9
   10   10    2    3    6
    8    8    7   10    9
   19   22    2    2    8
   25    6    9    4    6
   22   15    2   10    6
    3   18    6    1    8
   20    6    7    5    1
   14    2    9   10    9
   19   26    6   11    7
   10   14    5    5    5
   30   11    3   10    4
    4   28    3    4    3
   17   24    4    1    3
   21    8   10   10    3
   30   20    6    4    2
    8   15   12    2    4
   22    1    9    7    4
    5   11    8    1    4
    6   24    9   11    1
   14   25    6   12    9
   25    4   10    1    3
    5   22    5    7    9
    6   21    1    2    9
   11   25   10    5    1
    7    2    6   10    7
   25   20    4    2    9
   20    4    9   11    7
   21    2    7   10    9
   12   23    2    6    8
   23   19    4    1    9
    2   27    6    8    3
   14    1    5    9    8
   17    5    2    3    2
   28    3    3    1    6
   29   29   10   12    6
   27   16    7    8    4
   16   23    8    4    3
   28   27    5    3    2
   30   28    1    8    1
    6   23    1    5    6
   13   15    8    3    4
   21   23    6   12    9
   23    8   10    1    1
   26   29   11    2    9
   27   11    1    1    6
   27   13    4    8    6
   10   18    9    2    2
   25    1    7    6    4
    9   27   11   10    9
    1   12    2   11    7
   10   13    5   11    2
    9   12    2   11    1
    7   17   11    6    1
    1   21    4    3    3
   18   27    9    2    3
   18    7   12   10    1
   12   15    5    1    6
    4   22    6    2    2
   29    1    6   12    7
   29   25    4    3    5
   19    9    2    6    1
   19    2    5    9    7
   15   21    9    1    6
   25   12    4    7    1
    1    1    2    3    6
   27   29   11   11    1
    1   16    3   11    1
   20   18   10   10    1
   20    5    3   12    1
   27   24    9    5    9
   16   25   12    7    1
    9   25    7    1    1
    7   24    2    3    6
   21   19    9    2    6
   30   10    2   11    6
   13    7    7    2    1
    9   16    2    9    1
   28    5    3    6    7
   28   28    5    7    5
   16   15    7   10    1
   20   19    3    7    1
    1    2    7   10    1
    3   11    7   12    6
    6   18   12   10    6
   30    9    1    9    1
   20   17    8    7    7
    8   28    5    6    7
   26   15    5    4    8
    8   24    8    6    6
   24   30    8    4    1
   23   30   12   10    9
   26   18    4    7    8
    4   29   10    2    4
    1   28    4    6    5
   18   15    8    5    9
   22   17    6   11    8
   29   23    9    3    6
   11   29    7    6    3
   20   21    3   12    7
   28   18    3    5    7
   17    9    4    4    1
   23   24   11    8    1
   30   30   12    1    7
    5    1   11   10    4
   23   15   11    3    1
    4   18   11    8    9
   21   24    2   12    6
   28   15    1    5    1
   22    2   12    4    1
   29    9    6   10    1
    7    3    8   11    6
    1   15    5    7    6
    5   12   10    5    4
    4    5    9    1    4
    1    4    2    8    8
   29   28   10    4    4
    6    1    8    4    2
   16   30    6    9    2
   27   27    3    4    4
   13   13    1   10    5
   19   19   12    5    9
   28   11   11    5    1
   28   20   10    3    1
    8   13    6   10    6
    2   13   10    7    5
   16    3    9   10    1
   21   10    1    9    1
   16   13    4    2    9
   27   30    1    8    2
   28    2   10    4    1
   14   14    6    9    9
    2   26    4    4    9
    1    7    2    7    4
   20   13    9    9    9
   30    7    2    7    4
   10   17    6   10    4
    9    4    8    9    1
   14    4    5    1    7
    3    1   11   10    1
    5    8    6    6    7
   29   22   11    4    5
   20   22   12   10    3
   18    2   11   10    7
    4   11    2    1    6
   28   24    8   12    3
    1   13    2    5    4
   18   12   11    6    1
   24    2    4    8    1
    6   27    8    7    1
   13   25    4    8    1
   30   13    9    1    1
   24   13    4    8    1
    9   15    8    7    9
   21    5    5   12    2
    4    6    6    3    7
   22   21    7   10    3
   24    4    5    2    1
   25   23    5    4    6
   12   29   10   10    2
   20    7    8   10    1
   30   14    3    7    6
   19   11    5    6    9
   26   11    4    7    9
   17    8    2   12    6
   23   23   11    7    1
   14    9    6   11    1
   10   29   11    4    9
    3    5   11    9    8
   27    5    5    1    4
   28    9    6   12    2
   11    8    7    1    8
    5   23    4    1    4
   18    8    6    1    4
    3   20   10    3    1
   19    6    1    8    1
   10    8    1    4    1
   14   15    8    3    2
   15    4   12    8    1
    1   11    1    5    9
    8   12    6    2    6
   26   13    5    3    3
   18   24   12   10    6
    7    8    5   12    8
   25   30    8    7    2
   25   25    3    1    4
    8    1    2    7    6
    2   11    2    1    4
   10   16    9    4    1
    5    2    6   10    2
   22   26    7    3    1
    6   14    1    7    9
   27   19   11    7    6
   14   22    7    1    6
   20    1    2   11    9
   21   18    4   10    7
    7   22    3    3    9
   14   20   10   11    9
    6    2    1   10    9
   13   29   11    6    8
   22   10    6    2    7
   26    6   11   12    1
   17   30   12    8    1
   20    2    2   12    4
   10    1   12    6    6
   18   11    3    7    6
    3   17    8    6    1
   29   30    1   10    1
   21   27   12    1    5
    2    8    8   11    1
   14    5   10   11    1
   12   27   12    1    1
   21   26   12    2    6
   25    7   12    8    2
    7   16    8    1    2
   24   10    4    3    1
   20   29    3    3    5
   24   25    4    4    1
    5    6   10    5    6
    7   19    2   10    1
   14   21   12   10    9
   11   10    9    3    6
   30   19    7    9    6
   26   26    5   10    5
    9   18    7    5    5
    7    5    4   10    7
   16   20    4   11    1
    7   12   12    9    7
    2   30    1    1    9
   22   30    8   12    6
   11   17    2    8    9
   23   17    8    1    4
    9    3    6    5    3
    7   27    1    4    6
   23   28   11    2    6
    1   24    1   12    6
   13   28    9    8    1
    9   24    8    9    5
   23   11   10   10    1
   28   25    7    1    2
    2   29    7   11    8
   26    4    8   11    3
   21   25    2    2    2
   11   15    9   12    1
   16   16    5    3    8
   25   26    1    5    8
   26    1   11    7    4
    3    6    3    7    1
    6   22   11   12    1
   15    3    8    9    2
    4   13    7    7    1
   20    8    9    2    1
    9    6    6    8    1
   23    4    4   11    9
    3   24   11   11    6
    5   10   11    1    8
    3   14    1    5    6
   13   12    7    8    5
    7   26    5    9    4
   27   26    8    3    9
   18   23    4    9    9
   22   18    3    9    6
   26   17    7    3    7
   28   21    5   10    6
    7   23    4    8    4
    4   27    5   10    4
    2    2    8   11    9
    2    3    2    5    4
    9    7    4    2    1
   17   13   12    7    1
   15   10    8    4    8
   25    8    7    9    7
   14    8    1   11    3
   17   17    4    6    9
   27   14    7    8    8
    4    4    6    7    8
   16    6    4    3    4
   16    5    7    8    4
   18   19    2    9    3
   19   14    5   12    7
   29   21    9    4    1
   13   22    5   11    1
    8    6    2   12    4
   28    6    9    2    3
   15    5    8    9    6
   27   22   11   12    5
   12   12   11    7    9
   17   28    1   12    7
   26   16    1    5    4
   29   17   10    6    2
   21   13    9    6    1
   29    6    2    9    1
   15   20   10    1    2
   22   22    1    3    6
   22   11    1    2    1
    6    6    8   11    9
   17    1    1    7    6
    8   26    5   11    4
   10   23   10    2    2
   10    3   11    5    6
   10   26    6    7    1
   25   27    8    4    4
    6   10    6    2    1
   18   25    8    1    9
   30    3    4    3    6
   17   14   10    8    9
    8    4    8    1    9
   13    9   12    8    1
   22    9    8    9    3
   21    7    5   12    4
   27   20   11    7    1
   29   19    1   10    2
   29    8    1    9    1
   15   27    8    9    1
   16    8    7    8    4
   27   17   12    1    4
    8   19   10   12    6
   15   19   12    9    7
   25    2   12   11    4
   16   22    2    1    1
    4   12    1   12    1
   18   16    2    7    1
   24   12    2    4    2
   14   12   12   11    8
   14   16    4    6    3
    3   19   12    8    1
   10    2    6   10    4
    4   21    8    9    6
   19    1    6   12    6
   20   10    3   11    9
   13    6    8    4    4
   17   15    5    1    9
    9   11    2    1    4
    7    7    2   12    8
    9   21    9    5    2
   28   14    8    2    1
   12   19    9    8    3
    4   30    7    8    6
   18   18   11    3    6
   20   11    5    9    1
   11   13    2    2    1
   18    1    1   10    9
   29   16    7   12    6
