   23   24   12    3    4
   27   22    4    4    3
   27    2    2    7    5
   11    9    1    1    5
   30   11   10    2    8
   21    2    6    9    8
   25   20    5    6    4
    4   25    5    8    3
   14    9    5    1    3
   14    4    1    2    8
   19    7    8    6    7
   29    6    9    4    1
    4   23   12   11    1
   20   23    3    1    4
   13   23    7   11    1
    2    9    4    8    7
   30   23    5    3    7
   18   13    2    5    5
   17   14   12   11    6
    1    8    5   11    9
   26   28    2    3    8
    8   16   10    4    5
   26   21    1    9    2
    9    4    3   10    2
   26    3   12    4    4
   19    1    2    3    3
   28   12   11    6    3
    6   15    3   10    2
    3    8    3    2    7
    1   30    8    5    8
    3   29    5    4    7
   12   13   12    3    1
    4   29   12    5    1
   30    2    5    9    8
   21   16    7    7    4
   12    4   12    3    4
   19   16   10   12    6
    2    7    8    2    5
   24   12    6    9    2
   23    7    6   10    7
   23   21    8    3    3
   28   10    5   12    7
   11   16    1   10    8
   10    4   12    4    5
    5   13    9    7    2
   23   18   10   10    2
   22   25    7   10    3
   28   20   12    4    3
   11   26    4    8    3
   17   24   10   12    6
   24    4    6    1    4
   23   22    5    4    4
   17    5    2   12    3
   19   25    6    2    3
    1    6   11    6    1
   24    3    5    5    1
   19   23    1   11    1
    7   11   11   10    1
   25   25   12    6    9
   15    8   11    6    7
   18   18    3   12    5
   13   19    3   11    3
    3   17    9    2    3
    5   14    1    6    4
   12   27    3    6    2
   24    7    8    5    7
   20   24    3    2    4
   28    1    8    9    1
    3   13    7   12    4
    8   19    9    6    4
    8   25    5    1    4
   24    9    6    9    7
   21   24   11    6    2
   21    4    4   10    8
   14    2    8    9    9
   14   14    2   11    9
   11    4   10    3    8
   11   29   11    5    2
   11    8    3    4    1
    7   16    5    7    3
   30   10    7    7    6
   29    9    6   10    3
   13   10    1   11    2
   14   18    3    9    2
    9   30    4    8    1
   21   17    9    2    1
    2   29   10    1    5
   16   15    8    7    6
   27   15   11   10    6
   17   25    3   11    4
   29   23    1   12    4
   11   12    4    1    7
   28   28    9    5    7
   25    6    7    8    1
    5    3   12   10    8
   26   17    3    6    3
    7   30    8    9    6
   21    7    9    5    4
    6   28   11   11    5
   11   22    7    3    7
   13   17   10    2    5
   20   14    7   10    5
   20   15    9    7    4
   12   30    3    3    2
   25    3   11    5    6
    7   15    8    6    6
    2    6    8   11    2
   16   22   11    7    1
    6    6    6    2    9
   21   29    6    3    6
   18   20    2    7    6
   29   25    9   10    7
   10    3    9   10    8
   15   13    6    7    7
   20   11    8    6    4
    2    2    5    9    9
   29   12    2    3    2
   24   11    8    8    2
    4   16   12   10    6
    6    5   10   10    1
    9    5   10    2    5
    8    9    7   12    6
   12   14    2   12    2
    4   26   11    8    2
    7    9    7    7    3
   16   25   11    5    2
   15   15    1   12    6
   28   17   11    9    2
   10    7   10   12    2
    2   24   11   11    2
    9   13    4   11    3
   19   19    6   10    5
   25   26    4    1    7
    6   11    2    7    2
    6   16    8    8    1
   25   21    9    6    3
   10   17    4    2    3
    5    5    8    9    6
    3   14    1    4    7
    4   22    5    5    5
   18    7    3    3    4
   24   22    1    9    1
    7   26    4    6    3
   12   17    7   10    2
   16   13    1    9    5
   24   14   11    1    2
    7    1    3    6    4
   20   29    5    7    8
   30    6   11   10    1
    4    1    5    6    7
   22   22    3    5    8
   14   11    5    2    9
   19    5    5   11    6
   19   14    5    1    8
    8   20    8    4    4
   25    2    1   10    7
    4    4    2    7    5
   11   13    3    5    3
    7   25    8    3    2
    6   19    7   10    1
   12   12    6    8    6
    5   29    4   11    4
   22    8    2    8    7
    9    9    4   11    8
   24   16   11    6    5
   18   17   11   10    4
    5   15    8    6    8
    8    5    8    9    8
    2   15    3   12    8
   16   10   10    6    7
   15   22    7    7    6
   17   16    6    1    7
   15   10    6    4    4
   22    1    6    6    7
    8    2    1    2    9
    7   12   11   10    6
   11   15    9    1    7
   26    5    9   12    3
    7   28    4    6    9
    2   28    9   12    6
   11   25    1    2    6
   20   19    9    6    2
   22   18   12    4    2
   13    2    6    8    6
   29   22    1    2    3
   17    2    4    3    8
   30   24    9    7    1
    5   20    4    1    2
    5   23    1    2    1
   15   14    6    1    4
   16   29    1   11    3
    8   10   12    7    2
   18   24    9    4    5
   29    8    7   12    1
   12    6   11    5    8
   26   27    4    6    7
    4   27   11   10    4
   21   12   10    3    8
   30   22    8    7    6
    1   26    4    2    4
   26   10    9   10    4
   15   30    1    6    2
   24    8    5   11    4
    7   20    7    7    1
   27   27    6    5    7
   28    9    2    4    6
   23   28    3    4    2
   27   17   10   11    6
    3    1    4    8    6
   14   26   11   12    7
   25   12    8    1    3
    1   10   12    6    3
   11   11   12    2    3
    8    7    6    2    6
   12    5    6   12    7
   10   10    7    9    4
    8   17   12    1    4
   23   15    8    5    9
   16   14    6    1    7
   10    6    9    2    4
   28   22    7    6    3
   18   21    7    9    2
    6   22    1    8    2
    8   27    7    3    1
   18   16   10    7    5
   21   21    1    5    9
    1   15    4   11    7
   17   23   11    1    6
   15   12    9    5    7
   23    1   12    2    3
   19   26   11   11    3
   30   30   11    7    4
   19   12    3    3    5
   30   27   10    8    4
   24   15    5    4    1
    3    3   11    5    8
    2   26   11   12    6
   22   10   12    9    7
   16   12    5    4    5
    1    9    8   10    7
    1   11   12    1    7
    7   22    9    7    8
    1   17    9   11    5
   26   12   11    9    3
   28   21    9    3    3
   20   26    2   11    8
   27   24    6   10    4
    2   10   11    3    4
   21   13    5    7    4
   14   27    8    1    3
    3    9    2   10    2
    2   22    4    3    2
    8   12   12    2    1
   30   16    6   12    8
   21   19    1   10    6
    1   14    2   12    3
   17    7   11    8    3
   22   12   11    6    1
    8    8    9   10    7
   29   13   10    8    3
   19   18   12    9    6
    6   13    4    6    1
   10    5    2    2    6
   19   10    8    4    2
   28   16   10    8    2
   16    2   10    4    2
   23   10    7    1    2
    4    2   10    2    7
   29   18    9    6    6
    2   23    2    8    5
   14   30    6    1    8
   22    9    3    5    7
   30   20   12    4    9
   20   20   10    4    9
   21   27   10    2    6
   25   13    2    2    4
   25    1    7   10    3
   25    9    1    4    3
   17   29    8    5    3
    4   13   10   11    3
   20   17    6    9    3
   27    1   12   11    2
    4    7   10    2    6
    4   15    7    1    4
   13   20   11    5    3
   16   16    9    5    1
   20   16   11    3    7
   27    7   10    7    6
   27   28   10   11    8
    6   20    1    7    5
    9   15    3    4    4
    1    1    6    7    7
   11    5    5    1    7
   25   23   11   11    1
   24   19   12   12    4
   29   28    4    6    2
   16    9    9   11    1
   10   14    4    8    4
   12   20    3    7    3
   20   10    5    7    3
   24   24   11    5    8
   27   20   12   10    6
   13   24   11   12    4
   12    9    9    1    3
   30   21    1   10    7
    8   18    8   11    4
   23   26    1    9    7
   17   15   11    5    4
   28   25    9    7    2
    1   16    2   12    3
   15   26    9    7    4
    3    6   12    6    2
   26    9    1    5    3
   20   21    9    6    3
   15   19    2    7    2
    1    2    4    2    6
   28   30    8    3    4
    6   14   11    6    3
   23   23   12   10    2
   18   26    9    8    8
   20    1    7    2    2
   16    5    7    4    6
   21    3   12    7    4
    5   18   12    8    3
    8    6    8   12    1
   20    4    5    8    3
    1   24    9    2    6
    6   17   10   12    7
    3   16   11    8    7
    8    4   10    9    4
    4   17   11    2    6
    9   20    3    6    6
   27   18   11    7    7
   27   29    8    2    6
   17   17    8   10    4
   18    3    7    3    3
    1   13   11   11    2
    6   27   10   11    7
    3   23    2    8    4
   21    8   10    7    3
   23   11    6   11    6
   28   19    9    1    3
   14    8   12    4    2
   11   21    4   12    8
    9   27    9    7    7
   12   18    6    1    8
   24   29   12    4    9
    1   29    2    6    4
   10    9   12    4    2
   25   14    9    5    2
   26   16    2    7    2
    5    7   10   10    1
   12    1    5    7    1
   24   10   12    3    1
   27    3   11    7    4
   25   15    5    6    3
   13    8   11    6    2
   23   27    8   12    6
   30   25    8    4    7
   24   26    8   10    2
   27   25   12    6    1
   18    4    6    7    6
    7    6   10   10    1
   19   17    6    9    8
   22   14    7    8    4
   11   17    3    4    3
    8   23    7   10    2
   10   21    5    3    1
   27   16    3    1    3
    5   22    5   11    4
   13   26    3    4    4
   12   23    3    5    3
   30    5    7    7    3
    5   25    4    4    2
   14    7   10    4    2
   21   14    4   10    4
   28   18    7    8    2
   14   28    9    4    4
   23    6    6    4    6
   21   15    2    4    6
   18   30    3    1    2
    2   12    4    9    7
    9   21    8   10    2
    6   24    7    7    3
   13   13    6   11    7
   13   28   11    8    1
   19   30    9    3    7
   20   22    1    4    3
   23   16    7   12    2
   29   19    2    1    8
    2   18   10    9    2
   26    8    4    5    6
    3   15    5   11    7
   11    2    9    3    3
   25   18    5    2    6
    5   28    6    9    6
   22    3   10    3    6
   24    5    9    3    5
    9    6    2    3    1
   19   22   10    2    1
   26   26   12    3    8
   25   24    9    7    2
   18   15    4    2    6
   28   24    9    5    6
    3    2    4    9    4
   11   19    7    4    3
   17    9    4    4    2
    4    5    4    4    8
   19   27    9    9    6
   10   12    1    8    4
   19    9   10    8    4
   11   27    5   10    3
    5   21    1   11    3
    3   12    9    8    3
   26    6    3   12    6
   22   17    4    9    2
    6    4   12   10    4
   26   29   12    1    3
    8   30    7    5    1
   11   10    6    2    6
    7   13    4    3    4
    7    7    4   12    7
   30    4    6   12    3
   27    5   10   10    2
    3   11    8    1    2
   25   10    2    7    2
   28    4   10    6    2
   23   14   12    9    7
   20    3   10    4    6
   19    4    5    3    4
   29   30    8    6    1
    1   18    5    6    1
   21    1   11    8    2
   15   29    2    2    1
   19    2    6    2    3
   18    9    8   12    8
   20    2    4   10    6
   27   13    6   12    4
   19    3    3    3    3
   23    9   11    1    1
   10   27    5   10    2
    7   29    6    2    3
   29   29   12    8    9
   13   22    7    7    6
   17   30   10   11    7
   30    3    1   11    2
   11   18    8   11    2
   30   13    7    2    2
   15   28   11    7    7
    3   28   11    9    4
   10   18    1    6    5
   28    8   11    8    5
   28   11    7    8    6
   21    6    9    1    9
   22   26   11   11    3
    1    5    9   12    2
    4    3    5   11    8
    5    2   11   11    2
   14   13   12    9    4
   10   29   11    7    2
   21   22    2    7    1
    3    7    9    8    5
   30   26    5    9    8
   14   29   11    8    6
    6   18   10    2    3
