    9   21    2    9    2
   18   27   10    7    7
    9   22    4    5    4
   26   21    2    3    7
   18   12    7    1    6
   22   29    4    4    4
   28   14    7    4    2
   24   25    8    7    2
   23    1    8    8    2
    7   26    8    1    1
   23   18    8   12    3
   18    5    7    9    2
   24    5   11    4    8
   29   29    5    3    8
   16   29    8   12    8
   14   26   12    6    7
   16   16    5    1    9
   22    6    9    9    9
   24   14    8    5    5
   18   26    3    8    4
    5   12    6    1    3
   19   24    5   12    8
   17   19   12    9    8
   24    1    7    2    7
    1    2    5   12    7
   21   17    1   12    3
    9    2    2    4    3
   21    3   11    2    2
    1    3    6    4    9
    2   11    7    3    7
   17   13    1    3    4
   17   28   10    4    2
    1   15    3   10    2
    3   20    7   10    2
   30   30    8    1    9
   23   19    4    4    3
   11   30    4    7    2
    8    2    3    5    7
   14   14    4    7    7
   29    4    7    1    4
   29    5    7   12    2
   21   30    1    2    9
   25    7   11   11    3
   19    5    7    4    9
   20   13    6    9    8
    7    2    8    1    3
    9    5    7    2    9
    3    2    7    6    3
   12   29    3    6    2
   23   14    4    4    9
   21    2    9    2    7
   26   15    4   12    4
   20   18   10   12    9
    7   30    5    3    2
   23    3    3   10    1
    1   20    4   10    6
    4    9   12    2    8
   18    8   12    5    8
   21   28   12    4    1
   25   21   11    1    8
   22   15    2    5    4
   10    4   11    2    8
   28   28    2    8    7
    1    4   10    9    8
   29   10    8   12    6
   11   26    1    2    1
   12    6    4    1    8
    8   24    2   10    8
   20   16    8    3    3
    6    7    6   10    7
   27   27   10   11    9
   26   20    4    1    9
   21   20    8    8    7
   11    7   11    5    9
   16   13   11    9    9
   17   11   12   10    8
    6   19    7   11    1
   27   30   10   10    3
   12   14    2    5    3
    5   25    2    6    3
   23   12   12    7    9
   17   24   12   10    2
   11    8    2    5    7
   29   19    1    4    4
    1   19    2    4    4
   13   15    5    6    3
   11   10    5    6    3
   23   23    8   10    8
   16   22    1   11    6
   23   26   11    5    2
    4    8    6    7    8
   11   18    9    6    3
    5   27    5   10    2
   24   24    2   11    8
   14    7    6    2    2
   16    6    7   10    8
    4   15    8    8    3
   25   15    9    8    3
   21   13    5    6    7
    6   27   11    6    2
   17    7    9   12    2
   11   21    2    7    6
   26   10   12    1    7
   24   23    1   11    3
   11   13    4    2    8
   28   11    6    3    2
   10    5    1    6    8
   18   15    7    8    3
   17    4   11    3    9
   16    3   10   10    4
   25   17    5    6    4
    8    3    3   11    3
   25   19    5   10    2
    6    6    5    1    8
   30   28    1    3    2
    6   29    1   10    2
    9    3    8    3    7
   27    4    4    3    8
   13   14    6    8    8
   18   14    2    3    4
   30    8    2    4    1
    3   14    1    8    4
    7   16   10   10    1
   13   30   11   12    1
   23   11    6   12    1
    1   27    2    5    3
   11   12    9    9    4
   19   26   10    4    4
    4   26    8    9    4
   19   13    5    3    3
   24    3    8   12    6
   26   16   10    6    4
   22    7    9   11    3
    7    4   12   12    8
   12   13    3   11    7
    1   21    6    1    6
    8    6   12    3    4
   26   29    4    2    3
    2   17    1    1    3
   12    9    6    1    2
   24   10    5    1    1
    3    3    6   11    8
    4   20    2    6    9
    6   26    6    4    3
   16   21   12    1    2
    4   18    5    5    2
   24   26    8    9    5
   30    3    4    5    2
    2    2    8    6    9
   20   14    7    5    9
   20    9    5    5    4
   30   20   12   10    6
   26   26    8    9    6
   30    1    9    7    7
    9   27   11    9    8
   22   24    1    7    9
    2   23    3    1    3
   13    7   11    2    3
    6   28    4    2    2
   12   24    3   10    9
    4   12    7    6    4
   18   13    4   10    2
    3   18    1   10    7
   28   27    1   11    8
   23   15   10   11    8
    8   12    4   11    7
    9   11   12    7    2
   24   18    1    9    3
   26    8    4    7    6
    5   28   12    2    6
   17   14   11    5    8
    2   26    2    4    7
   29   11    5    7    1
    6    4    2   10    2
    1   12   10    1    3
   12   19    6    5    8
    1   28    4   12    3
   15   12    7    6    7
    4   13   11   11    6
    3   26    7    9    3
    5   21   10    8    1
    1    9   12    8    2
   20   19    5   12    3
   25    1    4    6    1
   30   10   11   12    8
   22   26    7    1    3
   15    7   11    4    3
    3    7   11   12    2
   16    2    3    9    4
    3   25    1    1    4
    4   28    6    1    3
   16    5    8    9    1
    9   19    4   11    2
   27   10    7    8    9
    7    8    8    4    3
   15   21    8    3    4
   12    2    3    1    2
    6   24    3   12    3
    8   15    7   10    4
    7   12   11    8    1
    6    3   11   12    3
   19    8    4    4    2
   17   23    8    2    1
   11   22    8    8    1
    4   11    2   11    7
    7    7    9    7    9
   23    7   11   11    8
   25   23   12    9    7
   30    2   11    3    1
   15   16   11   10    1
    9    6   12   11    1
    4    2    8   12    1
    8   16    6   12    1
   22   21    1    5    1
   19   30    9    4    1
   24    9    2    7    1
   27   24   11    6    1
   25   28    5    3    1
    5    5   12    5    3
   19   14   12    3    1
   28    8    8    5    1
   30   25    3   12    6
    5   26    6    6    1
    3   11    9    3    6
    1   13    4    8    1
   27   29   10    2    4
    8   29   11    2    1
    5   30   11    1    1
    6    2    7    8    1
   30   24    1    9    1
   21   19    2    5    9
    9    9   10    9    9
   11   19    1    7    7
   28   13    8    3    1
   25    8    4    3    1
   23   29    5    4    8
   24   11    7   10    1
   20   11    8    9    1
   10   19    9    7    7
   15    2    3    3    1
   12   20    3    4    1
   22   27   12    2    1
   16   25    7   10    1
   13   24    1    5    1
   23   28   12   10    1
   22   14    7    3    1
   15   28    1   12    7
   22    5    1   11    2
   29    9    1    6    1
    9   18    9    8    1
   10   18    9    8    1
    6   14   12    8    1
   24   29    6    4    1
   11   15    3    3    1
   27   25   11   10    1
   14   11    4    5    5
   26   17    1    3    7
   21   10    8   11    4
   22   25    1   12    1
    1   18    7   10    2
    7   28   11    3    1
   12   27    3    6    3
   29   17    9    4    2
    3   22   11    3    7
   25   25    4   11    7
    1    5    9    7    7
   30   16    4    2    8
    2   25    9    5    4
   16   14    6    8    7
   27   17   10    3    8
   12   12   12    1    9
   14   25   11    7    6
    9   25    9    4    4
   28   29    9    2    2
   22   10    7    5    3
    3    4    7    7    4
   22    8    2    5    2
   17    8    6    6    1
   15    3    3    8    1
   22   22    7   10    1
    3   12   10   11    4
   26   30    2    2    5
    2   24    6    7    1
   13    5   11    8    2
   24   16    2    3    1
    1    6    7   10    1
   18    7    2    8    2
    4   30    1    7    1
   27   20    2    5    1
   10   13    5   10    6
   13   27    6    6    7
    6   13    7    5    1
   10   16    6    9    1
    9   10    8    7    2
   13   13   12    6    1
   23    5    8   12    1
   23   30   10    4    1
    2   10   11   12    2
   20   25    6   12    3
   19   28    3   10    1
    6   11   11   12    1
   15   30    2    5    6
   21   23    9   11    8
   28   18    6    4    9
    7    1    4    5    9
   11    5    7    9    8
   21   24    6    7    6
   19   16   10   10    8
    5   14   11    8    7
   10    1    9   12    9
   20   20    2    3    8
   24   15    6    4    2
   20   28    7    8    2
   22   30   12    3    1
    3    5    4   10    6
   18    2    6    6    3
   23   27    9    2    5
   17    3    4    4    4
   22   28   10   10    1
   18    6   12    4    1
   17    9    1    7    6
    8   20    3    9    4
    8   21    2    2    1
    1   29    8    1    1
    9   14   11    4    3
   14    4    8   11    7
    3   10    4   12    8
    5   15    5    7    2
   16    4    7    4    1
   11   11    3   11    1
   16   17    9    7    9
    1   22    7    3    3
   14    1    6    6    1
   25   29    4    8    9
   26    9   12   12    8
   10   17    7   10    9
   29   21    2    4    2
   22   20    4    7    1
   16   23    4   12    7
   15   29    9   10    2
   16   11   10   11    1
    1    1    8   11    9
    4    5   11   11    8
   27   14    3    5    1
    6   17    5   11    1
    7   24   10    7    7
    3   29    1    3    1
   30   12   12   10    1
   10    6    8   10    1
   21   27    8   12    1
   15   27    7    8    1
   10   12    1   12    1
    4    4    7    9    7
    8    8    7   10    7
   15    9    6    1    8
    6   20   10    3    3
   16    1   10   11    6
   15   15    7    1    7
    1   11   10    3    2
   29   18    1    2    8
   10   23   10    9    2
   27   26   11   10    1
   29   13    4   12    1
   20    5    4    7    1
   25   12    7    2    1
   20    2    5    6    1
    8   13    9    4    1
   16   27    6    2    7
    6   30    3   11    2
    7    9   10    9    1
   10   20    5    3    4
    6   25    1   10    2
   15   14    2    6    1
   17   22    7    4    3
   10   25    9   12    2
   18   30    2    3    7
   19   15    3    2    8
   19   19    4   11    2
   23   13   12    2    3
   30   29    2    1    8
   22   18    7   10    2
   16   28   11    7    1
   21   12    4    6    7
    3   27    8    1    2
   23   20   10    1    3
    6   23    6    2    1
   23    8    3   10    1
   27   19    7   10    8
   23    4    3    2    7
    4   25    2    2    1
   25   13   10    4    2
   28    3    7   11    7
    6    5    3    3    1
    9   28   12    1    3
   10   10    8    2    6
   28   10   10    5    4
    7   20    1   12    3
    5    2    1    1    1
    1   26   11    6    8
   30    9    2    4    7
    4   24   12    7    1
   28   24   12    4    1
   13    3    7    2    1
   19    2    2   10    2
   21   21    2    5    3
   29   14    5    6    7
    3   19   10    4    6
   18   17    6    5    7
   15   17    1    7    3
   29    7    7   11    8
    8    5    1   12    7
   17   17    2    8    2
    7    5   11    3    4
   24   20    9    2    1
   21   18   10    8    2
   15   10   12    6    3
    4   21    8   10    8
   14   30    3    1    7
   20   17    5   10    6
   17    5    4    9    2
   29   20   12   12    1
   11   27    7   11    7
    7   21    6    6    6
   13   22    4    6    8
   26   25    2   10    3
   10    7    5   12    1
   30   17    1    5    7
   19   18    2    4    8
   12   28    2    6    7
   29    2    2   10    1
    4   22    2    6    2
   14   10   10    9    2
   16   18    1    5    3
   16    9    9    4    8
    2   14   12    8    8
   20   15   10   10    3
   12   26    7    9    2
   22   12    8    2    1
    6   21   10    1    7
   22    2    1    8    4
   14   21   11    2    2
    7   19    8    4    7
    9   13    6    9    8
   11   25   11    5    1
    2   13    7    5    2
   14    8    5   11    1
   22   19    6   11    1
   27    8    8    7    1
    1    8    4    8    7
    1   17    4    3    6
    8    9    7    7    3
   18   18    3   11    8
   15    6    9    9    1
   12   16    7    4    3
   17   12    5    9    6
   25   18    4    5    8
   19    4    6   11    6
   23    9    9   12    6
   27    7    7    1    2
   10    8    6    5    3
   28   26    5    6    1
   22   23    8    8    1
    2   27    9   11    8
   13   26    6   10    1
   28    2    1    4    3
