   21    3   12    5    5
   22    2    6    7    3
    9   17   11   10    4
    8   29    5    6    3
    3   25    4    8    1
   21   10   11   12    1
    8   22    1    1    1
   11   23    5    7    1
    4   29    3    3    2
    6   21    6    2    4
   17    8    8    2    3
   19    1   10    1    5
    2   26   11    2    3
   21    5    8   12    4
   21   21    9    2    1
   28   15    1    6    8
    9    9    4   11    9
   10   17    7   11    7
    5    6    7    9    4
   23   19    7    5    3
   12    4   12    9    9
    3    3   12    8    6
   27   28    9    1    8
   27   20    9    3    3
   19   13    9    6    5
    8    1   10   11    3
    3   18    2   12    3
   11   28    5   11    7
   30   23   10    6    1
   11   30    9    9    5
    2   30    2   10    8
    9   27    8    1    9
    6   19    4    4    3
   17   16    2   11    3
   15    7   11    2    5
   18    5    7    9    4
    2    1   12   12    1
   28   21    2    5    9
   18   11    7    2    5
   14   20    9    8    5
    4   30    5   11    3
   15    1    1    5    2
   21    9    6    4    7
   17    1   12    6    3
   30   24    4   12    8
   20    4   10    5    5
   17   30    3    2    5
   24   24    1   10    3
   28   17    8    6    5
   26   10    7    2    4
   12    3    6    9    1
    1   28   12    6    1
   20   15    6    5    1
    8   18   10    8    4
   20    1   10    3    8
   12   12   11   12    9
    3   28    3   10    5
   29    7   11    8    4
   23    4    4    2    7
    4    9    5    7    3
    4   10    3   11    3
   17   12    8    9    9
   20   28   12   10    7
    3   29    7    2    1
    7   16   10    5    1
   28   12    8    6    7
    5   16    9    1    1
   29   30   12   10    1
   25    2    3   10    9
   13   29    8    4    7
   24   25    1    7    2
    6    3    3    2    5
   16   26    2    7    3
   13    6    7   11    2
   30   22   10    3    2
   23    1   10    2    3
   29   29    6    4    1
    2    2    3   10    2
   16   28    2    6    3
   19    7    2    2    1
   12   25   10    3    8
    7    9    5   10    5
   12    5    7    2    1
   10    2   11    5    5
    8   12    6   12    6
   14   26    7   10    3
   17   13    7    3    3
    5    5    5    9    8
   18    9    2    1    6
   15   11    5    3    1
   24   23    9   11    5
   11   14    9    6    2
   21   11    7    6    9
   16   30    6    2    3
    6   17    6    8    9
    4    1    8   11    3
   26   26    7    6    9
   30   27    4    5    9
   12   11   10    1    9
   15    5    6    7    8
   17   14    9    1    3
   10   23    2    4    8
   12   15    8   11    1
   22   26    1    5    3
    2   15    6    8    1
   14   21    9    8    9
    7   12    6   12    5
   17    2    4   11    7
   17    5    2    4    7
   15   14    9   11    4
    2   19   12    7    4
    4   15    6    1    4
   21   19    2    1    3
    6    7   11    6    1
   28   25    6    3    5
   23   22   10   12    1
   16   10    1    2    4
   11   25   12    1    1
   27   15    3    8    1
    2    8   11    5    3
   16   16   12   11    9
   30   21    5    2    9
    2   21    1   10    9
   12   16    8    9    5
   21    4    9   10    9
   14   24    8   12    8
   13   12    9    3    9
   22    6   10    2    5
   24    5    6   10    4
   19   19    4    9    4
   30   30   11    3    9
   15   29    9    6    6
   24   11   11    9    1
   24   26    3    5    3
   18    1    4   11    7
    1   30    4    4    7
   19   17   12    5    7
    5    1    7    6    9
   21   16    4    1    8
    7   18    5    1    8
    9   23    8   10    1
   19    5   11    9    3
   20   20   10    5    1
   24   16   12    7    1
   16   29    7    4    1
    6    6    1    3    9
   30    8    7    9    9
   22    4    6    3    3
   19    4   11    1    8
    6    4    7    1    1
    7    7    5   11    9
   13   13    7    3    9
    8    5   11    3    5
   25   17    8    5    3
   22   17   12    7    7
    6   14    6    7    3
   13   15   10   12    5
   14   22   10   11    5
    3    9   12    8    5
   10   15    9   11    5
   14   19   10   11    9
   22    5    7   12    2
   22   24    2    2    3
   21   22    7    1    8
   26    4    4    1    3
   13    5    8    8    5
   20   25   11    2    7
   17   26    7   11    3
   24    6    8   12    2
    2   14    7   11    8
   23    3   12    5    7
   20   18    4   11    1
    2    5   11   10    1
   15   26    1   12    8
   28   14    9    8    3
   18   22    1    5    2
   12    1    8    9    1
    4    3    9    9    5
   30    3    6    1    2
   18   13   11    8    1
    8    4    9   11    9
   15   21   11    4    1
   23   20    5    2    8
    9    6   12    1    1
    1    1    8   11    9
   25   19    4   10    7
   18   25    8    8    8
   19   12   11    8    3
    4   27    8    3    1
    1   10    8    6    5
   12   18    1    8    5
   29   24   10    5    5
   17   24    8    9    5
    3   19    1    3    5
   12   10    8    8    1
   19   24    3    8    8
   14    7    3   10    1
   21   26    3    6    1
   11   27    5   12    3
   27    2    5    6    9
   22   12    9    7    9
    8   23    9   11    1
    9    5    8   10    5
    7    2   12    2    3
   20    3    1   10    2
    2   18    2    3    2
    6   15   12    3    1
   16   19   11   12    7
   30   14    5    5    9
   13   10    7    1    3
   30    6   11    8    1
   29   22   11    7    1
   21    1   11    5    1
   20   24    1   10    8
   10   27    4    5    1
   30    7    5   11    1
    7    8    2    5    1
    1   13    5    2    2
   18   10    6    8    9
   21   17    1    3    8
   19   10    7    3    3
   14    8    8   12    2
    3    8    4   10    8
   11   29    4    9    1
   28   24    8    3    1
   14    3    1    6    8
   23    6    7    1    1
   12   21    3    9    9
   27   26   10    9    8
   28    5    7    5    2
   10   30   10    3    3
    7   10    8   10    1
   21    8    4    8    1
    9   26   11    8    8
   30   26    3   11    1
   29    2    3    9    5
   19   26   12    4    5
    7   23    8   10    5
   27    8    2    8    5
    7   21    2    6    8
   21   20   10    9    3
   19    8   11    3    2
   30   25    8    2    3
   23   23    1    3    8
   16    3    1    1    6
   27   25    7    9    6
   13   22    8   10    3
   22   28    7    9    8
   12   14    2    6    8
   23   18    9    7    2
   15    8   12    2    8
   24   10   11    3    5
    1    3    9    3    9
   11   17    9    2    8
    1   22    1    1    5
   15   25    5    2    2
   27    1    1   10    2
   30   19   10    5    9
   16   23   12    2    2
   25    6    2   11    1
   16   25    4    3    5
    7   28    4    6    9
   10   22    3    6    1
    6   18   10    6    1
   11    5    8    8    8
   22   27   10   12    3
   28    8    4    9    4
    4    4   11    7    3
   26    1    7    9    8
   19   18    3    7    5
   23   17    3    3    5
   16    2    6    5    3
   30    9    4    3    3
    8   26    5    5    7
   26   12    2    5    1
    6    2    9   10    9
   21   13    7    3    3
   18   18   11    8    1
   11   19    9   12    8
    3   27    9   12    4
   17   20    6    3    7
   13   14    3   12    5
   29   28   12    2    1
   22    3    8   11    4
   26   18    7   11    5
   13    8    3   12    6
   11    4    3   11    6
   16    6    1    4    4
   18   28    5   10    7
   27   23   11   12    6
   10   14    2    3    5
   24    1    7    1    1
   23    5    9   10    1
    2   24    3    9    1
   19   29    8    1    1
   30   18    3    4    5
    3    5    8   10    6
   20   10   12    4    3
   24   12    3   12    1
   13    2    2    8    3
   26   11    9   12    1
   18   29   12    5    3
   18    4   12    1    2
   30   15   11   12    1
    7   24   10    3    1
    6   26    4    2    1
   29   10    9   12    5
   25    1    8   10    4
   24   18    4    9    4
   12    9   12   11    1
   18   27    6    9    3
   22   19    3    2    7
   30    5   12    9    7
   20    2   12   10    8
   22   25    7    2    6
   18   17   11    3    2
    7    4   12    5    2
   29   21    5    4    1
    3   15    8    4    1
    9   13   10    5    6
   27   19    4   12    4
   16   14    7    6    2
   23    2    4    3    8
   28   13    7    5    1
   12   23   12   11    1
   25   21    6   10    1
    3   26    2   12    1
   15    9    1    5    2
    4   25    8    5    3
   14   14    1    2    8
    4   13   10    5    5
   22   22   11   10    4
   20    9    5    5    3
    5   26    4    9    6
   27    7    5   11    1
   12    6    6   11    1
   29    6    2   11    1
    8    8   10    6    9
   14   25   11    1    5
    8   10    3    1    8
   10    3    5    7    6
   12   27   11    5    1
    3   13    5    3    5
    2    9    4    7    3
   27    5    6    3    7
   10   28    5    5    9
   18   16    1   10    9
   25    7    6   12    4
   11   22    6    6    7
   25    8   10   11    6
   21   24    8    8    1
   13   20    4   12    5
   12   29    4    6    1
   30   13    9    6    7
   16    9    6    2    8
   12    2    5   11    1
   27   16   12    4    3
   15   15    7   12    8
   24   27   11    2    2
   22   16    5   10    7
   29   14   12    8    1
    5   14    3    6    3
   27    6   11    4    2
    5   29   10   10    7
   23   14    9   12    5
   11   16   10    3    5
   14   27    7    6    5
    6   10    9    2    1
   17    4    6    3    8
   20    5    1   12    2
    5    7    6   12    7
   18   15    1    7    8
   18   21    3    8    3
   10   25    5    8    3
    1    9    9    4    6
   11    8    9   11    6
   14    9    7    7    2
    1   16    2    3    2
    7   20    4    3    1
   13   11   11   10    5
   16   20    6   11    3
   10   10    3    1    1
   24   13   12   10    1
    7   17    8    7    2
   28   28   12   10    8
   28    2    2    3    5
   13   16    1    5    9
   11   11   12    4    7
   12   20   11   10    4
    8   20   12    9    4
   25   13    7    3    2
   28   23    9    5    5
   26   25   11   11    3
   23   25    7    2    2
   13   27    9    7    1
   18   14    9    8    5
   25   29   11    7    1
    4   28   11    5    3
   23   21    4    6    2
    1   11    1    1    8
    2    3    1   10    7
   15   19    3    6    1
   25   25    1    9    9
    6    8    7    8    6
   29   23    9    2    3
   29   27    8    5    3
   12   30    7   10    9
    8   24    5    2    6
   11    2    2    8    9
   17   15   12    3    3
   27   17    1    3    2
   30   28    1    1    8
   29   20   12    2    2
   14    4    7    2    8
   10    9    9    2    1
   11   10    9    3    5
   15   22   11   12    2
    2    4    2    2    7
    9    8   12   11    3
   15   16    7    4    8
    7   13    1    1    8
   26   29   12    9    1
    1   14    8    4    8
    9   28    3    4    2
    6   11    9    5    5
   22   20    5    4    3
   17   17    4    6    7
    4   24    4    9    7
    3   11    9    3    5
   27   21    6   12    3
   23   15   12    2    2
   17   29   11    3    2
   11   20    7    3    2
   16    4    2   12    2
   20   30    7    2    1
    9   29    8   12    1
    5   25   11    3    3
   28   19   11    7    2
    7   22   11    2    4
    9   22   10    2    3
   19    9    1    5    2
    1    6   11    7    1
   27   27    7   12    1
   17    3    1    6    3
   26   28    6    8    2
    7   26    3    6    2
   26   23    9   12    5
    1   29    4    3    4
   11    7    8    7    6
    6   28    8   11    3
    8   16    5    8    8
   24   15    1    5    1
    5   10    4    3    2
   20    6    7    2    1
   20   19    4    4    3
    7    3    8    9    3
   20   26    8    7    1
    1    7    4    6    3
    9   11    2    7    2
   13   23    7    6    7
    9   25   10    5    1
   26   13    6    3    1
   24    9    2    4    1
    4    5    2    1    6
   24    3    5    7    7
