   22    8    6    6    4
    4   18   11    6    6
   26   12    8    6    2
   30   23    8   11    1
   15    7    2    5    1
   26   25   12    8    2
   28   29    9   12    1
   25   13    1    4    1
   30   17   12    6    3
   10   28    9   10    2
   17   26    3    4    3
   10    5    1    8    8
   24   18    7    1    3
   12    7    3    3    3
   23   22    6   12    1
   16   14    9   11    6
   29    3    6    3    2
   15   19    8    4    2
   15    9    2    4    1
   11   19    1    2    1
    5   15    2    2    1
    7    2   11    1    1
   11   23   12    1    1
   14   15    6    7    1
    2   12    4    9    7
    2   28    9    3    2
    5   30    3    6    2
    4   24    7    1    8
   24   28   12    6    2
   17   25    3   12    5
   11   13    1    9    2
    2   11    1    7    2
    2   27   10   12    6
    6   20    1   11    5
   22   10    2    4    1
   26    6    3    4    1
   29   16   11    6    1
    4   20    7    7    5
   11    5    2    8    3
   23    7    7    5    1
    8   25    5    8    3
   28   26    5    9    6
   28    4    6    4    4
   23   19    4   11    2
   20    9   10    2    2
   18    9   12    4    1
    3   30    7    3    3
   15    3    3    1    1
   27   11   10    2    8
   20   23    8    1    5
   20   20    4   12    6
   18   21    7   11    3
    6   18    8   11    2
   27   20    4    7    2
   17   22    6    5    1
   22   16    5    4    1
    8   23    4    6    6
   13    8    8    7    3
   23    5   12   11    2
   23   27    2    4    3
   25   16   10    8    5
   18   20   10    4    4
    3   11    5    2    6
    1   29    2   11    6
   21   21    6    4    6
   22   15    2    6    4
   28    8   11   10    2
   16   30    4    6    5
    3   21    9    2    1
    6   21    7    2    8
   27   14    5   10    7
   28   21    6    3    5
    8   12    5    8    3
    2    3    4    5    4
   10    6    7    2    2
    8   16    5   10    3
    5   19    2   12    7
   14   26   10   10    5
    1    9   12    4    7
   22   21    3    5    7
    6   16    3    8    6
    3   10   12    1    7
   21   11   12    2    8
   19   13    4    6    5
    4   22    3   11    2
   25   28    9    5    3
   11   16   10   11    9
   15   15   12   10    9
    9   23    9    8    2
   27   19    1    4    2
   25   19    3   11    5
    8   10    1    1    5
   15   17    4    7    2
    2   20    1    4    5
   26   20    7    9    5
    5   28    5    4    2
   27    3   10    4    2
   25   14   10    2    3
    8    1    9    4    7
   18   22    7    9    6
   20   24    9    2    1
    3   24    9    3    3
   14   18    4    2    4
   28   30    1    5    1
   20   28    9   11    3
   21    4    5    7    7
   10   10    9    1    8
   23   14    6    1    6
    6    3    8    5    1
   12   28    4    7    6
   11   29    9    6    3
   23   29    2    7    3
    2    4    2    6    7
   26   23    5    8    3
   23   10   12    9    2
   30   22   11    8    2
   27    5    6    7    3
    9    2    2    2    2
   16   26    6   11    4
    6   24   11    2    1
    1   17   12    6    1
   12   23   11    3    4
    1   13    4    9    3
   29   13    6    3    8
   18   18   11    4    6
   11    7   12    3    6
   25    6    2    8    4
   30    7    6   12    3
    6   27    9    4    3
    5   24    7    9    6
   13   17    7    5    5
   28   18    6    4    2
   19   30    8   12    3
    7    4    5    1    3
   26    2    6    5    4
   13   12    9   12    1
   10    4    8   11    4
   26   19    4   11    1
    3    5   12    5    8
   27   28    8   11    8
   28   23   11    8    8
    9   28    3    9    1
   17   24    3    5    1
   27    8    8   10    3
   12   20    5    3    1
   28   16    8    8    3
   12   12    8    5    9
   16   12    2    9    3
   11   26    1   11    2
    7   18    4    5    3
   18   15   10   11    9
    7   10    2   10    4
   12    3    6    9    2
   24    2    5    3    1
   28   19    4    1    1
   21    9    9    3    3
    9    7    9    1    2
   18   12   12   10    2
    5   16    4   12    3
   19    7    7    1    5
   27   26    5    7    2
   21   26    5    1    4
    9    9    7   11    7
   30   30   12    3    7
    8   20   12    2    2
   24   29    3    7    2
   27   13    1    7    2
   28   11   12   12    1
   26   24    8    5    1
    6   15    1    7    1
   17   12   12    3    2
   17   17   11    6    2
   28   13    3    2    4
    6    6    6    7    9
    2   21   10   12    9
   26   26    4    8    9
   22   19    8    5    3
    6   14    7    7    2
    8    5    8    3    5
    1    7    3    4    3
   14   12    6    6    7
   28    7    4    9    7
    9   30    8    4    4
   16   24    8   12    7
   16   16    9    3    4
   16   17   10    2    2
   25   15    9    6    3
   27   27    8    7    7
    4   12    1    6    6
    2   14    2    8    8
    5   29    2    7    3
   29   10    3    9    2
   18   17    6    7    5
    6   13    7   12    3
   15   12    4    9    5
   14   11    4    9    2
   22   12    4    7    6
   19   21    5    9    1
    9   29    6   11    6
    9   22    1    8    1
   29   12    9   10    1
   13   14   12    8    7
   26    1    2    1    4
   17    2    4    1    5
    3   26    5    6    5
   27   12    9   12    8
   28   17   10    9    3
   17    8   12    7    2
   20   13    8    1    2
   24   13   11    3    2
   24   15    8    5    2
   27   15   11   12    6
   17    4    8    4    3
    6   28    5   11    4
   29   17    9    1    1
   14    4    5    2    6
   30    2    9    2    4
    3   20    3    4    3
    7    6    4   12    3
   16   20    1    9    5
   21    7    3    2    3
   22   24    1   10    7
    4    1   10    2    5
    8    2    8    7    8
    3   22   11    3    5
    7    7    7    6    3
   29   21    2   10    3
   25   21   10   11    2
   18    8   11   10    2
    8   21   11    6    3
   11   12    9   10    1
    2   18    1    6    6
   26   10    1    1    4
    3   14    1    9    6
    1   15    4    4    6
    9   14    7    7    2
    4   16    4    6    7
   24   10    4   11    1
   29   22    9   11    1
    8   29    9    2    1
   19    4    2    2    3
   24   11    2    7    5
   28   22    1    2    3
   24   30    2   11    2
   27   24   10    5    2
   20   11    6    1    2
   10   17    9    7    1
   19    9    8   11    4
   30   13    6    9    6
    3   28   11    1    1
   29   15    1   12    2
   17    5    2    6    1
   11    6    6   11    2
   16    3    4   10    4
   30   15    7    1    2
   14   19    5   11    1
   27   22    2    8    1
   11   15    9    7    4
    7   27    9   11    2
   22    2    8    1    1
   14   24    8    1    5
    4    5    2    7    3
   15   23    4   12    6
   20   25    1    7    7
    6   23    1   12    7
    4    4    5    2    6
   16    9   12   12    3
    8   24    2    4    2
   22   22    7    2    8
   27   30    6    1    8
    4   30   11   11    3
    9   24    7    1    3
    6   17    5    9    3
   26    4    2    7    2
    2   13    6    4    2
   11   10    8    6    7
   30    8    8    8    2
   14   17    9   12    5
   19    2    6    8    3
   25    3    8   10    2
   12   19   12    4    3
   27   16    8    9    2
    4    6    9   11    5
   14   21    2    9    4
    7   26    9   12    2
    3    3    7    8    8
    9   12    2    8    1
   13   18   11    2    7
   19   18   12   11    2
   29   25    2   12    6
   27   17    4    8    1
   20   17    8    9    2
    9   27    8   12    2
   14   20   12   12    3
   16   19   12   12    2
   10   13   10   10    8
    4   29   10    6    5
    5    7    2    2    4
   20   10    3    8    6
   28   28    7    6    9
   30    1    5   11    5
    1   12    9    8    3
   24   23    9   12    2
    8    3    4    6    6
    7   22   11    8    7
   24   21    1    3    2
   21   12   11    6    8
   13   26    4    6    3
   18    1    7    5    1
    6    2   12    6    8
    6   22    1    2    3
   18   26   10    3    5
   20   30   12   10    6
   26   15    2    9    6
   29   18    8    1    6
   11   25    9    4    7
   10   27    7    1    2
    8   11    9    2    7
   10    1   10    4    8
   27   18   12   10    6
    1   19    9   12    8
   19   19    5   10    8
   23   23    1   11    8
    1    2    8    1    6
    5   12    1    7    1
   19   24    1    5    1
   27   29    7    9    1
   10   18    9    6    1
   13   21    2    7    3
    2   10    2   11    5
   11   11    8    2    5
   14   30    7    5    6
    7   20    8    7    1
   29   29    3    5    5
   14   14    6    3    6
   18   30   10   12    4
   11    4    8    2    3
    4   25    3    6    2
   29   19    8    8    2
   29   30    9    1    1
   16    2    9    8    2
    5   13    2    5    8
   26    5    7   11    4
   25    9    2    4    3
   22   20   12   11    1
   22   25    7    7    1
   27   25    5    3    4
   23   21    5   11    5
   20    5    7    4    3
   14    8    5   10    3
   17    9    6    4    1
    4    8    5   12    6
    5    1    5    2    3
    5   25    5   12    2
   12   25    4    9    2
   13   15    5    6    1
    8    8   11    9    7
   18   25   11    1    7
   14    1    3    9    5
   23   25   12    2    8
    3    7    2    9    2
   12   30    8    3    2
    3   18   12   12    1
   18   23    4    1    6
   15   16    8    2    5
   19    8    7    9    7
   20   19   10    7    4
    1    1    6    7    7
    7   16    8    8    4
    6    5   11    8    2
   10    9   10    4    1
   10   19   11    1    5
   14   28    2    4    1
   24   25   11    4    1
    6    1   10    3    2
   20   15    7    5    2
   10   16    9    9    4
   23    2    6    3    3
   29   14    5   11    2
    2    5    1   11    2
    4   27    4    6    3
    3   19    6    7    3
    3   13    6    3    3
   15    8    1   11    7
   22   11    8    4    1
    5   18   11    5    4
   19   17   11   11    2
    1   16    4    9    6
   17    3    4    3    5
    2   15    7    2    2
    6   29    2    1    1
   25    1    1    2    2
    5   21   12    9    1
   23   17    5    6    3
   30   10   11    3    4
   13    9    1    8    1
   12    6    9    8    9
    3    9   11    4    3
   22    5    3    7    2
   13   23    1   11    2
    6   30    7   12    2
   29    2    1    3    1
    7   25    6   11    4
   30   11    7    7    2
   22   14    6    6    2
   20   29    1    2    6
    5    5    8   11    9
    3    4    6    5    6
    4   15    5    9    5
    4   13    5    1    3
   11    9   12    7    3
   13   13    2    5    7
    3    1   10    8    7
   26   22    3   11    1
   17   21    7    9    2
   26    8    8    8    2
   23    3    2    1    2
   11    1    1    6    6
   20   21    3    5    6
   13   16    4    6    7
   14   10    2    4    8
    8    7    7    8    2
    5   14    4    5    4
   16   23   11    2    1
   24    7    1    4    7
   20    1   11    2    2
   28    1    6    2    1
    6   19    1    7    3
   12   24    9    4    1
   30   26    8    7    8
   10   25    9   11    5
    7   13   11    6    2
    1   27    5    8    1
    1   22   11   11    5
   16   21    2    4    2
   25   25   10    3    3
   22   13   11    2    2
   17    7    3   11    1
   25    2    1    2    7
   30   25    9   12    6
   11   18   10    8    4
    5    9    8    2    7
   28   15   11    3    3
   18   16    1    3    5
    2    2    2    1    7
   24   24   11    8    9
    4   23    4    7    3
   27   21    6    1    5
   21   30    1    3    3
    9    6    9    4    1
   26    9    2    4    4
    8    6   11    5    1
   10   12   11   10    3
   11   17    9   12    5
   14    7    3   12    3
   23    1    8    6    2
   10   21    9    8    1
   15   21   10    3    5
    8    9   12   11    4
   29    7    1    7    1
   24    1    4   12    1
   10   15   12    9    3
   26   29    9    6    3
    4    9    6    3    6
   21    1   11    4    3
