    6   23    7   10    2
   20    4    5   11    1
    2   24   12    6    3
    4   18    5    1    5
   28    1   12    7    1
   16   19    3    4    1
   17   28    8    9    1
   25   30    1   10    1
   14   23    8   10    3
    2    3    2    5    1
   12    3    7    5    1
    1   15    6    1    5
   29   24    6   11    1
   12    9   11   10    1
    8    2    2    5    1
   24    4   12    3    1
   22   11    8   10    1
   10   17    8    6    1
   15   15    4   11    4
    7   22    8    8    1
    4    7    7    5    1
   16   12   10   12    1
    5   21    9   12    1
    4   25    6    6    1
   29    9    7    1    1
   13   27    5    4    1
    6   15    1    7    1
    3   22    2    8    1
   16   14    4    1    1
    8   24   12   12    1
    4   15    5    3    1
   27    8    9    6    1
   24    1    1    4    3
   29   18    1    6    3
    8   18    4   10    1
   10    7   10    6    1
   24   27   11    4    1
   21   28    9    2    2
   19   24    9    9    1
   29    3    3    7    1
    5   15   12    3    1
   25   20    9    6    1
   14   28    8    8    1
    3   23    4    4    1
   27    9    3    3    1
    7   29    1    3    1
    4   23    5   12    2
   17   17    6   12    8
   18   22    7    3    1
   18   13    5   11    3
   11    5   10    7    3
   12   19   12    6    1
   20    6    9   11    1
    9   22    1   12    1
   11   23    1    1    2
   14   30    9    7    3
   16   30    5    7    2
   21   16    8   11    5
    7   21    2    9    2
   18   19    1    1    9
   20   15    4    1    2
    6    5    8   10    3
   21   27    9   10    2
   14    6    3   10    2
    3    7    8    5    3
   26    8   12    5    3
   11   20    2   12    1
   30   27   10    5    1
   23   16    2    7    1
    1   13   10   12    1
   22    4    6   10    1
   24   25    5   11    1
    1   27   11   12    1
    4   27    2   10    1
   17    9    3    5    1
   12   12    1    6    8
   17   19    1    4    5
    4    3    7    3    2
   28    8   11    5    1
   17   16    4    5    5
   21   12   10   12    3
    2   14   11    8    1
   16    3    4    1    2
    5   10    6    2    3
   23   13    9    1    3
   18   17   11    8    2
   23    8    1    6    1
    1    5    3    1    2
   28   28    5    4    7
   21   29    6    9    1
   29    2    2    6    1
   10   10    9    3    1
   26    7   11    8    1
   24    7    5   11    8
   13   11    5    3    1
   28   12    7    6    2
    3   17    9    9    1
   14    1    8   11    3
   25   25   10    5    1
   29   16   11   10    1
   15    8    7    9    1
   25   12    8    3    1
   15   24    7    1    1
   25   16    6    8    5
    3    1    3    4    3
    8   10    3   11    1
   13   22   11   11    1
    1    7    5    6    1
    8   16    1   12    3
    4   17   12    7    6
    5    2    6    1    3
   11   14   11   10    1
   20   20    4   11    9
    6   17    8    4    3
   12   30    4    9    3
   14    7    2    7    1
   14   27    8    4    1
    7   15    4    7    7
    7   11    8   12    5
   14   14   11   10    9
   15   21    5   10    1
   10   15    1   12    1
    3    9    6    2    2
    7    7    1    6    1
   19   29    1   10    3
   30    3    7    3    1
   14   22    9   11    1
   15   27    3   10    5
    5   29   11    8    1
    5   17    3    1    2
   10    4   10   12    9
   17   23    2   12    4
   21   17    9    4    1
    1   20    5   12    1
   22    5    6    2    3
   25   15   11    6    1
   22   20   11    4    1
   28    2    7   12    1
   28   29    4    3    1
   30   22    4    8    1
   11    2    5    1    1
   11   30   10    6    1
   29    4    3    7    1
   24    5    8    4    1
   13   30    5    9    1
   24   13    9    7    1
   30   26    8   10    3
   20    5   10    8    1
   25   29    8    8    3
   24   24    6    1    3
   16   10    6    4    1
    8    9    1   11    1
   25   27    6    5    4
    3   19   11    7    1
   11   26    1    7    1
   19   13   11   11    3
    1   12    1    5    5
    8   21    4    3    1
   28   25    5    8    1
   13    8    4   11    3
   13    5    5    9    1
   20   19    6    7    1
    8   19    6   11    1
    9   21    7    3    1
    3   10    3   12    3
    6    3    6    8    1
    9    6    3    4    1
    7   17    3    1    4
   14   10    5    6    3
    2   22    3    8    1
    4   11    2    9    2
   30   29    5    4    1
    7   23    4   12    1
   27   20   10    9    1
   20   28    2    9    1
   30   28    8    5    1
   12   26    3    5    1
   18    1    8    6    3
   23   28    3   11    3
    3   11    3   10    8
    3   13    3    4    3
   19   19    3   10    1
    2   18   10    8    5
    9    9    6    4    5
   30   19    8    1    5
   17    2    5   11    3
   10   30    5    2    1
    5   12   11    8    1
   11    8    9   11    2
    5   16   11   12    1
    5   19   12   12    2
   27   27    3    4    5
   24   23    7   11    1
    6   18   12   11    1
   14    4    7    4    1
   27   26   12    7    1
   22   29    5    6    1
   11   25    4    8    1
    3   28    4    8    1
   29    8    1    9    1
    8    6    9    7    1
    7    9    5    1    1
   23   29    6    5    1
   24    6    2   11    1
    1    4    1   12    9
    5   28    4    4    1
   12   22    6    6    1
   21   19    1    8    4
   13   26    1    6    1
    1   21   12    2    1
   20   21    9   11    1
    7   13    7   10    2
    9   15    2    3    1
   18   28    4    3    7
   27    2    5   10    1
   25    3   10    3    1
   28   15    3    3    1
    1    8    5    4    3
   23   15    2    2    3
   13   21    9    7    1
   11    1    7    6    9
    9   16    3    4    1
   23   10   11    2    1
   15   17    5   10    1
    7   16   12    5    1
   29   12    5   10    1
    4    2    4    4    1
   28   19   12    4    1
   18   16    2    8    5
   15    2    2    9    3
   20   17    1    3    3
    4    9   10    5    1
   19   27   11   12    1
   12   20    2   12    1
   19   26    6    8    1
    3    8    5    9    1
    2    9    4    4    1
   13   25    4    2    1
   26   21   12   10    1
    5   23   11    5    1
    1    1   12    7    1
   25   18    2    8    2
   29   13   10   11    1
   19   15    2    2    1
    1    6    2    6    1
   17    8    7    5    9
   27   17    9    8    3
   27    6    6   10    3
   24   30    2    1    1
   11   10    6    7    1
    1   23   10    7    1
   11   24    3    2    1
   18   11    4    2    2
    6   13    2    5    1
   14   17    2    4    5
   13   14    9    2    1
   25    5    1   12    1
   30    2    2   12    1
   22   26    8   11    1
    1   19    7    4    2
   10   19   11    3    1
   18   23    5    4    1
    4    5    2    2    1
    6   11   12    6    1
   23   25    8    5    5
   23   23    5    9    1
   10   29    2    3    1
   14    3    2    6    1
    6   16   12   10    1
    2   13    2    5    1
   14   19    5    4    1
    7    8    3    2    1
   14   18    7    9    3
   23   27    2    2    2
   22   27    6    5    1
   29   29    9    3    1
   20   24    9    5    1
   26   17   12    9    3
   12    4    7   12    2
    8   20    1   10    3
   14   24    3    2    1
   11   17   11    8    1
   20   23    2    8    3
   30    1    2   11    2
   25   17    9    6    1
   12   17    5    7    1
   11   29    8   12    1
   26   23    5    2    2
   22   10    6    7    1
   18    9    8   10    1
   15   22    4    9    1
    5    9    6    1    1
   14    5    4    9    1
    3    5    3    5    2
   21   18    7    7    1
   19   23    8    5    1
    6   10    1    3    1
   18    7    8    2    1
   20   16    4    8    1
   14   26    4    2    9
   28   22    9   11    1
    4   26    5    4    1
   13   12    4    4    1
   13   15    6    3    1
   22   23   10    2    1
   27   12   10   12    3
   30   15   10   11    1
   29   27    3   11    1
   12    8    3   11    1
   21   14   12    1    6
   21    2   10    8    4
   24   17    6   10    3
   26    3    6    5    1
   13    4    3   10    1
   29   20    3    4    1
   30    5    4    8    1
   16   13    6   12    5
   10   20    7   12    2
   10    2    6    6    1
   29   15    3    3    1
   22   24   10    5    7
   18   20   12   10    3
    5   18    8    5    1
   11   16    4    1    1
   29   17    3   11    1
   13    9    2    5    1
   16   27    6   11    1
   26    2    4   12    1
   26    6    7    3    1
   16   16    9   10    5
    4    6    5    2    1
   16    4   10    6    2
   19    4    5    6    3
   17   13   12    9    5
    8    8   10    4    1
   30   21   10    8    5
   15   26    2    9    3
   21   21    4    6    4
   26   10    4    5    1
   18   24    4    8    1
   12   11   12    9    1
   17    1    5    5    1
    8    5    9    3    1
   14   12    6    5    2
   28   16    1   10    1
   10   24   12    9    3
    5   26    7    5    1
   26    1    2   10    3
   19    2   10   11    5
   30   17    3    5    1
    5    5    5    2    2
   15   16    3    6    1
    9   19    4    4    1
    9   23    1    4    1
    4    4    9    6    4
   28   11    8    9    1
    3   15    5    2    2
   26   29    3    3    1
    5   27    3    5    3
   28    7    6    6    1
   26   25   11    6    3
   14   20    2    1    3
    8   14    6    8    2
   26   26   11    9    1
    2    7    9   11    1
    7   12    7    4    1
    7   20    5    8    1
   27   18   11    3    2
    6   30    8    5    1
   10   12    5    6    1
   19   11    6    7    6
    9   11    5    3    1
   10    9   10    8    3
    6    6    8    1    5
    9   30   12   11    1
   11   15   12    4    3
    4   21    2   12    2
   28   24    8    4    1
   21    3   11    2    1
   27   28   12    2    3
   25   22    8   12    1
    7   19    2    8    1
   21   11    8    9    1
    5    7    2    1    1
   25    2    5    4    1
   24   21    5    6    1
   16   24   11    5    1
    6   28   11   11    1
   25   14    7    3    5
   11   11    9    8    5
   20   26    6    1    5
   30   30    8    5    5
   20    9    2   11    1
    6   25    1    4    1
   30    8   11    9    1
   15   12    4    9    1
    1   10    1    3    1
    3   27   12    2    1
   22   21    2    1    1
    7   30    2   12    1
    2   23    2    9    1
   23   21    3    3    1
   22   19    5    8    1
    2   12    7    4    1
   16    1    9    3    2
    9   28    7    1    2
   16   22    7    3    2
   13   28    8   12    2
    8   22   12    6    4
   22    1    5    9    4
    2    1    9    5    2
   20    2   11    6    2
   25    9   11    3    7
   22    6    4    2    1
   13   13   11    4    5
   13   20    3    3    1
   15   14   10   10    2
   27   11    7   12    1
    6   12   10    9    7
    7   27    3   11    1
   18    3   11   11    2
   10   18    6   11    2
   18   18    2    3    2
   15   18    8   10    5
   30    4   12    7    1
   29    6    6    9    1
   25   21    6    4    1
    4    8    8   10    9
    4   28    8    6    5
    1   25    8    2    1
   16   26   10    8    1
   20    3   10    2    1
   10   21    1   12    1
   21    6    4    5    1
    2    2    7    4    3
   16    2    7    8    1
   23   12    8    5    1
   25    7    7    2    1
    8   25    1    3    3
   10   28    7    8    1
   10   13    6    8    1
   29   14   12   10    1
   24   12    7    6    1
   22   17    2    9    1
   10   25    4    8    5
   18   26    1    9    1
    9    1    2    2    2
    6   19    4   11    1
    3    3   11    3    9
   30   23    2    2    1
    2    6    6    3    1
    9   24    6    9    1
   19   25    6    8    1
   22   22    2    4    5
    9   26    3   11    3
    6    7    7    2    1
   30   18    1    9    1
   26   28   12   10    5
   14    9   10    8    1
    3   24    3   10    1
   29    1    5    9    1
   26   24    4   12    7
   10   27   12    2    1
   20   30   12   12    1
   12   18   10    7    1
