   16   18   10    7    4
   17    3   12    6    7
   18   27    9    7    2
    8   22    5    3    4
   22    2    8   10    1
   11    1    6    1    7
   10   18    3    1    6
    5    9   12    3    4
   10    5    7   11    2
   26   27   10   11    5
   22   24   11   11    8
   20   16    7   10    4
    4   27   11    2    5
   27    2   10    2    5
   26   25   12    8    3
   20    6    5    1    2
   10    4    3   11    5
    6    6    6    2    8
   10   20    5   11    4
   30    4    3    4    3
    7    3    2    5    6
    2   11    5    6    8
   28   28    5   10    5
    9   29   12    5    2
   24   16    1    4    3
    7   11   11    8    7
   11    6    2    5    5
   19   14   12   12    5
    7   29    8    6    4
   12    8    5    8    3
    1   22    3    8    6
   14   20    2    6    7
   12   23    6    7    3
   26    1   12    1    2
   15   16   12    5    8
    8   13    1    8    5
   24   18   10    9    8
   16   13   10    6    8
   11   15    1   10    5
   28   25    3    1    3
   14    3    8    5    5
   12    5    1   11    6
    1    2    4    2    5
   13    6   11   12    3
   23   28    8    7    7
   28   15    2    3    7
    6    5    7    4    3
   20    2    7    3    5
   18   30    3    3    5
   11   22    9    6    3
   27   29    2    1    3
    2   29    4    5    8
   12    1    8    6    5
   24   30    1   12    4
   26    2    5    1    8
   10   29    4    7    5
   21   19    6    1    4
   20   19   10    4    8
    8    6    6    5    6
   23   23    1   11    7
    1    9   12    3    9
   15    7    2   11    5
    7    1    1    9    4
   25    1   10    5    5
    5   16   10    3    4
   16   10    8    3    8
   15   21    8    8    5
   25    3   10    6    5
   19   29   11    3    9
    9   18    3    3    6
   12    2   12    1    3
   10   14   12   10    4
   23   19    2    3    4
   22   22    7    4    4
    6   25   11    1    3
   13   12    1   12    5
    4   28   10   11    5
    6   17    1    8    8
   28    2    9    1    3
    5   13    5    8    7
   12    7    6   11    6
   11   14    2    4    9
   23   18    2    4    7
    9   24    9    2    3
   13   18    7    1    7
    3   29    3   11    7
   26   18    6    9    6
    7    7    2   10    8
    8   27    9    4    7
    5    1   12   11    7
    7   13    8    7    4
   16   12    4    8    4
   21   10   11   12    3
    8    5    4    6    5
   25   16    7    2    8
   13   13    4    3    8
   13   14   10   12    6
   13   21    8    9    3
   19    9    5    6    3
    3   18    7    6    4
   13   10    2    9    3
    5   21    2    7    2
    8    8    5    1    9
   15   12    9    9    5
    8   15    9   11    5
    8   23   12   10    3
   24   20    5    5    3
    8   19    6    9    7
    8   14    2    8    5
    3    3    3   11    9
   14   14    9   12    8
    8    4    9    2    7
   22    7    8    1    8
    9   14   11    6    5
    3    2    7    8    3
    6   14    3    8    7
   14   25   11   11    6
    2   10    1    7    7
   12    6    7   11    7
    4   20    6   12    3
   28    5    3   10    7
   23   30    2    1    6
   14   16    2    2    7
    5    4    4    4    8
   27   10    4    6    2
   18    4    7    4    4
    1   10    6    6    5
   17   30    6    7    7
   13    9    3    9    4
    4   13   10   10    5
   30   26    8    7    6
   29    4    7    7    3
   17    4    1    7    5
   26   26    2   11    6
    1   30    7    9    4
   17   14    1    4    5
   10   19    8    2    4
   27    5    9   12    7
   30   29    2    3    3
    5   15   10   12    5
   15    6   12    7    5
    6   19   10    4    6
    9    2   11    8    4
    2    4    8   11    5
   18    5   12    8    4
   20   12    5    6    5
    8   25   10    1    2
    2    8    4    9    6
    8    7    3   11    7
    4   16    6    3    5
   22   15   12    4    4
   25   13    3    9    5
    5   20    9    1    4
   24   11    4    8    8
   12   30    4   12    6
   21   22   11    1    4
   30   13    4    8    6
    4   23   11    7    5
    1   24    1   10    7
   11   30    1   12    6
   22   16    3    5    5
    5   22    4    8    6
   28    1    2    7    8
    8    3    7    2    7
   10    8   11    3    5
    3   20    1   12    4
   19    7    5    9    6
   25   23   10   10    7
   16   16    1    8    4
   11    8    9    1    5
   20   25    8    6    5
   13    2    5    9    6
   30    6   12    8    3
   26   19    4    3    7
   10   26    7   10    6
   12   26   10    4    5
   10    3    1    9    8
    6   10   11    5    3
   27   20    1    5    3
   19   15    3    8    7
   29   26    8   10    6
   21   12    3    3    8
    4   25    8   10    7
    3   21    2    8    6
    8    1    9   10    8
    4   24   12    1    8
   14   28   11    2    3
   20   29    4    8    4
   24   24   12    5    4
   25   25    7    5    2
    6    7    3    4    4
    3   23    1    1    5
    4   19   11    9    7
   10   12    2    8    3
    4    4    8    6    7
   11    9    8   10    4
    9   23    6   11    3
   11    4    5    1    8
   23   22    1    7    6
   11   19    5    3    5
    1    6   11   11    3
   29   22    4    4    4
   28   20   10    7    4
   17    5    8    3    3
   28   19    6    6    7
    1   21    5    5    2
   23   26    6    4    4
   21   30    9    6    3
   21   20   12    3    6
   25   22    3    4    6
   29   14    8    1    3
   22   20    3    7    3
   19   18    1   10    4
   25   24    2    9    5
   15    4    8   11    4
    7   14    8    9    3
   15   29   12    5    3
   17   16    1   12    3
    8   20    5    5    3
   23    2    4   10    6
    2   16    8    4    5
   12   22    8   12    3
   10   28    1    5    4
   25    5    6   10    5
   30   30    4    8    7
   20   17    9    4    6
   29   24    6    9    3
   25   10    5   12    3
   16    6    2    6    6
   26   21    7   12    6
    9    9   12    1    7
    9    6   10   12    3
    5   19    9    3    6
   17   13    6    3    8
    4   22    4   12    6
   11   29   10    7    4
   18    1    8   12    3
   11   10    5   11    3
   20    7    7    3    3
   22   10    1    6    5
    9   28    6    4    3
    1   13    1   10    5
    2   19    3   12    5
    2   24    7    8    6
   23    6    9   11    8
   12   19    4    1    5
   25    7    3    7    6
   26    3    8   10    3
   27   15    7    4    4
   20    9    7    9    5
    6   21    2    1    8
    4   12    2    8    5
   27   28    8    5    4
   10    9   12   12    6
    7   17    4    8    4
   25   19    2    2    6
   16   26   11    6    5
   29   17    5   10    6
    1   19    1    8    5
   26   13    6    1    4
   13   28    3    8    3
   13   23    9    3    5
    3   12    6   12    4
   25   29    1   11    7
   27   27    8   12    7
   16    8    6    5    6
    5    7   12   12    7
   24   26    2    2    4
   26    9    9    9    4
   23   11    4    8    5
    1   15   12    1    6
   27    7   10    3    6
    6   27    5    2    6
   23   27    9    7    4
   17   26    9    2    6
   17   17    2   10    7
   17    2    2   11    5
   26   22    4    2    4
   26   14    8   11    7
   23   10    1   10    3
   26    8   11    6    4
    5    5    3    8    8
   30    2   11    2    6
   18   17    9    4    7
   29   23    5    1    4
    5    3    2   12    9
   29   16   11    2    8
   18   11   12   11    4
    2    2    3    1    7
   22    3    6    4    5
   14   12   11    5    3
    5    2   11   10    4
   21   21    8    1    7
   11   28   11    4    7
   11   25   12   10    4
   16   19    3    5    5
   16    1    2    5    6
   18    8    7    7    6
   18   18    9    4    6
   25    9   12    7    3
   27   22    6    1    3
   10   15   11   12    7
   18   28   12   12    4
    6   28    8    8    7
   27    3    5    9    6
   22    6    4    7    6
   23   21   10    7    4
   24    5   12    8    4
   18    2   11    2    6
   27   25    4    2    7
    8   28    3   12    4
   29   12    7    3    5
    7   23    3   11    5
   30   22   12    2    6
   27   21   12   10    5
   18   15    9    1    6
   16    3    2    5    6
    7   24   12    5    7
    6    2   10    5    4
   11   11    7    5    7
   15   24    1    8    7
   30   20    3    3    6
    1   23    9    9    4
    9    3    2   10    5
   13   19    1    7    5
   11   20    1    6    4
   12   24    6   11    5
   20   13    2    4    5
   10   17    3    8    4
   21   29    2    9    4
    8   24   11    8    7
   19   30   11    5    6
    4    9   11    4    6
    5   29   10   12    5
   22    9   10    3    4
   17    8    3    2    5
   17   15    3    7    6
    5   30    6   12    4
    1    1    8   10    6
   13   15    7    5    3
   18   29    7    1    4
    4   21    2    1    6
    3    4   11    8    4
    7    9    9    4    4
    6   26    9    4    6
   15   26    6   10    5
    9   21   11    2    4
   21   18   12    3    7
    4    6    5   11    3
   23   24    7    7    5
   28    3    9    3    4
   30   28    8   10    3
   15   20    6    3    4
   27   14    2    2    5
   11   27    4   11    6
    7   28    9   11    3
   17   27    5    3    7
   28   21   12    3    3
   13    3   11    5    5
   15   30   12    2    5
   16    7    3   11    3
   14    1    5    9    8
    2   14    9   12    7
   16    9    1    2    3
   18    7    3    9    5
   13   22    9    1    3
   24    3    1    9    7
   24   10    7   12    6
    7   21    4    9    3
   11    5    6    5    5
   26   20    8    1    3
    1   27    8    4    4
   23   16    5    8    3
   26    7   10    7    7
   23    5    2    1    4
   24    6   12    5    4
   29    8    9    2    3
   14    4    6    4    3
   17   11    6    7    5
   14   22   11   11    4
   24   19    2   11    3
   28   12    5    3    4
    1    3    9   11    6
   25   15    8   11    4
   21   17    8    6    7
   18   25    7    2    3
   29    1    3    1    3
   17   25    7   12    4
   12   12    7    8    8
   28   16    2   11    5
   12   27    2    4    6
   30    8    8    4    3
   18   12   11    5    3
   19    3    2    2    4
   12   17   10    4    5
   23   20   11    2    3
    3   11    7    8    7
   21    8    6    3    8
    8    9    6   11    6
    5   14   11    7    4
   29   13   11   10    6
   20   20   12    9    7
   22   19    3    7    6
   26    5   12    3    3
   24   21    2    6    6
    1   17    9    2    4
   15   15    6    7    7
   13   27    6   12    4
   10   30    8    3    7
   29   28    6   12    3
    7   10    7   10    4
   26   28    4   11    3
   26   11    9    6    5
   16   27   12    7    3
   24   13    1   12    6
    3   30    6    6    3
   16   21    6    7    3
   30   27   10    9    4
   17    9    7    2    3
    6   29    2    8    2
   10   10    9    2    8
    7    4    5    9    7
   11   21    6    9    6
   18   22    4    7    6
   25    2    7    1    7
   18   14    3    9    6
   22   17    4   11    5
   24   27    5    3    3
   14   21    9    9    2
   15   23    3    3    4
   29   29    2    7    5
   17   19    2   11    5
    2   21   10   11    5
   25   12    9    6    6
    9   12    7    8    3
   25   21   12    4    4
   24   28   12    6    5
   13   11    9    1    4
   27   19    3    4    4
   15    2    1   10    4
   15    9    5    7    4
   11   16    3    5    3
    9   30    1    7    5
   26    4    2    5    6
   16   30    5    9    6
    1    4   11    2    4
    9   27    5    6    4
   17   28    2    6    6
   30    7   11    9    5
   24   17    3    7    4
   15    3   10   11    3
   23   17    7    2    4
   30   25    2    9    6
   14   23    4    3    6
   14   24    2    4    5
   19   19    9    3    6
   14   30   12    3    6
   15   14    3    4    7
   20    1    3    1    4
   20   18    9   11    4
   28   22    6    3    6
    7    2   12   10    6
    6    3   11    7    3
   18    6    7    7    5
   12   11    1    8    4
