    9   18    6    2    6
   13   13   12    7    7
   27   10    9    9    1
   13    3   12   10    7
   22   19    1    4    4
    1    5   12    8    4
   17   11    8    6    8
    4   14    1    2    8
   19    3   10   10    9
   25    9   12   11    7
   21   30    6    9    6
   17   14    7    8    5
   15   11    1   12    6
   16    3    1   10    6
    6    4    3    2    5
    7   10    8    1    7
    9    6    7   10    4
   29    6    6    7    8
   24   25    2    6    5
    8   25    5    2    3
    2   30    5    7    8
    1    6    7    2    3
   30   30    8    1    7
   26    4   10    1    6
   17    6    2    6    4
   12    8    4    2    4
    3   26    9    9    3
   18    7    7   12    3
   21    1   11   11    3
    1   11    6    1    7
   17   20    4    6    4
   18   26    8    3    5
   12   30    9    6    4
   21   19    6   11    6
    9   21    5    3    4
   26   22    2    9    4
   23    4    4    3    4
   29    8   12    5    4
    7   20    1    7    3
   11    5    7    8    4
    6   21    1   11    5
   15   29   11    6    5
    5    5    7    4    9
    5   17   10    1    4
   25    6   12    8    1
   30   19    4    3    2
   29   29    3    1    1
    6    8    3    8    2
    2   23    7    6    1
    7    7    8    5    4
   15   12    1    1    4
    8   24   10    7    3
   19   14    7    3    3
   26   20   12    1    6
   27    1    6    4    5
   10   26    3    9    4
   12   27    8    2    6
   22   11    1    4    2
   22   13    6    7    2
   28   23    1    9    5
   20    8   10    1    4
   23   30    3    1    4
   23    9    8    1    4
   28   19   12   11    4
    5   15    3    2    7
    3    9    8    9    5
   14    9    5    5    4
   29   24    2   11    2
    1   24    4    2    6
   24    4   12    2    6
   23   23    2    7    7
   20    1   12    8    6
   28    1   12    7    4
    1    8    3    2    3
   28   21    6   11    6
    9   16    7    9    2
   30   26   12    8    2
   10    4    7   11    2
    6   10    2    4    4
   24   15    1   12    1
    6    3    8   10    1
    2   16   10    4    1
   12   29    9    4    3
   10   18   10    2    3
   29   13   12    5    6
   12   10   12    6    5
   21   16    5    9    4
   10    1    7    8    6
    5   26    5   10    2
   14   23    1    7    2
   10    5   10    6    4
   12    4    7    4    6
   27    9    5   11    3
   16   22    3   10    2
    9    9    3    2    7
    5   28    3   11    6
   24   14    7    7    4
   30   15    4    1    3
    9    5    2   10    3
    6   18    5    4    3
   16   16    8    1    2
   30    9   12    3    2
    6   13    9   10    2
   22   29    5    3    3
   18   27   10    5    7
    2   12    1    4    7
   12    6   11    6    6
   20   18    9   12    6
   28    9    5    3    7
   24   28    1    9    2
    2   20    4    1    3
   19    5    6   10    3
   27    7    5    9    6
   21   26   10    2    4
   16   29   12    8    4
    1    9    7   11    4
    9   24    4    9    3
   16   15   11   10    2
   16   23    5    6    2
   12    1    7    7    7
   22    1    2    4    6
    1   18   11   11    2
   14   27   11    9    1
    3   22    2    5    2
   10   14    5    5    3
   11   28    2    2    2
   19   17    3    7    7
   13   19   12   12    6
   25   23   12    4    8
    8    3    7    4    8
   14   28    5    2    6
   11   27   12    3    2
    5   29    3   10    5
   12    3   12    5    2
   18   13    6    1    5
   12   20    8    7    4
   20   11   12    5    4
   14    8    3    4    4
    4   30    6    5    2
   24   26    6    9    6
   18   16    6    3    5
    3    1    1    2    4
   29   11    3    5    7
   19    7    5   12    7
   13    8    8    5    7
    7   22   12    2    5
    2    7   10   10    3
   12   22    6    1    4
   17    3    6    6    3
    8   19    7   11    3
    4    4   10    6    8
    3   20   12    2    4
   10   13    1    4    4
   15   10    5   11    6
   10   19    8    8    2
    4   18    3    7    4
    1    7    4    6    4
   26    1    5    4    2
   17    1   11    3    6
   21   18   10    1    2
   25   22    7    9    3
   18    5   11    7    3
   10   10   11   10    2
   25   28   11    2    3
    6   24    5    1    3
   18   25    1    5    3
   15    3    2   12    3
   21   29    9    3    1
    9   26   11   12    9
   16   28   12    4    4
   18    3    2    8    2
   10    9    3   12    2
   21    7    3    3    2
   27   26    3    8    2
   26   16    8    7    8
   15    8    9    4    6
   17    9    8    4    4
   26   11   10   11    5
    2    1    6    9    7
    4    1   11    7    7
    8    5    7    2    6
   10   24    2    4    2
   27    5    3    8    2
   13   27   11    8    4
   30    3   12    6    4
    8    2    4    2    4
   18   29    1   10    8
   21   20   10    3    6
   29   26    6   11    6
    2    4    6   10    7
   24   24    1    9    9
   24    5    1    9    9
   14   14    9    1    6
   15   22    7   12    4
   10   30   12   10    2
    4    7    1    9    4
   26   19    4    1    2
   19   23    7    3    2
   20   22    1    6    2
   29   27   10   12    3
   16   30    7    4    6
    1   16    1    9    6
   16    4    8   12    9
    3   24    2    8    2
   29   23    9    7    7
   16   20    7    2    6
   13    7   11    2    4
   19   19   10    3    8
   19    9    2    1    6
   16   10    4    8    2
   21   10   12    7    7
   13    2    5    9    6
   11   25   12    7    4
   13   16   12    8    7
   21   21   10    5    8
    2   27   12    8    6
   14   11   11    3    6
   11    9   11    6    3
    5    3    6    5    9
   27   25   10    5    7
   16   19    8   11    6
    3   10   11    7    3
   27    3    9    3    6
    6    6    1   10    6
   28   10    9    4    4
   11    4    2    4    6
   11   21    9    4    5
   13   24    4    5    1
    4   21    4    6    6
   25    3    2    9    4
   22   17    1    8    3
    9   15    9    4    7
    4    8    4    9    6
    2   17    5    2    4
    4   27   12   10    5
   26   28    3    1    4
   23    1    9    7    4
   22    5    7    7    4
   18   14    6    5    3
   16    5    1    2    6
    1   25   12    1    6
   12    9    5    4    5
   26   12    3    4    5
    7   15    8    3    4
   27   16   11    5    3
    9   20   10    1    2
   14   12    3    1    7
   26   14    8    1    6
   28   28    5   12    4
   29    9    6    1    7
   25   19    9    9    4
   13    5    9    4    6
   29    3    9    8    2
   13   12    5    3    1
   25   16    9    2    4
   23    8    4    4    7
   20    4    1    3    6
    1   14    6    2    6
    8   22    6    8    7
   24   11    4   12    6
    8   11    9   10    7
   22   27    1    9    4
    5   23   11    1    4
    8   16    9    7    8
   28   29    6    8    4
   21   22    2    8    6
   23   22    1    6    6
   28   30    2   11    4
   14   13    5    9    7
    4   15    1    9    6
   12   28   11    5    4
    2   15    8    6    2
    5   25   11   11    7
    6   22    7   11    1
   24   17    6   10    3
   19    4   12    4    8
   18   18    3    7    4
    8   10   11   10    9
   30   14    8   10    7
    2   26    6    3    3
   14   16    9    8    7
    1    1    5    3    8
   20   24   12    2    4
   14    6    8    9    6
   20   19   12    6    4
    7   16    4    4    7
   26   26    3    7    6
   25    2    9    8    5
    9    2    9    1    4
   17   26    1    9    2
   15   27    4    1    9
   17   12    9   11    4
   27   21    2    4    8
   21    8    5    6    6
   26    6    1   11    3
   24   18   11    8    4
   11   19    6   12    6
   13   30   11    3    3
    3   21   12    4    5
    9    8    5   11    8
   23    3    9   10    4
    5   20    1   10    3
   24   27    7    1    6
    6    7    9    7    6
   17   23   10    9    4
   24   22    3    3    7
   29    2    1   11    2
   24   12    6    8    4
   22   28    1    4    6
   26   25    2    9    6
   13   25    5    6    4
   15   13   10   12    4
   14    7    3    1    4
   30   11    1    2    6
   25   29    1    7    3
    1   15   10    7    7
    7   29    7    5    1
    7   12    6    9    4
   17   18    7    8    3
   23   24   12   12    6
   15   14    7    4    6
    2   21    7    1    7
   27   28   11    8    9
    4    3   12    3    8
   30   29    5    7    1
    2    2    2    3    7
   13    9   10   12    3
   20   25    7    1    2
   26    8    1    6    4
   23   12    8   11    5
   20   20   11    5    3
   25   25    7   12    6
   11    6   12    8    3
   18   30    7    7    9
   25   12    9    9    4
   27    6    2   11    5
    9    7    5    3    6
   28    8    7    4    4
    4   29   11    1    2
    2   18   12    6    3
   11   16    1    8    6
   12    5    6    9    4
   18   15    6    4    6
   20   27    8    1    3
    3    7   11    5    5
   23   13   10    6    4
   15   20    6    2    7
   10   11    6    7    2
   28   20    3    2    8
    3    3    9    7    8
    2   28    5    9    5
    2   10    5    3    2
   30    6    2    3    6
   20    6    4    4    3
   13    1    7    2    6
   25   14    8    5    3
   22   22    5    8    5
   16   24    4    6    4
    9   22    2    5    2
   27   23    6    2    4
   14    3   12   10    2
   23    6   12    2    5
   20   23   12    4    6
   14   20   12    4    6
   12   19    4    7    3
   28   15   10    6    7
   28   18   10    4    7
   11    7   10    4    5
   30   17   10   12    4
   12   12   12   10    9
   24   21    6    8    5
   26   15    7    6    7
   11   12    7   12    6
   27    8   11    6    4
   21    5    1    2    6
    4   13    6    5    6
   20   29   12    2    6
    5    6   10   12    5
    5   14    9    6    3
   27   19   11    2    7
   25   15    3    4    6
    7    5    6    6    4
   22   14    2    4    6
    4   22    8    8    6
   30    8    2   11    2
    7    8    5    6    6
   21   13    4   11    7
    4    5    9    6    4
   21   14    2   11    6
   18   23    3    5    4
   17   13    1    3    4
    9    4   11    7    4
   27   27   11    2    5
   19    6   10    5    6
   26    7    5    2    2
   30   24   11    7    3
   29   10    1    2    2
   18   22    2    8    4
   27   30    5    2    6
   11   13    3    8    7
   15   19    3    4    4
   20   10    5   12    5
   21   25   10   11    4
   12   16    8    5    6
   11    3   11   12    6
    2   11   12    5    7
    4   25    5    2    3
    8   17    7    6    7
    8   18    3   11    2
   28   17    5    3    6
   13   28   10   11    4
    2   24    7   12    6
   23   15   11    1    1
    4   28    2    7    2
   24   19    3    1    2
   23   21    1    2    3
   25   10   11    6    2
    7   24    2    9    6
   19   29   10   11    7
   30   25    4   12    7
   19    1    8   11    7
   19   18   12   11    4
   25    7    6    9    4
   28    3   10    9    4
   17   17    8   11    6
   18   12    2    7    7
   13   20   12    5    4
   23   11   11    8    8
   20   30    4    2    8
   28    7    7   10    7
   30    7   10    9    6
   17   21   11   10    6
   11   11   10   11    7
    7   17   10    6    3
   23    7   10    5    4
   26   13    6   12    4
    6    2    2    9    4
   30    1   10    4    3
   22   30    1    7    6
   17   16   11   12    6
   15   17   12    6    4
   26   23   10    4    8
   22    2    5   12    4
   28    6    1    5    4
    5   30    8    5    4
   12   21    8    9    9
   17   29    4    2    4
   11   18    7    5    7
    8    8    5    7    6
    2   19    7    8    6
    1   29    5   12    2
   23   10   12    2    3
   17   27    4   12    2
   17    4    2    1    2
   21   15    8    2    6
   10   17    5   10    4
   16    6    8    9    2
    3    2    5    3    6
   10   22    9    8    6
   15   15   11   12    5
   29   14   10    2    5
    6   15   10    8    3
   25   17    1    4    2
    2    5    8    8    4
   14    2    6   11    4
