   18   26    1    5    8
   23    9    6    3    7
   18   19    3    3    6
   21   23    1    1    5
   28   27   10   12    4
   18   16    3   10    9
   28   30    6    7    7
    6   26   11    7    1
   11    6   11    5    7
   23   17    3    3    9
    1   23    6    4    9
   20    1    9   11    8
    6    1    1    2    7
   16   14    1    6    1
    3    5    3    9    7
    4   29    7   10    8
   13   18   10    4    9
   24    9    3    6    7
   27   29   10    9    1
    8    6   11    1    1
    9    3    1    4    7
   30   23    9   12    9
   27    6    9   12    9
   26   30    9    2    8
   27   12    1    6    7
   12   26   10    8    2
    9   20    3   10    6
   20   28    1   12    1
   13   30    6    3    1
   12   10    1    5    2
   25    8    7   10    7
   27   16    5   10    9
    4   27   12   11    7
    2    4    8   12    7
    4   19    6    3    7
    8   17    1   10    6
   19    6    9    6    3
   22   28    5    7    7
   10   15    5   12    6
   20   23    7    1    4
   16   29    6    3    3
   26   11    7    6    5
   18    3    8    3    7
   13   20    6    5    1
   19    1    7    6    8
    2   11    2    7    7
    8   18    5    7    6
   20   30   11   12    7
   17   16   12   10    8
    1   16    9   11    7
   15   27    4    3    9
   19   23    6   10    8
   23   12   12    4    9
   19   26    6    3    7
   20   16   12    4    4
   18   18    9    6    8
   18   15    1   12    5
   30   30    3    8    9
    3   21    5    4    7
   25   13    4   12    2
    5   15    4    1    9
   25    3    2   11    3
   25   19    1    6    2
    2    9    5    9    1
   12   20    3   11    1
   14   29    8    2    1
   26    4    4    6    3
    1   25    9    5    1
   13   21   12    4    3
   18    1    6    5    7
    6   16    7    8    1
   15   30    7   10    1
   23   15    1    2    1
    2   10    8    2    7
   23   14    7    3    5
    8   22   12    4    5
   14   22    1    2    1
   28   28    7    9    9
    7    9    1   12    7
   22   22   10   11    8
   15    1   11   11    6
   13    4    4   11    7
    4    3    3   11    9
   25    4    3    4    8
    2   30   12   10    7
   30   11    3   12    3
   13   19   11   10    7
   12   24    3    8    7
    4    4   10    8    9
   11   12    3   10    9
    7   17   12    2    7
   13   22    6    1    3
   11   15   10    1    8
   15   24   11    8    8
   13   13   11    4    9
   17   17   12   10    7
   11    5    2    7    6
   17    6    4    6    4
    8   10    5    7    7
   18   23    9   12    6
    5   26   11    5    5
   14   14    4    9    9
   22    2    4   11    4
    2   17    5    2    5
   11   22   11   12    8
   11   27    5    8    1
    6   13   12   10    1
   19   29    1    2    6
   16   28    1    7    1
   17   11   12    6    1
   16   25    9    8    1
   28    7   12    7    1
   21   20   12    2    5
   28   21   10   12    1
   16   13   12    9    8
   20    3    4    6    1
    4   23    3   12    1
    8   28   10    1    1
    3    8    7    6    7
    1    1    4    7    6
   19    3   10    6    8
   28   29    9    7    4
   25    7    5    6    4
    5    5    6   12    9
   28   26    7    2    4
   24   10    6    4    3
   24    5   11    2    6
   16    9   10    6    3
    6   23    4   11    9
   21    2    9    9    5
    4    7    5    8    4
   10   26   11    4    6
    5    1    7    2    4
    3   22   11    6    7
   11    8   12   10    6
   15   29   12    7    8
    9   10    2   12    8
    7    1   10    8    7
    7   12    4    9    4
   14    6   12    5    3
   24    6    7    6    2
   12   14   10    3    2
   25   25    7   10    9
    4   22    1   10    7
   25   27    5    6    6
   29   29    9    1    7
   29    3   11    3    8
   21   25    4    6    7
   13   12    3   11    3
    1   26    4    3    6
   10    5   11   10    4
   19   10    6   12    3
   21   17    4   10    7
   30   27    7    6    5
   29   20    8    9    3
    9   19    3   11    5
    7   10    6    1    7
   14   30    3   10    9
   23    8    9   12    7
   22   29    6   12    4
   13   28    9    5    3
    8    1    4    3    3
    9   26    3    6    3
    6    7    8    9    2
   21   21   11    8    9
   29   25    6    2    7
    1   24    4    2    4
    4   30    6    6    6
    9   12    8   10    2
   23   11    5    2    1
    5   13    4    3    6
    2    3    7    9    3
   12   19   12   12    6
    9   18    8    4    7
   11   19   12    4    6
    3   13    7    9    4
    9    4    9    6    3
    1   29    3   11    5
   24   18   10    7    5
    4   10    7   11    2
   10   25   12   10    2
   15    6    7    6    3
   16   16    2    8    9
   11    9    9    7    7
    7   21    1    3    6
   20   19    8    6    3
    5   23    2    9    8
   10   20    7    8    4
   25   24   12    9    6
    8   24    2    5    7
   15   13    6    5    4
   27   18   12   10    3
    3   30    7    6    2
   12   17   12    6    1
   16   12   11    8    1
    5    9   10    6    3
   20   24   11    3    1
   24   28    7   12    3
   16   19    2    9    1
   13   26    6    5    1
   15    2    9    2    1
    2   18    4   12    2
    9   14    5   12    2
   18   20   11    3    2
   20    6    1    9    2
    5   16    1    6    1
    4   16   12    7    4
    4    1    2    7    3
    9    9    1    3    9
   27   23   11    3    1
   20   11    2   12    1
   22   23   11   11    1
    3   16    5    9    3
    4   11    3    5    7
   19    5   10    2    6
   24   27    3    3    1
   26   29   12    2    6
   23   13    2    3    8
   10   11    3    8    6
   17   18    1    1    7
    7    5    4    4    9
   29    7    1    8    7
   22   15    3    5    2
   26    7    3    4    4
   19   24    7    1    3
   10   30    6    3    2
   27   13   11   11    2
   20    4    5   10    2
    2    7    5   12    4
   27   19    9    4    2
   24   29    5    8    1
   13   29    9    9    5
   14   15    1   11    3
   19   30    9   11    6
   13    9    7   12    4
    4   28    6    6    6
   13   17    4   11    7
   24   24    1   11    7
    5   28    4   10    5
   30   25    1    7    7
   21   10    1    4    4
   18   29    8    9    3
   29    5    4    3    6
    7   14    1    5    3
   11   14    3   11    8
   25   26    3    3    6
    9   15    5    7    4
   10   29    1   12    7
   10   14   11   10    7
   25   14   10   11    6
   10   17    2   12    7
   17   27    3   11    7
   15   28    4    6    8
    8    2   11    8    4
   14    4    3    6    3
   15   20    4    3    2
   24   22   10    3    7
   22   17    6    3    7
   15    7    1    8    6
    2   26   11    3    6
    6   21    5    7    3
   30    8    4    3    3
   10   27    9   12    2
   16   24    1   10    1
   27    2    9    6    1
    9   27    1    3    1
   15    3   11    6    5
   30   17    9    8    8
    8   15    4    7    3
   22   30   11   11    2
   28   25    4    5    1
   14   17   10    2    9
   13   11    4    6    7
   17   25    3   10    6
    2   12    4    4    7
   17    4   12    7    4
   29    9   10    2    2
   11    1    9    7    7
   22    6    2    1    3
   23   26    9    1    6
   18   21    4    6    7
   11    7    6    1    4
   30    5    9    1    4
   27   27    6   11    6
   20    7    5    6    4
   22    9    8    9    3
    1   10    9   11    6
   24   26    5   11    3
   28    3   11    8    2
    2    1    1    3    4
   28   14    2    7    3
    7    7   12   10    2
   23    7   12    1    2
   15   26   11    9    1
   10   16    4    3    1
   15   15   12    3    1
    7   24    3    4    3
   14    1    4    6    3
   22    1    8    7    6
   26   21    5    5    6
    3    7   12    7    8
   30   21    2    3    6
    3    3    3    8    7
    5   27    9    7    1
   14   18    3   10    1
    4   15    3   11    6
   18    4    7    6    2
    3    6    1    7    3
    6   18    1    3    2
   12   12    5   10    8
    6   29    5   11    3
   25   23    8    1    3
    2   14    3    9    7
   10    3   11    6    6
    2   23    2    4    8
    7   16    2    9    6
   24    4    7    9    5
    2   28   12   11    2
    6   25   10   11    1
   10   13    2   10    6
    1    3    9   10    4
   29   17    2    6    6
    4   21    1    9    4
   28   19   12    8    6
   18   28   10    9    8
   15   12    3   12    1
   20   17    6    1    2
   16   30    9    3    3
   27   21    1    9    1
    5    4   11   12    3
   14   21    9    1    9
   19   17    2    1    8
    2    6    6    1    7
    5   25    6   11    6
   28   11   10   10    1
    6    6    4    7    3
   13    1    7    5    3
   29   11    8    1    3
   11   18    5   11    1
   12    8    2   10    2
   17   28   11    1    7
   30   12    7    3    3
   21    9    2   10    2
    1   12    1    5    9
   23   28    7    5    8
   18   30    6    1    7
   11   11    3    5    6
    2   20    8    5    7
   20   20    4   10    7
    6   12   12    3    6
    8    8   10    7    9
   22   16    6    3    4
   26   22    6    3    7
   20    8    6    5    4
   27   26    1   11    7
    3   27    9    3    3
   26   20   12    6    3
   28    1    8    6    4
   13   24   10    3    6
   15   17    8    7    3
   23   29   12    5    3
   16   11    9   12    8
   26   16    1    5    6
    6    5    6    8    4
    2   19    2    5    7
   27    8    6   11    4
   29    8    1    7    3
    2    2    5    8    9
   26   17    2    2    8
   22   10    1    2    6
   12    3   11    9    4
    5    2   12   10    5
    3   14   12    9    3
   16    8   11   12    6
    2   25   11    3    5
   16    2    4    8    4
   21   12    1    4    8
    8   13   11    8    7
   26    3    1    6    6
   11    3    1    1    7
   13    2   12    5    4
    6   28    2    2    3
   28    9   10    1    1
   19   21    4    5    6
    8    5   11    9    7
   10   10   10    4    2
   11   25    2    3    1
   18   10    6   11    7
   14   24    6    1    6
   19   19    3    8    8
   11   21   10    6    7
    1   17    9    3    4
   30    6    9   12    5
   12   29    4    9    1
   19   14    7    5    5
   28   10    9    9    3
   22   20   11    8    1
   21    5    4    9    5
   21    8    3    7    7
   12   22   12    9    8
   19   22    1    7    4
   14   26    9    1    5
    8   26    2    5    4
   20   25    8    7    5
   24   11    2   12    7
   15   21    9    7    3
    7   27   11    8    3
   26   26    5    6    7
   24   17    5   11    1
   12    4    8    2    1
   18   12    1    9    1
   16   23    5    5    3
    8   14   11    2    4
    5   22   12   12    5
   23   23    8    6    6
   18   25   10    2    7
    9    1   11    7    7
   27   22    7    4    8
   18   22    2   11    4
   17    9   11    2    3
    7   13   10    1    8
   30    1    6    9    4
   22   25   11   10    1
   19    8    5    5    7
    8    4    5   10    8
   20   14    7   12    5
   15   16   10    8    3
   24   30   10    9    3
   29    2    1    5    6
    5   18    8    2    5
    7   19    6    2    3
   22   21    4    5    5
   24   23    6    8    6
   25    9   10    8    3
   20    5    5    7    3
   12    5    2    7    2
    9    8    8    3    3
   21   24    2    7    1
   25   15    2    6    1
   13   14    5    4    8
    5   17    4    3    7
    9    6    5    2    1
   28   12    4    8    5
   23   10    5    2    7
    9   30    3    1    3
   18    7    9    9    4
    7   22    6    3    9
   30    7    9    3    8
    6    4    3    5    5
    3   24   10    6    4
   15   19    9    6    7
   24    2    5    9    1
   16   21    7    4    7
   10    6    1   11    3
   17    3    2   12    2
   25   12   12   11    3
    3   23    9    9    5
   27   20    4    6    3
   29   30    1    4    7
    7    8    7    8    8
   27    1    6   10    7
    5   14    5    2    2
   21   29   10   12    1
   21    1   11    6    1
   14   27    1    5    4
