    5   11    8    5    4
   30   12    8    3    1
   10   21    9    7    2
   21   27    1    6    2
   12   26    5    6    2
   17   17    6    2    7
   20    3    7   11    2
   26    2    9   11    2
   10    6   11   12    3
   28   18    5    2    7
    6   28    2   12    5
   23    9   11   12    1
    6   29    3    1    1
   24   23    5    2    1
   17    7    9   11    2
   14    8    6   12    1
   28   30   10    8    1
   13   10    5   12    7
   25   13    5    1    6
    5   20    4   12    2
   28    8    2    6    8
    6    6    2    8    9
   24   18   10    7    8
   13    4    1    8    7
   16   24    8    8    6
    9   26    7    3    7
    6   23   10    8    6
   28   12   12    5    5
   14   21    2   10    5
   23   18   11    6    1
    2    9    7   12    9
   25   25    3    2    3
   27    8    7   12    1
    7    4    5   10    8
   13   27   10   11    4
   10   16    4    9    2
   23   10    4    1    6
    2    2   12    3    9
   23   12    9    8    4
   24    9   12    9    3
   16    2    9    3    5
   18    8    9    5    3
    5   19    7    6    8
   21   18    6    2    5
   28   15    7    5    4
    9   27   11   10    7
   15    7    3   10    3
   10   10    2    9    8
    9   16    9    9    3
   19   17   12    8    7
   19   12    8    9    5
    6    8   12   10    1
   12   13    5    9    2
    1    9    8    2    3
   30   30    2    7    7
    3   14    9    8    7
   30    9    1    2    1
   24   13   12    2    8
    4   25    4    3    7
   25    1    9    6    8
   18   17   11    4    8
    8    1    3    2    5
   26   17    1   11    9
    2   23    3    3    2
   22   10    7   11    2
    3   13   11    1    5
    6    5   11    1    1
   22   19   12    1    5
    1   14    1    3    6
    8    3   10   10    9
    6   15   11    8    1
   19   15    5    1    9
   23   14    8    8    7
   16   14    8    3    4
    9    8    3    6    5
    5   25    8    4    6
   15   15    7    9    8
    6   14    9   11    5
   26   15    2   12    6
    5   17    9    9    1
   29   20    6    7    7
   14    5    1    4    3
   28    4   12    2    3
   25   19   11    7    8
   28   25   10   10    1
   30    1    7    3    6
   17   24    2    2    6
    4   15   12   12    3
    6    4    4   10    7
   27   28   12    7    6
   12    9    9   10    2
   11   13   10    5    7
   22   28    5    3    9
   13   29   11   10    5
    8    8    5   12    8
   28   26    5    7    5
   25   15    6   10    6
    4   11    3    6    6
   23   19    2   12    3
   17   20    2    4    8
   19    4    3    6    8
   12   12   11    9    8
    7    7    4    8    7
   21    5    2   12    5
   25    7    1   10    6
   26    3    8    7    6
   18    1   10    2    8
    1   29    8   10    6
   26   21    7    5    4
    2   18    6    4    5
   20   19    5    8    1
    6    9    9    6    2
   28   13    9    6    1
   16    3    9    5    6
   14   13    1    7    6
   21   15    5   11    2
    9   21    3    4    5
    7   29    9    1    1
   12    1    8    4    2
    8   16   12    3    1
   27   11    1    3    1
   17   22   12    9    1
   27   12    6    6    6
   19   30    4    5    8
   15   12   12    7    3
   14    9   11   11    2
   18   12    5    3    3
   22    9   11    3    1
   28    3    9    7    1
    5   30    4    6    6
    5   12    8    9    6
   25    6    8    4    4
   20   23    4    2    5
   13   15    9    7    8
    4   30    5    8    6
   28    9   12    5    1
   20   20    7    5    8
    8   21    3    6    7
   30   17    8    7    5
    7    8    3    7    5
   21    7   11    8    4
   27   25    1    6    9
    1   17    7    3    8
   29    4   12   12    1
   28    1    3    5    9
   13   19   10   12    9
   29    5    5    5    8
   17   27    1    5    8
   23   27   11    8    7
    9    9   12   11    9
   27   15    7    7    7
    9   15    7    1    8
   17    9    7    7    3
   15    8    3    2    7
   24   12    3    1    4
   20   14    6    3    9
   20   11    5    6    4
   24   24    1   12    5
   10   30   10   10    2
    1   19    6    2    9
   18   15    4    2    9
   19   24    2    6    8
   10   26    1   10    2
   20    6   12    2    1
   28   23    1    8    9
   17    3    6    7    7
    4    1    6   12    3
   13   21   12   11    1
    3   11    7    4    5
   28    7   11    4    5
    7   12   11    5    5
   11   26   11    8    6
   26    7    1    8    5
    3   18    8    1    2
   16   16    6   10    8
   24   25    2    4    7
    8   20    6    4    3
    7   10   11    1    4
   24   29    6    5    2
   21   28    2    3    6
   25    3    8   10    3
   25    9    7    6    3
   29   19   11    1    4
   16    1    5    6    6
    1   22   11    6    4
   15   16    2    4    3
   14   10    6   10    1
   14   26    9    1    6
   11   12    7    3    7
   26   24    4    3    6
   11    1    5   12    6
    9   11    2    1    3
    3    3    5    2    3
   22   21    7    9    3
   30   18    7    7    7
   30   23    3   10    2
   26   30    9    7    9
   18    9    5    2    8
   16    5    2    5    6
   16   23    1    5    6
   15   17    9    2    6
   21    1    6    9    5
   27   20   12    9    8
   11   19    6   10    7
   30   24    9   11    7
    9    7   12    6    6
    6   17    2    4    4
    6   19    5   10    3
    1    1   11   12    4
   19   26    5    1    3
   23    8    3    7    2
   27    3   10    1    5
   26    6    2   10    2
   24   10    1   10    4
    5    1    6    9    4
   17   11   10   11    5
    1    3   12    9    9
   14   12   11   10    9
   11   11    7    9    6
   25   30   11    3    1
   18   18   11    1    7
   27    1    5    7    3
   27   29    2   11    5
   13    8    9   12    6
   23   13   11    7    1
    9    3   10    5    8
   30    6    8    5    3
    4    3   11   12    2
    5   18    2    1    7
    9   10    6   11    4
   14   11    7    4    9
   28   19    6    1    7
   21   30    1    7    3
   11    2    3    3    1
   11   29    9    3    5
    7   16    8    9    7
    3   24    1    9    2
   13   30   11   11    1
    5   27    7    5    6
   26   20    6   10    6
   18    6    1   10    4
    5   10    9    1    4
   29   15   11    7    7
   15    3    9   10    7
   14   14    7    8    8
   22   16    1    7    4
   15   30   12    7    4
    7   19    9    1    3
   18    4    7   12    7
   20   21   12    6    5
   28   29    8   11    6
   14   22    6    5    3
    5    5   11    8    9
   13   13    9    6    9
   20   30    2   11    2
   26   22    2    7    1
    8   19    6    4    6
   27   27   12    1    7
    7   14    1    5    6
    8    2    9    1    9
    1   24    1    5    6
   11   23    9    3    3
    1    7   12    7    3
   16   21    2    4    3
   22   15    6    1    2
   29   22    7   11    3
    7    2   12    1    6
    5   22    3    8    9
    4    4    7    6    5
   20   18    9    8    5
    5   23   12    1    6
   22   22    6    4    7
   28   28    1    7    3
   21   24    5    2    5
    2   14    9    2    9
   20    4    6   12    4
   10   27    6    7    6
   11   28   11    3    6
    1   10    9    5    4
   24    7    3    6    7
    3   12    4    3    7
   24    4    8    6    3
    2    4    5    5    4
   27    2    2    3    2
    3    6    2   10    2
   13    7    3    4    7
   26   26    4    1    4
   26    8    9    7    4
   26   18    3    2    3
    5    7   12    8    7
    3   22   10    1    6
    6   11   10    5    6
    7   20    7    9    4
   21    4    8    7    2
   25    8    7    5    6
   18   11    5    6    4
    6    1   12   10    1
   20   24    5    1    2
   23    7    4   10    6
   23    1    5    5    6
   29   18   11    4    7
   13   17    1    6    7
    4    9   12    8    4
   27   30    3    1    2
   27   18   10    3    6
   21    3    2    2    7
    5   28    4    3    7
   14   25    9    9    6
   27    7    1    3    5
   20   13    4   10    4
   22   11    8   12    6
   12   25   12    8    3
   17    2    4    8    3
   19   27    6    1    4
   18   10   11   11    3
   22   13    3   12    5
   15   10    4    2    8
   10   28   11   12    8
   24    6    2   10    4
   21   17   12    5    3
   21   11    5    6    2
   17   29    5    7    6
    5   26    4    3    4
   27    4    9    8    5
   23   23   11    3    5
   21   25   10    9    4
   11   24    6   10    5
   17   14    8    2    6
   22   23   10    1    6
    6    7    5    6    5
   26   25    3    3    6
   11    8    4    1    8
   22   20    1    4    2
   17   10    3    3    4
    2   28   10   10    5
    1   13   10    7    4
   12   17    9   12    3
   30    2    8    7    2
   23   17    3    7    2
   10    3    3    2    5
   12   16   10    5    5
    3   23   10   11    2
   28   17    6    1    7
   26    1   11    8    8
   13   18    3    3    8
   13   26    9    9    2
   22    4   12    3    2
   30    8    2    4    6
   13    6    7    1    4
   12    8    2    2    5
   18   25    9    9    6
    8   10   11    4    5
   20   12    2   10    5
   14   19   12    4    4
   26    4    2    5    4
   16    4    4    2    4
    8    5    3    7    6
   20    2    4    4    8
   16   13    3    7    8
   29   14    7    8    6
    8   22    3    6    6
    2   19    4    5    6
    5    2    6    8    3
   15    2    1    4    5
   18   14    3    3    1
    9    5    2    7    5
    7   30    6    5    4
   25   10    2   12    6
    9   19    1    4    4
    6    2    6    6    5
   21    2    6    8    6
    4   14    5    9    7
    4    8    8    1    8
   28   24    5    8    5
   12   29    7   11    3
   29   25    5    6    7
   16   25    6    2    7
   14   28    2    8    5
   23   26    9    9    6
   24   15   12    1    6
   19   21   12    2    3
   21   12    3   12    8
   18    7    5    8    5
   19   18    9   12    2
   13    2    2    6    3
    2    1   12    3    6
   22   27    8    9    2
   29   26    9    9    6
   11   10    4   10    6
   23   15   10    6    4
   19   10    6    5    7
   17    8    5    1    5
   15   20    7    6    4
   11    7   11   10    5
   10   20   10    2    2
    8   29    1    2    8
    4    5    4    7    9
   25   20   11    1    4
   22    6    5    4    4
   21   29    9    4    4
   16   28    2    3    7
   16    6    7   11    3
   24    5   11    1    8
   12    2    9    2    9
   25   11    9   11    6
    3    5    9    4    9
   14   24    9    1    7
   22   18    9   12    2
    3   19    6    4    7
    2    3    2    1    8
   23   29    3    7    2
   23    4   10    3    1
    4   12   12    4    2
   16   18    4   11    3
   19   16   11    8    5
    9   29    8    8    1
    7   22    6    2    8
   16   11    6    7    7
    3   30    7    8    4
   30   16   11   11    4
   22   12    6    7    5
   29    2    7    1    6
   19   19    7    4    9
   14   15    9    1    5
    3   29    6    8    7
   12    6   12    1    7
   30   22    2   12    5
   27   24    9    7    1
    4   17    4    7    4
   30   11    9    7    6
   15    1    5    7    3
   27   14    4    6    6
   29   16   12    4    2
    6   27    7    9    3
    2   22    5    4    5
   30   29    5    3    5
   21   21    4    7    8
   20    1   12   10    3
   14   30    3   11    6
    5   15    2   12    8
    2   24    7    3    8
   10   29   12    6    6
   27   26   12    5    6
   10    4    2    2    7
   26   16    6    3    4
   25    2   10   11    2
    5   13   10   10    9
   24    8    2    7    8
   10    2    3    2    8
   21   23    2    3    5
   20    9   12   12    1
   28   20    3   12    2
    6   21    2    2    8
    7    3    7    5    8
   16   27    5    8    8
   10   12    6   11    7
   23   25    2    6    3
   20   16    3   12    6
   13    9   11   12    5
   22   24    7    5    8
   22   25   11   11    3
   29   29    9    8    6
   15   11    1   12    7
   17   25    1    2    3
   17   16   11    3    6
