   12   30    4    4    4
   16   30    1   11    2
   18   28    1    9    1
   10   27    6    8    6
    4   26   12    5    1
   26   20    5   10    9
    5   26    2    6    4
   13   10    8    7    5
    1   21   11    1    2
   22    7    8    8    4
   29   22   12    9    1
    8   29   12    6    1
   15   22   11    1    1
   22   27    5    8    1
   13   18   11    3    1
    5   28    6    3    7
    4    2    9    8    6
    9    1    8   10    8
   13    8    5    1    6
   29    7    1    9    1
   24    5   11    4    1
   13    4    7    6    1
   10    2    8    7    6
   30   22   11    3    7
    4   29    7    5    8
   19   26    3    5    7
   21    5   10    4    6
   14   24    9    4    5
    5    3    4    6    4
   11   30   11   10    4
   28   19    2    3    5
    3   16    2    9    1
   16   11   12    5    1
   24    4   12    8    5
   19   14    8    4    1
   21    8    1   10    7
   24   22   12    5    1
   12    1   11    9    4
   10    7    9   10    1
   11   27    2    6    1
   25   30   10    1    7
   21   18    1    4    1
   13   23    9   12    1
   14   20    7    9    1
   20   28   11   10    7
    2   13    8   11    1
   15   27    7   10    1
   15   24    6    5    1
   29    9    9    7    1
   15    4    2    1    1
   29   16    2    8    4
   21   30    1    7    4
   24    3   11    6    1
   23    1   11    3    1
   11   10    2   11    1
   22   22    1    2    7
    4    5    6    9    4
   19    2    2   12    3
   27   16    5    5    8
    8   19    5    5    8
   23    3    8    5    2
   13    7   11   11    2
    5   18   10   10    7
   29    3   12   12    6
    4   11   10    8    8
    9    4   11   12    7
   10   20    2    8    2
   20    6    3    3    3
    1   25    7    8    1
   17   15    4   12    1
    5   25    7    7    1
   27    4   10    8    1
    6   16    9    6    1
   23   11    6    4    1
    6   13    3   12    1
   10    8    6   12    2
    9   23   11   12    3
   26    7    4   12    5
    4   18   11   11    5
   16   20    4    9    2
    3   14    8   11    5
   12   25   12   10    1
   14   17   12   11    5
    8    9   11    1    6
   19    6    9   12    1
   29    1    2    4    7
   27   23   10    2    7
    2   17    1    2    7
   29   14   11   11    8
   30   24   12    1    8
   10   23   12    6    6
   30    6   12    7    3
    1   11   10    7    8
   25    9    4    1    7
    9    2    8    4    7
    8   23    8   11    5
   10   29    5    3    7
   17   10    6    6    3
    8   30    7   12    2
    8   15    9   10    7
    5    8    9    9    2
    2    7    9    2    8
   26   29    5    7    2
   22   18   10    3    8
   11    6   12    5    2
   20   11    8    8    1
    8   16    1    6    1
   20   30    4    8    9
    3   12    6    9    8
   27   19    6    2    7
   28   23    1   12    7
    5    9    7    1    8
   12   21    3    5    3
   13   13    5   12    5
    4    4   12    1    7
   15   25   11    3    5
    1   17    6    6    9
   24   24    6    1    9
   22   11    4    5    5
   18   18    8   10    9
    6    6    5   11    9
    6   15    3   11    4
   26    6    8   12    4
   28   11    7   12    3
   28    8    9    5    3
    9   30    4    4    6
   22    9    6    7    6
   20    5    1   11    6
    9   13    4    8    6
   22    2    6    7    6
   27   24    3    3    4
   12   24   11    7    1
   10   12    4    3    1
   19    1    5    1    8
   15   18    1    6    1
   29   25    2    3    7
   24   21    6    8    8
    8    2    8    8    9
   26   16    9    9    2
    4   22   10    1    2
   23   19    1    1    2
    7   21    5   12    1
   27   27    1    7    8
   19    7    3   12    7
   23   18    7    2    6
   26    8    8    5    4
    6   28    4    6    3
   18    9    9    6    5
   21   22    5    7    6
    6    5    5    1    4
   30   14    8    8    3
    1   18    1    8    2
   12    6   10    1    4
   19   22   11    3    7
   26    1    1    8    8
    9   26    8    1    2
   15   15    3    5    9
   25   17   12    6    7
   12   15    2    4    6
   11    2    3    3    6
   23   16    6    8    3
    2   15   11    3    2
   28    1    2    9    8
   13   15   10    7    2
   20   27   12    4    8
    9   27    8   11    2
   24   26   12    3    2
   21   21    3    5    7
    5    1    9    7    2
   11    9   11    4    1
   23   17    6   11    1
   27   18   12    9    1
   27   25    6    2    1
   20    3    9   12    1
    2   28   11   12    8
   15   21   11    2    7
   23   14   10    7    1
    4   23    9    2    1
   24   23    4    4    1
   29   21   12    1    1
   21   28    1   10    1
    7   25    6    5    1
   14   12    7   12    1
    7   17   11    6    1
   26   26   12    3    6
    9   17    1    5    8
    3    4   12   12    7
   28    7    1    3    3
   28   16    7   10    2
   23   21    4   11    8
   23    7    5    9    2
    2   16    5    6    2
   14   10    2    7    8
    3   18    4   10    2
   12   17   10    3    2
   23   30   10    8    2
    1   22    5   10    7
   20   19    1    6    8
    6   18    3   10    5
   20   20   12   11    7
    8   12    6   10    4
   21    9    3    8    7
   29    5    5    7    4
    6   22   12    1    3
   24   11    3   11    2
    8   18   10   11    2
   20    2    5   11    2
    4   28    8    6    9
   10   19    2    6    8
    4   30    7    3    8
   13   21    5    1    6
    7   12    5    9    5
    5   27    6    3    5
   15    3    4    9    5
   25    3    3    2    4
   29   23    8   11    4
    8   20    5    7    4
    1   16    9   11    8
   12   27    6   12    7
   30    7   10    3    3
   23   25    7    6    5
   25   14    5    5    3
   14    8    8   10    8
   12   29    5    2    3
   12   26    7   11    8
    4   19    1    2    3
   18    7   10    4    8
    9    6    4   10    3
   24   10    2   12    6
   26   23   10    8    3
    5   16   12    2    3
   19    5   12   10    7
   13   16   12    3    8
   10   25   12    1    8
   28   14   10    4    3
   21    3   10    6    6
   22    3   12    3    3
   20    4    3   12    8
   18   26   11    5    3
    9   24    1    7    3
   22   13   11   10    2
    5   30    4    8    2
   13   27    7   11    2
    8    1   10    3    2
    5    7    8    7    4
   19   13    7    5    7
   21    6    1    4    8
   11   11    7   10    9
   15   28   12    6    9
   21    2    1    6    9
   17   19    1    2    8
   17    4    7   11    8
   11   14    5   12    8
    3    3    8   10    8
   18   14    5    7    5
   26   25    8    9    4
   28    9    3    1    3
   15   10    7    2    9
   14    7    6    8    3
    2   14    9    3    8
   28   29    8    6    8
   27    8    6    7    8
   16   19    7    1    8
   30   28    9   10    8
   28   28   11    7    8
   29   19    4    5    8
   30   29    7    1    8
    3   28    6    8    9
   10    6   11   12    7
   10    5    3    7    5
   17   18    1    9    4
   18   24    5    2    8
   12    4    4    3    7
   15   16    1    8    6
    9   12    9   11    8
   29   24   11   10    9
    8    8   10   11    8
   11    5   12    1    9
   14   13    6    8    9
   17   26   11   12    7
   26   13    8    4    7
    5   22    8    8    7
   17    8    1    3    7
   19   25    2   12    7
    6    3    8    1    6
    6   17    8    3    6
    8   24    6    5    9
    2   18    3    5    9
   21   20    7    3    9
   17   21    6   11    7
   18   11    8   11    3
   14    5    9    7    2
   21    4    5    2    2
   11   29    3    4    2
   25   21    5    2    1
   25   25    1    2    1
   20    7   12    4    1
    6    2   12    8    7
   16   16   11    3    7
   20   29    9   11    8
   26   10    4    9    8
   20   24    5    2    6
   22   26    6   10    5
   14    4    3    8    9
    3    1   10    3    9
   20   13   11    5    9
   23    6   11   11    9
   23   22   11    7    9
   17   30   12    1    3
    2    3   10    5    2
   29    6    8    4    6
    4    7    9    4    4
    1    4    8   11    9
   12    2    4    4    9
   11   15    9   11    4
   20   18    2    3    8
    5   23   12    2    4
    2   30    9   12    7
   17   27    2    6    7
   19   15   10   10    7
    3   30    4    6    8
    7    3    2    6    9
   10   18    7    6    8
   22   10   12    7    8
   20   22   12    6    3
    2   24    2   11    8
   14   14    4    9    8
    9    9    7    8    9
   29   15    5    5    2
    6    4   12    7    2
   22   28    6    4    2
   27   26    4    4    2
   14    9   10    7    4
   14   27    9    1    6
   24   28    1   12    9
   15   14    2   10    9
   27    7   11    1    9
    1   20    1    9    9
   10   10    2    8    4
   30   19   12   10    7
   13   25   12    2    7
   25   28    7    1    8
   13   24    5    8    4
   27    3   11   12    8
   24   25    6   12    8
   21   11    2    9    8
    1    1   12   10    6
   30    1    2    8    4
    4   25    2   12    8
   29    2    7   12    3
   30   15    1    1    7
   26   28    6    3    4
   19   19    3    8    3
    8   25    9   10    9
   26   11    3    9    2
    2   23   10    9    8
   26   21    8    9    7
    3   11   12    5    6
   23   20    9   11    5
   12   23   11    8    4
   12   11    6    2    3
   11   13    4    3    7
   19   12    2    4    7
    3   26    3   12    9
   12   13    9   11    7
    2    5   10    9    6
   25   22    8    4    3
    4   16   12    4    2
    2   26    1    8    7
   18   19    4    1    6
   21   16    7    3    8
   11   25    7   12    6
   20    9    3   12    8
    8    3    7    2    7
   17   11    1    7    3
   17   28   12    1    4
   27   30    1    1    8
    2    2    9    7    8
   19    3    1   12    8
   24   19    3    4    9
   18   30    6    9    9
   28   12    9    9    9
   15    7   10    9    2
    7    6    8    4    2
    7   24    3    3    2
   30   30    5    8    9
   20   15    9    4    9
    2   25    7    3    9
    9   15    6    7    9
    2    1    8   12    9
   21   27    5    8    2
   18   25    1    6    2
   14    6    4    5    9
    1   13    4    1    2
   13    5    7    3    2
    3   13    9   12    2
   10   30    5    8    2
   14   16    9    1    2
   24    1    1    2    2
   19    9   11   10    2
   11    7   10    3    9
   17   17    4   12    2
    7   16    7    9    2
   27   29    7    7    2
   25   16    3    2    2
    1   15   10   10    9
   22   14    3    1    9
   21   14   10    9    9
   21   19    4    6    9
   10    1   11    4    9
   10   21    6    4    9
   16   24    3    7    9
   22   17   10    8    8
   17   29    8   12    9
   29   18    7    4    8
   12   20    8   12    9
   10    4    1    4    9
   27    2    2    8    7
    6   24    2    3    9
    6   25   11   11    3
   17   24    8   12    3
    9   16    6    2    3
   12   12    3    6    9
   18   16   12    9    9
    6   27   12    9    8
   26   15    8   11    2
   23   23   11    4    8
   29   13   11    2    9
   30   13    9    3    8
   13   28    1    7    3
   16   12   10    6    9
    6    8   11    9    9
    7    7    9   11    2
   10   16    8   10    2
   28   27    4    1    8
    7    9    7    5    8
    9    3   10    3    9
   30   26    2    4    9
   29   29    2    4    9
   10    9    4   11    9
    5   12    6    2    3
   16   17   12    7    3
   15   23   11   10    3
    1    7    8    2    3
    3   17    1    5    3
    5    5    1   12    3
   25   20   10    6    3
   26   14    8   12    4
    4    8    3    8    4
    3   10    1    2    5
   11   19    1    4    6
   14    1    3    4    7
   22   16    9    2    9
   12   22    6    2    9
   17    5    9    2    9
    1    6    4   10    8
   17   20    8    9    7
   11    8   12   10    9
   17   13    9    4    9
    1   27   10   12    9
    8    7    2    7    9
   22    8    3   10    9
   18   12    7    2    3
   28   10    7    1    9
   15    5    6    3    9
