    4   16    4    4    6
   29   22   10    5    4
    1    5    1    7    6
    8    5    8   12    7
   22    9    9    3    3
    6   19    3   11    5
   23    3    5   10    5
   21    1    6    6    5
   20    7    8    8    2
    8   13    4    2    4
   15   21    2    1    1
    3   12    5    4    2
   16   23    8    1    4
   27   21    3    7    1
   25    8   11    7    5
   24   24   12    9    7
   15   10   10    1    6
   29    4    2    8    2
   12   23    5    9    1
   21   30    9    2    9
   14   20    6    8    9
   28   22   12   11    3
   16   22   12    5    4
   13   14    7    1    4
   27   16    3    6    4
   28    5    8    6    3
   30    4    8    7    6
    5    5    5    7    2
   19   13    1   11    9
   15   26    5    3    8
    5   25    8    5    6
    8   18    8    4    7
   20   27    6    5    8
    4    7   11   10    3
   22   23    5    7    4
   20   17    6    6    8
    4   10    2   10    6
   15    7   11    9    3
   17   16    4    3    7
   23   15   10    4    4
    7    5    7    7    4
   24    5    7   10    2
   12   14   11    4    8
    8    7   11    6    4
    8   16   11    3    3
   25   29    8   12    7
   23   13    7    5    4
   30   23    6    6    5
   22   22    2   12    9
   28    1    5    6    3
   13   16    8    9    7
   24    2    8    3    6
    2    3    4    1    8
   13    4    5    4    7
   15    6    6    5    5
    3    4    5    9    7
   10   10   11    3    6
   17   14    4    3    7
   27   26    9    8    9
    1   24    2    8    8
   25   13    7    4    5
   14    9   10    8    7
   22   21    9    2    7
    4   17    9   11    8
   29    8    9   12    3
   12   12   10    4    9
    3   28    3    4    2
   12   20    2    4    7
    5   23   11    3    3
   10   16    3    1    7
   27    4    5    9    8
   18    5    6   12    5
    2    5    9    8    5
   27    8    2   12    3
   18    2    7   11    8
    5   13    8    9    5
   27   30   11   12    3
   22   13   11    5    2
   21   16    8    8    7
   26   23    5    8    5
   12   19    5    6    6
    6   17    7   10    4
   26    2   11    2    7
   24   21    8   11    2
   27   19   12   11    3
   10    9    4    6    4
   24   23    6    5    3
    1   19   12    2    3
   22   27    5    6    2
   14   11    4    8    6
   17    3    2    5    5
   25    1    5    5    3
   11   16    9    3    5
   14    1    3   11    6
   19    3   10    1    9
   11    2    6   12    6
    1    1   12    4    4
   15   11    9   11    2
   27    1    1    2    4
   22   20    9    9    4
    5   27    6    7    3
   28   16    7    8    2
   18   28    5    8    3
   23   23   12    6    1
   30   29    7   10    7
    3    7    5    9    4
   26   28   12   12    7
   11   21    4    7    8
   26   14    8    7    2
    3   24   12    6    3
   26   29    6   10    8
   19   22    2    9    6
    8   22    4    9    3
   22    2    6   11    2
   29    5   11    3    5
   26   21    5    8    7
    2   13    5   12    6
    9   25    4    8    9
    4   28    7    7    2
    1   29    2    2    3
   29   12    1   11    3
   13   18    5    6    5
   18    7    1   10    4
   24   25    5    2    2
    8   12    6   11    4
   24   10    5   12    5
   20   20   10   11    9
   30    1    5    5    7
    2   10    8    5    3
   30   14   11   12    2
   29   14    8    7    3
    3    3   12    3    8
   28   13   10   11    2
   28   19    1    9    5
   30   11    5    8    4
   24   18    9    2    5
   12    9    4   10    1
   17   19    1    3    5
   27   24    6    7    4
   10   23    1   10    4
    4   24    8    3    5
   19   21    6    6    5
   14    4    8    6    6
   23   28   10    9    2
   12    1    9   10    6
   18   10    6    1    6
    8    1    1   10    7
   17   18    9    8    8
   26   26    9    2    7
   28    8    9   10    5
   30    3   11    7    2
    4    4    6    2    6
    1    4    5    2    7
   28   28    4    8    6
   27   10    3    5    2
    9    8   10    9    1
   20   10   12    1    2
    2   25   11   12    6
    6   18   12    5    4
    9    1   10    1    1
   13   12    3    9    5
   19   14   12    5    4
   28   25    8    2    2
   27   27    5   12    7
   28   30    1    8    4
   21   18    4    2    6
   18   30    2    6    8
    2   16    4   11    4
    7   11   11    2    3
    3    6    1    9    6
    9   18    6    9    7
    2    8    2    9    5
    9    3   12    3    4
   19   29    7    3    4
    6    4    7    7    2
    9    6   10    7    2
   13   15   12    6    2
    3   20    4    6    6
   11   18    2    9    2
   14    7    6   12    3
    1   17    4    2    7
   13   27    6    8    7
   21   10    7    5    7
   30   16    5   12    6
   19    8    6    2    6
    9   21    8    1    5
   13    7    2   12    4
   25   20   10    8    6
    6    6   11    2    9
   23    2   11    7    5
   29   11   10    1    4
   10    8    2    4    4
   12   27   12    4    2
    9    9    4   10    7
   10   30    1    5    5
   11   13   12    9    4
   19    2    7    4    4
    6   22    7    7    6
    7   29    2    3    4
    9   30    9   10    3
   18   19   10    4    7
   18   27   12    7    6
   16   14    4    4    5
   22   30    3   12    4
    4    9    1    3    3
   27   25    6    9    6
   26    3    6    6    5
    7    7    1   10    4
   25    3    9    3    5
    2    4    5    1    7
    5   12    1   12    3
   30   26   11    8    3
   18   12   11    9    3
   24   17   10    5    4
   27   17   12   11    7
   27   15   12   11    4
   15   15   11    9    4
    7   27    2    6    2
    2   27    4    2    1
   20   24    1    8    4
   17    7    4    1    4
   25   21    1   12    3
   16   24    6    3    5
   20   23   12    5    2
    2    2   10    4    8
    4   20    9   11    7
   24   15    3    3    3
   18   25   10    8    5
    8   26    6    8    4
    7   30    8   10    5
   11   20   11    8    3
   26    5   10   12    4
    5   30   10    6    6
   11   17    9    6    6
   24   22    7    6    5
   19   19    8    6    6
   23   18    4    1    6
   26    4    4    3    6
   23   27    2   12    4
   27    9    8    9    4
   10   13    4    9    4
   12   11    2    2    8
   11   11    5    2    7
    3   29    5   11    5
   25   22    9   10    3
    8    3    2    1    4
   23   21    6    2    2
    5    9    2   11    3
   16   12    3    7    7
   23   17    1    3    6
   16    6   11    5    5
   20   30   10   12    5
   15   12   10    8    1
   11    9   11    9    3
   30   12    9    1    6
    6   26    7    4    5
   26   19    7    5    6
   27    3   12   11    5
   12    2   10    7    5
   22    4    5   11    5
    6    7   10    8    6
   15   19    9    1    7
   28   17    6    9    7
    8    4    2   11    4
   16   19    9   10    6
    2   17    1   12    5
   16   25    3    2    3
    6    1    2    4    5
    6   21    3    1    8
   14   18   10    2    6
   24   30    7    5    4
   26    9    4    5    4
   10   12    4    5    2
   25   25    7   11    6
    3   18   12    9    4
    5   11    2    9    5
   26   18   12    7    7
   19    5    9    9    3
   29   10    2   12    2
    5   17   12   10    4
   23   11    8   11    3
   12   22   10    7    2
   15   25    5    5    6
    5   14    3   12    3
    7   12    2    2    3
   10   14    8    5    2
   16    1    6    3    6
   11    8   11    4    4
   17   12    6    4    5
   26    7    8    5    6
   20    1    1    4    4
    8   30    4    1    4
    6    2    6    1    3
   15    8    7    7    6
   27   28    5   11    2
   14    6    5    2    9
    6   29    6    3    4
    7   24    8    3    4
   18   15    6   12    6
    9   23    6    4    4
   14   25    2   10    5
   17   13   11    7    4
    3   11    2    2    5
   30    6    2    8    7
   27    6    5    9    6
    3   16    3    1    7
   12   24    7    9    4
   12   21    8    7    9
   15    5    1    1    3
   14   14    8    5    7
   21    7   11   12    5
   15   22    2   10    1
   15    3    5   11    4
   13    6    4    2    2
   21    5    4    5    2
    6    8   10    2    4
   30   19   11    6    3
   26   10   11   10    3
   11   10    3    7    7
   21    3    6    3    5
    1    7    5    5    4
   13   30   12    4    6
   20   28    8    2    4
   13   24    8    2    5
    6   20   11    1    5
   21   17    9    7    5
    3    5    5   11    6
    7   22    2    4    4
    4   23    9    1    3
    6    5    9   10    2
   27   14   12    4    6
    2   30    3    8    5
   15    1   11    5    4
   14   21    5   11    8
   24   14    7    8    3
   16   16    6    8    7
   13    3   12    9    6
   30   17   11    6    2
    6   11   10    6    6
   30   15   10    9    2
   26   24    2    5    2
   19   24    3    3    5
    9   28   11    5    4
   21    4    5    8    6
   10    3   11    1    7
    6   10    6    2    4
    3    1    7    3    4
   19   23    4    6    3
   16   15    1    1    7
   24    9    7    8    3
    4   12    8    9    6
   17   25    9    9    6
   25   12    7    1    5
   17   15    5   12    5
   13   13    4    1    4
    6   25   12   11    3
   15   29    3    5    2
    5   22    9    5    5
    7   19    8   11    4
   29    2    4    3    3
   16   18    4    2    3
   22   26    2    3    2
    8    8   12   11    6
   16   20    2   12    6
    8   17   12   12    4
    7   28   11    3    3
   29   13    4    2    4
   21   20    2    4    7
   22   17   11    9    3
    8   23   12   12    4
    3   14    7   11    4
    4   18    3   10    3
    1   22    1    8    2
    1   26    5    1    2
   26   16   10   10    5
   13    1   11   12    3
    4   25    4    1    4
    9    7    8    3    3
   25   19    1    6    3
    2   14    6    3    8
   10   28    3    2    5
   16   29    3    9    2
   20    8    7    9    5
   23   25    2    3    4
    7    2   12    6    4
   30   30   10    1    8
   14   22   10    4    4
   24   29    9    7    3
   29   29    3    2    8
    8   14    7    2    4
   13   26    8    9    4
   24   11    6    9    4
    9   29    9    4    3
    7   23    4   10    2
   23    1    3   10    2
   17    9   10    1    2
   20   15    7   10    1
   11    4    2   12    6
   25   30   12    3    3
   21   13   11    6    3
   19    9    3    1    2
   20    5    7    4    5
   17   17   11   10    3
   24    8   11    4    2
   19   20   12    2    3
    1   10    6    3    4
    7   10    3   12    3
    2    9    2   10    3
   15    9    6    5    2
    6   24    3    2    3
   22   10    4    3    4
   23   29    7   12    8
    9   13   12    3    3
   21    8    9    4    2
   25   26   12    6    7
    1   11    3   11    4
   18   29    3    6    3
    5   10   11    1    4
    3   22    1    7    2
   29   20    5    5    8
   26   12   12   10    4
   13   20   10   10    3
    2   15    2    6    3
    4    5   12    5    3
    2    1    1    4    5
   12    6    7    7    5
   14   23    9    8    3
   25   11    2    8    3
   18    1    9    1    5
   29   28    6    5    4
   15   28   11    7    3
    7   25    6    6    5
   21    2    9    8    7
   19   11    5    4    7
   24   28    8   10    3
   16    9   11   12    3
   15   14    5    9    4
   18   18    2    4    3
   29   21    1    2    2
   17   26   11    8    3
   14   28   11    3    5
    6   28    1    3    3
   26   20    4    7    7
   10   19    3    2    5
    2   28   12    8    2
   18   22    7    4    4
   12   28    2    8    3
   20    2    1    9    6
   20   18    5    8    3
    4   15   12    2    1
   21   21   10    5    9
   29   27    4    7    8
   16    5    5   12    4
   10   17   12    2    3
   21   28    3   12    2
   26   11    2    3    2
   17   29    6    8    2
   20    9    9    1    3
   25   10    2    3    3
   23    6   11   11    8
   11   28    5    9    2
    7   16    3    2    3
   27   11   10    9    1
   19    4    1    5    6
   11   22    4    7    4
