   14    6    9    7    4
    8    9    3   11    3
   20    8    5    8    2
   28    8    3    1    4
   15   26   10   10    3
   16   16    5    4    4
   15   20    4    4    3
   18   27    1   11    3
   10   29    1    9    3
   20    5    4    5    2
   29   29    5    3    5
    7    7   11    7    8
   14    8   10    3    7
   27    3   10   12    4
    2   11    4    8    7
    9   27    2    8    3
   16    3    4   12    4
   11   27    8    1    3
    7    6    5    1    4
    5    6   10    5    4
   24   25    2   11    5
    2    2    7    9    6
   14    1   12   11    6
   18   19   10   11    5
    2   30    6    8    5
   19   16   10    7    6
    4    5    2    6    4
   18   14    9    2    5
   12    6    8    4    8
   21   21    8    6    8
   23   29    9    1    3
   21    8    7    8    4
    7   14    5    8    3
    3   29    5    8    2
    4    4    9    7    3
   12   12    7    5    8
   26    7    6    2    1
   28   14    7    7    3
    9   29    4    8    2
    3   14    8    1    3
   26    6    5    9    2
   19    5    5    1    2
    8   19    1    2    3
    1   16   10    5    7
    6    2    6    3    4
   17   17    5    1    3
   29   14    8    1    2
    6   10   11    3    6
    9   26    4   10    3
    7    8    4    2    7
    7   18    1    5    2
   11   22    2    8    2
    8   23    4   10    3
   21    7    4    2    3
   29   21    2   10    4
    6    3    1    1    6
   18   25    5    6    7
   14   27   12    1    4
   15   19   10    6    3
   24    8    8    1    3
   14   30   11    3    4
   11    9    8   10    3
   22   17   10    6    2
   15   15    6    1    3
   27   25    3    7    2
   13   13    5   11    4
   18   22    7    4    4
    5   11   10    7    6
    2   21    3   10    4
   23   19   11    8    2
    9    1    2    9    4
   10   26    3    2    2
    8   18    4   12    3
    6    1    4   12    1
   16    2    9    9    4
   20   24   12    6    3
   30    1    3    2    3
    3    2    9    6    2
   20   16    7   11    6
   23    1    3    4    5
   30    7   10    5    4
    4   29    9    3    2
   13   28    6    7    1
    8   27    8   11    2
   14   19    1   12    3
   11   26   10    4    2
   24   28    6    9    1
   16   29    8    7    2
   19    1   12   10    3
    2   17    7    1    7
   25   20    5    6    5
   10   12    7    7    4
   21    3    8    7    5
   18   23    2    5    7
    5    5   10   12    9
    5   17    1    1    7
    3   18    5    5    7
   26    1   10    6    4
    9   22    4    1    2
   18   13    3    9    4
   25   26    8    7    4
   30    8    2   11    4
    4   21    4    1    8
   21   17   12   10    7
    2   26    6    2    4
    2   24   10    5    2
   22    2    6    3    2
   11    1    1   11    3
   26   23   10    1    3
    5   25    3    2    4
    6    6    4    2    9
   28   27    1    5    5
   12   27    1   12    6
   11   24    1   11    5
    4   17    6    5    4
    5   22    2   10    8
   17   20   12    5    7
    2    5    6   12    2
   26   22    2    7    2
    1    7    6   12    3
   16   14    2   10    7
    9   12    9   12    1
   22   29   11    2    3
    9   21   10   10    2
   28    9    9    8    1
   23   10    2   12    2
   23   25   11    8    2
   15   11   12    6    4
   13   30    9    8    6
   17   29    2    3    6
   16   28    1    2    5
   20   28    4    7    1
    7   28    6    8    1
   24   16    9    3    5
    4   15    7    9    4
   10   30    1    6    4
   29   19    1    8    3
   18   11   10    5    4
    2    4    8    4    4
   18   10    8   12    4
   18    4    3    7    7
    5   23    1    4    7
   29   18    7    1    4
   12   19   10    2    4
   12    5    7    1    3
   30   12    3    8    2
   24   13    6    5    4
   28   17   12    3    4
   13    1   12   11    5
   23   20   11    5    2
    4   10    5    1    6
   12   21   10    1    7
   30   11    4    7    4
   26   26    8    5    7
   13    7    1    8    4
    8    2   11   12    7
   17   19    3    6    4
   17   11    8   10    3
   21   14    1    9    8
   17   23    1    7    2
   16   25    8   11    2
    6   20   11   10    2
   11    6   12    1    3
    3   11    5    3    3
   25    4   11   11    7
   17   12    6    5    3
   19   28    7    4    3
    9    7   11    6    4
    8    1    9    7    4
   10    5    2    9    4
   30   25    1   12    5
    9    3    3    4    4
   26   19    2    1    4
   27   16    4    6    2
   15   24    9    7    2
   10   16    2    6    4
   25    9    2   11    5
    3   26   12    9    4
   28    2   12   11    3
    3   19   12    1    6
   10   11    5   11    7
    8    3   12    4    9
   23   27    3    7    8
   10   10    8    9    7
   28    5   10    2    7
   25   29    9    6    7
   20    1    6   10    7
    8   22    7   10    8
    5   30    8    1    5
   15    2    7   11    6
    7   10    9    1    4
    8    5   10    1    4
    1   15    1    1    4
   17    3   10    1    4
    7   23    1    5    4
   23    3    2    6    3
   19   11    5   11    3
   19   10    2   12    7
    7    5    9    6    4
   16   18   12    2    7
   21   16   11   11    3
   27   30    2    6    2
   24   12   10    1    2
    9    4    9    4    3
   10   24    5    8    4
    6    8   10    4    1
   11   23    6    9    1
   22   13    6    9    3
   18   26    5    6    8
    4   16    3    3    7
    3   10    3   11    7
    7    2    4    7    4
   28   11    3   10    4
    2   14   11    4    6
   30   26    3    8    6
   24    6    3    3    2
   30    9   11    2    2
   28   15    4    1    3
   13   23    5    8    2
    2   18    5   12    8
   19   30    2    1    7
   20    7    1    5    3
   22   15   12   10    3
   28   22    8   11    3
   24   21    2    4    2
    8    8   12    4    4
   10    8    9    8    5
   30   28    5    6    4
   13   25    2   11    6
   22    6    5    3    4
    6   15   11   10    4
   29   27    8    3    4
   21   20    6    3    3
   30   18    5    1    3
   16    7   11    3    2
   23   12    1    8    6
   11    4    6   12    9
   26   12    9   11    8
   27    5    3   12    1
    6   16    5    3    2
   23   16    1    6    2
    3   22   10    1    3
   22   21   12    5    3
   27   19    1    8    5
   14   11    9    8    7
   12    1    7    7    5
   12    2    7   10    7
   18   18    4    5    8
    7   29    4    7    1
    4    1    7    7    3
    9    6   12    4    3
   29   20    4    2    3
    1   24    8    5    3
   23   21   10    9    2
   28   26   10    4    2
   12    8    6    8    2
   21    1    6    5    2
   23   28   11    5    5
   20   20    8    4    7
   29   24    7    8    4
   13    9    7   12    4
    7   19    6    3    4
    9    9   10    3    5
   24    5    9    7    4
   12    3    5    6    4
   15   29    9   11    4
   15    9   10    8    4
    6   18    3   12    3
    2   25    6   10    7
   20   12    3    7    3
   11   16    6    4    5
    5   14    7    9    8
   21   19    8    7    8
   14   23    3    5    3
   17   14    9   11    3
    7   24    4    8    3
    4   23   12   10    3
   21   18   11    5    4
   13   11    3    8    4
    6   23    4    6    3
   17    1    5    2    2
    8   25   10    1    3
   10    9   12   12    3
   28   28   11    4    2
    2    9    7    5    4
   26   14    6    9    7
   26   21   12    2    3
   15   16    3   11    5
   16   17    9    6    4
   30   23   11    8    3
   23   23    2    9    6
    2    1   12   11    8
    1   27    3    9    6
    6   13    3    7    2
    6   21   12   11    9
    9   24    8    8    2
   25    3    8   12    3
   13   26    7    2    3
   24   22   10    6    3
    7   11   10    2    4
   12    7   11    2    3
   17    9    6    8    2
   11   29    7    6    2
   23   22    2    3    2
   25   25    4    1    3
    9   14    7    8    6
   26   17    9    4    3
   13   21    6    3    4
   27    7    8    4    3
   27   13   11    6    3
   30    6    9    4    6
   22   22    6    9    6
   27   27    3    4    6
   17    7   10    4    4
   29    2   11    3    7
   19    6    9    9    7
   26   24    3    1    3
   29    5    4   12    3
   12    4    4    7    3
   29    1    2    4    4
   15    8    5    9    4
   28   29    5    9    6
   16    9    5    5    3
   20    4    8    9    2
   14   22   12    8    2
   24    4    7    2    3
    4   13    7   11    4
   13    5   12    3    5
    7    4   10    4    6
   14   15   11   11    6
   30   21    3    5    7
   27   26    4    6    4
   21   11    5    1    5
   22    1   12   12    4
   18   28   10    2    7
   24   27    4    1    2
   17   30   12    2    5
   10   20    3    7    4
    3   20    5    3    4
   25   14    9   11    7
    1   18   11    1    8
    5   21    3    7    8
   13   20    6   10    9
   23   15   12    4    5
   26    8   10    7    3
    2   19    5    2    3
   29    6   10   10    2
    6   28    5    5    3
   29   26    2    1    8
   15   21    8    4    7
   24   24    2    4    7
   10   27   12    5    3
   24   30   10    3    3
   18   15    6    4    6
    4   19    5   11    6
   12   13   11   11    4
   25   11   10   11    4
   23   24    7   10    3
    1    1    3    6    6
   12   25   12    5    2
   29   30    4    8    5
    3   30    9    2    3
   14   20   12    1    4
    2   13    2    2    3
   24   14   11    7    3
   18    5   10    4    6
   13    3   12    4    7
   23    9   10    4    2
   30   30    2    8    6
   22   30    2    6    4
   30   20    1   12    4
   12   16    8    7    6
    5   26    5   11    3
   30   16    5    1    3
   27    2   11    6    2
    3   24    2    7    2
   25    1    3    6    5
   28   21   10    8    4
   17    8    4   12    5
   13   29    1    3    3
   19    9    6    2    3
    3    5    9    1    6
   27   20    6    8    2
   27    6    4   12    1
   14   14    7    5    8
   10    1   10   11    3
    8   29    4    6    2
   15   12    1    9    2
   27   15    4    3    2
    8   16   12    4    6
    3   15   12    7    7
   13    8   10    4    6
   17   15   11    7    7
   18   20    9    8    3
   22    7   10   10    6
    4   26    9   10    3
   24   19    4    9    6
   25   28    9    4    3
    8    4    9    1    6
   18    9    7    8    3
   22   19   12    8    5
    4   30    6    3    5
    6    4   11    6    2
   16   26    9   10    2
   11   12    2    4    3
   22    4    2   12    4
   17   25    1    5    2
   10   22    2    9    1
    7   25    4   12    1
   28   10    4    5    2
    2   10    3    3    3
    6   17    4    5    1
   14    4    4    5    4
   10   17    6   12    5
   13   10    4   12    4
    7    3   11    6    3
   16   13    4    6    6
   20   11    7    6    6
   13   14    8    6    5
   17   18    9    2    5
    9    5    4   11    3
   20   22    5    5    3
   24   17   10   11    5
   24   18   12    9    4
    4    3   11    2    4
   13   15    7    3    2
    3   28    3    7    1
   20   26   11   10    7
   10   21    3   10    1
   14   10   11    6    4
   21   25    7    6    3
   12   29    4    6    2
   15   25    9   11    4
   12   18    2    9    3
   27   17   10    7    2
    5   16    4   10    8
   27    4   11   11    7
   22   16   12   12    3
   14   12    6    6    5
   12   22   11    1    3
    2   20    2    7    6
    1    5    7   10    7
   20   19    7    7    6
   25   22    8    5    3
   28    4    3    6    7
   15   30    3    9    3
   13   17    9    2    6
   27   21    2    8    3
   19   19   12    4    8
    1   28    7    8    2
   27   22    7    8    2
    9   20   10    8    1
   25    6    7    3    1
   15    5   11    4    7
   19   25    5    5    4
    1    3    7    1    7
    7   15    9    9    2
   11   11    8    2    8
   10   25    2    3    6
   13   19   11    8    5
   11    8    1    4    6
   23    2    2    8    4
    3    3    7    6    8
   12   28    4   12    8
   10   15   11    5    3
