   15   12    3   12    1
    1    1   10    9    2
    7   29    3   10    1
   18   30   11   10    1
    5   16    9    7    1
   24   14    9    8    5
   29   15    6    7    7
   13    3    5   12    3
    9   30    7   12    1
   18   16    4    1    5
    2   25    1   10    2
   25    8    8    4    1
   10   21   10   10    1
   28   12    1    6    7
    4   29   11    2    1
   19   14   12   10    4
   23   14    5    4    2
   11   22    7    5    2
    4   19    8    1    2
   23   16    8    9    1
   16   16    2    9    4
   26   12    6    5    1
    2   24   11    5    1
   29   25    4    7    7
   18    1    5   10    3
    9   13   12    5    1
    9    7   12    3    1
   13   21    6    9    1
   24   15    6   11    2
   22   16    6    7    3
   19   23    4   10    2
    9    1    7    9    3
    1   20    4    4    2
   14   18   11    1    5
    4    3    4    5    5
   16   13   10    3    5
   24   18    6    3    2
    5   28    6   11    2
   29   22    7    4    2
   18   11    7   11    2
   19    2    7    2    1
    1   19   11   11    2
    3   26    3    4    1
   22    7    7    7    1
   22   15    4    7    1
   27   22    1    7    1
   19   30   11    6    1
   28    2    2    3    2
   19   25    4    5    2
   13   12    5    8    1
    7   25    1    6    1
   18   21    4   10    1
   17    5    7   12    1
   28   17    5   10    2
    3   28   12    6    2
   20   13    8    4    2
   27   19    2    3    2
   19   19    4    2    2
   18    8    1    4    1
   12   10   12    6    2
   15   10    6   10    1
    6    1    4    1    3
   10   22    3    3    3
    3   19   12    1    2
    2   30    4    3    7
   13   17    2    6    7
    6   14    9    7    7
   27   29   10   10    5
   28   14    6    3    3
    8   26    4   12    1
   16    3   10    8    1
    7   13    1   11    1
   11   27    5    4    1
    2    6    4    4    7
    5    2   12    1    2
    9   20   11    7    1
   17   11    4    9    1
   20    6    8    2    2
   29    2    3    7    1
   29    5    7    7    1
   12   27    6    3    7
   17   19   11    9    2
   28   22    3   11    1
   23    3    3    3    2
   21   26    7   10    1
   22   30   11   10    1
   14    2    2    8    2
   25   12    9    8    1
   28    6    2   10    4
   22   22   11   10    7
    8   11    2   12    8
   14   17    5    7    1
    1   13   10    9    6
   18   17    4    7    1
    6   15    3   10    2
   25   25    7    5    1
   20   23    2   11    4
    5    4    9    8    4
   17   20   11   11    7
   22    9    9    2    1
   27   15    9    9    6
   13   29    8    1    5
   18    9    7    8    1
   19   13   10    5    6
    9   21    7    6    5
    4   14    1    6    1
   15   28    2    9    1
   28    8    1   12    4
   19   15    7    6    2
   29    1    2    7    1
   20   16    1    7    2
   15   15    5    2    8
   10    7    6   10    8
    2   17    6   12    1
    8   12    9    3    2
   11   20    5    8    1
   16   17   10    8    1
   21   20    6    6    8
    8   27    2   11    1
   12   29    2    1    1
   30   24    4   12    2
    2   20    4   11    2
    9    4    2    1    4
   30   23   10   12    6
   16   25    1    9    1
   14   20    1    5    1
    5    7   12    3    4
   30   11    1    1    1
   27   30    3    1    1
   26   14   11    1    1
   15    7    1    5    4
   22   14   11    1    1
    9    2    3    3    4
   10   25    1    2    4
    5   19   12    3    4
   10   24   10   11    1
    3   10    8    2    5
   27   27    7    1    6
   17   27    7    9    1
   14   11    8   10    1
   18   19    6    7    1
   19   11   10   11    1
   29    9    2    1    1
   30    8    8    2    1
   28   21    2   10    6
   27   21   10    1    1
    4    4    8    2    4
   12   16   11    8    4
    5   12    1    6    1
   28   28    1    6    4
   27    6    2   11    1
   28    1    3   12    8
   28   26    5   12    8
   12   30   12   12    1
    4   26    8    2    1
   12    7    6    2    1
   15   14    5    4    1
   19    7    2    1    6
    2    2    2    4    6
   20   12   12    5    6
   21   21    2   11    8
   23   22    9    3    4
   13   18    6    3    2
   13   13    9    5    4
    6   30    8    9    1
   30   30    1    7    8
    1   17    3    2    8
   23    1    3   12    1
   15   23    7    4    1
   16   29    8    9    1
   16    7    6    7    1
   23    5    1    8    2
   28   19    3    1    2
   22   24    3   11    3
    9   26    2    3    1
    8   19    7   11    1
   25    4    8    8    1
    8   10    2    6    1
   10   16    6    9    1
    6   26    7    6    1
   26   16    2    9    2
   17   24    9   10    2
   16    9   12    7    1
   14   12    4    1    1
   25   18   12   11    1
    8    2   11   12    1
    8   13    9    5    1
    1   11   10    2    1
   23    7   11   10    1
   11   16   10    2    1
   15   16    2   11    1
    9   24    9   12    2
   12   12    7    1    2
   24   13   11    7    1
    7   24    7    5    1
   10   10    6    1    1
   10   26    5    9    4
   29   18    4    1    1
    3   14    1    6    1
    4   22    7    6    4
    8    4    3    9    4
   15    4    8    3    1
    6    6    7    9    4
   10   29    9    8    1
    2   13    8    5    1
   19    6    8    4    1
    5   24    5    3    4
   18   18   12    3    1
   10   27    1    9    1
   21   14    5    7    7
   29   28    9    7    1
   27    9    1    7    4
   10   18    3    6    1
    5    8    1    2    4
   22   18    6   12    1
    3    3   10    6    7
   23   11    4    1    1
    7   18   12    7    1
    5   26   10    6    1
    6   25    9    5    1
    5    9    3   12    1
    9   28    7    9    1
    6   21   12   11    7
   13    5   11    1    1
   14   30    9    9    7
    5   22    7    9    1
   21    8    2    7    1
    5   27    6   10    1
   29   21    4    4    1
    2   11    1    4    7
    6   16    8    7    1
    9    9    2    8    1
   13   28    4    8    1
   20   29    5    8    1
    3    5    8    7    7
   27    2    8    9    7
   24    4    3    3    7
    9    6    2   12    1
    4   11    2    8    1
   27    7    1   10    1
    3    9    8   10    1
   14    5    7    6    1
    6   12   12    2    1
   24   26    1   10    1
    6   24    9    1    1
    1   21   11    3    1
    6    4    3    3    1
   20   30    1    6    1
   11   11    9    8    1
   14   27    6    3    1
    5   25    2    6    1
   20   25   12    2    1
   30   25    1    2    1
   15    5    1    9    4
   13   22   12   12    1
   18   15    5    4    1
    7   17   12    7    1
    7    7    7    4    1
   10    6    2   10    1
   11   10    4    4    1
    8    8    6   11    1
    4   12   12    9    1
   12    2    1   11    1
    4   21   12    8    1
    9   19    9    3    1
   26   27    9   12    1
    3    2   10    4    1
   27    1    2    3    1
   15    2   10   12    1
   13   15   12    4    1
    3   24   10    1    1
    1   15    8   10    1
    8    1    9   12    1
   19   22   11   11    1
    5   21   12    3    1
   17   12    8    7    7
   29   26    6    9    1
    9   25    9   11    5
   26   26    6    2    1
   17   22   11    5    1
    7    3   10    2    1
    5   20    5    3    1
   27   25    5    2    1
   25   23    4   11    1
   19   29    1    1    1
    9   10   12    8    1
   30    3    4   10    1
   28   11   11    5    1
    3    8    1    4    1
   25   21    1    7    5
   26   25    6   10    5
   17   15    7   11    1
   11   29    6   10    1
   24   21    8    6    1
   16    8    6    5    1
    3    6    9    3    1
   24   16   12    2    1
    7    4    9   12    1
   27   23    2    5    1
   16   14    7    5    1
    6   29    1    6    1
   14   25    1    2    1
   30   16    2   12    1
    8    9    7    6    1
   22   26   11    4    1
    7   26    6    3    1
   29   29   11    9    1
   21   12   11   10    1
    6    5   11    1    1
   12   22    8   11    1
   23    4   11   10    1
   10   13    5    2    2
   13   27    7   11    1
   20    3    1   12    1
   17    3    6    7    1
   30    5   10    8    1
   17    4   10    6    1
   24    8   11    5    1
   19   20    2    9    1
   19   16   12    5    1
    7   14    5   11    1
   12    3    9    4    1
   11    6    1    3    1
    2   26   12    6    1
   25   11   10    1    1
    7   21    6   11    1
    7    2    6    3    1
   26   20    3    9    7
    2    4    1    2    7
   20   10    7   11    7
    1   12    9    4    1
   21   11    2    3    1
   10    4    4    7    1
   25   22    4    5    1
    3   18    1   12    1
   18   28    9    2    1
    8   22    8    5    1
   21   15    1   12    1
   20   24    6    6    1
   18   20    6    3    1
   16    2    6    1    1
    3   27    4   12    1
   22    2   11   12    1
   16    4   12    4    1
   11    3    2   10    1
   25    3   12    7    1
    6   18    3   10    1
    5    5   11   10    1
    1    2    9    7    1
    3   21   10    9    1
   30   13    3    6    1
   18    2    9    7    1
   14   10    4    7    1
    5   10    5    9    1
   10   17    8    5    1
   14   13    7   11    1
    7    1    5    5    1
   14    9   10    5    1
   20    8    5   12    1
   12   23    9    1    2
   25   28   10   10    1
    9   11   10    5    7
   19   10    8   12    1
   20   22    7   10    7
    8   15    7    6    1
   30    1    4    6    1
   23   21   12    4    2
   10   30   12    3    7
    8   29    7    8    1
    7   11    2    5    1
    4    1    6    6    1
   24   12    5    2    1
   23   13    3   10    1
   26   19    8    1    1
   24   23    5   10    1
   12   18    1    1    1
   24   29    4    6    1
   22    1   12   10    1
    3   29   11    9    1
   20   15   10    7    1
   12    9    9   12    1
   15    9    4    4    1
   21   30    3    4    1
   17   26    8   11    1
   16   28    4    1    7
   30    4   10    2    1
   15   30    1    3    7
   18    5   11   11    1
    9   17   11    1    7
    6    7    8    2    1
   28   27   11    5    6
   16   27    1    1    7
   18   26    4    5    1
   23   10   11   12    2
   21   19   11    5    7
   28    7    4   12    1
   24   28    1   11    1
   21   16    1    9    1
    1    5    4    2    7
   12   11    5   11    1
    8    7    3    9    1
   17   25   10    9    6
   12   19   11   11    1
   29   14    7   12    1
   27   18   11    4    1
   28   23    5    1    1
   14   14   10    5    1
    8   14    3   12    1
    4   18    3    5    1
   20   28    5    1    1
   13   25    1    9    1
   27    4    1    8    1
   17   23    1   11    1
   15   11    3    9    1
   24    1    1   12    1
   23    6   10    1    1
   30   26    2    9    1
   20   20    4    8    1
   17   17    5   12    1
    8    6    6   10    1
   29   23    4   11    1
    1   10   10    2    1
   23   23    1    5    1
    1   16    9   12    1
   24   11    5    4    1
   10   28    3    8    1
    1   26    6    9    1
   23    8   11   12    1
    3   15   10   11    1
   14    1    8    8    1
   23    9   10   11    1
    5   11    8   11    1
   26   11    7   11    1
   27   24    2    3    1
   13   11    4    3    7
    8   17    3    6    1
   29   30    5    8    7
   21    2    8    7    1
   21   22    4    4    1
    1   25    5   11    1
   28   30    4    8    1
   23   26    3    7    1
   25   15    4   11    1
   24   24   10    2    7
   25   24    8    7    1
   27   20    7    8    1
   19   24   11    9    1
   15   26    4    6    1
   20    4    1    5    1
   28    4    2    6    1
   13    4    5    9    1
   30   17    3    7    1
   18   23   11    8    1
    2   10    6    3    1
    1    3   11    7    1
    7   30    1    5    1
   13   26    5    6    1
   17   29    1    6    1
   22    3    1    7    1
    6   17    9    2    1
    6   22    2    4    1
   13    6    8    7    1
   21   17    2    5    1
    7   20   11    1    1
   23    2    4   11    1
