   18   27    7    8    5
    6   15   12    4    1
   25   18    2    5    1
   27   17   12    6    6
   19   13    2    2    5
   26   21    5    5    3
    5    8    5    5    6
    9   23    4   12    1
    7    4    9    1    5
   27   30    5    2    6
   19   30    1    4    7
    5   27   10    8    1
    8   26    8    1    5
   17   24   12    4    3
   26   25    3    7    7
   11   11    7    4    1
   24    4    2   12    1
   15   25    6   11    5
   12   18    2    9    1
   27    4    6    8    1
   30   12   10   12    1
   21   30   10   11    3
    8   25    7    7    5
   14   29    2    8    5
    7   27    7   11    1
   10   28   12   12    1
   18    6    8    4    1
    8   18    8    5    5
   28   17   10    4    1
   17   29    1    3    1
   22   12   12   11    1
    5   28    2    1    1
   30    7    3    5    1
    2    7    3    1    1
   21   10    7    3    6
   14   28    4   11    1
    5   16   12    2    1
   19   12    8    6    5
    1   24    6    7    1
    2   16    5   12    7
    4   28    7   11    1
   19    7    8    6    7
   20   28    4    7    1
    5    7   10    5    1
    7   20   12    5    1
   15    1   10    9    6
   17   21    3    2    1
    2   29    7    3    7
    3   25    4    8    1
    8   29    8    9    1
   19   18   10   10    1
    7   12   12    9    1
   29   23    2   10    6
   23   13   12    8    1
   24   22    7   12    9
    2    9    9    7    1
    4    3    5    7    2
   15   13    9    1    3
   12   20    3    8    1
   19   28    8   12    1
   16   17    1    3    7
    1   27    8    7    1
   10    6    5    3    1
   23    4    9   11    1
   23   18    8    6    8
   17   10    2    2    3
   22   22    8   12    9
   20   21   11    2    1
    3   10   10    6    1
    2   28    9   10    1
   17   23    1    5    1
   17   12    8   11    9
   12   14    8    6    6
    9   24    2    3    5
   11   15   12    7    1
   20   14    6    2    6
   14   25    1   11    1
    9    6    2    4    1
   26    7    5   11    1
    8    3    5    8    1
    3    5    1    9    1
    6   23    7   10    1
   17   13    6    2    1
    9   28    8   12    1
   22    4    4    4    5
   23    2    7    4    5
    1   22    4   10    7
   25   21    6    6    8
   27   27    2    8    9
    7    1    3    1    4
   19   15    4   12    3
   12   25    8   11    2
    6   11    2    4    1
   12    8    5   10    1
    9   20    2    2    1
   12   29    8   10    1
   19   16    3    9    7
   25    7    3    1    7
   21   15    6   11    1
   21   18   10    4    7
    8   19    4    2    7
   24    6    9    3    1
   20   25    5   10    7
   12   13    7    9    1
   11    5    6   11    7
    8   11    8    3    7
   11   18    3    7    1
   19   26    8    4    1
   23   20    6   11    1
   22   11    7   10    8
   28   25    8    9    8
    2    2    8   12    8
   27   28    3   10    8
    6   22    1    5    1
    4    9   12   10    9
   14   15    4    9    9
    8    2   10   10    1
   30   13    2   12    1
    9   12    2   12    1
   13   20    1    8    1
   22   29    4    4    1
   10   29    8   10    9
   26   29    7    5    1
   25   29    9    1    1
    2   15    1    7    1
    8    4    8   10    9
   11   20    7    2    1
   20    8    1    7    9
   19    6   12   11    1
   13   22   11    9    1
    5    1   10    6    9
   27   16    3    7    1
   29   16    5    9    1
    3   30    7    6    1
   24   23   10    2    1
    6   13   11    7    1
    6   26    4   11    1
   24   11    9   10    9
   22   18   12    8    9
   20   16    5    1    1
   19   24    9   10    8
   18   28    8   10    1
   19   10   12    6    6
   14   27    9    6    1
   13   10    2    8    1
   13   11    8    1    5
   15   17    1    3    1
    5   23    5   12    1
   26   26   12    4    1
    3    6    6   10    5
    2    6   12    8    1
    9    7   12    7    1
   15   15    1    8    7
    1   12    2    8    1
   15   24    7    2    1
   26   15    3    1    1
    5   20   11    6    1
   21    4    7    8    9
    8   23    7   12    5
    4   12   12    2    1
    3   14    1   10    9
    7    8    9    5    1
   16   28   10    5    1
   19   14    7   12    1
   22   23    1   10    1
   10   26    2   10    1
   13   13    9    8    9
   11   30    7    6    9
   14   11    6    4    1
   22    5    4    1    1
   16   26    9    5    1
   20   19   12    9    1
    2   13   11    6    1
    9   10    8   10    1
    9    3   12    7    2
    2   20    2    3    2
   19   27    5    9    1
   24   25   11    5    1
   13   28    9    9    1
   30    4    9   11    9
   24   14    1    9    1
    1   26   12    6    1
    3    2   11    4    1
   12    5    4    3    1
    1    9    1    4    9
   28    8    5    9    6
    6    6    9   10    9
   25   13    2    6    5
   18    9    2    3    7
   28    6    4    1    9
   17   17    9    8    5
    8   13   12   12    5
    8    8   11    1    9
   18    1    3   11    9
   15    9    7    9    9
    2   18    4   11    6
   18   17    9   12    3
    4   15    5    8    3
   16   14    7   11    3
   12   21    8    4    9
    3   16    4    3    9
   17    6    8    9    9
    5   29    1   12    9
   29    6   12    9    3
   23   14   10   10    3
   27    3   10    8    2
    9   27    7   11    8
   17   26    3   12    2
   19   29    8    2    2
    4   25    6    4    2
    3   29   10   10    2
    3   19    2    1    2
   27   25    1    5    2
   11   10    5   12    9
   25   10    3   10    1
   22    9    2    9    1
   14   18    9    9    1
    9   11    5    6    1
   21   19    4   12    1
   20    3    4    9    1
   17   14    1   12    9
   26   14    2    5    1
    3   18    2    2    1
   30   26    5   10    1
   16   15    5    5    1
    2   25    5    5    9
    3   12    7    3    9
   19    9    2    1    8
    7   11   12   11    7
   17    2    5    2    9
    8   27    3    7    1
   13   16    1    2    1
   16   21   12    5    8
   30    8    4    5    1
    3   15    8    8    9
   10    5   11    3    1
   17   30    8    5    9
    4   13    6    6    1
   11    1    1    3    9
    6    8    2    6    1
    5   13    2    9    9
   10   10    5    1    9
    6   16   11    8    9
    2   19    6    3    8
   18   18    6    1    7
    6   25    5    5    1
   25   22   11    2    1
    4   29   12    9    1
   24   27    3    5    1
   28   21    5   12    1
   25    1    1    2    8
   15   22    7    8    7
   10   12    3    9    8
   29    9    4   10    8
   16   16    7    6    9
   24    5    6    2    9
   17    7    1    5    8
   18   10    7   12    1
    2   26   12    5    1
   23    7    1   12    8
    9    8   10    8    9
   13   27    2   10    1
   30    6    1    8    5
   27   15    8    8    1
   21   21   11   10    9
    7    7    8    5    1
    7   21    6    6    9
    7   24    4    8    9
   26   24    7    1    5
   18   15    8    7    9
   19    5    3   11    9
   30   24    8    8    1
    6   20    1    4    1
   30   25   10    2    1
   14   14   10    8    6
   24    2   10   12    1
   22   27    1    8    6
    1   17    9    1    5
   17    4    6    7    1
   16   25    8    8    1
   23   19    1    7    1
   30    5   11   12    1
   13   21    2    4    1
   29    7    3    1    1
   26   23    8    1    9
   26   20   10    4    9
   11   16   11    5    9
    4   11    8    1    9
   10    1   12    1    9
    5    5    1    7    9
   20   20   12   10    9
   27   11    7   10    1
    3    3    1   11    9
   18   30   12    8    1
   25   25    4    6    9
    3   22    8    7    9
    1    8   12   11    9
    7   16    5    3    9
   16   22   11    6    9
   28   30    8   11    9
   21    1    6    6    1
   13    9    2    8    1
   18   29    7    9    9
   14    8    5    5    1
   12   11    4    8    9
    1   29    2   11    1
    4   26    1    5    1
    5   26    8    8    1
   26   28    5    2    1
   30   20    9   10    9
   27    2   12   11    1
   22    7    6    7    9
   23   23   11    4    1
   26    9    9    6    6
    9    5    4    7    5
    3   13    1    2    9
   15   30    9    8    4
   18   24    2    4    2
   23   16    3    2    4
    5   17    5    6    2
    2    5    6    4    3
   17   22    8   10    1
   20   18    4    8    9
    7   15   11    7    3
   16    4   12    1    3
   10    7    4    6    1
   11    2    7   10    1
   19    4    9    5    9
   10   27    8   11    1
   22   10   12    3    1
   21    8    7    1    9
   20   27    3    3    1
    5    4    1   10    1
   29   29    7    3    8
   22   14   11    5    1
   23   10    7   12    9
   27   23    3    1    1
   30   29   10    9    1
   18   26    6    9    9
    1    4    8   11    9
   24   20    5   12    1
    4    4    4   10    8
   22   28   11    1    1
   14    5    2    5    1
   18    7    1    2    1
    1    6   11    4    1
   15    8   12    4    1
   18   13    9    4    1
   12   15    2   12    1
   24    8    3   11    9
   30   30    1    8    8
   12   24    1   11    1
   14    6    4    1    8
    4   20    3   11    1
   16   18    2    6    8
   26   27   12   11    1
   24   24    9    8    9
    3   23    6   10    1
   28   24    1    5    1
    3   24    5    2    1
    7    6   12    2    1
    3    1   11    3    9
   25   17    3    8    2
   15   23   11    4    2
   11   25    8   12    1
   19   25    9    8    1
   18    5    8    7    7
    6   27    7   11    1
   15   10    3    7    1
   13   26    1    8    7
   22    2    1   10    7
   21   24    4   10    3
    1   14    7    8    1
    2    1    6    7    1
   21    5   10    2    1
    1   30    8    9    1
   10    2    9   11    1
   30   23    7    2    1
    8   16    2    9    9
   12   16   10    1    3
    2    4    1    8    3
   10    8    4    9    1
   13   24   12   10    1
   25    9    2    1    1
    3   21    9    8    1
   21   14   11    2    7
   15   28    5    9    7
    9    9   10    2    9
   11    3    5    7    8
   21   23   10    5    1
   15   20    7    4    7
   26    3    9    5    1
    1   20    8    6    8
   12    2    8    1    8
    2   21    6   11    8
   19   17    8   10    8
   22   26    3    5    8
   29   21   10    2    1
   30   16    4   11    8
    3    7   10    7    7
   27   21    6    3    1
   28   23    1   12    7
   12    6    1    1    6
   14    2    2   11    1
   21    9    8   11    1
   13   29    9   10    1
   17   11   11    2    7
   22   20    5    5    1
    4   14   12    1    8
   11   21    6    7    8
    2   30    3    5    1
   22   30    2   10    1
   12   12    2    6    9
   15   29   10    8    8
   28    7    7   11    6
   13   14   10    7    1
   16    1    3    5    7
   14    9   12    8    7
   12   28   10    1    9
   29   28    6   12    1
    9   16    1    5    1
   16   10    8   11    1
   29   27    6   11    1
   10   20    9    6    1
    5   15    1    8    9
    9   17    8    2    6
   28    3   12    9    1
   21    6   10    7    8
    1   28   10    9    1
    1   23    4    4    6
   29   24   10    2    6
   10   30   12    4    1
   30    9    8    4    6
    1    1    7    9    6
   20   29   10   10    1
   28   11   11   11    1
   22   19   12    2    6
   24   10    2    3    1
   11   26    9    7    1
    5   25    2    2    1
   23   12    4   10    1
    8   17    3   12    2
   11   29    3    9    2
   25   23    1    9    2
   20   17    3   12    2
   12   26    4    5    2
   19    1    4    3    7
   22    8    7    2    7
    7   13   10    3    8
   14    7    6   12    7
    4   10    7    8    6
   18    4    8    9    6
   19   11    1    4    6
   23   11    3   11    6
   14   30   11    1    6
   13    1    2   11    6
   24   16   11   10    1
   28   28    3    2    9
    6    5    7    2    8
    3   17    6   11    7
   19   19   10   11    9
   27   12    1   10    6
   21   22    3   10    1
   10   14   11    6    1
    6    4   10    2    6
