   19   11   12    8    7
    2    1    9   10    5
   23    3    4    4    4
    5    5    1    6    8
   26   12   11    3    2
   17   17   10    6    7
   16   24    3   10    5
    7   24    7    2    8
   28   21    8    4    7
   18   15    1   11    6
   10    5    3    2    2
    7   15   11    4    2
   28   26   12    7    2
   29   26    5    4    1
    1    8    1    2    4
    3   28   12    5    3
    5   28    3    3    6
   25   24    8   11    3
    6    5    4   11    6
    7    2   12    5    5
   14    8   10    2    4
   11    7    2    4    4
    8   24    5    2    3
   30    1    3    1    2
   24   20    6    1    1
    7   20   10    3    1
   19   29    4    5    2
   29    3    1    2    3
   12   10    2    7    8
   28   15   11    6    4
    1   21    7   10    8
    1   19    3    2    6
   21   22   12    5    6
    4   24   11   12    7
    8   27   10    3    4
   21   19    7   10    7
    5    4    2   12    6
   15   12   12    6    8
   22   18    3    2    3
   19    8    2    8    6
   23    6    5    2    1
    8   23   10    9    1
   19   13    3    8    2
    3   14    8    5    7
    6    6    1   12    9
   24   14    1   11    5
    4   12    3    3    4
   16    6    7    5    4
    1   20    1    9    3
   18   21    7    1    2
   20   26    2    9    3
   14   25    9    9    6
   30    8    6    6    2
   21    2    3    1    6
   21   29   11    4    1
   12    6    3    6    2
   30   30    8    4    2
   10    2    7   10    6
   30   27    9   12    2
   10   10    2    1    9
    4   14    3   11    9
   20   17    1   11    7
   20   30   10   12    4
   11   21    2    5    9
    9    7    1    7    5
   16   19   12   10    6
    2   17    2   10    6
    1   25    5    1    4
   15   27    9   10    9
    9   25    7    1    2
    6   30    3    3    2
    3   19    4    5    6
   15   20    9    2    6
   10    1    2    6    8
    1    9    3    4    3
   21   12    4    6    3
    2   16   11    5    7
    4   27   11    9    2
   13    1    3   12    3
   28   19    6   12    8
   11    3    6    9    7
   24   11    1    8    6
   21   30    7    3    6
   19    7    1    6    6
   27   19    1    3    5
   20    4    5    3    5
   18   27    4    2    6
    5   25    9    5    5
   10   30    7    7    6
   22   23    7   10    7
   18   19    2    5    4
   17   11    1    9    6
   25   15   10   12    2
   16    5   11    1    4
    5    3   11    6    9
   11   18    5    5    7
   10   17   11    3    9
   15    5   12   10    4
   30   18    7   10    6
    4   13   12    3    7
   27   23   10   11    1
   13   29   12   12    2
   28   17   12    2    8
   28   27    4   12    9
   30   22    6    6    9
    9   10   12    5    6
   21    8    9    9    8
    1   14    6    9    7
   10   26    4    3    5
    1   22    8    7    3
   16    9   11    3    3
   12    5    9   11    5
   14   29    2    5    1
    9   11   11    8    1
   23    5    6   11    5
   22    2    8    1    7
    8   28   11    9    4
   23   14   10   11    3
    9    6   10   12    2
   11   12    1    5    9
   27   20    8    3    7
   16   30    3    5    7
   11   11    9    2    6
   16   21    8    7    7
    9    4    1    5    7
   15    6    2    4    1
   28    9    5   12    6
   16   22    9    7    3
   25    6    4    3    1
   17   24   10   10    8
   21    5   11   11    6
   16   20   10    8    5
    8   12   11    5    4
   27    6   12   10    7
   26    5    5    2    4
    8   29   10   12    3
   20   19    4    8    9
   10   29    4    6    7
   27   29    8   10    4
   26   23    5    7    7
   16   13   12    8    7
    9   14    7    2    6
    3   26    4    9    2
    8   17   11   11    7
   26   25    8    9    7
   26   18    1   12    7
   27   25    4    2    2
   29    7    6   12    2
    9   12   11    4    2
   22   20   12    3    3
   18    4    8    4    8
   12   30    5   10    8
   25   25    7    5    1
    8    3   10    8    8
   14   12    2    8    7
   13   12    5    6    2
    2   26   10   10    4
   20   20    1   12    7
    3   21   10    8    4
    2    3   12    6    4
   15   19    1    7    9
   28   12    3   10    8
   25   23    3    9    9
   15   21    3   12    3
    9   27   12    9    8
    1   12    7    1    7
   17   18    2    8    8
   27   11    3    8    3
    7    7   11    7    9
    5   13    5    2    8
   30   17   10    1    9
   29   12   12   12    1
   27   10    8    5    5
   28   24   12    8    4
   28    7    5   10    7
   15   24    9    1    1
   11    5    3    8    6
   30    9    3   12    2
   10   18   10    7    3
    3    3   12   10    8
   10   28    6    8    3
   13   14    6    8    6
   13    9   11    2    7
   28   22   10   11    5
    8   13   12    2    7
   27   26   11    5    6
    1   26    5    6    2
    2   28    2    6    8
   13   17   12    2    4
   15   14    7    7    4
    5   19   10    3    6
    6   18   12    2    3
   28   25    5   12    3
   19   19    4   12    8
   23    2    9   12    6
    6   10    3    2    5
   16   12    7    1    6
   22   25    8    1    1
   13   13    1    9    9
   11    1    3    9    8
    3    9    3   11    7
    3   18   11    1    5
   13   23    9    8    2
   28   29    5    4    8
   22    4    2    9    7
   25   12    1    5    2
   19   12    1    2    3
   11   28   12    8    2
   10   16    3   12    7
   29    6    6    6    6
   29    2    9   12    2
   14    6    7    4    8
    4   16    9   11    8
   23   21    7   12    6
   10   20   12    8    8
   22   19    6    5    7
   21   21    1    8    9
   13   20   10   10    4
   24   10    7   10    5
   29   16    2    9    6
   24   29   11    2    1
   23   28    7    6    1
    1   18    6    5    7
    8    6    7    2    5
    4    8    6    4    6
   18    9    3    3    6
    7   22    9    6    5
   25   11   12   12    6
    1   23    9    2    3
    8   18   10    5    5
    2    9    2    1    6
    7   13    7    2    6
    4    1    1    9    7
   30   13    2    4    4
   28    1   10    6    3
   18   24    7    4    6
    8   20    6    4    3
    6   11    6   10    8
    8    7    1    6    2
    7    5   10    4    2
   22   11    3   11    7
   11   16   11    5    7
   17    5    1    7    7
    9    5    8    7    7
   27   24    2   11    2
   12   20    4    2    2
    3   22    8   12    7
    7   12    5   11    6
   27   22   10    2    6
    4   21    2    4    7
   11   23    2    7    3
   12   22    6    4    7
   27    2    1   12    4
   28   18    5   11    8
   17   26    8   10    6
    5    2    5    7    6
   14   14    2    9    7
    2    4    5    3    7
    6   20    9    3    6
   30   15    6    7    7
    6   26    9    8    3
   13   26   10   12    5
   28   20    8    1    1
   29   30    8    4    2
   15    4    9    8    8
    3   12    4    2    8
    6   28    6   12    6
    3    1    4    5    7
   15   10    3    7    4
   28   13   12   11    6
    3    6   10    8    3
   16   25    6    1    3
   21   25    8   10    5
   18   29    3    3    5
   22   24    8    4    7
    1   16    4   11    6
   30   14    1    9    6
   15    9   10    3    6
   30   11   11    8    4
   24    2    7   11    3
    5   20    2    1    3
   21    6    1    9    8
   26   26    2   10    6
    9   29    3    7    4
   17    7   12    6    1
    5   30    4   12    1
    2   13    7    1    1
   10   22   10    9    1
    7   27    5    9    7
   25   29    4    5    1
   18    7    3    5    5
    6    4    5    1    6
    5   22    9    8    6
   24   26    2   11    7
   21    7    1    1    6
   21   27    7    8    7
   16   26   11   10    2
   11    4    4    4    9
   24   24    1    9    9
   22   22   10    8    9
   24   13    8   12    2
   29   29   10    6    7
   12   17    8   11    3
    9    8    6   10    4
   17   29   11   11    4
   24   21    7    9    1
    5   18    8    2    1
    9   20    8    4    2
    5   27    4    9    4
   11    2    3    3    5
   23   15   12    8    1
   30   25    4    4    1
   15    2    9   11    8
    3   15    7   12    7
   10    4   11    4    6
   14   16    8    7    7
   12   12    7    5    9
    7   10    5   11    7
   24   19    8    2    9
    2   19    3    7    4
   26   21   11    1    4
   22   26    5    2    7
   22   13    1    7    8
    1   29    7   11    7
    8   22    4    8    7
   26   19    7    9    6
    9   17    5    9    6
   27    1    4    4    5
   18   25   12    5    5
   10   23    3    1    4
   23   23    4   11    2
   16   16    6    3    3
   10   13    6    8    6
   25   17   10   11    2
   30   19    9   11    1
   30   24    2    2    5
   14   19   10    7    2
    2   30    1    4    2
    5   14    3   10    1
   30   26   10   11    3
    4   23    3    8    3
   20    3   11    8    3
    3   24    6    3    7
   20   23    9    8    7
    3   25    5   12    3
   16   23    8    3    2
   26    9    1    3    6
   17   16    5    7    5
   20   18   12    1    5
    1    7    8    5    4
   18   16   10    6    5
    4   29    1    3    1
   27    3    2    9    1
    1    6   12   11    1
   15   22    4    1    1
    3   10    9    5    2
    3   30    8   11    1
   17   19    4    6    4
   20   29    8    1    9
   19    4   12    6    6
    7   25   11   12    5
   23   17    6    9    5
   29   23    7   11    2
    5   29   11    4    6
   11    8    6    7    6
   15   11    9    5    6
   26   15    4   12    4
   17    4    3    5    4
    9   19    9    4    4
   18   13   11    5    4
   25   13    4   10    1
   23   30    5    3    1
   25   19    7    8    4
   17    1    3   10    4
   20   14    4   12    6
    2   25   10   10    5
   10    8    5    5    6
   26   11    9    7    3
    7   14    1    8    5
   13    6   11    8    5
   15   15   11   12    7
   23   12    7    4    2
    7    4    6    5    6
    9    9    6    7    6
   15   13    9   10    5
   17   21    4    4    3
    8    2    6   10    3
   18   23    6    8    6
    6   19    8    2    1
    3    4    3    6    5
   11   20    6   10    4
   14   11    5    8    8
   23    7   12   10    1
   12   27    2   10    4
   17   22    4    9    3
    1   24    7    1    2
   21   13    2    8    5
    2    2   12    4    5
    2    6   12    8    5
   23   24    2   10    6
   14   17    6    8    4
   13    3    4    6    6
   27   14   11    7    2
   27   13    6   12    1
    6   24    8   10    1
    3   16   10    8    7
    2   14    9    4    7
    4    4   11    9    7
   14   28    6    3    3
    8    5    4    9    7
    8   26    5    9    6
   15   29   10    3    7
    1    1    8    1    8
   16   28   10    5    3
    4   26    1    6    4
   14   22    8    8    5
   20   21   11    2    5
   12    2    3   10    3
   19   10   12    9    7
   26   14    5    9    7
   16   27    7    7    6
   22    6    3   11    6
    3    7   10    5    8
   15   17    9    1    7
    9   21   12    8    4
    9   24    9    7    2
    4   30    5    2    6
   22    9    7    5    6
   27   27   12    8    8
   25   20    8    8    1
    8   25   10    1    3
    5   24    2   12    4
   28   30    8    8    4
    8   15    7   12    5
   23    9   10    2    1
   26    7   10    7    1
   11   13    2    3    6
   10   25    7   12    6
    6   17    4    9    5
    3   17    4    3    4
   12   24    7    8    4
   29   22   12    8    7
    1   15    5    9    7
   10   11    7    8    8
   28   28    2   10    5
   18    2    8    5    3
    4   25   11    4    2
   18   18    1   10    7
   28    4   10    3    2
   14   21    5    3    9
   12   18    9    1    5
    1    5    8    3    4
   11   29    6    2    2
    7    6    5    1    7
    8   16    7    7    2
   14   18    3    4    5
   10   21    3    9    6
   14   10    9    6    7
   27   17   10    2    8
   23   19    5    8    6
    7   30   12    5    6
   16    7    9    8    8
   20    2   11    4    5
    8    8   12    1    6
   16   15   11    9    4
