   18   16   12    8    4
   23    3    7   11    5
   13    7    7   11    2
    7   28    1    9    2
   18   29   10    5    4
    8    4    9    1    7
   23   15    5    4    7
   24    3    9    6    4
    9   17   11    7    4
   11   20   10    3    5
    1   10   11    7    6
   18   12    4   10    6
    5    6    8    2    4
   27    9    6   11    6
   19    4   10    1    8
    6    6    1   10    5
   14   12    5    3    6
   13   10    8    8    4
   12    8   10    1    4
   20    1   12    2    2
    8    1   11    2    5
   13   25    2    8    4
    6   10    1    9    3
   17   14   10    3    2
    8    3   12    3    5
   20    4    7   11    4
   19    2    8    5    3
   23   23    5    9    5
   21    1    9    2    2
   16    1    8   12    2
   29   15   12    6    2
   30   14    1    9    5
   13   29   10    3    4
   21   19    1   11    6
   19   19    3    9    7
   14   26    7   12    4
    8   29    1    1    4
    3   29    1    5    1
   21   14   12    2    5
    5   16    3    3    3
   10   21   11    8    5
   26   17    5    2    5
    2    8    9   12    4
   13   20    1   12    2
    2   15    9    9    2
   25   17   12    3    5
    5    3    9   11    5
   30   12    5    9    4
   25   30    5    2    1
   20   26    8    4    1
    2   27    9    5    3
   26   10    2    5    1
   25   26    7    6    4
    5   17    2    7    1
   26   13   10    5    1
   23   19    9   10    1
   28   26   10   11    5
   18    6    1    6    1
    3   11    4   12    4
   27   12    7    9    4
    6    8    4    4    3
   16   14    9    3    3
    2   26    8   12    1
   25   28    2    3    1
    3   16    8    3    2
   21    6   11    1    5
   21   12    3    2    4
   15    7    9    2    3
   30   19    1    3    5
   11    5    6    3    2
   28   21    2    6    5
    9   15   12   12    7
   27   10    9    2    6
   20   23    7    9    1
   20   12    7   11    1
   11    1    4    5    4
    7    5    5   10    4
   18   27    9    9    5
   17    8   11    7    5
    8   14   11   10    1
   29   14   10    6    2
    4    1   10    3    2
   15   15    8    2    3
    5   24    9    8    2
   16   25    5   11    5
   18    8    6   12    4
   12    4   11    1    3
   29   12    2    5    2
    4   15    6    9    5
    9   25   11    8    5
   30   30    7    4    4
   22   20    2    5    3
   11   26    6   11    3
    9   11    4    3    2
   11   29    5    5    2
   27   13    7   10    5
   16    8   11    9    6
   19   28    4    1    4
   20    8    8    7    3
   30    7   11   12    4
    7    8    7    4    4
    6   28   12    2    5
    6   15    1    4    3
   18   14    6    7    3
   17    4    2    4    2
   18    1   11    6    2
   25    5    7   10    2
   27   29    3   11    2
   21   26   10    7    1
   19   13   11    3    3
   23    1    6    4    1
   18   15    5    2    5
   24   24    9    4    9
    7    2    9    1    1
   26    6   10    1    2
    3   12    5    3    5
   12   22   11    7    1
   17   17    7    8    4
   17    6   11   10    3
   29   10    4    8    7
   17   24   10    2    6
   13   22    8    8    1
    6   20    7   11    1
   21   21    8    9    9
   13    6    9    2    5
   30   23   12    9    7
    1   26   10    9    4
   25    7    5    6    1
    1   14    9    5    8
   12    5    8    3    1
    4    5    4    3    1
    4   11   10    3    5
   27   28    1    7    8
   14   14    5    2    8
   30   27    6    1    1
   29    9    9   12    1
   12    7    5    5    6
    5    8   11    2    5
    2    6   12   12    7
    2    3   10   11    1
   15   20    9    2    8
    1    5    3    7    8
   17   12    1    9    6
   25   10    9    4    4
   19    3    9    3    8
    2    9    4   10    4
    2   21    2   10    5
    5   22    4    4    3
   11   12    6    3    2
    7   20    6    2    1
   11   16    2   11    7
   13   17   11   11    7
   29   19    4   11    4
   30    4    2    3    3
    9   16   11   12    3
   23   12    6    7    3
   29   20    2   11    3
   30   26    2   10    3
   27   25   11    6    9
   25   21    5    6    6
    3   26    6    6    4
   15   26   12    7    5
   19   12    8    6    6
    4    9    7    8    1
   23   28    5    1    1
    8   11    9   11    4
   22   24    8    2    1
   20    9    7   12    1
    6   16    9    9    4
   14    3    8    7    1
   18   25    3    5    1
   22   21    2    8    1
   16   22   11   10    5
   15   30    4    6    4
    8    8    1   10    4
   15    5    7   11    5
    1   15    8   12    5
   20   20    9    5    4
   26   19    9    7    4
    2   11    2    2    7
   10   14    3   11    5
    3   15    1   10    3
   27   16    5    3    1
   27    3   12    4    1
    4    4    4    6    4
   18    3    3    4    4
   29   24   11    7    5
   15   12    2    7    4
   15   24    4   12    6
    7   10    3    2    4
   23   29   10    3    4
   13    8    1    4    4
    4    2    2    2    6
    4    7   12    5    1
   24   19   11    9    1
   28    3    9   10    1
   13    5   12    6    4
   10   20    7   10    6
    2   17    7   10    4
    7   16    9    4    1
   27    8   10    9    1
   10   17    6    9    2
    6   29    3    4    3
    3    9    8    3    1
   28   15    7    5    3
   13    1   10    4    3
   26   23    6   10    4
    9   13   11    9    2
   12   16    2    9    1
   14    6   10    8    1
   24   26    5    8    2
   13   11   11   11    3
    4   13    3   10    3
    1    1    2    8    2
   15   22    6    2    1
    5   23    8    5    1
   21   24    3    7    1
   18    5    6    7    3
    5   27   11    4    3
   14   25    1    9    2
   22   22    5   11    4
   11   30    8   12    3
    4    6    1    4    3
   27   15    4   11    3
   16   13    8    1    5
   22    7    5   12    5
   16    2    2   10    5
    7   18   11   12    5
    5    5   10    3    5
   23   17    1    6    5
   25   12    4    6    3
    5   20    3    3    3
   19   18   11   10    3
    2    2    5    9    6
   12   12    7    5    6
   22    6    4   11    6
   22   10    9    9    1
    7   27    8    3    1
   20   14    3    1    6
   29   26   10    6    6
   22   18    9    9    5
    8   15   10    5    6
   28   13    7    9    1
    2   24    4    6    4
    9   21    3    7    1
    3    1    1    4    1
   26   12    8    5    1
   19   25    1    3    4
   26    7    5    6    3
   23    2    6    6    3
   21   11    7   11    5
   14   24    2   12    5
   11   11   10    6    5
   19   22   10    4    5
    9   12   11    2    5
   18    2    6    7    5
   30    2    3    4    6
   11   27    7    1    4
   30   28    9    6    5
    9    7    1    1    4
   27   22    6    9    6
    2   22    6    2    3
   10    8    1   11    5
   29    5   10    7    5
   28   22    6   12    4
   11   17    7    8    5
    1   29   11    2    3
   15   10    9    1    6
    7   21   12   11    4
   10   16    5    6    1
    2    5    3    9    1
   30   17   10    5    3
    9    6    7    9    1
    9    1    1    4    5
   13   15    6    8    1
   28    5    5   10    2
   18   10   10    7    3
   25   29   11    2    1
   19   11    2    1    4
   18   20    7    4    5
   15   21    3    4    4
   20   17    7    9    1
    5   21    6   12    5
    6   11    2    1    4
   16   16    8    6    5
   25    8   11    7    5
   30   20    9    4    4
   24   25    4    1    5
   19    9    7   10    5
    4   26   12   12    2
   29    4    5    7    1
   21   20    8    3    6
   17   28    3    6    5
   15   11   11    8    2
   29   16    7    8    1
   13   13    3    8    8
   30    3    4   12    5
   19    8    9    2    5
   22    9    9    7    4
    3   21   10   12    4
   10    5    5    8    2
    2    1    2   11    8
   21   13    5   12    5
    5   19   10   10    5
   30   10    7    2    6
    7   17    5    1    7
   17   19    4   12    4
   27   17    3    6    3
   23   18   11    2    1
   24   11    6    9    4
    9    9    7   12    7
    1   17    2    8    5
   27    1    6   11    7
   16   23    2   11    4
   28   11    9    7    5
    6   23    6    6    1
   30    5    7   10    5
   28    8    5    1    4
   24    7    8    4    5
    9   18   11   12    5
    9   10    3    9    5
   20   19    1    9    4
   19   16    6    4    4
   24   13   12   10    4
    7    6    3    8    3
   18   24    2   12    5
    7    1    8    7    5
   21    4   11    3    3
   15   25   10   12    5
   16   28    7    6    4
    5   14    9    1    1
   16   30   10    4    5
   22   17   11   10    1
   14   28    1   12    1
   18   21    1    4    1
   24   10   10    3    1
   12   13    1    2    1
   28   28    9    3    8
    3    4   12   10    6
   29   29    7   11    1
    3   10   11   11    1
    4   23    6    7    3
    3   17    6    2    4
   30   18   11    5    3
   26   26   11    9    5
   25    1    6    4    6
   22   29    1   11    5
    8   21   12    7    4
    4   18    5    2    4
   20    2    8   12    4
   24   28    3    5    3
   14   11    9    6    7
   12    1    5    6    7
   17   18    4    7    8
    8   26    2    8    4
    8   23    4   10    5
    8   22   12    8    1
    2   10    8    1    1
   30   29    5    4    5
   19   14    1    7    5
   14   13    4   10    5
   28   18    2    6    3
   23   10    9   11    3
    8    9    4   12    2
   10   10    7   12    4
   28    9    5    1    5
    7   11    4    4    5
   27    4    8    4    4
   22    3    2    8    4
   10   28    4    4    3
   10   12    1   10    4
   18   18    7   11    5
    6   25   12    3    5
   16   20   12   11    4
   22   14    5   10    3
   24   23    1    9    2
   25    4   12   10    3
   30    6    5    6    2
   15   16    7   12    2
   15   19    1    8    8
   14    4    8    1    7
    1   22    5    2    6
   26   18    4   10    4
   30   13    1   10    4
   23   14    5    7    3
   12   24    8    2    1
    1   24    1   12    3
   14   15    8    8    1
   25    3    1    2    1
    4   28    4   12    2
   19   10   12   10    5
    9   24   11   10    6
   11   10    8   11    5
   24    4    7    2    1
   27   26    7    3    8
   12    6    4    7    8
   28    1    8    1    3
    2   13    8    7    3
    1    6    2    7    3
   11   23   10    9    4
   27   19    8    8    5
   26    9   11    6    6
   21   17    5    7    1
   24   30    6    3    5
   25   22    8   12    5
   13   23    1   12    6
   30   22    6    3    6
   20   28    4    5    4
   27   27    3    9    7
    7   29    6    7    5
   27   14    3   10    4
    7    3    5    5    4
   16    4   11   10    6
   25   11    5    7    3
   24    8    3    8    5
   28   12    6    2    8
   25   25    4    7    7
   14    7   10    4    6
   25   23    9    4    6
    2   25    3    1    4
    3    6    6    2    1
   20   27    3   11    1
    7    7   11    2    5
   26   22    5    2    6
    9   14    8    6    1
   11   22    7    8    1
    6   27   12    4    1
   28    2    1   11    2
    3   20    8    5    1
   25   20    2    4    2
    9    5    8   11    4
   30   21   10    6    6
    7   19    4    8    6
   19    6    9    6    4
   23    9    9   10    5
   19    1    7    4    5
    5   26   11    4    4
    3    3   10    4    6
   12    2    5    8    7
   29   21   10    3    5
   10    4    9    6    5
   17   29    3   11    6
   24   20    8    3    4
   23    7    3    3    5
    3   13   12    6    6
    2   29    9    7    4
   23   21    5    5    1
   23   27    9   11    6
   27   21    2    6    1
   17   15    7    7    3
   17   16    7    4    2
    9   30   10    4    1
   30    8    4    2    1
   24    6   11    1    1
    2   14    7   12    6
   29   28    8    8    2
   13   18    5    6    6
   21   16    3   12    7
   30    1    6    5    6
   11   18   10    6    3
    4   22    9    5    5
   24   16   12   10    6
   27   24   11    1    3
   22   23    7    4    1
   16   26    3    9    4
