   27   25    1    2    2
    3   18    6   11    4
    8    6    2    3    2
   22    3    2    2    3
   24   21    8   11    2
   20   17    5    7    1
    1    9    7    8    1
    6    2    9    9    3
   26   26    5   12    4
   12   29    1    6    2
   26   17    2    4    1
    3   23    1    5    1
   19   30    5   12    3
    3    4    2   12    1
   11    5    9    2    2
   17   10    7    3    1
    3   13    9    5    1
    5   21    3    8    1
   16   21   11    2    2
   19    8    6    9    5
   28   26    7   10    1
   12   20    2    8    2
    5    8    5    4    3
   14    8    5    4    2
   28   11    1    5    1
   14   14    4    2    4
   16   13   10    9    5
   25    8    2    4    2
   17   14    2    2    4
    1   17    9    5    2
    2   29   10    1    3
    5   23    9   10    1
   12    4    8    5    2
   10    9   11    5    2
   11    9   10    6    1
   24   24    1    5    5
   27    3    3   10    1
   23   24   10    2    2
   22   22   10   12    4
    2    3    3    4    4
   23    1    4   10    4
   20   10    8    8    4
   29   23    3    9    3
    4    6    9    9    6
    3   10   11   10    5
    4    4    5    4    5
   16   12    8    6    3
    4    2    7   12    2
   20   15    1   10    1
    4   21    1    8    3
   21   15   12    9    2
   24    3    7    8    1
   26    3    9    8    1
   25   29    9    3    4
   27    7    8   10    3
    8   30    8    9    2
   10   10    8    4    4
    4   30    2    6    3
   12    5    3    1    2
   14   27    3    2    2
    3   17    6   12    2
   26   19    5    1    3
    9   25   12   10    2
   16   18   11    8    2
   11   13    3    9    5
    9   15    5    4    2
   18   26    4    6    5
   15    5    7    2    2
   15    1    9   12    1
   14    3   12    1    4
   11   26    6    4    2
   17   17    3    8    2
   12    6   12    9    5
   12   12    6   11    5
   14   13   12   10    3
   13   13    8    4    2
    3   16    5    6    4
   26    4    8    3    3
    9   14   12    6    2
   25    3   11    4    5
   10   15   10    4    3
   13   19   10    8    2
    4   15   11    5    1
   19   22   12   11    1
   29   16    3    7    1
    5   28    6    5    2
    4   25    5    5    2
   18   10   11   12    3
   11   23    5    4    2
    7   17    9    4    1
    6   21    4   12    4
    4   19   10    3    3
    4   23   12   10    1
   11    3    7    6    3
    7   15    7    5    1
    3    5    4    7    3
    7   22    5   10    3
    6   10    1    1    2
    5   25    9    1    1
   26   13    3   12    2
    8   20    2    4    1
   24   20   10    9    1
   21    2    6    6    4
   19   11    7    9    6
   18   29    5   11    5
   10   12    1    2    2
   15   25    6    4    3
    7   24   10   10    2
   14   11    5    8    5
    5   26    5   11    1
   24   27    1    1    1
    6    3   11    2    2
   23   27    5    4    2
   28    9   12    2    1
    4   13   12    7    2
   29   13   11    6    2
   17   28    4    3    2
    9    9    8   10    2
   11   11   12    5    3
   18   14    4    6    2
   26   30    7   10    3
   28   24    2    7    3
    7    7    8    2    5
    7   25    3    8    3
   29   21    3    9    2
   22   14    1   12    1
   22    2    9    5    1
    3    8    1   12    2
   13    8    4    8    1
    4   10    2   11    4
    9   19    7   11    3
   13    7    1    4    2
   16   22    4    9    2
    1    1    4    6    4
   17   25    9   10    3
   23   23    1    8    5
    6   15    9    2    4
    6    6    4    2    6
   25   25    7    5    3
   22   25    4    7    2
    5    2    6    3    3
   15   30    8    9    2
    3   30   10    7    2
   16   17    3    1    3
    8    9    7   11    3
   20   28    2    2    2
    2    2    8    4    7
   26   14   11    9    4
   15   14    9    9    3
    7    9    3    9    3
   22   24    5   12    5
    7   10   11   11    2
   11   25    3    3    4
   30    1    9    6    4
   11   21    7    9    4
   18   24   12    9    4
   12   22    4   10    5
   25   16    2    6    4
   19   16    3    6    3
   12   15    6   12    5
   17    6    6    5    3
   20   30    8    9    6
   21   21   11    8    7
   23   22    4    7    3
    1   10    6   12    4
    3   28    1    8    2
   15   18    3    5    4
    4   11    4    5    6
   30   16    1    9    3
   26   15    6    8    2
   12    8    3   10    4
   16    2    9    1    2
    7   28    3    6    5
    8    8   10    2    5
   21    3    1    1    5
   22   15   12    7    2
   27    8    4    7    2
   24   10    5    9    3
   24   17    4    5    2
   14   10    4    6    2
    9   20   10   10    3
    6    5    3    7    2
   19   20    2    1    2
    8    4    3    9    5
    1    3    4    5    5
    8   24    1   11    3
   10   13   12    5    4
    9   27   11    6    3
   22    1   12   12    4
   15   13    7    8    4
   30   12   11   10    3
   21   14   10    4    4
   25   14    7    7    3
    9    2    4    2    4
   28   28    6    1    4
   11   27    3    6    3
   18   23   10   12    3
   20   23    5   10    2
    1   28   11    2    5
   25   28    4   11    2
   30    7    3   11    2
   25    1    2    5    3
   19   29   12    1    2
   25   23    2    7    2
   16    1    1    4    5
   16   23    1    8    3
   12   17    2    5    3
    8   15   11    9    3
   17    9    1    9    5
    5    1    9    2    5
   11   17   12    2    4
   30   13    1   12    2
   18   18    8   12    4
   14   30    1    1    5
   24   16    3    1    3
    2   18    2    3    3
   20   18   12    4    2
   13   17    2    8    5
   15   15    4    3    5
    1   20    6    4    4
   15    2    5    3    3
   10   28   10    7    2
   19   10    7    6    3
   30   22   11    6    3
   26   23    9   11    2
   11   24    6   10    3
   28   29   10    1    2
   20    7    5    7    2
   17    8   12    2    2
   11   18   10   12    3
    7    3    4   12    3
   24   29   12   12    3
   22    6    7    4    2
   20   29    5    1    3
   22   21    7    8    2
   14   19   11    5    5
    6    9    8    1    2
    4   29    7    2    4
   16   16    7    4    5
   18    7   11    2    4
   25    6    3    2    4
   20   20    1    7    3
    3    3    8    6    4
    6   29    8    4    3
    8   26    7    9    3
   22   26    6    6    2
    9   30   10    4    2
    1   18    1   12    4
    1   11    6   12    4
    6   23    5    4    3
    4   24    4   12    4
   21   18   10   10    5
   12   27    5    2    4
   20   11    8   11    3
   16    7   12    2    4
   28   16    4    5    2
   26    9    5    1    2
   18   27    2    2    3
    1   29   12    7    2
   15   24    1    8    5
    5    5    8    7    5
    6   30    4   11    4
   19   17   10    2    3
   10   21    1    2    3
   11   12    9    1    3
   19   19    1    6    4
   23   17   11    1    3
   15   17    2    8    2
   12    1    1    6    3
   26   24    6   12    3
   29   29   11    5    3
   22   18    7    8    4
    7   14   10    4    3
   13   18   11    4    3
   25   10   10    4    4
    2   26   12    8    3
   21   17   12    2    3
    5   20    9   10    2
   20    3    1   10    4
   27    6   12    6    2
   12    9    6    9    3
    1   14   10    4    3
   28   19    7    5    2
    1   24    5    5    4
    8   23    7    4    4
    4   20    2    9    3
    9   22    5    5    2
   25   26    4    8    2
   27   13   12    2    2
   13   22    2   11    3
    8    1    9    5    3
   19   15    9    5    2
   12   19    4   10    3
   21   23    2    3    4
   18   19   12    8    4
    2   28   11    1    3
    7    1    3    5    2
   30   27   12    6    2
    9    3    8    2    2
   28   23    5    9    4
   14   29    3   12    3
   14   23    9    2    3
   29   15    7    9    2
    2   27    8    5    3
    2   12    3    7    3
   18   17    1   11    3
    5   24    8    7    3
   27   21    7    1    3
   19    2   10    4    3
    6   20    3    3    4
   10   22    4    4    4
    9    5   12    4    3
   23   30    2    3    3
   17   29    7    8    5
   12   14    6    9    5
   27   27   12    2    5
   21   28    7    5    4
   30   10    3    9    4
   22   17    6    9    4
   11    2    6    3    6
   22    5    2    3    4
    4   16    9   11    5
   12   25    9    1    3
    2   20    6    4    3
   24   14   12    3    6
   26   10    3    9    3
   24   25   12    9    6
    5   13    1    8    5
    2   23    9    6    3
   14   28    1    2    5
    8   21    4    9    4
    5   17   11    8    5
    4    5    2   12    5
    5   30    3   10    5
   28   12    5    5    4
   30   24    8    9    5
   25   19   10    6    4
   25   21    6    4    5
    6   14    3    4    5
   10   27    5    8    4
   19   21    7    5    5
   30   30   11    4    4
   11    6    8    5    5
   26    6   11   10    4
   18   28    9    4    4
    6   13   12    6    3
   16   27    4   11    5
   25    2    5    9    4
   10   11    5    2    5
   19   27    9    6    4
   29   30    4    7    5
   15   11   10    3    4
    5   10    3    2    6
    1   13   12   12    4
   21    1   11    7    3
   29   27    5    9    3
   18    9   10    9    2
   24   12    5   10    3
   29   10    7    6    6
    6   28   11    5    4
    5   19    4    5    5
   22   28    6   12    5
   23   19    9    5    4
   13   21   11    3    3
   20   13    5   11    3
   27    4    7    5    4
   16   15    2   11    2
   26   21    5    9    4
   24    9   12    3    5
   28   15    3    8    4
   27   15    4    3    2
    4   17    3    4    4
   12    3   10    3    4
    6   16    7    2    3
   29   22    5   10    3
   24    6    5   10    3
    6    1    1    9    4
   18   30    5   12    5
   24   13    1    9    4
   19   24   11    4    5
    1    2    4    4    5
    7    2    5    5    4
    5    7    5   11    5
    2   14    7    7    4
   18   12   10   10    4
   13    2   10    2    3
   29    3   12   10    3
   21   12    6    2    5
   12   23    7    3    2
   20   16    7   11    3
    7   11    8    1    4
    6   18    2    4    3
   16   10    3    3    3
    8   18    3   11    4
    9   23   10    5    3
   22   27   10    6    3
   16   14    9   12    3
   14   20    3    8    3
    6    7    7    5    3
   20   26   12    7    4
   12   26    2    3    4
   23   13    7    1    4
   28    8    2   12    4
   27   28    6    2    4
   11   30    3    5    3
   25   13   10    3    3
    8   22   12   11    3
    7   29   10   10    3
   29   11    8   11    4
   26   29    9    1    3
   27   17    7    2    4
   17   30    5    9    5
    3   15    6    1    5
    9    4    7    7    5
    2    8    8    4    4
   27    5    2    6    2
    8   11   10    1    4
    2   30   10   11    5
   28   13    7    5    3
   23    7    2    9    5
   10    2    5   11    4
   22   11   12    2    4
    8   16    6    9    4
   20   27    1   12    3
    5   16    2    4    3
    7    4    4    7    5
   26   27    8   10    8
   12    7   11   10    5
    4   14    6    8    6
    9   13    9    3    4
   21    9   10    2    5
   26   16    2    4    5
   26    1    3    1    4
   10    8    4   11    6
   15   23   12    3    4
    5   18    2    1    3
    4   18   11    7    4
   30   25    2    4    3
    4    1    2   10    5
   19    7    8    7    6
   26    7    8    3    5
   17    2    8    3    4
   19    1    8    8    4
   23   10    4   10    3
   25   18   11    8    5
    4   22    7    9    3
   29    5    9    5    5
    8   29    7   11    4
    1   27    3    6    3
   19    3   10    6    4
   14    5    8    9    4
   30   21    3   12    4
    2   24    5    7    4
   16   11    2    2    3
   12   13    4    3    3
    8    7    3    3    4
   29    9    5    2    4
   28   30    1    2    4
   20   21    1    7    5
   25   20   10   10    6
    7   21    2    7    6
    9   16    7    3    5
   19    6   10    4    5
   28    4    4   12    3
   22   20    9   11    3
