   17    9   10    9    2
   11    7    4    8    4
   28   14   10    8    3
   26   25    7    9    7
   15    5    5    1    2
    5   11    2   12    5
   14   13   12    1    3
   21   24    5    3    3
   11   30    4   11    4
   12    2    8   12    6
   30   17    5    3    6
    8   27    6    3    4
   16    2   11   10    5
    2   21    7    7    5
   14   21    8    9    4
    8   15    4    3    2
   19   12   10    1    5
   25   23    7    2    2
    4   25    4    2    4
   26   23   10    4    8
    2    6    1   10    6
   29   19   12   12    4
   13    1    3    1    4
   11   23   10   10    2
    7   30    9    9    6
   12    4    9    5    5
    8    7   11    6    4
   18    1   12    2    3
   28   15    5    1    2
    1    7   12    5    3
   27   24    4   10    1
    9   26   11   10    2
   22    2   12    9    3
   21   27    8   11    2
   17   20    9    7    5
   29   13    3    2    4
   23   17    7    4    3
   29    7   11    5    3
   22   29    8    1    1
   16    7    3   11    1
    2    5    4    6    4
    7   27    8    9    5
    5   22    1   11    2
   28   26    4   12    1
   28   11   11    4    2
   25    9    3   10    3
   29   28    5    4    2
    6   23    4    5    2
    3    1    2    8    4
    8   20    9    2    5
    6   25    5   12    3
   24   12    6    5    3
   12    3    7    8    2
    1   21    7    9    1
    7    7    8   12    6
   22   10    7    3    4
   23    8    4    2    3
    2   13    3    8    5
   14   27    4    5    7
   20   29    6    3    4
   13   27   10    2    3
    8    1    1   11    2
   24    6    4    2    3
    2   25    3    9    5
   27   28   10   11    7
   18    4    6    2    5
    2    9    8    6    4
   18   15    3    1    6
   10   24    6    6    4
    7   23    6    2    6
   22   16   11    9    4
   11   10   10    2    3
    1   25    4   10    6
    2   24    5    1    2
   27    2   11    2    3
   28   24    5    5    2
   25   14    1   10    8
    1    1    6    9    8
   24    5   12    5    6
    6   30    7   11    6
   29    3    1    8    4
   20   21   12    8    3
    4    8    2    6    4
   16   12    4    4    3
    3   27    7   11    3
    6    9    1   12    3
   30    2   11    4    5
   22    8    6   11    3
   26    7   12    7    2
   27    6    8    9    6
    8   24    3   10    4
   23   21   12   11    6
   12   12    7    5    9
    4    2    6    4    6
   30   27    2    1    3
   25   16    7    6    3
    1   17    2   12    5
   29   30    8    5    3
   21   21    7    1    7
   24   25    5    2    3
   29   25    8   10    5
   24    1    3    5    6
   28   10    3    5    3
   30   14    3    5    3
   22    3    4    5    2
   25    8    6   12    2
   18   21    9    5    2
   14   26    7   11    4
   13   15    2    6    2
    5    6    9    3    5
   25   12    9    2    3
   22   22    8   11    7
   26   29   11    5    5
   23   24    4    1    2
   10   17   11   10    7
   10   10    8   11    6
   25   27    5    1    3
   26   22    9   12    2
   11    3    4    2    4
    2   15    7   12    3
   19    7    7    5    6
   30   18    1    6    4
   18    5   12    6    2
    8    2    7    4    4
   26   17    4    4    4
   16    3    1    5    4
   24   24   10    4    7
   30   24   12    8    4
   19   19    7    9    7
   25   13   12    4    3
   24   11    3    3    2
   24   15    3    6    1
   21    9   11    8    1
   17   19    2    2    5
   29    8    9   12    2
    3   25    9   11    3
   21    6   12    3    6
   12    9    4    5    1
   17   28    3   12    2
    5   17    3    9    2
   20   10    2    8    4
    5   20    5    4    3
   14   29    4    4    5
   27   17    5    3    5
   26   15    8    2    5
   23   10   11   10    1
    5   10    7   12    4
    8    9    8   12    3
   21    7    3    2    4
    6   10    5    4    2
   21   30    6   11    4
    3    3    1   10    8
   13    5    6   12    6
    8   28    7    8    1
   19   14    4   12    3
   27   27   11    8    6
   18   20   10    9    4
   18    2    9    4    5
    1    6    4    7    2
   26   12   10   10    2
   17   13   10   11    3
   29   21    3    5    3
    7    9    6   11    3
    8    6    9    4    1
    3    5    4    9    2
   16   15    4    6    3
   14    7    9    7    2
   10    4    9    5    3
   18   23    7   10    1
   15   23    5    2    7
    7   24    7    9    5
    7   22   12    9    5
   28   25    7    6    6
   19   20    9    9    3
   23   28    6    8    1
    7   15   11    1    4
   14   22    9    1    4
   16    8   11    7    4
   10   18    7    8    7
   15   27    8   12    6
   18   24   10    2    7
   25   10    5    5    5
   14    9   10   11    4
    2    1    1   11    7
    3   20    8    6    2
   25   17    2    6    4
   22   17    6    2    3
    5   30    8    7    2
   23   30   11    9    2
    3   10    3   12    6
   16   13    5    4    5
   19    8    7    3    4
   17   14    5    8    4
   28   30    3    5    3
   17   24    2   11    2
   14   14    8    6    6
   10   26    6    7    5
   26    5    5    2    4
   30   30    2    8    8
   11   15   12    5    4
   23    4   11    2    1
   13   23   11   12    2
   10    8    2    5    3
   19   10   11    1    4
   14    1    8   12    3
    5    4    7    2    2
   20    7    6    1    2
   28    6    6    2    5
   28   21   12   11    6
   15    3    1    2    3
   12   18    5    9    4
   23    1    5    6    3
    1    4   11    3    5
   17   17   11    7    6
   25    5    2   11    2
   15   19    7    2    6
   20   13   11   12    3
   18   11    4    6    3
   22   11   11    4    2
    6   13   11    8    1
   12   27    8   12    4
   29   16    8    4    3
   30   12    7   12    2
   28   28    5   10    6
   28    2   12    5    6
   18   28   11   11    9
    9   16    9    8    4
    1   12    8    2    3
    7   12    2    4    3
    9   10    2    3    2
   21   16   10    3    3
   26   19   12    3    2
   13    4    3    1    6
    8   14   12    6    3
   14   16    7    6    4
   11    1    6    9    6
   30   19   12   11    3
    4   16    8    7    3
   30   10    5    7    6
   29    6    7    8    3
    1   15   10    5    2
    5   27    5   12    5
   26    4    2   10    6
   19    1    4    2    4
   11   29    3   12    2
   29   27    3   10    1
   29   15    9    2    1
    8    3    9   10    4
    6   14    5    7    3
   13    7    2   11    2
   30    8    9   11    3
   26   16   12    8    4
   18   22    2   11    1
   21    4   12    3    4
   15   25    1   10    2
    4   14   11   11    8
    2    7    5    2    5
   13    3   12    2    6
   22   24    6    7    5
    3   19    6    8    5
   12   15   12    7    3
   30   26    8    4    6
   27    9    5    6    3
   27    1    5    1    4
   16   19    4   12    4
   16   16    4    1    9
   29    5    4    5    5
   11   25    5    1    4
   18    3    8   11    3
   14   24    4    1    3
   15   22    8   12    4
    2   23    7    6    3
   15   15    6    5    9
    4   22    9   12    4
   24    9    8    2    3
   24    3    4    2    3
   28   16   12    5    4
   19   25    7   12    6
   13    8   11    6    5
   18   19    9   12    5
   28    9   12   10    2
   25   21    3   11    2
   21   22    8    1    5
   19   28    4   10    1
   24   20   10    1    4
   20   25    7   11    4
    3   21   12   10    3
   10   13    6    4    5
   18   29    9    2    3
   28   22   12    1    5
    3   14    2    6    3
   24   13    2    7    4
   27   22    8   10    2
   20    1   11    5    4
    4   24    2    5    2
   14   23    9   12    6
    8   21   10    1    6
   14   18    4    1    7
   11   11    3   10    8
    2   29    6    6    5
    7   17    1    8    2
   16   18    2    4    6
   11   13    8    1    4
   19    4    2    3    5
   26   21    9   10    3
   29   24    8    5    2
    9    3   11   10    5
    1   26    2   11    2
   22    6    8    8    5
    3   17   10    3    3
    6   26   11    2    1
   11   21   11    2    2
   17    2    8    2    5
   18   26    5    5    4
   29    9   11    2    3
   19   24    8    1    2
    3    2   10    8    5
    6   16    6   12    3
    6   17    3    1    6
   11   27    4    1    2
   18    9   11    8    2
   28   20    4   11    1
   23   23    3    5    6
    1    9    5   10    3
   13   12    5    8    2
    5   21    8    8    1
   12    8    6    9    4
   18   13    4   12    6
   14   20    5    6    8
   26    3   12    8    5
   16   24    3    9    4
   26   11    6    5    3
   26    2    5    3    5
    4    6   12    5    3
   20    4    2    6    5
    5   28    5    4    2
   30    1    8    1    3
    3    4   12    1    5
   12   20    8    4    4
   26    8    6    5    5
   28   12    1    3    7
   30   15    7    3    4
    5    7    6    7    3
   19    5   10    7    6
   26   20    8    2    6
   27   10   10    9    1
   15   10    1    2    5
   10   12    2   10    2
    3   30    4    1    2
   10    1   12    4    5
   14   15   11    2    3
   18   25    7   11    4
   13   13    9    8    8
   11   20    1    1    4
    3    7   11    3    3
   22   20    8    7    2
    4   17    8    5    5
   25   30    7   12    6
   18   18    9    8    8
   13   26   12   11    2
   20   15   10    5    3
    7   10    8    2    1
   23   19    8    6    4
   16   11    7    4    5
    5    5    6    1    7
   17   15    3    6    3
   30    4    5    1    4
    8    8    8    5    5
   20   20    9    8    5
   21   13   11    2    3
    6   12   10    7    9
   21   15    1   10    5
   24   26    6    1    5
   22   25    7    3    3
    2   14    6    3    7
   16   23    6    2    4
   23    3    7   10    3
   16    5    2    6    4
    6   20    6    1    2
   15    6    4    3    1
   30   16   10    4    4
   25   25    5    6    3
   17   21    7    2    3
    8   17    4    7    4
   13    9    9    5    2
   12   17    1    1    7
   23   20    2    9    5
   12   11    9    7    8
   16   20    9    3    4
    8   18    6   12    3
    2   19    2   11    5
   27   26   11    8    4
    4   29    2    2    3
   23   12   10    6    2
   16   10    6   10    4
   23   22    6    9    3
    4   27    2    2    2
   11   17   11   12    2
   15    9   10    9    1
    5    9    4   10    5
    3    6    9    8    2
   14   11    1   11    5
    6    6    6    4    5
    2   20    7    1    3
   27   18    2    6    5
    1    5    4    5    4
    7    6   12    5    6
   29    1    4   10    3
   29   23    3    5    3
   11    6    9   10    5
   15    4    7    9    5
    4    7   12   11    4
   16   17    3    8    5
   30    9    2    6    2
    7   25    6    6    5
   13   19    8    8    5
   19   27    3    4    2
   13   22    3    2    3
   13   28    1    5    2
    4    4    3    2    4
   27   16    2   10    2
   30   20    4    6    7
    1   22    7   10    7
   20   27    6    5    8
    8    5    7    6    5
   19    6    4    4    3
    7   18   11   11    4
   22   12    6   12    2
   14    5    6    3    2
   23   27    7    1    3
   22    9   11    7    1
    9    9    5    1    8
   12   21   11    6    9
    5   23    2    4    5
    2   11    8    2    9
   21   10    8   10    4
   10   29   12   12    5
    9   23    6   11    1
    8   11    3    8    7
   10   14    6   11    6
   29   29    4    3    8
    2   10    7   12    6
   28    7    6    7    6
   11    4    4   11    8
    1   16   11    6    5
   19    9    9    7    4
   28    3    4   12    2
    5   12    7    1    2
   13   30   10   11    5
    1   28    3    5    4
    9   11   10    6    3
    2    2    8    5    8
   29   17    8    4    6
   17   18    8    2    5
   12   14    1   12    7
   20    9    8    1    4
   22   19   10    9    5
   28    4    5    6    3
   26   26    9    1    7
   29   12    6    5    3
   11   19    8    5    6
   22   30    3    7    3
   18    6    9   10    1
   19   21    2    4    7
    4    9    6    6    3
