    3    8   10    6    4
   28   28    2    5    6
   12    7    8    8    6
   19    5   12    9    6
   25    5   12    4    4
   29    3   12    2    3
    5   12   12    9    3
   30   15    9    5    3
    2   12    1   11    3
   13   26    3    3    3
    6    2    9    3    3
   16   18    7    6    5
   18   17    3    3    4
    7   20    3    7    3
   13    2    8    4    3
    7    1    1    7    3
   14   22    4    3    3
   26   24    4    4    3
   26    2   11    8    7
   22   16    2   10    5
   12   13    4   11    3
    7   21   10   12    3
    4    2    9    8    3
   30   24   10    4    2
   30    2   12    3    2
   24   24    7   10    8
   23   25    2    6    5
   12   18    2    7    2
   18    4    5    3    2
    5   10    5    1    2
   25    1    2    3    2
   30   23    8    6    2
    5   14   11   11    2
   10    3    8    1    2
   11    5   12    7    2
    5   26    7    1    2
   11   29    8   11    2
   15   12    8    9    2
    8   26   10    8    2
   27   29   10    9    2
    9    3    2   11    2
    1    6    3    5    2
    3   19    1   11    2
   29   22    6    9    2
    8   17    4    5    2
    5    5   12   11    2
    4   19   10   11    8
    8   15    1    7    2
   20   10    7   11    7
   26   14   10    3    2
   26   15   11    4    5
   20    4    9   11    2
   19   19    6   11    5
   24   19    3    3    2
   14   16    3   12    2
   27   27   11    6    2
   14    9    5   11    2
    5    3   11    3    4
   25    3    6   10    2
   26   23    5   11    2
    5    9    5    2    2
   21    6   12    7    2
   22    6    1    7    2
   28    7    7    4    2
    7    4    2   11    2
   28   25    4    3    2
    3   15    7    5    2
    6   28    3   10    2
   15   18    1    3    2
   16   10    3    4    2
    2   25   10    1    2
   13   14    8    8    5
   25   16    4   10    2
   17   17    1    5    2
   15   19    8   11    2
   22    7   10    6    8
   10   30    3    9    4
   14   23    3   12    8
   22   27   10   12    2
   26   26    3    4    4
    3    3    4    6    8
   23   16   10   12    2
   27   30    4    7    4
    9    1    4   10    8
   23    4    4    4    2
   21   17    9   12    2
   14   19   12    6    2
   15    4   10   11    2
   11   25    3   10    2
   27   12   11    7    2
   11   20    8    1    2
   18   26    1    9    2
    3   12    9   12    2
    3   24    4    3    4
    7   30   11   10    2
   21    2    8   10    2
   26    3    5    2    2
   28   21    9    1    2
   30   16    3    6    2
   12   29    6    9    2
   14    8    5    9    5
   12   25    3    2    2
   27    4   12    4    2
    7    5    8    7    4
    7    7    2   12    2
    8   30    4    4    2
   10    9    9    9    2
    5   29    9    4    2
   19    1    4    2    2
   24   12    3    1    2
    5   20   11    4    2
   27   25    6    3    2
   17   14   10    4    5
   16   21   12    1    5
   26    6    1   12    2
   24   27    6    9    2
    1    3    3    9    2
   18   25   10    2    2
    6   10    6    9    2
   28    9   10    4    2
    3   30    7    6    2
   25   14    8    5    2
   13   16    1    8    2
   18   10    9    7    2
   28   10   11    4    4
   22    1    7   12    2
   11   26    9    1    2
    7    6   11    5    2
   22   18    5    8    5
    5    2    5   12    2
    9   26    3    9    2
   24   29   11    8    2
   16   16   12   11    2
   21    8    6    5    5
   11    6    6   10    2
   18   21    2   12    2
   18    7    8    9    2
   16    4    1    8    4
   19    6    9   10    4
   13    4    5   10    2
    8   19    1    4    2
    4   30    3   10    2
   20   18    2    7    2
   16   28    8    7    2
   16   12    3    6    2
   10   12    1    7    2
   17   11    5    2    2
   13    5    7    6    2
   15   10    5   11    2
   12   30   10    9    2
    9   29    4    3    2
   11    3    6    4    2
   25    4    5    3    2
   15   29    6   12    2
   17   16   10    7    2
   12    4   12   12    2
   24    9    4    5    2
   20    3   10   12    2
   27    8   12    1    2
    3   14   10   11    2
   23   20   11    8    2
   27   15    7    6    2
   15   25   10    3    2
   30   30    2    8    2
   18   13    7    7    2
    1   30   12   11    2
   12   17    5    6    2
    6    5    4    5    2
   25   30    3    7    2
   27    3    4    5    4
    9   11   12    9    2
   13   13    5   12    2
   12   23   10    1    2
   22   15   10    2    2
    9    4    4    2    2
    9   20    5    5    2
    5    4    5    1    2
    6   25    4   11    2
   13    6   11   11    2
   25   20    8   10    2
   20    2   11    7    2
   14    6    5   12    2
    1   29    4    6    2
   20   22    2    6    2
   19    7    9    8    2
   27   26   11    7    2
    7    3   11    2    2
   15   24    9    1    2
   14    4    1    9    6
   18   28    5   11    6
   19   16    6    6    3
   11    8    9   11    3
   17   30    4   12    3
   22   13    7   10    3
   14   21   11    1    2
   10   19    8    8    2
   19   22    9    9    2
    3   18    4   12    2
   30   28    7    7    2
   28   27    4   10    2
   11   15    6    6    2
    5   23    3   10    4
    8    4   10    5    2
    7   26    3    8    2
    7    2    5    9    2
   17   19    4    1    2
    2    1    3    7    2
   16   11    6    8    2
   22   24    4   12    3
   21   30    2    9    2
   30    5   11   10    2
   25   25   12    9    7
   23   10   11    6    2
    8    5   11    4    8
   19   27    9    7    2
   26   12    4    1    2
   10    2    6   12    2
    9   25   10    1    2
   16    8    5    6    2
   29   14    3   10    2
    1    1   12   10    7
   20   12    1    8    2
    8   13    9    3    2
   17    1    6    3    6
   24    6    2    5    6
   29    6    2    7    2
    7   10    1    8    2
   25    7    6   11    2
    1   10    8    2    7
    7    9    8    3    2
    1   27    7   10    2
   11   12    7    8    2
   20    1    3    1    7
   11    4    6   10    6
   29   30    2    1    6
   16   20    1    3    6
   27   16   11    9    2
    8   28    9    9    2
    6   20    3    9    2
    1   13    8    6    6
    8    1   10    3    2
   12   28    3    8    2
   15    9    2   11    6
   20   20    1    8    2
   22   12    7    4    2
   19    2   12   10    2
   23    2   12    7    2
   13    7   11    9    2
   27    2    8    5    3
   28   20   11   11    3
   29   29    9    8    2
   10   14   10   12    2
   28   13   12    9    2
    4   28    3    7    2
    3    6    3    3    2
    1    4    9    4    6
    4   17   11   11    6
    1   15   11    2    6
    1   26   12    6    6
   22   17    8    1    2
   15    7    1    1    2
   20   27    9    6    6
    4    4    5    6    2
   29    7   10   12    2
   17   28    5    9    2
   17    2    5   11    2
   26   22    2    5    2
    5   22    3    4    2
   23    6   10    1    2
   16    3    4   12    2
   12   12    2    9    6
   18    6    8    9    2
   20   14    5   12    2
   17   29    6    7    2
   13   24   10    3    9
   24    4    8   12    2
    6   12   11    7    2
    3   22    4    7    2
   11    2    1    1    2
    6   17    5    4    2
    6    6    6    2    2
   13   29    1   10    2
   17   20    8    9    2
    9   12    8    8    2
    6   15    6    8    2
    5   28    7    7    2
   13   11    7   10    2
   23   18    7    5    2
   20   13    5    5    2
    2   24    9    3    2
   30   11    3    4    2
   19   11   10    4    2
   20   21    1    8    2
   11   27    3   11    2
   19   30    3   10    2
    3   13    5    9    8
   13   25    9    1    2
   23   19    2    6    2
   15   16    5   12    2
   12   19    6    7    2
    8    8    8   11    8
   19    9   11    6    2
   28   22    9    1    2
   24    5   10    4    2
   25   22    8   12    2
   15    2    6   10    2
   24   25    1   12    2
    4    3    1    2    2
    9   22    3    4    2
    6   27    2   10    2
    6    4    1    7    3
    8   24   10    8    7
   20   19   10   10    7
    3   21   11    5    7
   22    2   10    8    3
   29   16   12    6    3
    9    9    5    1    3
   28    1    8   11    3
   28   19   11   12    3
   19   29    9    6    3
   13   10    6    7    3
   18   27   10    6    3
   30   13    7    2    3
   15   15    1    6    3
   21   27    8   12    3
    9   16    6    4    3
   28    3    6    9    3
    5   18   12    7    3
    6   30    6    1    3
   30    9    8    2    3
   23   15    2    2    3
   23   24    4    7    3
   26   29    6    6    3
   25   19    3   10    3
   23   23    5    7    7
   15    5    8   12    3
   15   17    5   12    3
   23   17    1    6    3
   22   22   12    1    3
   18    8    7    6    3
   18   30    1    5    3
   20   26   12    1    7
    8    2    3    9    7
    7   27   10    6    3
   17   10    4    1    3
   27   23    5    7    3
   22    8    9   12    3
   24   16   12    9    3
   20    8    7   11    3
   11   24    6    5    3
   15   14    6   11    3
   18   18   10    1    3
    7   16    2   12    3
   23   22    1    1    3
   18   14   11   11    3
   10   11    9    3    3
   23    9    6    7    3
   26   19    7    9    3
   25   17    1    7    3
   14   11    3   11    3
   23    3    7   11    3
   15   21    3    4    3
   18    1    4    2    3
    2    3    3    8    3
    2    9    8    8    3
   28   15    5    4    3
    9   27    2    9    3
   11   11   12    6    3
   30   22   10    3    3
   10   27    9    9    3
   10   26    5    3    3
   15   20    7    4    3
   30   26    9   12    3
   17    9    2    4    3
   17    7    5   12    3
   10   10    3   10    3
    7    8    6   11    3
    7   11    2   10    3
   19   18    5   11    3
    1   11    2    7    3
   14    1   12    6    3
    8   29   11    5    3
   26   25    7    9    3
   22   21    5   11    3
   13   27   12    3    3
   23    1    3    4    3
    2   16    7    6    2
   29   20    9    2    2
   11   21    7    2    2
   14   12    6   12    2
   14   28    6   10    2
   24   20    9   10    2
    8   23   11    4    2
   30   14   11   12    2
   12    8    2   11    2
    5   21    1   11    2
   21   26   11    7    2
    4   10   10   10    2
   26    4    5    8    2
    2   28    4    1    2
    5   16    2   11    2
   16    6    2   12    2
   24   14    7   12    2
   24    1    8   10    2
   21   19    7   12    2
   14   14    7    8    2
   27    5    9    3    2
   27   14    4   11    2
   23   11    4    1    2
    4   21   10    2    2
    5   17    9    5    2
   13    9    4    2    2
   17   13    2   12    2
   25    8    7   10    2
   17   24    1    1    2
    3   17   10    1    2
   11   28    2    5    2
    4   29    8   11    2
    9   21    7    1    2
   18    2    1    7    2
    5    1    1    7    2
   18    9    6    7    2
   24   28   12    9    2
    6    9    8    9    2
   16    1   11    1    2
   12    1    9    5    2
   21   21    9    1    2
   29   25   10   12    2
   22   11    3    8    2
   23    7   11    1    2
   28   26    3   10    2
   29   28    2    9    2
    8   10   12    2    2
   13   21    9    9    2
   21   29    4    4    2
   13   23    5    3    2
   21    1    3    7    2
    7   24   12    1    2
   24   10    7    2    2
    8    9   12   12    2
   21   25    1    7    2
   22    4    8    3    2
   18   24    3    4    2
   21   12   11    3    2
   23   28    6   10    2
   29   18    4   10    2
   17   26   12    6    2
   29    2    8    2    2
   27   17    8   10    3
    7   14    9    6    2
    2    2   10    6    6
   26   16    9    6    2
   19   13    8   10    2
   21   10    3    1    2
   24   21    7   12    2
   25   10    6    6    2
   14    2    1    3    2
   15   13    3   11    2
    8    6   12    5    2
   22   10    8    7    2
   29   10    1    3    2
   23   21    9    5    2
   29   23   11    8    2
   30   20   11    7    2
   11   18    9    4    2
