   17   25   10    1    1
   28   13    6    4    2
    4   27    8    6    4
   26   26    9    3    4
   26   18    8    4    6
    2   22    6   11    1
   10   17    7   12    3
    3   10    2    7    1
   10   10   12    8    4
   11   24    2    7    3
   30   24    1    1    3
    5   23    1   11    1
   29    3    3    8    2
   24    4    6    7    6
    2   16    1    6    2
   11   21    6    9    6
   22    5    1   12    4
    8   10   12    2    3
    3   12    7   12    1
   10    1    6   11    4
    3    6    5   11    4
   11    4    4    5    6
   23   15    9    4    7
   23   21   10    8    3
    5   26    7    3    5
   27    5    4    4    4
    9   21    2    3    4
   30   30    7    2    4
   21   24   11    4    3
   29   29    9   11    3
    1    7   12    5    3
   17   14    4   11    5
   13   25    4    8    3
   18   15    3   10    4
   13   24    1    8    3
   15   15    5   12    7
    9   11    7    8    4
   30   10   10    6    3
   29   17    3    8    3
    2   24    1    7    2
   14   16    1   10    6
    7   18    2    5    4
   16   28    4   11    2
    1   28    7    3    3
   24   27    2    9    3
   18    5   11    3    3
    6   14    9    5    8
    3   19    3   10    6
    4   25   11    6    3
    1    1    4    9    5
    7    9    1   11    3
   12   29    7   12    2
   17    5    4    6    4
   21   18   12    9    3
   19    5    9    2    4
    9   22   10    6    3
   18   17   11    3    3
   14    1    3    8    4
   15   28    4    6    3
   25   19    4    1    4
   26    3   12   10    5
   27   15    4    3    5
   27   21    3    1    3
    6    5    6   10    2
    6   27    4    9    5
    9   10    5   10    4
   17   11    8   11    5
   15   13   12    9    7
   13    1   11    5    6
   10   27    1    4    3
   24    1    8    3    3
   12   19    3   12    4
    8   11    8    2    4
   19    2    6   11    4
   23   24   10   10    3
    2   18    1    3    4
    2   12    6   12    4
   17    1   10    8    3
   30    3   11    3    2
   11   16    8    6    2
    5    1   11    4    5
    4   10    3    6    3
   16    5    9    1    2
   13    2    2    7    5
   13    3    5    8    3
   15   12    6    4    3
    4    6    4    4    4
   22   23    4    7    4
   22   21    6    6    4
   14   14    1    7    4
   16   16    1    2    5
   13   14    4   11    4
    3    4    2    1    3
    2   23    4    2    4
   22   29   12   12    4
   17    3    1   10    4
    4   17    6    5    3
   25   25    1    4    7
   24   26    7    7    2
   12   27    3    2    3
   14   18    7    7    4
    5    3    3    4    3
   14   10   11    7    6
   16    8    5   11    2
   28    5    2    7    6
   30   19    6    6    3
   12    9    6    4    3
   19   29    1   12    3
   28   20   12   12    2
   20    2    4    9    8
    7   26    7   12    2
    2   28    4    6    4
    5    5    8    9    4
   18   28    5    2    4
   15   24    9   11    5
   25    9    3    2    2
    3   23    9    2    2
   16   23    1   12    3
   15    2    3   12    4
   13    5    5    5    3
   27   28    7    7    5
   28   28    2   11    3
   23   27   11    2    2
   27   17    5    9    3
   13   22    3    7    2
    8    9    3    1    4
   13   19   10    2    3
    2    3    4   10    3
    9   15    1    8    3
    6   17    7    3    2
    7   21    4   11    2
   22   25    7    1    1
   13   11   10    9    4
   16    1    8    4    6
   15   16    7    4    7
   23    8    7    8    3
   21   29   12    1    2
    5   25   11   11    4
   22   22   11    3    4
    6   21    3   10    8
   26   14    4    8    4
    5   14   10   11    3
   26    1   12   12    4
   19    8    8    3    3
   10    5    2    4    4
   27   27    9    4    6
    8   30    6    4    4
   23    6    5    7    3
   15   10    7    7    6
   18   11    7    6    4
    7    2   11    7    3
   17   19    4    5    5
   18   24    1    8    3
   21   21   12    3    5
    9    4    3    5    5
    8   26   11    3    3
    6   25    3    5    2
   19    1   12    2    4
   30   13    2   11    4
    2    5    7   10    4
   29   28   11    1    4
   13   26    2   10    3
   21    3    7    8    2
   24    3    2    4    4
   16   17    2    1    3
   20    7    3   12    3
    8   20   12    1    3
   29    5    3    4    4
   10   21    4    6    3
   22   14   11    7    2
   19    6    6    8    2
    3   16    4    6    4
   12    1   11    2    3
   29    1   12   12    3
   10   19    7    9    5
   22    3    9   10    3
    3   25    6    3    4
   17   17    4    2    5
    5    7    8    2    2
    2   11    9   11    4
   27   18    1    8    5
   15   17   12    2    5
    3    1    1    1    5
   26    6    8    2    2
    1    8    1    1    4
   17    8    1    5    4
    5   15    9   10    4
   27   30    3    3    4
   23   20    2    2    4
   21   15    6   11    3
   20   25    8    6    3
   18   22   11    9    2
   26   10    6    6    2
    2   17    1    4    4
    8   25   10   10    3
    3   20    1    5    3
   20   21   10   10    5
   26   16    2    9    4
   22   26    8   10    2
    6    7   11    2    2
   16   12    8   12    2
   29   24   10    8    3
    6   20    6    8    2
   13   21    4    6    4
   15    4    7    1    4
   11    3   11    2    2
    9    5   11    8    4
   22   20    4    7    3
   15   11   11    7    3
   26   23    1    2    5
   30    6   12   11    3
   23   28    5    7    5
   29    8    2   10    3
    1   20    6    2    4
   11   30   12    7    3
   24   10    3    7    4
    4   20    5    9    3
   24    7    9   11    4
   14   24    5   11    4
    7   25    8    9    3
    1   22   12    5    3
   16   29   12   10    4
   15    8    1    1    3
   14    7    9    1    2
    9   19    6    4    3
   28    3   12   10    3
   16    7    4    5    2
   25   12    1    7    3
   29   15   12    7    2
   23   23    5   11    1
   29    2    9   10    4
   20   30    8   10    4
   27   20    1    6    3
   26   19    7   10    5
    9   16    3    8    4
    4   28    7    1    2
   11   22    4    7    3
    8    3    7    8    4
   12   17    1    4    4
   16   27    9    5    4
    9   17    6    2    4
   19    7    2   10    2
    6    8   12    5    4
   11   28    8   11    4
   10    6    1    3    3
    2    1    4    6    3
   12    5    1    7    3
    4   22    2   10    4
   25   26    6   11    4
    3   15   10    4    2
   13   29    8    9    3
   28   12   11    7    6
   19   11    1    7    5
   20    5   10   10    3
   23   29   12    1    2
   24   24   11    3    5
    7   12    7    7    3
    1   27    3    7    4
   13    7    1    6    3
    8   27    2   11    2
   10   28   12   11    3
   18   12    8   11    3
   28    8   12    1    3
    1   18   12   12    3
   29   18    9   12    5
   10   25    2   11    6
    8    2   11    2    3
   10   22    1   11    2
   15   25    1    1    3
   21   19    9   11    2
    6   24    1   10    3
    8    8    4    5    6
   23   10    8    3    3
   30   21    4   10    7
   25   18    7    7    5
   27   19    9   11    3
   23    4    7    5    3
    4   26    8    1    3
    9   29    6   10    5
    7   11    7    6    3
   11   20    7   12    3
   27    3   10    3    3
   14   27   10    1    3
   21   12    1   11    5
   28   17    9    4    2
   30    5    4    2    2
   22   24    7    6    3
    7   29    8    6    3
   11   23    5    4    3
    7   15   10    6    2
    4   19   10    7    4
   12   24    3   12    4
   30   28    8    9    2
   28    7    5    5    4
   16    6    7    6    4
    7    7   11    4    3
    3    3   11    5    3
    2    6   12    3    4
   18    4    5    5    2
   26    9   10    2    3
    5    4   12    5    3
    7   27    4   10    4
   21    8    3    4    3
   10    2    2    8    3
   15   30    2    6    2
   24   20    4    2    2
   15    1    6    5    4
    9   28    5    5    3
   24   19    5    2    2
   12   30    9    2    4
   23   17   10    3    3
   22   27    3    4    2
   18   19    9    7    4
   20   20    6    9    4
    1   11    4    8    4
    1   23    1   10    2
   12   22    8    5    4
   19   16    8    7    4
    2    2   12   10    4
    8   22    7   11    2
   30   22    4    7    2
   26    2    3    2    4
   30   23    6    1    3
   13   13   10    2    7
   18   13    1    6    7
    6   15    5   11    2
   30    7   12   10    4
    8   14    7    1    4
   12   13    2   11    2
   17   21    5    9    3
    9    9    4    6    6
   28   19    3    4    3
    9   24   10    8    3
    6    1    4    5    2
    4   12    1   10    3
   30    4   12    4    3
   18   18   12    5    4
   29   10   11   12    4
   29   26    4    6    8
    9   18   12    4    5
   23   18    9    1    4
   16   20    2   12    4
   25   23    3    8    4
   10   20    1    4    4
   10   16   11   10    5
    9   20   10    5    2
   18    8    9    3    3
   19   19   11    9    3
   19   20    2   10    5
    2    4    1    3    5
   18    6   11    8    2
   22   15    4    5    3
   17   22    3    7    2
   29   27    4    6    5
   13   17    2   11    6
    4    7    5   10    3
   24    5    6   12    3
   13   10    5    3    3
   19   14    6    6    3
    1   25    2    7    4
   14    9    7   12    3
    9    2    6    7    3
   14   30    6    7    4
   15   14    5   12    3
    8   24    6    4    4
   14   11    5   12    4
   17    7    9   11    3
   12   10    2   11    4
   23   14    9   11    4
   25   14    3    3    4
    6    9    4   10    2
   12   23    6    3    3
   11   25    4    7    4
   19   23   12    2    3
   13    6    6    9    2
   12   12    8    4    8
   14    3    7    9    3
   11   10   12    8    2
   28   25    4    6    3
   14   28    4   12    3
   26   20    3    7    5
   27    9    6    9    2
   30   29    4   12    3
    6   29    8    3    2
   23    9    5    5    3
   25   29    9    8    4
   17   24    2    4    3
   25   21    8   10    3
   29   14   12    8    3
   11    6    2    6    3
   26   11    5    2    4
   18   20    2    7    4
    6    6    8    1    4
   22   28    4    1    4
   26   30    5   11    4
   26   28    3    5    3
   30   17    6    1    3
   29    4   11    2    6
   20   14    2    3    7
   21    5    7    6    3
   23    7    9   12    4
   11   29    6   10    5
   23   13   11    1    2
    4   14    4    2    4
   15   20    6    3    4
   30    1    1    9    3
    4    1    6    7    3
   11   12    7    6    3
   21    1    3    3    4
   18   10    7    8    4
    5   11   10   11    3
    2   21    6    1    4
   25   24    5   12    3
   24   28    7    9    2
    5    8    4    6    3
   17   20   12    9    2
   25   16    7    2    5
   29   20    7    9    3
   27    2    2   10    3
    6   12    9    7    7
   12   26    5    3    3
   15   26    5    8    6
   27   11    1   12    4
   16   18    6   10    3
   17   26    4   11    4
   28    6   11    7    3
   12   20    2    6    4
   30   16   12   10    4
   10    7    3    8    3
    4   21   11   10    4
   22    7   12    9    4
   11   11    2    1    4
    8    7    1   10    2
    3   18    3    9    5
    2   14    5    3    6
   16   24    8    6    5
   21   16    9    6    3
    3    7    4    5    4
   19   22    7    8    3
   12    8    7   12    3
    6   22    6    7    2
   27   13   10    6    4
   13   20    2   11    3
   16   13    1    9    4
    4   16    1    7    3
    8   13   11    5    4
   13    4    4    2    5
    9    3   11    1    4
   25   30   10   10    4
   30    2    4    2    5
   18   30    3    9    3
   19   15    3    3    3
   26   27    1    8    4
   30    9    4    5    2
   25   27   11    2    3
   14   21    1    8    7
   28   21    5   12    4
    2   25    9   10    3
    1    9    5    6    3
   21   26    9    3    4
   14   12    5    7    7
   22   16    3    1    3
    4    8    5    1    5
    9   13    1    9    3
    4    4    5    3    4
