   10   11    4    6    2
   15   22    4   11    5
   23   15    7    9    4
   11   24    3   11    1
   30    9   11    8    3
    7   15    9    2    5
   27   26    8    7    4
   14    9    6    9    4
    2    5    5    4    8
   19   24    4   12    5
   25    3    6    1    5
   18    8    3    9    9
   27   15    8   12    7
   26    7    7   11    5
   18    7    5    1    1
    8   21    2    6    7
   10   22   12    9    4
   23   19    8    4    1
   21   15   11   11    6
   14   12    1   11    8
   14   21    8    1    9
    7   21   11    1    1
   14   14    6    4    9
   12   15    7   12    6
   25   11    9    4    5
   10   25    8    6    3
    4   20    6   11    4
   21   27    6    8    3
   11   14    3    8    3
    1   10    6    7    3
    1   27    3    7    2
   20   20    7   10    8
   29   24    2    8    3
   28   18    7    7    4
   28    3    7    1    1
   22    4    6    1    5
   13   18    8   10    3
   28    1    8    5    1
   12   21    5    3    8
    4    3    9    4    7
   23    3   11    9    1
   29   29    9   10    8
    5   23    4    1    4
    2    3    5   12    2
    2   26    6    1    3
    9   27    4    5    3
   18   18    5    1    9
    9   12   10    9    4
   16    9    8    5    2
   19   18    9    8    6
   25   13   11   10    6
   11   27    1    1    3
   18   29    9    3    5
   26   15    5   12    1
   13    2    7    2    4
   12   26    1    6    1
   25   28    2   12    1
   20   29    2    4    4
   12   20    5   10    7
   28    2    4    2    2
    8   27    7    5    9
   20    2    2    7    5
   26   23    3    6    3
   22   26    4    9    3
    3   27    3   10    3
   29   26    6   12    7
    1    2    5    9    3
    5   28    2   12    1
   25   23    4   12    1
   30   15    9    6    7
   24   15    6   11    6
   13   23   12    9    2
    8    3    6    6    9
   17   30    6    5    9
    3   20    1    6    4
   20    1    4    4    1
   30    1    1   11    1
    6   15    1    6    4
   27   20   11    3    3
   21   23    9    9    2
    4   23    6    7    4
   16    4    7   10    2
    5   17    3    7    4
    7   19    7    6    4
   16   10   11    2    2
   16   17    4    9    2
   29    8   11    4    7
   11    3    9    2    7
   10   10   10    9    7
   20   26    1    1    7
   25   20    9   12    5
   11   11    3    5    6
   28   21    3   10    4
   30    2    8    5    9
    5    1    9    3    2
    7    5    6    1    4
   23    2    5    2    2
   21   16    7    9    2
   15    3    2   11    2
    8   30    5    9    3
    2   10   11    3    7
   25    1    5    2    3
    6   14    2    9    7
   25    8   10    4    4
   20   15   12    7    3
    5    4   10    3    8
    1   15   11    5    7
   22   23    8    4    2
   10   19    9    4    5
   27   19    6   12    1
   23   12    3    8    5
   11   23    9   10    8
   24   17    3   12    1
   29    9    8   10    4
   17   17    6   11    1
   14    3    4   12    7
   29    4    5    3    1
    1    8   12    6    5
   23    7    2    4    3
    3   24    8    2    6
   27    2    8    7    1
   18   26   11    7    5
   18    2    2   12    5
   11   12    9    1    3
   30    5    1   10    6
    4   17    8    9    6
   22   19    9    3    3
   23   10    4    3    6
   12    4    2    5    3
   23   23    1   12    5
   13   13    3    7    5
    1    1   12    7    6
   30   29    4   11    5
   25   27   12    2    7
    4    2    1    1    3
   20   19   12    1    6
   14   30    8   12    3
   24   18    3    8    3
   10   17    7   12    7
   20    6    5    9    7
   23   28    1    9    8
    7   17   11    7    3
   20   11    1    6    9
   18   20    8    8    9
   18    6    1    5    2
   26   14   11    4    7
   29   17    8    2    4
   10   18    1    9    1
   12   18   11   11    7
    6    1    4    6    3
   26   26    6    1    7
    1   16    4   12    5
   23    8    9   11    2
   10   24    4    5    1
   11   26    1   11    1
   13   22    5    5    1
   12   16    2    7    3
   17   18   10    8    2
    7   12    2    6    2
   18   30    9   12    2
   21   21    6    5    8
    6   12   12   11    9
   10    9    3    3    5
    3   17    1    5    3
   21   30    2    5    9
   19   21    6    7    8
   24    1   10    3    8
   29   13    5    5    2
   26   10    3   10    5
   28   11    7    5    1
    6   11   10    9    1
    2    9    7    2    9
    5   11    9   11    9
   30   10    5    1    5
   17   15   12    3    1
   27    4   11    2    1
   15   14    4    2    5
    2   19   10    7    5
   15    5   11    3    9
    6   10    7    2    1
   26    3    1    9    1
    6   25   10    9    3
   29    7    6    6    1
    6    8    6    5    9
    9    7    4    2    1
   12   17    9    1    9
   13    4    3    9    2
   24   20    2    3    2
   14    8    3   10    3
   28   24    2    1    8
   16   14    5   11    9
   11    4    4    2    8
   30    7    6   12    5
    6   27   11    9    1
   24   24    4    3    3
   15   10    8    4    1
   18   16   11    2    5
   10   28    2   11    4
   14   13    5    2    5
   25   12    3    6    5
   14   28    7   10    5
   21   29   10    3    4
   30   11    1    8    7
   29   15    9   10    7
   23   30    7    9    7
    6   29   10    8    1
   26    8    8    9    9
   22   21    8    2    4
    2   17    1    4    8
   22   18    7    6    4
   18   11    4    9    4
    8    8    4    7    8
   14    7    5    5    3
   16   16   11    3    3
   18   14   11    2    4
   11    9    1    6    1
   15   16    1    2    4
   25   22   12    9    3
   14   27    2    8    2
   22    8    1    7    4
   16   24   11    6    2
   22    6    3    8    5
    5   25   12    3    5
    2   14    4    9    5
   16   11    7   12    7
   26   28    9    6    8
    3   10    6    2    8
   15   13    9    3    8
   19   15    2    1    8
   17    1   11    7    7
   11   13    1    4    6
   14   20   12   11    9
    8   13    7   12    7
   12   10    4    2    2
    2   12   11    9    6
   20    7    8   10    4
   29   16    1    4    4
    9   25    4    3    2
    2   15    2    3    2
    7    3    7   12    2
   17   11    8    4    2
   22   28    2    1    3
    8    4    5    5    6
    3    6   10    7    4
   13   21    2    3    4
   10    5   10    6    7
    6    4    1    4    7
   18    9    9    5    2
    1    4    4    1    8
    3   19   12    4    2
   23    9    8   10    8
   23    6   12   12    8
   29    3    8   11    2
    5   26    3    7    8
    1   14    8    5    4
    4    7    3    7    4
   24   23    1    1    2
   22    9    8    2    3
    3   18    3    2    3
    6   30    7    5    5
   18   15    3    2    6
   28   12    2    7    7
   19   30   11    7    5
   19    1   10   11    5
    7    1    4   10    5
   10    4    9    3    3
    8   16   10    6    5
    1   11   12   12    2
    3   21    9    9    5
   10   21   11    9    2
   13   10    5    4    7
   29   28    7   11    2
   20   23    6    4    5
   20    8    5   11    5
    5   14    2   12    3
    5   18    5    6    3
   30   24    1    8    3
   29   19    4    9    3
    5   16   11    5    3
   15   15    3   10    2
   25   17   11    9    5
   14   22    4    5    5
   21   25    4    8    2
    3    9    2   11    2
   24    7   11    9    2
   22   22    3    1    2
   28    7    5    5    2
   30   26    9   12    4
   11   22    6    9    4
    7    8    2    4    7
    6   13   10    2    5
   19   28   12    8    2
    4   14    2    2    7
    1   22   12    8    2
   24   22    6    5    7
   25    7    3    9    3
   13    3    5    2    6
    2   21    7   11    7
    7   11    6    4    3
   28    9    3    2    3
    8   10    9    3    9
   12   29    4   12    4
    6   28   10    2    6
   20   10    9    7    8
   29    5    6    4    5
   22   12   12    7    1
   22    7    3    3    3
   24   21    4   10    6
   15   28   12   12    7
   13   12    2   12    6
   25   29    8    2    1
   16    3    3   11    4
   18   25    4    8    4
   17   23   11    5    4
   27   30   10    6    4
   13   30    6    4    7
    3   12    1    7    4
   24   26   11    1    7
   19   17   11    6    7
   20   17    9    8    7
   27   13    9    2    4
   12   12   10    4    4
   17   13    6   10    7
    9   24    9   12    1
   10   27    6    5    7
    2    8    6    8    5
   24    5    7    2    3
    5   12    7   11    3
   21   11   11    7    7
   17   26    7    1    3
    2    6   11   12    5
   21    9    1   12    2
   26   25    7    6    7
   14   10   11   12    3
    8   24    8    1    8
   28   17    9    2    4
   26    6   12    4    4
    6    7    1    4    4
   22   30   11   10    3
   16   27    3    9    3
    6   16    8    5    3
   29   10    8    3    2
    8   15    7    2    2
   27   17    6    4    6
   18   23    6    3    7
   26    9    5    8    3
   28   20    6    7    2
   24   13    3    3    3
   21   17    2   11    7
    3    5    3   11    7
    6    6   12    7    9
   22   17   10    1    3
   28    4    7    5    4
   30    3    6    8    4
    5    5    8   11    9
   29   14    9    9    2
    1   26    7    7    2
   25   15   11    1    3
   25   30    9    1    7
   24   27   10    5    3
    8    9    4    3    3
   28    8    5    5    8
   19   16    9    1    3
   19   19    1   10    6
   25   16    9    8    8
   30   30   11   12    9
   30   20    3    4    8
    6    9    9    3    2
    4   15    7    5    8
   23   29    5    4    8
    9    9    7   12    8
   11    2    1    5    6
    1    9   12   12    7
   13    5   12    1    2
   18   27   10    8    8
    2    2   10    4    8
    7   27    5    7    3
   23    1    2    7    6
    1   12    4   10    8
    2   22    9    8    4
   13    7   12    6    5
   25    2   12    5    7
   20   13    6    6    7
   25   24   11    9    7
    7   16   12    5    7
    2   24   12   10    3
   14   17    6    4    8
   22   16    3   11    8
   17    8    7    3    8
   13   28    2    7    3
   17    9    4    8    3
    3    3    9    6    8
   15    9    5    6    3
   20   16    4    9    5
    4   24    3    3    5
   16   23    6    6    7
   19   14    1    9    8
   19    4   12    2    4
    3   22   10   12    6
   22   29    5    2    3
   27   12    6    1    7
   19    5   11   11    4
   18    4    5    1    8
    6   21    9    6    8
   21    5    6   11    5
   16   28    1    5    5
   25   25    6    4    8
    5    8    4   11    3
   16   30    7   11    6
    3    1    8    6    4
    6   19    2   11    4
    9   20   10    2    3
    8   11   11    1    8
    5    9    2   12    4
   26   21    1    5    4
    1   21    4    5    7
   19   26   10    4    5
    6    5    5    2    6
   13    9   11    6    2
   11   19    4    4    7
   28   28   10   11    9
   23   27    6    1    6
   24   12    9    2    5
   29   27    2    9    7
   12   19    5   11    2
   13   16    7   12    6
   27   27    3    4    7
    8   19    1    5    8
   20   21    9   12    8
   11   29    3    8    4
   13   19    5   10    8
   29    2    2    1    8
   22   20    9   12    3
   18   21    2    4    5
   22    5    8    9    4
    1   29   12    6    8
   13    1    3   10    3
    9   19    6    9    7
    4    9   11   10    4
   10    7    5   11    8
   22   27    1    7    6
    6   24    5    9    3
   14   24    8   10    8
   12    8    4    6    7
   20    5   11    1    2
   19   25   12    4    3
   25   14    5   12    7
   27   28    8    1    9
    2   16    3    2    7
   23   14    7    1    4
   18    1    1    2    3
   26   16    8    7    3
   30    4    3    7    8
   21    4    5   11    7
   26    4    7    8    8
    7    2    5   11    8
    5   27    5    5    4
   28   30    4    4    1
   15   11    1   10    4
   12   30    6    7    9
    4    4    3    7    5
   17    6    5   11    3
    4   25    1    1    1
   13   26    2    1    4
    7    7    8    2    8
