   28   14    4    9    7
   29   11    9    1    3
   20   29   10    1    5
   29   28   10    4    5
   18    2    2    4    8
   26   24    6    1    2
    4   30    1    6    4
   17    9   11    3    6
    8   13    6    5    8
   18   12   11    1    3
    7   20    5    4    4
   25   17    5    1    3
   23    2    4    1    6
    5    1    5    1    6
    6    8    6    4    8
   23   24   12   10    5
   29    3    8    4    7
   14   23    7    9    3
   21   19    8    2    8
   23   17    2   11    5
   25   28    5    8    7
    6    6   11    9    9
    7   22   11    9    2
   18    7    6    1    6
   14   25    2    2    3
   28    6    5    2    3
   13   16   11    8    7
    6    5    6    6    2
   20   21   11    5    5
   11    1    5    7    7
   30    7    5    7    3
    3    3    3   10    9
   10    9    1    9    7
   21    8    3    1    8
   19    8   10    3    6
   25   20    2    5    9
   18    9    6    4    7
    9   22    9   12    5
    6   19    6    1    4
   27   10    4    6    6
    9    9    1    3    9
   15   17    1   11    9
    7   23    5    7    7
   21   14    1    7    9
   23    3   10    3    4
    3    5    5    9    6
   16    7    4    7    5
    1   27    5    2    6
   24   27   12    2    2
   16   27    3    5    2
    8   15    2    8    4
    3    8   11    1    5
   18   21    2    1    8
   16   11    3   10    3
    1    7   11   10    3
   11   19    4   11    6
   26    8    3    7    6
    1   13    9   12    5
   29   13    5   11    2
    8   24    8    8    4
   26   17   10   12    6
   23   19    5    3    3
   20   27    5    1    3
   29    1    8    8    4
   22   12   12    1    3
   16    6   10   10    6
    1   23    8    2    4
   21    5   10    9    4
    3   21   11   10    4
   29   16   10    6    3
    7   24    8    3    6
   14   13    3    2    4
    1   26    7    2    5
   22    3    6    5    6
   28   20    7   10    3
   26   20    6    4    7
    8    1    5    8    8
   23   16    8    7    7
   16   18    9    7    6
    5   13    3    2    8
    4   21    8    7    8
   12   11   10    3    7
    2    1   10    7    5
   10   28    2    3    8
    8    7    4    1    7
    9   21   12    6    5
   12   12    5    8    9
   19    9    9    1    4
   22   21    2    4    7
    2   16   11   10    7
   10   10    8    4    8
   25    6    7   12    7
   11   17    8    9    6
   15    2    4    4    4
   14   16    4    9    7
    5   30    6    6    6
   30   23   10   10    5
    9    2    9    4    5
    1   24    5    6    6
   18   11    7    1    4
   29   25    5    4    2
   13   13    7    1    8
    6   15    8    1    6
   26   14   11   12    6
    2   24    9   10    5
   15   21    2    5    4
    3   15    4    2    3
   16   28    6    1    6
    7   25    5   11    4
   10   13    4    1    2
    5   27   10    3    2
    8    2    3    8    4
   15   12    7    5    4
   25    8    2    7    3
   11    6    1    4    7
   23   12    5   10    4
   11   30    2    3    2
   14   24    8    4    6
   10   11    4    8    1
   30    2   11    5    5
   24   10   10   11    5
   27   22    7    7    3
   20   16    6    5    6
   18   27    1    8    6
   22   14   11    6    6
    1    1    1   10    6
   25    1    5    9    3
   10   22    9    4    3
   11   25    9   10    4
   25   26    2    7    1
   18   17    4    2    3
   11    3   12    9    3
   14    1    8    2    4
   27   27   11    6    7
   18   29    7   12    7
    6   22    3   12    6
   10   18   10    4    7
    6   10    6   12    6
    3    1    7   11    6
   17    8    9    6    7
   15    7    6    6    5
    7    7    4   11    5
    3   20   12    1    5
   25   21    8    5    6
    3   10    7    1    6
    9   13    6    9    7
   16   17    9    9    7
    4   24    6    1    4
   17    2    8    3    5
    8    4    9    9    7
    4    9    7    9    4
   14    9    3    6    4
   14    3   12   10    4
    8   30    6   12    3
   14   29   10    7    3
   29    5    2    4    5
   28    7    9    9    4
   12   25    4    6    2
   19   29    9    7    2
   26    3    6    8    2
   23   25    5    8    7
   10    4    4    7    5
   20   20    2    1    7
   12   20    6    8    4
   30    9   10   11    4
   11   15    1    6    3
   28   26    6   11    2
   29   12    4    9    4
   30    3    4    9    4
   11   20    9    6    5
   30   30    9   11    6
   11   22    8   10    6
   22   18    2    8    5
   20   23    3    2    4
   23    8    6   10    3
   24    9    2    9    3
   21    1    6    2    4
   12    6   12   11    7
   30   18    8    8    3
   19   25    5    5    3
   14    7   10    6    4
   13    3   11    9    4
   24    3    7    6    3
   13   30   10    9    3
   23   23   12    8    6
   27   17    6    7    4
   14   14    4    5    7
   16    3    9    4    9
    4   11    2    6    9
    3   28    6    1    4
    6    2    5    5    4
   27   28    5    7    3
    9    1    8    1    7
   24   12    1    8    1
   18   18   10    3    4
   24    5    5   12    4
    4   26    9    3    6
   11   27   12    2    3
   16   15    3   12    7
   26    7   10    7    3
   19   16   11    7    3
   19   10    4    1    6
   27   13   12    4    3
   19   30    4    2    3
   11   13    2    4    3
    5   26    3    6    6
   27   23    9    3    5
    7   29   12    2    3
   13    4    7   11    3
    9   16    6   11    3
   15    1    5    2    4
   11    9    7    5    5
   12   14   12   10    4
   22    1    9    7    4
    5   23    3   10    4
   22   26   12    8    6
   25   22    2   12    5
   26    2    3   10    3
   22   13    3    5    6
   17   19    2    8    6
   24    6    2    9    3
    4   28    9   12    3
   21   21    2    5    7
   28   17    3    4    5
   26   26   12    3    7
   12   28    5   12    3
   23   10    9   11    4
   10    2   12    4    4
   27    3    7    9    5
   15   20   11    3    5
   18   13   12    4    6
   11    8    2    3    6
   10   20   12   10    4
   25   18   10   12    6
    5    4   11    2    3
    2   14    5    9    7
   25   10    4   12    4
   19   24    4    8    4
    8   22    3    2    4
   25   13    7    5    5
   29   24    8    7    6
   24   24   11    9    8
   10   30    6    6    8
    9   29    6    4    8
   30    1    5    8    6
    6    4    3    2    5
   28   21    1    6    7
   14   27    9    3    6
   26   16    8    2    7
    7    5    8    8    4
    5    8    5    4    7
   17    6   10   12    7
    6    9    6    8    3
    3    6    6   12    3
   29   26    5   12    2
    5   14    7    1    3
   13   23    7    6    4
   12    3    4    1    5
   23    6    1   10    7
    7   13    8    5    5
    6   21   10    7    6
   13   19   11    8    7
   16   16    9    4    7
   13   17   12    5    6
    2   25    2    9    7
    6    1    2   11    4
   24   30    9    2    4
   22   29   12    4    3
   26   13   10   10    3
   17    1   11    2    6
   17   14   10    6    7
    3    2    9    7    6
   15   24    6   12    3
    1   19    4   11    4
   28    8    6   12    6
    7   21   12    1    6
    4    4    2   11    8
   12   10    9    7    8
   17   29    1    4    3
    2    2    5    6    8
   16   24    7    3    3
   14    6    5    1    8
   15    5   11    8    7
    2   28    2   12    6
    5   12    6    6    6
   16   25    4    4    4
   22   23   12    7    4
   18    3    4    9    5
   21   29    3    9    2
    8    8    3    5    6
   13   28    4   12    5
    9    7    1    7    5
   16    4    3   12    6
    7    2    2    9    3
    1   16    4   10    7
    1   12    2    5    3
   27    9    4    2    8
    9   12    9    4    6
   15   28    4    8    8
   19   28    3   11    2
    6   29    9    5    1
    7   10   11    2    4
    5    2   10    6    4
    7   17    7   10    5
    4    3    3    3    8
    6   18   12   12    3
   28    5    1    5    3
   29   30    4    3    7
   21   11   10   11    6
    9    5    1    7    6
   19    3    1    4    6
   26   15    4    2    2
    4    7    2    5    5
    5   22    7    2    5
   30   12   11    1    3
    8   12    8    1    3
   30   20   11    7    2
    3    7   10    8    3
   10   29    8    8    8
   24   22   12    1    7
   15    4    7   11    7
   27   25    9    8    5
    5    5   10    1    7
    9   25    3    3    5
   11   14    8    9    6
    2    4    8    8    6
   14    8    6    6    4
   12   19   10    1    4
   22    4    7    7    7
   15   23   11    7    7
   17   17   11   10    7
   20   22    7    8    1
   27    2    8    4    7
   10   17    2    1    3
   14   10    2    2    3
   27   21   10    9    2
   25    3    6    5    7
   15   15    6    9    9
   10    5    5    7    4
    8    9    7    7    4
   24   20    3    1    3
    1   20   12    4    3
   12    7    9    1    5
    5   25   10    6    3
   20    6   12    4    6
   26   27    4    5    6
   20    8   10   10    6
   16    5    3    7    7
   29    4    4    5    4
   27   15   12    4    7
   24   13   11    6    7
    8   10    6    1    3
   21   30    4    8    6
    6   26    6    4    6
    7   19    3    8    3
   20   13    5    2    3
    8   16    4    5    3
   21   24    2    1    1
   19   19    6    9    7
    5   18   10    1    6
   22   30    3    5    4
   30   27    4    5    7
   10   26    8   10    3
    2   21    9    7    7
   27    6    5    5    3
   10   21    5   11    6
   28   24    5    8    4
   30    6    3    7    4
   15   13    8    6    3
   17    4    7    7    3
   19   18   12   10    3
   15   14   12    6    3
   30   15    9   12    2
   28   28    4   10    3
   25   30    8    4    3
    1   28   12    1    4
    9   28    7    7    3
   23    4   10    8    2
   29   23    3    8    3
   30   17    9   12    4
   15   29    4    9    1
   15   18    5    4    8
   10   16    8    4    4
   25    4    2    1    3
   16   21    4    9    4
   17   24    2   11    4
    5   17    6    7    4
   29   29    6   10    6
   18    8    2    9    6
   20    4   12    8    6
   21   12    6    3    4
    1    4   12    4    4
   19   27   11    4    3
   20    9   10    3    4
    6    7   11    9    3
    1   18   10   12    3
   19   15   11    9    2
   19    2    4    5    3
   30   16    2   10    4
   23   18   12    3    3
    2   20    6   12    4
   21   17   12    3    3
   20   19    5    9    2
   23   26    2    1    7
   17   12   12    7    4
   10   15   11   10    3
   24   25    5    6    2
   17    3    9    3    6
   19   14    3    4    7
   20   14    5    8    2
   16   22    2   10    6
   22   17    1    9    2
   18   26   12    1    6
   14   30    4    7    6
   19    5   11   10    3
   29   27   12    8    2
   15   22    5    5    6
   18   24    7    4    4
   21   13    5    5    4
   13    2    4    5    3
   13   12    6    8    3
   28   22    6    6    2
   18    4   11    6    3
   20    5    6    4    3
   27    7    4   11    2
    6   13    4   11    6
   18   20    2   11    4
   12    4    1    5    6
   11    2    4    6    7
   19   26    8    7    3
    2   29   10    1    6
   16   12    1    1    4
    7   11    4    6    3
    9    3   11    1    4
    8   27    3    4    3
    5   11    8    4    6
    8   29   10    6    3
   11   24    9   10    3
    4   27    2    7    6
   12    2    7    6    7
   25   15   12   12    7
   14    4    9    1    3
   11   11   11    9    6
    4   19    9    5    8
   18   14    9    4    7
   21   26    2    7    3
   11   23    7    3    3
   26   12    9   12    5
   11   28    7    1    6
   28   18    4    8    6
   23    9    2   12    6
   27   12    5   11    7
   30   28   12    8    3
   30   26    2   11    6
   11   26   10    6    4
   26    9    6    7    6
    1   10    3   12    5
   25   25   12   11    6
   17   20    8    1    6
   22   22   10    8    7
   23   28    8    2    6
   22    2    5    3    4
   15    9    6   12    7
   23   21    7   12    3
   19   22    1    8    2
