    2    9    4    5    1
   24   29    3    9    1
   12   10    4    8    2
    5    7   10    6    2
   26   17    8    8    1
    1   19    8    3    1
   13    3   10    9    1
    1   18   11    1    8
   19    8    9    6    7
    5   20    3    2    1
   14    2    2   11    8
   30   30    5    4    8
   26   19    9    1    3
    4    4   12    4    7
   22    3    1    9    6
   26   22   11    8    1
   24    3    9   10    1
   25   16    7   10    5
    9    8    5    2    3
   27   18    2   11    1
   12   30    1   12    2
    7   27    3    5    2
   15   29    7    5    1
   21   25   10    6    2
   28    9   10    3    1
    6    4   12    2    1
   29    1    5    4    1
    3    6    4   12    2
   16   12    9   10    3
   17    8    1    2    2
   13   21   10    7    2
   25    2   10   12    3
   10   15   11   10    1
   25    6    8    1    1
   22   27    6    5    2
   30   22    6    7    2
   24    6    3    9    5
    3   12    6    5    3
    8   14    9    2    8
    5    4    9    8    3
   26    7    7    2    1
   29   27    9    1    1
   19   25    6    7    5
    2   26    2   10    5
   19   28    7    1    2
   22    1   10   11    2
   28   15    6    6    3
   22   21    6    3    1
   27    6   10    7    1
   21   23   11    3    1
    6   26    1    1    3
    1    7    2   11    2
   18   22    5    3    6
   16   24    7    8    2
   19   20   11   10    2
   19   23    4    7    2
   10   29   10    2    3
   13    6   10    9    2
   25    7    3    9    6
   13    1    7   10    6
   14   18    2    1    8
   21   26    3    6    7
   29    3   12    8    1
    2   21    1    7    9
    4   23    7    7    2
   25    8    3   10    4
   21    3    5   10    3
   19    2   10   10    3
   26    8   10    5    3
   12   24    7    7    1
    9   18    8    5    7
   28    8    1    7    4
    2   29    6    4    4
   13   17   11    6    4
   15   17    8    3    2
    2    7    2    2    1
   15   13    4   10    3
    6    9    5    9    2
   11   16    5   12    3
    1    5   10    3    2
   14   25    6    2    3
   14   12    6    9    2
   18    2   10    2    3
   19   15    2   11    2
    8    7    3    2    3
    7   29    4   11    3
    1   14    5    6    1
   12   27    6    5    4
   10   19    5    5    2
    1   24    4    2    6
    9   29    5   11    6
   11   15    9    5    1
    6   18    7    8    1
   16    7    4    8    1
   30   11    9   10    2
   30    1    5    2    3
   17   28   10    7    1
   11   29    1    4    2
   24   26    1    1    1
    2   17    7    6    3
   18   18    5   12    4
    7   20    7   11    3
   30   27    7    8    7
   23   25   12   12    8
    3    3    7    8    8
    3    2    3    5    5
   20   20    7    1    1
   20   16    6   12    6
   16   29   11    2    2
    2    1    7    1    7
   11    7    3    9    7
   11   28    5    3    5
    6   16   11   12    6
   13   29    5    7    2
   16   18    2    9    3
   25   22    6   12    1
   14   23    2    1    4
   21    4   12   11    7
   18    3   11    8    1
   10    7   12    2    1
    1    3   12    9    1
   11   25    1    7    2
    2   30    4    2    6
   10    3    3    2    5
   21    8    4   11    2
   16   13   12   10    7
   12   28    1    3    3
   29   20   11    7    2
   23   22    1    8    3
    9   26   12    4    3
   21   24    3    2    1
   30   19    7    4    4
   26    4    3    3    3
   28   22    5   12    5
   10   22    2    9    2
    3   11   11    9    9
   16   21   11    3    8
   17   21    3    9    7
    8   22    1    2    2
    6    8    4    2    1
   22    6    2    3    1
    1   12    2    3    3
   27    2    9   10    2
   16    3    8    3    7
    6    6    7   12    6
   11    6    8    8    5
   20    4   10    5    5
    9   13    1    2    7
   27    3    6    2    2
   30   25   12   10    6
   28   14    7   10    1
    5    8    9    3    7
    5   26   11    6    3
   14   27    1   12    5
   15    5    9    2    2
   13   19    1   10    1
    5   23   12    7    1
   30    9    6    1    1
   18   25    2    7    7
   19   19   10   12    5
   26   18    3   10    2
   29   26    6   12    2
   18    5    6   10    5
   19    3    7    4    7
    1    6    6   12    3
   14    5    9   12    7
   24   25    7    9    8
   20    2    2    7    1
   27   28   11    2    1
   22    4    2   11    1
   18   17    1   12    8
    7   24    3    8    6
   15    8    4    1    2
   14   19   10    4    6
   16   30   12    2    6
   10   23    8    1    1
   29   19    2   10    1
    8   27    6    7    1
   14   16    3    8    8
   11    8    8    5    8
   16   10    5    2    2
   29   25   12    6    1
   17   17    9    5    7
   18    8    7    3    6
   15   15    8    3    1
   26   14   10    1    6
    1   25    4    6    2
   13   14   12    8    7
    4   16    4   10    9
    8   30   12    7    6
    7   19    3   10    2
   15    6   12    7    1
   15   23   11    5    5
   28   24   12    2    4
   22   16   11   12    1
   28    4   10    5    1
   11   13   10    5    1
   29   21    7    9    1
   21   12    4    1    5
   27   13    3    5    2
    3    9    8    1    3
   24    8   12    8    7
    9    4    1   11    4
   14   10   11    4    2
   24   19    4    4    5
   30    7    2    4    4
   26   12    4   12    2
   23    8    6   10    6
   15   18    7   12    4
   21   11    1    6    7
   25   25    3    4    2
   29   23    9    6    1
   20   17    4    6    6
   18   23    2    5    2
    9   14    9    9    3
    1    1    7    5    7
    1   26   12    8    5
    5   30   12    1    1
    6   17    7   11    7
   11   18   10    3    3
   20   26    6    9    8
    4    8    7    5    3
   12   12   10    9    6
   13    5    1   11    8
    5    9    2    9    6
   15    1    5   12    3
   30   24    5   11    9
   13   12   12    2    7
    1   27    3    2    8
    5   27   12    5    2
    5   12   12   11    4
   23    6    3    4    5
   21    6    5    6    7
   17   19    5    8    4
    7   13    2    3    6
   22   19    2    4    3
   17   10    1    2    9
    5   25    2   10    8
   20   24    8    6    5
   24   10    4   12    7
    9   19    8   10    6
   18    7    5    4    6
    2   13    6   11    6
   14    7    4    7    4
   25    4    2    6    8
    4    1    7    9    2
   22    7    3    6    6
   22   17    8   11    2
    2    5   10   12    2
   17    3    2    7    6
    9    1    4    4    7
   30   29    6    9    8
   22   22    5    6    7
    4   10   12   10    6
   30   13    9    8    6
   28   16   10    2    2
    9   17   10    9    7
    8    3    4    9    2
   28   30    4    6    7
   23    7    9   12    7
   27    4   12   11    3
   15   24    2    5    3
    8   29   10   10    8
    4   13    6    8    5
    9   20   11    2    2
   19   12    3   12    9
   20    1    4    9    6
    4   17    8    4    7
    4    3    5    5    6
   21    1   10    1    7
   11    4    5    9    8
   17   29    1    4    9
   10   27    7    3    2
   13   18   10    6    6
    5    5    7    1    8
   20   10    3   10    3
   20   13   11   12    7
    7    4    9   11    9
   16   16   12    9    6
    8    8    1    4    4
   17   24   10    6    6
    5   21   11    5    8
   25   26   11   10    9
   11    2    6    1    7
   15   27   11    7    6
    1    8    9    9    9
   28   29   12   10    4
    9   21    9   10    8
   17    5   10   11    7
   29   29   10    2    4
   28    5   11    1    2
    3    5   11   10    4
   14   24    6   10    3
   21   19   10    5    9
   11   17    2    6    5
   14   11    4   11    3
   15   30    7    3    2
   12   15   11   11    9
   20   21    3    1    7
   27   27    3    4    6
   16   15    6    2    9
   10   26    1    4    7
   17    1    2   11    6
   11   24    6    5    4
   22   24    2   10    2
   11   10    5    3    6
   12   20    4    4    4
    6    7   12   11    8
   22   12    7    7    2
   19   27    2    5    8
   18   24   12    3    4
   12   18    8    3    4
   21   15   11    8    8
   26   23    7    3    5
   21   14   10    5    7
   16    5    2    2    3
   23   20    5    1    5
   10    8    5    8    4
   13   22    8    2    2
   15   14    3   10    4
   14    6    1    1    4
   25   28    8   12    6
   13   23   12   12    4
    8    2    1    2    6
   23   23    1    5    9
   17   30    4   12    7
    9   22    5    4    4
   26   11    1    7    6
   10   30    3    7    6
   12   25    6    8    5
   23    3    4    6    4
   25   10    2    4    4
    6   12    9    1    2
    4    2    2    7    4
    8   16    2   12    4
    5   10    7    3    7
   22   14    4    2    8
   29   12    5    7    9
   10    6    2    3    6
    4   18    4    9    8
   27    9    9    3    6
   28   21    7    4    3
   27   21    9    4    4
   23    9    5    2    5
   29    5    1    2    3
   27   24    5    6    5
   14   20    5    2    5
   25   15   11    9    7
   28   13    7   10    5
   10   28    6   11    7
   20   11    8    1    8
   11   11    5    2    9
   14   29   10   11    6
    2   23   11    4    8
    7    7    2    8    8
    6   20    5    4    3
   11    5    4    9    8
   21    7    6   11    9
   22   29    5    2    4
   12   11    5   11    6
    2    2    5    2    7
   28   23   10    9    4
   28   20    1    3    3
    3   14   12    7    4
   21   21    5    4    4
    7   17   10    5    4
   30    4    1    3    8
   11    1    4    1    4
   11    9    2    9    7
   10   10    6    9    2
   16   27    1    9    9
   18   30    9    9    6
   25   17    7    8    3
    6    2    4   12    6
   24   23   11   10    6
   17   14    1    2    7
   19   16    5    4    8
   11   27    7   11    7
    2   16    9   12    6
   17   16   10    5    8
   27   25    1    1    5
   30   26    1    7    5
   14    4    8   11    5
   29   18    5    3    3
    5    6    6    7    5
   20   15   10    9    6
   21   10    6    6    7
    2   24   11    7    3
   15   22    8   10    2
   26   13    5    7    6
   15    2    1   10    8
   21   30    8    6    9
   19    5    8    9    8
    7    9    9   10    6
   24    4    4    6    8
   10    1   10   11    5
   20   25   11    9    3
   19    4    1    6    5
    7   12    5   11    8
   17   23   10    7    6
   24   24    7    6    4
    9    9    3   12    5
   30   23   12    9    8
    6   30    4    8    5
   23   12    2    7    6
   18   19    5    4    6
    5   24    3   12    8
    6   29    1    8    5
   28    6    7    9    8
    3   25    9   10    9
   18   10   10    9    8
   23   16    1    3    5
   12    2    9    1    7
   27   23    1    2    6
   25   13    9   10    4
    7   15    7    4    4
   16    1   12    1    5
   16   26    4    5    5
   28   26   11    9    3
    3   28   11    7    3
   18   28   10   11    6
    7   28   11    7    5
   15    4    6    4    3
   13   13    8    9    4
   27   17    2   10    6
   14   14    7   12    8
   19   11    9    4    6
   28    2   12   11    7
    9   10    5    6    5
    3    7    8    8    3
   15    3    7    8    6
   20    3    5    5    7
   30    3    4    5    1
    4   12    3    3    1
    2   10    7    6    2
   20   27    4    9    7
   30   14    8   11    8
    1   28    9    4    8
    6   19    5   12    7
   15    9    2    9    8
   26   26   11   10    8
   21   18    1    6    7
   13   24    4    5    5
   16    9    4    5    8
   23    1    6   12    3
   12   17    8    6    5
   20   18    7    9    4
   30   20   12    9    8
   24    9    6   12    7
    4   29   12    7    1
    3   26    1    5    8
   11   22    1    7    1
   22   20   11    2    8
   27   26    6    1    8
   12    8    1   10    4
   28   28    9    8    8
    9   25    2    1    9
   11   23    5    4    4
   13    8    3    5    7
   13   10    1   12    6
   20    8    3    6    8
   26   15   10    8    7
   22    5    8    3    9
    9   12    5    4    8
   22    2    3    5    7
