    8   10    7    1    6
   23   10   11    7    2
    2   29   11    5    1
   27   12   12   10    5
    4   24    6    7    4
   28   21   10    5    3
   30   21   12    2    3
    4    8    3    3    7
   27   27   10   12    6
    3    3    7   11    7
   13   22    8    3    7
   27    5    2   11    4
   14   26    4   11    6
    3    8    7    5    4
   25   16    7    3    6
   18   14    6   10    5
   15   13    3    4    2
   13   30   12    8    4
   17   28    7   10    3
   17    1   10   12    4
    6    4   11    5    3
    4   11    2    3    3
   21   19    9    8    4
    2   18   11    4    5
    1   15   12    3    2
   14    9   10    4    5
   25   17    2    7    4
   24    6    7   11    2
   24    9    8   11    4
    2    1    1   12    4
   20   17    5    2    5
    7   17   10   11    4
   26   17    1   12    6
    5   20   12    1    4
    2   26    3   10    8
   28   19    7   11    4
   27   11    2    6    4
   19   11   10    5    9
   24   26    9    8    4
    9   10    3   11    7
    6   23    6    4    3
   25   29    6    8    4
   29   26    6    8    4
   21   23    1   12    6
    8   19    7   12    7
   23   28    4   10    3
   24   29    2    8    3
    1   16    2    2    5
    3   14    6    1    5
    9   19   12    3    3
   26    1    8    6    4
   21    6    6    8    4
    9   22    2    4    3
   26   13    8    9    3
    4   23    9    4    3
   12   25   11    1    5
   15    4    1    3    5
   27   24    6    9    2
   12    1   10    3    3
   15   24    3   10    3
   30   22    2    6    3
   12   18   10   11    3
   25   22    5    2    6
   16    3   12    5    6
   24   16    5    3    4
   29   12    8    8    3
    5   23   12    9    4
   29   22    7   10    4
   16    6   12    4    2
   16    8    7    9    4
   28    1    5   11    3
   15   15    6   10    7
   17   30    2   11    6
   21   20   10    8    4
   13    8    7   12    8
   14    5    5    2    4
   13   23    7    6    3
    4   12    4    1    6
   12   22    4    6    5
   19   26    5    3    5
   25    5   11    8    5
    5   15    5   11    5
   28   29   12    8    2
   24   10   10    4    2
   14   29   11   10    6
   16   13   12    4    6
   18   19    1   10    9
    7   11   11    1    6
   21   21    1   11    9
   20   16    4    7    4
   18   27    6    6    6
   16   22    3    4    4
   16   30   11    5    3
   22    3    6   10    3
   21    2   11   11    8
   19   23    1   11    4
    7   10    3    5    4
   24   20    7    9    6
    3   30    9    5    2
   10   26    8    5    2
   19    1    8    2    4
   19   30    1   10    7
    5   26   10   12    3
   14   13    9   10    6
   27   25    9    9    3
    6   17    7    6    8
   30    2    8   10    9
   27   13    8    7    6
   23   14    4    8    7
   30   14    3    9    7
   22   23   10   12    5
   15   21    1   11    4
    8   18   11    4    7
   13   19    5    8    6
   24    8   12    7    5
   22    2    5    9    3
    6   12    5    7    7
    8   28    7    2    5
   17    8   12    5    6
   25   30    6    4    2
    3    2    7    2    3
    9   29   10    6    3
    7   14    2   11    3
   22    8    6    2    1
    3    1    8    7    5
    5    8    4    4    5
   17   15   11   11    6
   27   20   10   12    4
    5    5    6    2    9
   25   28    4   10    3
   13   17    8    2    5
   27    4    6    1    4
    7   27    5    3    3
    7    6    1    8    5
   16    4    9    1    9
   19   29    2   10    4
   14    8    7    3    6
   30   20    6    2    7
   25   19    2    6    5
   29    1    1    3    1
   26   27    5    6    2
    9   20    1    5    5
    9    1    5    2    5
    7    7    7   11    9
   24   21    8    7    3
    4   14    6    4    7
    5   24    1    2    6
   23   26    2   11    8
    8   15    7   11    3
    1    5    7   11    5
   12   30   10    7    5
   12    8    5   11    3
   19   16    7    6    6
   30   10    3    5    7
    9    3    8   11    6
   10   14    1    7    5
    9    2    1   11    7
   14   15   12    6    4
    1   20    9    9    3
   29    5    9   10    5
   24   30    4    5    4
   18   28   10   12    6
    1   24    1    3    3
   16   28    1    5    4
   12   28    3    6    9
   12   21    9    6    9
   10   16    6   12    5
   29   29    4   10    5
    8   27   10    5    6
   17    3    7    3    4
   21   14    7    5    6
   26   26    3   12    5
   17    4    8   12    3
   13   10   10    8    4
   25    2    5   10    4
   29    3    9    5    3
   15    2    6   12    5
   20    6    4    7    5
   21   16    1    3    4
   19    4    2   12    6
   17   11   11    3    4
   13   13    9    8    8
   19   14   11   11    4
   28    7    4    6    3
   28   11    9   10    3
    2   11   11   10    5
    7    2    1   12    4
    6   29    2    4    2
   23    9    9   11    3
   18   21    8    6    5
    7    5   11    3    5
    4   20    9   11    4
   29   27    2    9    4
    7   26    9    1    5
    3   23    6   10    3
   18   25    2   12    6
   28   24   12    6    3
   18    6   12    4    3
   27   21   11    6    4
    7   22    3    1    7
   26   20    8    3    5
   25   20   10   10    5
   18   10    7    2    4
    7   15    8    2    3
    1   11    7    3    3
    1   18    6    2    4
   18   13   11    2    5
   30   29    8   12    5
   21    9    8   10    3
    3   11    3    4    7
    2    6    3    7    4
    1    8    2    8    7
   11   26    3    1    3
    8   26    5    6    5
    4   29    6    8    5
    3    4    1    1    7
   22   22    4    7    4
   25    9    3    9    3
   12   15    1    1    3
   17   19    9    8    9
   19   19    5   10    9
   23   24    3    1    4
   18   18    8    7    7
   12   23    2    4    4
    6    6    4    6    5
   23   23    1    2    5
   16    5    5    1    4
   11   14    1    3    6
    8    6    7    9    4
   10   15    6    1    3
   18    3    4    4    8
    9   12    7    5    4
   20   18    6    2    6
    2   24    6    9    5
    4    4    3    2    7
   24   13    8    6    5
    6   14    7    3    4
   30   27    7    1    5
   29   11    4    3    3
   17   10    1   11    3
    7   23    6    8    3
   25    3    2   12    3
   21   13    9    2    3
    6   27    3    8    7
    2   19   10    7    5
    6   11   12    2    6
   16    2    9    8    4
   14   28    6   10    4
    7   18   12    1    5
    4   13   12    3    4
   14   16    2    7    7
   22    5    7    1    6
   10   27    8    3    3
    2   13    2    1    5
   17   21    7    7    5
    3    6    9    2    3
   14   27    5    3    3
   10    3    4    2    3
   11   24    3    4    3
   22   21    4   11    5
    5    4    3    9    5
   26   12    6    8    5
   10   25   11    8    6
   14    2    7    1    7
   13   28    1    4    3
   25    7    1   10    3
    8    2    2    6    3
   12   11    9    8    9
   12   16    3    7    7
   19   27   12   10    5
   10   21    4    6    4
   13   20   12    4    6
   12    2    3    7    5
    6   28    1    5    7
   25    6   12    5    3
   21    8   12    9    8
   17   14   12    9    6
   16   11   12   12    4
   28   30    7    4    3
   20   20    7    3    5
   12   13   10    9    6
   19   20    3    8    4
   15   11   10    3    3
   15   19    7    4    6
    4    9    8    5    6
   17   12    5   12    5
    7    3    6    9    6
    4   21    8    4    4
   11   10   11   11    4
    5   18   12    9    7
    3    5    8   12    7
    2   20    6   11    7
   29   13   10   10    7
   10    5   12    5    8
   21   29    9   11    5
    5   11    1    8    4
    3   13    9   12    6
   25    1    8    2    6
   29   10   11    5    6
    1    4    8    4    6
   16   17    2    3    5
   13   11    3    6    6
   12    7    2    7    6
   23   27   10    5    3
   24   24    7    4    8
   25   15   11   10    4
   13    7    4    8    5
    9   18    3    5    5
   29   15    3    7    5
    8   25    4    1    3
    4   30   12    5    4
    4   22    8    8    3
   17   22    5    8    3
   13    5   11    9    5
   30    5    3    6    4
   16   16    9    4    6
   30   30   12    7    9
    9    5   12    4    4
    7   19    2    9    5
   18   11    3   12    5
   28   28    4   12    6
    4    7    1    8    4
   24   25   10    9    4
   22   28    9    4    6
   17   29    2    6    7
   10   19    8   11    4
   16   23    3    1    3
   29   23   12    3    3
    9   16    7    3    5
    9   15    3    8    4
   20   11    1   12    4
   22   14    6   10    4
    9    6   11    3    4
   30   18    2    4    5
   30    7    4   12    5
    4   18    4    6    5
    7   24   12    4    5
   14   14    3    8    6
   14    1   12    2    6
    6   19   12    5    7
    7   21    4    2    6
   28   15    5   12    4
   19   24    2    1    5
   23    8    1   10    4
    4   26   11    2    5
   15   18   10    7    5
   11   25    3   12    3
   10   22    7    3    3
   10    6    5    6    3
   11    9    7   10    5
   18   24    3    6    4
   22   19    4    1    4
   17    5    6    5    4
   28    3   11    3    4
   10    4    3    4    6
   20   12    5   10    4
   17   17    8   11    6
    6   30    5    3    4
   29    8    7    9    4
   30   26    3   10    4
   30    8    3    1    4
   16   27    7    7    4
   25   13    2    8    5
   25   26    9    2    5
    6    1   11    9    4
   26   15    3    2    6
   17    2    4    7    4
    1   23    7   10    2
   27    3    8    7    4
    7   16    4    9    6
   23   20    6    1    3
   18   16    1    7    4
    2   10    7    1    6
   12   14    9    6    6
   17    9   10    3    5
   28   10    9    7    3
    9    9   11   10    9
    7    1    8   10    5
    4   28   10    6    5
   20   28    4   12    4
   11   11   11   10    6
   28   26   10    2    5
    1    1   11    7    4
   23   11    2    1    4
   18   29   12   12    9
    6   22    2   11    4
   15   30    2   12    4
    5    6    4    4    3
    9    8    3    3    3
   23   30   12    1    5
   13    1    6   11    5
   27   22    5    8    3
    3   20    6   10    5
   15   16    4   11    4
   27    2    6    5    6
   27    9    9    8    3
   14   24   12   11    3
    8   20    8    9    3
   12   12    1    5    9
   17   18    5   12    8
   13    6    8   12    3
    7   20    5    1    3
    1   27    1    7    3
   20   29    7    8    5
    1   22    7    9    4
   29    7   11    8    4
   26   21    1    2    4
   16   26    8    4    5
   20   10    6    9    3
   10   10    9    5    4
    3   24    6    3    5
   23   25    1    8    4
   21    1   10    7    5
   25    4   12    2    6
   22   26    3    4    4
   12   10   10    7    5
   20   14   10    5    6
    5   12    4   10    5
   23    2   11   11    3
   23   15    3    2    6
   21   11    6    8    7
   17   27    7    5    6
   15   22    6    3    5
    9   13    5    5    7
    3   26    8    7    4
    8    7    1    7    4
   22   20   11    5    5
   22   11    4    6    5
   23   18    8    9    7
   25   25   10    8    5
   15   20    3    3    4
    5   28    8    1    3
   24   22   11   10    5
    1   30    6   11    3
   27   15   12    4    5
    3   12    6   11    6
   21   25    9    9    4
    7    9    4    6    4
    5   19    4    2    7
   12   19    5    3    7
   24   17    8    9    6
    9   30    9    2    4
    9   26    6    4    3
   26   18    4    4    4
   26    6    7   10    3
   19    3    3   12    5
   12   24    1   10    3
    2    2    1   11    5
    3   15    9    7    6
   23   17    3    1    4
    2    5    6    4    4
   14   25    9    8    3
    9   28    4   11    2
   21    5   11    5    4
    1   10    1    9    6
   21    3    5    8    5
    8   11   10    8    5
    8    8    5    3    6
   29   16    8    2    4
   11   30    6   10    8
   27   28    6    2    6
    2   28    1   10    4
   18   22    7    6    3
    6   15    5    9    3
    4    2    7    3    4
