    1   28    4    3    2
   19   20    2    1    1
    3   16    8    5    1
   18    8    3   12    1
   12   18    4   11    1
   26   25   10    7    4
   12   11    2    9    1
    2    8    6   10    3
   14   26    7    6    2
   21   23   12    9    1
   20   21   11    1    2
   21    7    3    7    1
    1   19    3   12    1
   13   29    5    4    3
   26   28    9    2    1
    2   29    9    9    6
   11   24   10    6    4
   30   29   12    9    3
    5   27   10    7    1
   17   22    8    1    1
    4    4    4    6    5
   28   11    3    1    1
    9    5    9    7    1
   12    1   12   12    1
   29    5    4    4    2
   14   23    5    3    1
    6    5   11    4    1
   26   30    1    3    4
   22    9   10    4    2
    1   17    3    7    3
   29    3    5    5    1
   19    9    1    8    1
   11   18    9    2    2
   14   16   10   12    1
   13   19    2    2    4
    6   22    8    6    1
   25   25    7   12    6
    3    3    5    2    1
   24   29   12   11    3
    8   29   11    4    1
   29   29    6    4    4
   21   21    8    6    6
   17    8   11    4    1
   29   25    1    8    5
   13   17    1   12    3
    4   13    9    7    1
   18    2   10    5    4
   14    1    9    3    2
   10   13    5   10    1
   18   10    8   11    8
   19   23    5    2    3
    9    6    2   10    1
   30    5   10    6    1
   16    9    1    1    2
   12   13    8    7    1
   16   28   12    5    2
    2    9    1    3    1
   16   12   10    1    2
   15   27    2    6    5
   20    8    9    1    1
   17   24   11    5    1
    5   19   12   11    1
   21    8    3    8    2
   23   15   12    5    3
   17   11    6    6    1
   24   20    6    2    4
   13   26    1   10    3
   14   22    9    2    6
   25    3    7    1    3
   20   27    5    7    5
    1   18   11    8    2
    3   12   11    7    4
   27   27   12    6    8
   18   18    5    8    7
   21   22   11    1    2
    1   15    5    9    5
   10   23    7   12    7
   24    1   12    7    2
    3    1    4    8    6
    7   28    4    3    5
   30   13    6    1    1
    1   26    4   12    4
   20   22   12    2    1
   26    3    6    8    1
    5    7    9   11    4
    8    6    3    1    3
   27    8   11    8    1
   25   10    9   10    5
   13    5    1   10    3
    8   26    4    7    1
   11   14    1    2    2
   19    3    8   11    1
   16    4   10    5    6
    2   14   10    4    8
   11   11   10    7    6
   25    9   11   12    7
   17   30    3    7    6
   28   29    2    5    2
   11    4    7   10    5
    2   13    4    9    4
   24   27   10   12    1
   28   23    4    4    1
   28    4    1    7    1
   15   21    9    4    4
   30   19    8    8    2
    2   23    8    3    1
   12   12    6    8    2
    5    8   10   11    4
    2    3    7    3    5
   20    2    4    4    7
   19   15    9    5    1
   18   26    5   11    6
   25    5    7    9    3
   12   21    3    6    5
   13   14    1   12    1
   11    3   11    5    2
   21   25    5    4    3
   22   12    5    7    6
    2    2   11    1    4
   13   24    9    2    1
   29   14    7   11    3
    2   12    5    4    1
   10    1    2    6    9
   20   10    1    4    6
   10   26    5    5    8
   15   22    6    7    2
   12   17   11    8    8
    7    9    1   10    1
    3   24    4    9    4
   28   28    2    1    7
    3   15    1    4    2
   19   29   10   12    1
   26    9    5   12    1
   18    5    4    3    2
    9   29    1   11    1
   23   30   11    4    1
   16    2   11    1    3
    3    4   11   12    4
   16   15    8    3    1
   28   20    1    8    3
   24    6    2    6    1
    2    1   11    6    6
   18   29    6   11    7
   11   20   10    5    1
   25   30   11    7    5
   13   21    6    6    3
   26   24   12    9    3
   19   12    4   10    3
   10    9   12    6    5
    8    1    8    8    3
   30    7    8    2    1
   11   23    6    9    3
   15   15   11    1    5
    5   12    7    5    3
   26   26    8   12    7
   16   19    8    6    3
   23    4    2   11    1
    9    9    2    5    7
   17   10   10    8    2
   13   22    2    7    1
   15   18    2    6    3
   20   20    8    7    7
   13    9    5    9    3
   29   12    3   12    1
   27   18   11   11    3
    8    9    9    7    5
    7   23   11    5    1
   14    9    3    2    1
    2    6    5    2    1
   28   25    8    5    3
   16   27    1    5    5
   26   21   12    8    3
   24    7    9    7    1
   21    6    4    8    1
   17    5   12    8    1
   15   28    9   12    7
   10   24   11    1    1
   24    2    4    6    1
   22   16    8    8    1
    4   24    6    7    2
    8    3    1    3    5
    4    5    3    1    2
   11    5    5    8    5
    6   12    8    6    1
    4   21   12    1    2
   25    2    8   10    4
    4   22    4    5    5
    5    2    6    4    2
   11   19    2    7    4
   23   17    7    5    6
    2   22    9    9    2
    8   30    2    4    1
   20   15    8   11    1
    7   20   10    5    1
   10   22   11    6    2
   21   24   10    5    1
   21   17    4   10    2
   22   30    6    2    1
   18   25   10    3    4
   19    4    9    9    8
   23   13    3   11    1
   27   12    5   11    3
   16   18    2    5    4
   15   17    4    4    5
   29   15    5   11    2
    7    6    2   12    1
   16   16    8    4    5
   29   26   11    1    8
   11   13   12    2    2
    6   30    5   12    1
    2   21   11    1    5
    5    5    7   12    7
   17   19   12   11    3
    5   20   10    1    1
    2   26    6    8    7
   16    6    6   12    1
   25   20    5   11    6
   26   20    3   12    1
   26   12    3   11    1
    8   10    4    3    1
   12    4   12    7    1
   16    8    8   12    2
    3    5    7    2    6
   11   15    9    3    1
   20    9    6    6    2
   16   13    1    3    3
   24   19    4    8    5
   18    9   10    8    1
   14    7   10    2    1
    9   21    7   12    1
   29   21    8    8    1
    7   27    8    2    6
   26    4    7    7    2
   25   22    2    9    4
    9   24   12    9    1
   22   18    4   11    2
   19   10   10    6    1
    4    9   10    4    2
   18   13   12   10    5
   18   24    7    3    2
   11    8   12   11    3
   23   16    9    7    1
   16   25    7    9    2
   18    3   11    6    1
   14    8   10   12    1
   26    6    9    1    6
   28   30   11   10    3
    3    9   10   11    1
   13   13   10    3    9
    2   10    2    9    2
    6   19    2    7    1
   16   26    8    7    7
   24    8    4    3    6
    4   20    6   12    2
   21    3    1    7    2
    8   23   10    7    1
   17   17    5    3    3
   23   18    4   10    1
    8   13    1    6    5
   24   15    3   10    2
    3   20   10    4    1
    6   27    6   10    3
   18   19    1    7    6
   30    4    4   11    3
   10    7    5    3    1
   17   20    1    1    2
   12    7   11    8    6
   17   14   11    7    3
   10   28    7   12    7
   22   11    3    2    7
   15   25    5    8    3
    2   27    4    7    8
    7    8    8    8    2
   30   30    1   11    4
    4   29    9    3    1
   24    5    5    5    1
    1   30   10    6    3
    8    8    2    6    1
   28    3    9    7    1
   11   25   11   11    3
   10   30   12    6    7
   16    5    3    4    2
    2   17    4   12    6
   12   15   10    3    4
   14   25    7    7    4
    1   22   12   11    7
   28   18    2    8    2
   18   20    7    1    5
    8    4   11    5    7
   17   18    1    7    2
   12   10    5   11    3
   29   22    3   10    2
   25   24   11    2    2
   10   10    1    2    3
   19   28   12    9    7
   27    3    3    9    1
    3   13   11    9    2
   26   27    2    6    1
    7   22    8    7    3
   25   19    2   12    3
   21   14    9    2    1
    7    1    2    5    1
    7   11    6    7    1
   19    8    2    8    1
   28    5    2    3    1
   16   24   10   11    2
   11    1    1    4    1
   30   14    9   11    7
    2    7    9    4    2
   14   24    7    9    1
   17    6    8    5    2
   26   15   12   10    7
   13    6    1    9    1
    3   10    1    9    4
   15    7    7    8    2
    8   22    7    4    1
   11   21    2    9    4
   17   26    6    4    2
   13   28    1    2    1
   20   29    8    5    4
    5   21    3    7    1
   14   28    3    7    2
   28    2    2    9    1
    8   25    9    2    3
   19    7    1   11    2
   24   24   11    2    6
    3   30    6    9    2
    9   23   12    8    1
    4    2    2    6    3
   25   23    8    5    3
   23    3    3    7    2
   14   14    3    4    3
   25    6    8    7    1
    3   14    4    2    2
   28   22    7   11    1
   11   10   12   11    1
   11    2    3    1    2
   18   14    7    3    4
   17    4    9    5    4
    1   21    2   11    3
    2   19    5    8    1
   29   27    8    7    5
   18    4   11   12    2
   26   22    8   12    3
   10   14    2    7    1
   11   27    9    5    4
    1   16   11    3    3
    1    1    7    1    2
   11   29    7    2    3
    3   17    6    3    2
   27    1   12    9    2
    7   25    5    2    4
   18    7   10   11    2
   20   23    2    6    5
   14   27    2   11    2
   16   29   12    5    3
   14    6    3   12    1
   12   30    9    2    3
    7   29    8   10    1
    1   23    5    3    1
   14   12    4   12    2
   27   21    3   10    4
   11    6   12    1    2
   26   19    4    4    2
   10   16    6   12    1
   29   23    9   10    3
   29    1    5   10    1
   21   28    6    6    1
    5    1   11    3    3
   15   30    8   10    2
   12    9    6    4    1
    5   22   10    6    1
    1    9   12    6    3
   23    6    5   11    2
   19   27    1    2    1
   18    6   12    8    6
   27    4   10    5    3
   15   14    4    8    1
    2   30   10    3    3
   29    6    5    2    2
    8   15   10    7    1
   14   19    9    1    4
    6    3   12    8    2
   16   20    6    6    1
   14    5    9    8    3
   18   30    5    9    2
   10    4    7    2    1
   12    8    3    2    4
   24   28    9    4    2
   15    4    5    9    4
   13   15    9    7    3
   10   27    9    1    2
   21   18    9    6    2
    7   17   10    7    1
   15    2    9    3    3
    5   23    6    9    6
   27   13   11    3    3
   12   24    8    8    5
   15    6    1    6    2
   13   25   12    5    6
    7   26    1   12    3
   20   14   10    3    5
    5   26    4   11    2
    1   20    7    9    2
   10    5   11    1    5
   23   26   11    3    3
   12   25    5    7    6
    6    1   12    7    1
   29   10    3    3    6
   15    9    5    6    3
    7   13    4    9    6
   24   30    8    7    2
   13   20   11   12    2
   12   23    5    1    6
   17    9    1    1    3
   17   25    9    4    5
   21   10    9    4    1
   17   27   10   12    2
   15    5    8    2    5
    7    4   12    1    3
    1    4    8    5    5
   23   23    4    7    7
   16   17    6   12    2
   23   27   11    2    1
    6   20   12    5    1
    6    6   12   11    9
   23   22   12    3    2
   19   21    2   10    3
   16   30    3   12    2
    7   16    4   10    1
   28   17    9    2    3
   21   30    6    6    1
    9   11    9    7    1
    9   28    4   12    3
   25   27    2    9    3
   10    6    2    3    1
   10   15    2    9    3
   22   27    7   12    2
    7    3    9    6    1
   14    4    2    3    4
   22   19    2   11    2
   22   24   10    7    3
   25    1    2    1    2
    8   28   10    8    7
    9   30    6    4    3
    9   27   11    4    2
    3   22    7    2    8
    7    7    6    2    1
   29   17    2    9    7
   22   22   11    6    2
   11   30    4    2    8
   11   16    1    7    4
   30   20   10    1    7
    1   13   12    1    1
   19   19    9    8    6
   21   16    5    2    2
   30   27    9    1    3
   27   28   10   10    6
   20   12    3    5    3
   24   23    8    5    1
    6    4    1    9    3
   28   12    9    5    2
   28    6   10   12    4
    4   25    5   11    2
   26   11    3    2    5
