   25    8    1    1    2
   21   16   11    3    4
    4    4   11    2    5
    2   25   10    7    6
   29    3    1   12    2
   15   22    5    4    3
   23   27   11    1    2
   20   20    8    7    5
   10   15    8    4    7
   18    1    9    4    4
   30   30   10    7    3
    4   27    7   11    1
   21   14   11    5    4
   27   20   12   12    4
   12   10    5    5    3
   17    1    9    9    4
    7    9    3    8    2
    8    7    7    4    1
   22   29    5    4    2
   30   28   11    9    2
    3   18    1    1    6
   11    6    8    2    5
    1   25    6    8    2
   12   15   11    8    1
   25   27    4    3    2
   11    1    4    8    4
   29   25    4    9    8
   22   22    6   10    4
   24   12    7    1    1
    2   27    8   12    1
   14   26    6    7    3
   28   25    4   12    1
   28   21    7    6    3
   18    7    8    4    2
    2    2   10    9    4
    6    2    4    3    2
   11   26    2    5    4
   25    6    6   12    2
   16    3    2    6    1
   17   23    3   12    4
   14   11   10    5    1
   20   13    9   11    3
   16   10   12    1    3
   11   15    8    9    3
   13   25    3    9    5
    2   21   11    9    5
   19   14    5    9    4
   18    6    1   12    2
    4   18    9    3    3
   19   10    7   11    3
   13   24    8    6    3
   10   29    5    4    4
   20   17    4    6    5
    8    1    4    7    3
   30   11    8   11    3
    3   24    2    1    3
   13   11   10    3    3
    2    5    9    6    3
   12   12   11    9    7
   11   24    8    5    1
   10   25    8    9    7
   29   20    3    6    1
    1   12    1    9    6
   14    8   10    6    3
   28    6    2    4    7
    8   27    9    9    4
   19   20    5    1    4
   10   30    2    2    1
   14   12    3    3    5
   19   25   10    8    3
   30    4    5    3    3
   21   13    8    3    3
   26   20    2   12    3
    3   17    1    9    3
   13    5    7    9    3
   17    5    7    3    3
   17   18    9   10    5
   25   15    9    6    2
    3   20    5    3    5
   23   28    3    7    1
   15   28   10    2    6
   22    1    3   11    2
   11    4    9    1    8
    2   24    8    5    1
    3   15    6    8    2
   19    2   10   11    7
   14   23    2   12    7
   18   29    7   12    8
   11   17    7    9    2
   14   10    1    3    6
    1    3    3   12    5
   19   19    6    7    6
    2    4    6   10    7
   25   14    6    6    1
   28   11   11   10    1
   28    1    5    4    1
    5   30    3    2    3
   19    1   11    2    5
    6    1   11    1    5
   18   11    4   10    5
    8   30    9    7    5
    1    1   10    6    7
    4   10    6    9    3
   27    9    4    1    1
   10   22    4   11    1
   13    3    4    2    3
   14   14   12    9    5
   24   28    3   10    1
   16    5    7    4    3
   17   30   12    1    3
   23   20   12    5    1
   30   27    1    7    3
    4   28    7    6    1
    7    4    6    6    3
   24    5    6    3    5
   18   12    2   11    3
   23   22   10    4    1
   16    4    2    3    3
   22   24   11   10    1
   16   15    4   11    1
    1   20    3    1    5
   22    2    8   11    1
    8   22    7    6    3
    9   26    5   10    1
    6    6    7   11    3
   28   12    4    8    3
   18   25   11    6    1
   28   22    8    9    3
    7   19   11    5    3
   21   21    4    7    3
   18   16    1    6    5
    5    1    2    7    5
   17   26   12    1    1
   25    3    1    8    1
   12    9    4    5    1
   28    2    2    8    3
   24   19    7    7    1
   24   10   12    4    1
   24   29    3    9    1
    9   28   11   12    1
   17   13    3    9    1
   10   23    9   11    1
   29   15    3    3    3
    1   24    7    6    3
   27   28    3   12    3
   25   21   11    1    3
    6   22    4    9    5
    8   19    4   11    3
   25   25    8    4    3
   21   10    2    6    7
   29   13   10    7    1
    6    3    1    3    5
   27   17    1    8    3
   22   11   12    1    5
    7   28    2    2    5
   17   17    2    8    3
    2   16    1    1    3
   14   13    2    5    3
   24   16    6    4    3
   27    6   12   11    3
   21   26    2    4    3
    8    3   12    3    3
   26   28    5   12    5
   15    8    1    4    3
   12    4    2   12    7
   17   19    8    9    7
   19   28    7    9    3
   11   12    1    9    8
   21    8    7    2    5
   19   26    4   11    5
   29    1    3    2    5
   14    4    9    5    7
   30    3    4    8    5
   18   14   11   12    3
   30   13    3    7    3
    7    7    2    8    5
   21   19    5    2    3
   18    9    8   10    5
    4   20   11    3    5
   10    3    7   11    5
   26   13    3    1    5
   28   28    2   10    3
   13    7    7   11    3
   16   22    6    9    5
    2   14   12    4    7
   30   23    5   10    5
   27   10    2    9    3
   12    8    2    4    3
   13   27    6    4    3
    9   25   11   10    3
   21    4    8    3    5
   28   16    2    5    5
   13   10   10   12    5
    6   20    8    3    3
    1   15    7    2    3
   20   11    7    4    5
    7   10    2   10    3
   12    2    4    6    7
    5   21    2    4    7
    4   25   12    9    7
    4   19    3    8    7
   13   18    1    7    5
   11   16    5   10    5
   12    6    5    9    8
   22    7    7    3    3
   29   16    8    1    3
   19   30    8    4    3
   27    1    5    1    7
   30    9    9   10    5
    7   29   12    5    3
    2   13    6    6    3
   23   24   11    3    3
   21    3   12    3    5
   29   12    3   12    3
   27   19    5    6    7
   17   15   12    9    3
   21   22    9    8    3
    5    7    7    3    3
   22   14    3    9    3
   14    3   11    1    5
    2   30   10    8    3
   10    5   10    2    7
   29   19   10   10    3
    3    3    8    7    8
   20    5    9   12    5
   23   23    2    4    8
   10    2   11    9    8
   14   30    3   11    3
   25   20   10   12    3
    4   15   12   11    3
    9   21   10    5    3
   12   21    2   12    7
   23   13   10    1    3
   29   29   10   12    3
    5    4    3   10    3
   20   15    9    3    3
   17    7    6    2    3
    4   17    8    8    5
    1    4    8   12    8
   30   18    7    4    8
   15   24   10    1    5
    5    9    4   10    7
   13    6    4    2    3
    9   17    6    1    3
    2   26    6   10    5
   27   21    4    9    3
   11   23    3    9    3
   22   13    8    9    3
   10   26    6    8    3
    2    1    2   10    8
    9   29    9    8    3
   30   26   12    4    3
   24   24    1    8    5
   22   26    8   12    3
   20   10    5    7    3
   22   25    7    7    3
   10   10    8   11    3
    6   23    6    4    3
   20    8    9    7    3
   25   16    4    7    3
   13   12   11    4    3
   26   26    3    5    7
   21   23    4    5    3
   17   12    2    8    3
   17   28    1    5    3
   29   14    5   12    3
   24   26   12    3    3
   16    6    1    1    3
   24   20    4   12    3
   12    3   10    4    7
   23   18    2    4    3
   13   28    6    4    3
    9    1    4    1    5
    6   29    2    3    3
   26    8    2    8    3
    5   15    9    4    3
   24   30    1    5    3
   12   30    2   10    5
   15   18    6   11    3
   17   14    4    2    5
   15    2    7    9    5
   17    8    6    1    5
   29    5    1    5    5
   14    9    9    2    3
    1    7    6    2    3
    3   28    8    1    3
   20    2   10    3    5
   16    9   11    9    3
   26   15    1   10    5
   19   13    4    7    7
   29    4    1   10    5
    9    9    9   11    5
   16   20    8    3    7
   27   29    2   10    3
    9    8    6    1    3
    8   29    9    4    3
   15   19    9    8    5
   13    8   11   11    3
   17   29    1    7    3
   18   19    7    5    3
   10    8   10    8    5
   16   16    8    1    5
    3   26    4   11    7
   25   23    1    3    5
   15   27    7    6    7
   29   11    1    9    5
   15   15   12    7    8
    4   24   11    7    3
    1   16    3    3    5
   20   12    7    8    5
   25   11    6    3    3
   23    9   10    3    5
    1   13    1    2    3
   13    4   11   12    5
   26   27    3    4    5
   20   21   10    3    7
   11    9    8    6    5
    9    4   11    6    3
   23   12   12    9    5
   24    9    6    6    5
   16   27    3    6    5
    5   27   12   12    5
   21   17    7    8    5
    5    3    1    6    3
   22   18    5    4    3
   27   27   12    9    3
   24   21   10    4    3
    8    8    4    1    3
   15   13    3    7    3
   21   11    9    6    5
    5    6   12    9    3
   25   12   12    4    3
    3   27   10    8    3
   22   27   11    1    3
   19    3    5    8    5
   26   23   12    5    5
   30   25   10    9    5
    7   14    5    4    3
   23    2   11   11    3
    9    2    8    4    3
   28    8   10    1    3
   22    4   12    8    3
   17   16    4   12    5
   24   18    5   10    3
   14    1    8    8    7
    9   19    1    3    3
    2   18   12    3    5
   19   16    6    3    3
   15   30    3    4    3
   23   19    5    9    3
   21   15    5    3    3
   22   20    4    7    3
   11    8    2   10    3
   10   11    4    9    3
   24   14    2   11    3
    6   19   12    9    5
    7    2    3   12    3
   10   28    4    7    3
   25   26    8    5    3
   30   20    6    5    7
   26   16    4    7    5
   17   22   11   10    3
    1   30    3    7    5
   29   28    4    4    3
   30    6    9    9    5
   14   15    5    2    3
    5   14    8   12    3
    1   23    5    7    3
    5   25    6   10    3
    2   17    3    3    3
   18   26    4    9    5
    6   15   12    7    3
   27   14    5    8    3
   18   21    6   11    3
   19   11   12   10    3
   27    7   12    4    3
    2   11   10    3    3
    3    7   10    1    5
    6   24    2    2    3
   23   29    3    7    3
    6   17    2    7    3
   15   23    1   11    3
   21    7   12    5    3
    1   10    5    2    5
   22   12   10    9    3
   10   17    1    1    3
   20    7   12   12    3
    9   22    8    9    3
    6   10    7    9    3
   26    7    6    1    3
    8    4    1    6    3
   20    9    1    9    3
   14   20    7   12    3
    3    2    6    2    5
   26    6    4    9    7
    7   11    9    6    3
   23    4    5    1    3
   25   17    4    5    3
    8   24    1    9    3
   20   28   11    6    3
   26   12    4    8    7
    5   28   12    1    3
   24    7    5   12    3
   12   16    4    1    3
   18    5    8    2    5
    5    8    3    1    3
   18   18    4    6    7
   11   11    5   12    3
   18   10   10    9    5
   21    1    1    7    5
   30   16    9    7    3
   25    7    8    6    3
    6   21    6    3    3
   21   29   11   10    3
    7   12    9    7    3
   28   18    8   10    5
    3   11    6   12    5
    8   16    9   11    7
   13   16    4    9    5
    7   23   11    5    3
    6    7   10    9    3
   19   12    3   11    5
    5   12    6    6    3
    4   26    4    4    5
    5   19    6   10    5
    5   26    7    2    7
   18   27    4    2    5
    2    8    1    6    7
    3    4    9    6    3
   29    2   10   10    3
   30   21   10    1    5
   28   14    4    3    3
   29   26    4    1    7
   27   12   12    3    3
   24   17    2    5    3
   15    7    6   11    3
   27   24    4    6    3
    8    6    8   10    3
   23    5   11   12    3
    5    5    6    5    3
   14    6    7   12    7
    9    6    1    5    5
    3    9    9    9    5
    9   10   10    5    3
    8   18   10    5    3
    9   15    3    9    3
    6    4    6    3    3
    7   16    3    4    3
   22   19    5   12    3
   27   11    3    5    3
   30   29    5   12    3
   11    5    4   11    3
   23    8    9   10    3
   14   16    9    9    3
    9   13    7    3    5
   22    5    9   12    3
    7   30   11    4    3
   13   13    8    2    5
    3   22    3    2    3
   25   24    4   11    3
   26    1    8    5    3
   22   30    6    5    3
    3   23   11    6    3
   18   20   12    4    3
   23   16    3    8    3
