   15    9    5    1    3
   16   16    6    7    3
    6   29    7    6    2
   18   10    4    2    4
    3   30    2    6    3
    5    2    9   11    1
   25   25    7   12    3
   21    9    5    5    1
   23   17    1    1    1
   21    4    1    7    1
   27   14    9   10    1
   25   12    1    6    3
   19   11   11    8    2
   20    4    3    5    1
    9   19    7    1    1
   14    4    2    2    1
   17   18   12    6    1
   29   26   11    8    2
   30   25    5    3    2
   28   30   12    6    1
   14   30    3    9    1
    7   29   12    7    1
   25   13    9    3    1
    2    2   11    9    1
   14   29    3   12    1
    5   19   12    5    1
   22   11    9   11    1
   12   17    1    7    3
   28   25   10   12    2
    9   29    5   12    1
   23   10    2    8    1
   17   25    2    9    1
   17   14    7    8    1
   15    5   11    6    1
    1   18   12    6    1
   27   19   12    8    3
   21   27    1    9    1
    4    1    3    2    3
    9   13    9   10    1
   15   22    2    7    1
    9    9   11   10    1
   12   30    3    8    1
    2   25    4   10    3
   26   22    2    7    1
   14    9   12    8    1
   13   22    4   12    1
   13   30    9    8    3
   10   16    4   11    1
    3   22    4   11    1
    2   27   11   10    1
    5   23    4    1    1
    8   22   12    8    1
   20    5    3   10    1
   13   24    3    2    1
    5   10    1    6    1
   22   21    6    8    1
   22   29   12    7    1
   17   24   11    4    1
   18   18    7    2    3
   25    4    2    9    1
   13    6    9    8    1
   21   18   12    8    1
    2    7    8    6    1
    2   30    6    7    3
   26   16    8    7    1
    1    1    7    3    3
   18   14    2   11    1
   26    8   10    4    1
   11    3    9    1    3
   17    8   10   12    1
   11   10    5    9    3
   12   24    9    9    1
    6   24    8   11    1
    8   14    4    5    1
   10   21   11    9    1
   27    3   10   12    1
   15    7   12    9    1
   24   20    1    8    1
    5   12    7    2    1
   20   17    4   12    1
    5    4    1    3    1
   21    6   10    4    3
    1   15    7   12    3
   13    4    9    7    1
    9   28    6    1    1
   24   19    5    6    1
    7    9    6   10    1
   25   26    4   12    1
   10   12    4   11    1
   13   28   11    1    1
   12   14    4    7    3
    5   21    3    6    1
   15   13   11   12    3
    9    8    9    7    1
   27   11   10    9    1
    3    3    9   12    3
   22   10    3    2    1
   16   24    6    5    1
   10    6   11   10    1
   12   12    4    9    5
    3   18    8   12    1
   20   29    6   10    3
   28   15   12    3    2
   15   11   12   11    1
   16    9    4   10    1
    6    4   11   11    1
   18   24    3    2    1
   15    2    3    1    1
   14   19    1   10    1
    1    3    3   12    1
   16    2    8    9    1
   15   16    5    1    1
    7    4    1    9    1
   11    8   10    3    1
   20    1    5   10    1
    5   13    4    5    3
   23   14    5    1    3
   27   25    1    5    1
   22   24    9   11    1
   19    6    4   10    1
   27    8    5   12    3
   20   21   10    3    3
   29   25    8    7    3
   23    1    4    3    4
   30   21   12   11    1
    6   17   11    1    1
    3    7    2    5    1
   15   30    8    3    1
   19   19   10    8    3
    7   19   11    3    2
   14   21   10    8    1
   17   17   12    4    1
   20   15    3    7    2
   14   10   12    6    2
   29   18    8   10    2
    1   26    2    6    1
   16    8    2    5    1
   23   18   12    3    1
   29   13    1   10    1
    8   28    3   10    1
   24    2    8    7    1
   22   18   11    5    1
   13   13   11    5    3
    3    8   12    7    3
   25    5    5    7    1
   23   26    8   12    1
   12    9    5    9    1
   20   25    4   10    1
    4   16    9   11    1
   17   21    8    6    1
    9   27   11   11    1
   11   11    1    3    1
   26    6    7    3    1
    1   19    8    3    1
   19   22   10    9    1
   23    2   10    3    1
   23   15    5   12    1
   30   20   10   12    3
    7   10    4    1    1
   27   29    3    5    1
   18   11   12   12    1
   12    8    7    4    1
    9   18    6    4    1
   13    2   12    5    1
   28   29   12    8    1
    1   17    7    9    1
   27   18   11   10    1
   20   28   11   10    1
    3    2    9    5    1
    1   29    6    7    1
   20    8   11    5    1
   21   21    7    9    2
   24    4    8   12    1
   21   11    2    5    1
   12   20    4   12    1
   23   27    1    3    1
    8    1   10    1    1
    5   14    1    8    1
    5   24   10    7    1
   11   16   11    9    1
   16   17   11    7    1
   18    7    6    8    1
   14    2    5    7    1
    8    5    4    4    1
   29    3    7    2    1
   22   20    4    7    1
   24    1    8    6    1
   24   10   11    6    1
   17   22    7    9    2
   25   21    6    7    2
    7   27    8    5    1
   24   30    2    4    1
    1   22   11    7    1
   10   28    1    3    2
   26    5    2   12    2
   12    7   10    9    1
   14    1    7    7    1
    7   24    5    1    1
   23    8    8    5    1
   11    6    3   12    1
   20   14   12   10    3
   18   28    8   11    3
   28    1    3    9    3
   19   12    6    7    3
   15    6   10    1    1
   21    8   12    9    1
    4   30   10   10    1
   29   10    7    3    2
   26   27    5   11    1
    2   26   10    2    3
   20   23    7    5    1
   21   12   10    8    3
   25    8    9   12    1
   16   30    2    7    2
   14   24   11    3    2
   23   21    6    3    1
   16    5   12    2    1
   28   26   10   11    2
   10   19    4    9    2
   26    7    1   10    1
   21   16    1   11    1
    7   21    9    9    1
    7   25    9   11    1
   16    6    9    2    1
    6    1    6    1    1
   22    7    9   10    2
    9    2   12   12    2
    3    9    1    8    1
    6   12    5   11    1
   24   27    8    3    1
   15   15    5   11    1
    3   19    4    5    1
   17    3    4   10    1
   13   21    1    7    2
   17   19    7   11    1
   10    8   12    4    2
    7   17    6    3    2
    8   13    7    8    1
    1   11    2    2    1
   11   29    1    6    1
   30   11   11   11    1
   21   26    3    1    1
   20   20    4    7    2
    8    2    4    1    1
    9   26   10   11    1
   23    9    6    5    1
    8   18   12    6    1
   24   28    3   11    1
   13   12   11   12    2
   21   19    4    4    3
    8   29    5    2    1
   23    7    9    3    1
    2   17    1    6    2
   13   23   11    8    1
   14   28   11    7    1
   19   25    6    4    1
    5   29    6    6    1
   11    9    5    8    1
    2   28    8    5    1
   11   14    6    6    1
    6   20    5    1    1
    6    3   12    3    1
   20   10    7    5    2
    4    4    3    4    1
   13   26    3    5    1
   28    6    6    4    1
    2   19    5    8    1
   10   10   12   10    1
   26   24    4    8    1
   20   13    9    8    1
   12   26   11   12    1
    4   12    8    3    1
    8    7    8    7    1
   12   18   11    9    1
   16   13    7    9    2
   29   23    8   12    1
    3   28   12    4    1
    5   17    5   12    1
    3    5   10    6    1
   18    4    8   11    1
   20   16    6    7    1
    8    8   12    1    2
    2    1    6   10    1
   30   18    7    7    2
    4   11    3    5    3
   27   20    3   12    1
   17   11    3    2    4
    9   20    4    4    1
   24    3   12    2    1
    3   26    2    7    1
   25   11   10    1    2
   11   20   12    2    1
   20   26   12   10    4
   30   19    6    8    1
   30   23    4    5    1
   24   15    9    1    5
   15   14    1    9    1
    6   27    5    1    1
   28   11    9    2    1
    7    1   12    4    4
   27   16    3    3    3
    4    9   10    7    1
   19   20   11    1    1
    2   20   10    1    1
   19   23    5   10    1
   23   24   11    8    1
   27   12   12    7    3
   12   22    4    2    3
   26   10    7    8    4
   16    3    5    4    3
   10    1    8    9    3
   30   29    1    4    3
   29   15   11    6    1
    5    5    5    3    1
   23   28    9   12    1
   16   19    8   10    1
    6   18    5    3    1
   24   24    2    6    1
   20    7    6    9    1
   22    6    5    5    1
    8   30    6    7    1
   23   23    2    4    1
    4   26    6    9    3
    3   21    5    1    1
    9    1   10    3    1
   17   15    8   10    1
   25    6   11    9    1
   19   15    3   10    3
   13   17   12    2    1
   12   28   12   11    2
   13    7    7    6    3
   30    9    9    9    1
   17   27    7    5    1
   14   14   12   11    3
   30    6   10    4    2
   18   15    8    2    2
   27   15    4    7    1
    2    4    1    6    1
   24    9    1   12    1
   19   18   12   10    1
   14   13    6   10    1
    2   12    4    7    1
   13    3   12    2    1
    4   23    8    5    1
   13   11    9    2    1
   16   29   11    5    1
   22   28    2    1    1
   27   27    4    7    1
   20    3    7    8    1
   28   21    7    9    1
   25   10    7    2    1
    5   28    4    6    1
    6   14   12    5    1
   12    3   12   11    1
   25   24    5    7    1
    6    9    8    8    1
    2   21    8    7    1
    4   19    7   10    1
   29   17    1    1    1
   29   12    3    9    1
   16   14    3    2    1
   29   19    2   12    2
    6    8    3    9    2
   23   11    4    7    1
    8    4    4    2    1
    6    2    6   10    1
   15    4    2   11    1
   13   18    8    5    1
   14   25    5    2    1
   29   24    9    8    1
   16   18    9    9    1
   26   11    3   12    1
   14    7    6    8    1
   16   12    2    8    1
    1    5    7    8    2
   21   15    4    6    2
   12   11    4    4    1
   29    4   10    1    1
   22   25   12    5    1
    5    7   12    2    1
   11    5    2    1    1
    1   21   12    3    1
    8   19   10    1    1
    1   16    9   11    1
    1   13   12    1    1
    6    5    4    6    1
    7   11    6    5    1
    7    7    7    4    1
   23   22    8    6    1
    9   17   11    2    1
   27   10    4    6    1
   25    1    3    6    1
   28   16   11    2    1
    3   10   12    3    1
    6    6    3   12    2
   10    4   11    2    1
   21   29   11    9    1
   28    7   11   10    1
   23   12   12    8    1
   26   17   12    1    1
    1   30    9   11    1
   11    2   11    1    1
   15    3    3    4    1
   17   28    6    8    1
   25    3    1    3    2
   17   10   12    4    1
   18   20    2   11    2
   16    7    4    8    1
   23   16    8    1    1
   30   26    2    7    2
   22   30    2    5    1
   30   10    1   12    1
   22    9   12    6    1
    1   27    2    8    1
   22    5   11   11    1
   22   22    7    8    3
   29   29   10    6    1
   15   26    9    9    1
    4   22    2    7    1
   12    1    7   12    1
   25   18    9    1    1
    9    5    3   12    1
   14   22    7    8    1
   18    2   12   11    1
   26   14   11   10    1
   16   25   10    1    1
   30   27    7   11    1
   24   11   12    6    1
    2   10    3    1    1
    4   27   12    6    1
   22   16    5   12    1
    2   29    7    4    1
    4    3    3    8    1
   14    3    8    1    1
   19   13   10   12    1
   19   28    7    4    1
    5   27    1    3    1
   27   22    6   11    1
   18    5   11    4    1
   18   26    3    1    1
   25   15    6   10    2
   23    3    4    7    1
   23   25    1    8    1
    4   17    1    4    1
   12   15    7   11    1
   30   30    9   12    1
   28   28    7    1    1
   15   10    8   10    1
   30    7    2    9    1
   26   26    7   12    1
   10    9    1    6    1
   24    8    4    8    2
    7    6   11    6    1
   17   30    7    8    1
   25    9    2    5    1
   26   19   11    9    2
   27   13    1   10    1
    6   23    5    3    1
   28   27    4    4    1
   15    8    6    7    3
   28    4    1    3    1
   24   21    6    4    2
   22    2    1    1    1
    5   30    4    6    1
   10   13    7    4    2
