   19   27   12    1    2
   13    4   12    1    2
   12   24    8    2    3
   21   17    6    1    4
   10    1    4    9    4
   10   10    1    9    6
   25   14    7    8    5
    4   30    4    3    6
   19    3    5   12    2
    6    6   10    1    6
   25   28    8    1    6
   22   24   12    4    7
   12   23    8    2    8
   11   27    6    7    4
    2   23   11   11    3
   28   26    2   12    6
    9    9   10    3    7
   12    2   10    9    8
   16   10   11   11    8
   14   17   10    1    6
   30   15    2    9    4
   17   10    9    4    6
    4   27    7   12    2
    6   23   10   10    6
   11   16    8    3    7
   20   11    4    2    3
   23    8   12   12    6
   17    8    1    6    6
   10    8    6   10    6
   10    5   11    7    3
    9   14   10    9    2
   19   18   11   12    6
   22   11    1    9    7
    8    4    9    2    7
   21   21    8    1    8
   24   27   10   11    4
   22   18    7    8    4
   11   11    3    1    7
   25   11    9    1    3
   28    9    7    3    2
   17   26    4    6    7
   14   23   12    7    6
   16   14    6    9    4
   22   23    8    1    5
   30    7    2   10    4
   24   19   11   10    6
    8   30   12    5    7
   21    8    5    5    7
   18    9   11   11    4
   23   23    2   11    1
    7   29    7   12    6
    8   28    7    5    2
    1    8    8    8    3
    1    4   10    6    4
   30   24    8   12    8
    3   17   11   11    8
    4    4    4    8    9
    9   27   12   11    9
    7   20    9   11    6
    5    5    2    6    7
    4   14   10    5    8
   22   19    4    3    9
   22    8    6    9    3
    9   21    6   12    4
    7   23   10   10    3
    1   17    1   10    8
   25   15    8    8    8
    2   15    9    2    7
    7   10    8    6    4
    1   29   10    7    2
   26   11    5    7    8
    9    7    2   12    3
    2    2   12   10    9
   28   28    7    4    9
   21   29    1    7    8
   13    6   11    4    3
   25   24    6    2    7
   25    3    9   12    6
    6    8   12    3    1
    4   28    5    3    6
    3   21    7    3    8
   18    3    6    7    3
    6   25   11    8    4
   22    5    3    7    3
   26   10    8    7    4
   16   21    4    5    7
   24   24    5   10    8
    7   19    3    2    6
   12    9    6    9    4
    7   16    7    5    6
   20    9   10    2    4
   30   21    9    7    7
    5   18    1   12    2
   13    3   11    8    5
    7   14    8    4    7
   16   17    7    7    2
   28   17    7   10    4
   21   23   10    8    6
    8   27   10    2    8
    7    6    8    3    7
   11   23    8   11    7
   21   27   10   10    2
   26   16    8    9    4
   13   18    1    6    7
   12   11    5    7    7
   23   10    4    1    6
   24   13    9   12    2
    2   14   12    6    7
   23   24    9    7    6
    5    4    4   12    7
   13   23   11    5    3
   18   24    5    6    3
   11   10    3    7    7
   22   12    9   10    2
    8   26   10   11    8
   15   27    7    3    2
   18   29    5    9    7
   30   11    2    1    6
   16   12    2   10    1
   29   19    1    4    3
   19   10   11    2    4
    5   30    1    4    1
    7    7    6    1    8
   18   15   12    9    3
   24   17    5    8    2
   10   21   12    1    8
   12    4    6    1    6
   17   23    6    3    3
   30   30    1    4    9
   13   21   10   11    7
   28   11   11    5    1
   17   11   10    1    5
   10    6    8   12    2
   22   28   11    9    7
   30    2    7    9    8
   27   23    4    6    6
    5   21    7    1    6
   22   30   12    7    5
   25   25    2    3    4
   10   27    8    6    7
   29    3    9    1    8
   27   25    2    6    8
    6    9    7    7    5
   29   14    5    6    9
   26   24    5    8    8
   15    8   10    7    4
   13   19   12   12    1
    5   24    3    4    3
   27    2    8    6    7
   21   20    7    9    3
   13   14    8   12    6
    9    1    2    3    4
   15   28    2   12    8
    5   19    9    9    9
    4   10    4   12    8
   24    7    9    4    6
   11    4    2    5    8
   23    4   10    1    5
    7   11    7    3    3
    4    3    3    8    1
   14    1    5    4    9
   18    2    2    2    9
   18   12    3    8    8
   23    3   12    6    5
    6    1   12    9    3
   12    1    9   12    6
   14    6   11    7    3
   12   26   12   10    2
    7    1   10   10    4
   27   29    6    1    3
   14   14    1    4    7
   28    2   10    4    6
    4    2   12    9    8
   13   25    3    9    5
   22   16    4    3    4
   13   12    3    4    3
    1    3    2    3    8
   29   29    2   11    7
   29   12    5    6    4
   19   23   12    5    7
    2   17    1    8    8
   11    6   10    2    3
   25   22    1    2    2
   30   26    1   11    8
   24    8    3    4    7
    6   28    3    7    4
   27   20    5   12    2
   28   10    4   10    4
   17   18    3   10    6
   28   24    7    3    5
    8   16    7    7    4
   22   10    1    4    3
   30   19    9    9    7
   12   17   10    1    8
    8   18   11   12    8
    7    5    2    5    8
   29   28    6    7    6
   20   28    1    8    5
   14   15   11   10    4
    8   29   10    5    3
   15   13    7   10    2
   10    9   12    8    5
    3    5   11    2    9
    5   23   12   10    7
    5   12    7    6    7
   19   19    3   10    4
    3   30    8    6    2
   16   19    5    7    7
    3    9    9    1    5
    9   24    6   11    4
   18   11    5    6    4
    7   18    9    4    3
    6   21    1    6    9
   10   14    9   12    5
   12    3    5    2    6
   26   19    6    9    4
   27   12    8   10    7
    8   11    9    6    8
   24    6    3   11    4
   20   26    7    3    2
   26    4    1   11    5
   12   12    5    4    9
    6   27    4    2    4
   19   17    7   12    3
   11    9    4    8    5
   18    6   12    7    4
   15   19    3   12    3
    2   26    8    9    2
   17   27   10    8    3
   26    6    5    2    7
   20   20   11    7    6
    8   13   10   10    9
    5   16    4   12    9
   28   19    4    8    7
   14   24   12    8    6
   18   26    3    2    5
   18   25    1   12    7
    9   13   12    4    5
   23   18    2   10    3
   29   22    6   10    3
   15    1    9   12    4
   11   21    2   10    8
   29    2    5    8    1
   10   15   10    1    4
    5   29    6    8    5
   25   20   12    3    8
   26   14    6    2    7
   22    4    5    3    7
   19    4    9   11    8
    8    8    9    2    7
   20   12    9    5    4
   11    3   11    2    5
    8   14    2    3    3
    5    8    3    7    4
   29   26   10    2    3
   11   19    7    9    8
   15   17   12    6    8
   12   25    9    9    4
   14    5    1    2    4
    8   20   10    6    5
    2   22    8    8    3
   14    3    1    1    8
   24   20    3    6    7
   20   19    6    1    4
   18    1    2   11    4
   17    9    4    1    5
   22    3   12   10    4
   17   17    7    3    7
   14   20    7    4    4
   10   13    2    5    4
    2   19   10   10    6
   17    7   11    1    7
   12    6    2    6    5
   13   26    1    8    3
   17    6    9    4    3
   29    4    7   11    2
   15   24    8    8    5
    5   25    1   10    5
   10   24    9   11    3
   27   14    9    7    1
   21   24    3    7    1
    6    4    4   12    2
    7    2    9    5    2
    7    3    9    7    3
   11   15    3    5    2
   27    3    3    5    4
   20    3   11    5    4
   13   22    5    1    5
   16   24    7    8    4
   26   22    7    7    3
    2   10    6    1    6
   29   24    1    1    5
   13   17   11   10    5
   17   20    3    1    4
    7   27    8    4    3
   27   16   12    3    3
   28   27   12    8    7
   27   27    9    4    8
   10   12   12    8    5
   13    7   12    9    4
    6   29    1    6    7
   30    6    9    5    6
   21   28    8   12    6
    9   22    9    9    4
    1    2    9    2    9
   23   25    7    8    9
    9   15    7   11    9
   25    4   11    2    9
   30   13   11    5    6
   19    1    3    5    3
   30   17    3    1    1
   29    9    5    6    1
   20   10    8   10    3
    4   20   10    7    3
   22    6    3    7    2
   20    5    2    8    4
   15   20    5    2    5
   23   30   12   10    7
    8   25   10   11    4
   26   23    3    7    7
   10    3    9    1    5
   15   15   11   12    7
    6   19    4    3    5
   23   15    8    7    6
   18   16    5   12    8
    7   12   10   11    7
   28   18   10    7    4
    7   21    1    4    8
    4   18    1    8    7
   11    5    5    7    8
    9   16   11    7    5
   13   27    3    6    7
   28   12    6    8    7
   26   15   10   10    3
    2   13    8    1    5
   11   13   11    1    3
   21   19    3    3    2
   13   13   10    3    7
    1   28    9    2    3
   15   16    2   10    2
    8    2   10    2    1
   25    7   12    6    5
    6   15    6    8    4
   25    2    2   11    4
   20   30    7    8    6
   15    3    7    1    5
    7   26   12    8    4
   16    3    6    5    7
   16   28    3   10    3
   15    4    1    7    6
   27   18   12    4    2
   12    8   11    8    4
   29   25    4    6    4
   17   25    9    1    7
   27   22    7   11    3
   30   25    9    7    7
   14   21   11    9    8
   10   18    7    6    7
   20   29   10    8    3
   22   17    7   12    2
    5   27    5    3    1
   30   10    7    2    7
    2   11    6   10    8
   12   30    9    8    9
   15   22   10   11    2
    1   26   10    7    4
   22    7    5    4    7
   12   21    7    6    8
   21   26    8    4    9
   11    1    9   12    9
   30    9   11    5    4
   16   23    5    7    3
   18   18   11   12    1
   29   11    8    1    1
   21    2   10    6    9
   18   20   10    1    6
   29   16    8    6    3
    2    9    5    8    6
   16    4    7    4    4
   30   27    8    2    3
    6   16    8    2    2
    1   30    9    6    2
   20   23    8    6    1
    5    1    2    6    7
    6    2    7    5    7
    2    3    9   12    1
   28   23    3    2    3
   24    4    1   11    2
   16    1    7   11    6
   19   25    6   11    7
   22   20   10    1    6
   11   24   11    8    5
   16   30   12    6    4
   17   29    7    4    5
    1   24   12    9    9
   24    2   12    3    7
   12   19   11    9    7
   30   29    4    5    1
    8    3    2    6    6
    5   28    3    4    7
   27    1   12    8    2
   20   13    7   10    2
    9   19    1    9    5
   16   13   10    3    3
    1    1   10    7    7
   13   29    2   12    2
    3   28    6    2    8
   17    4    9    3    3
    7    4    2    1    3
    2   20    1    2    1
   14   22   11    8    9
   27   26    4    7    6
   21    1    7    5    7
   22   21    8    7    2
   14   28   11    5    3
   26    5    1    5    7
    6    5   12   12    3
   10   29    8    7    3
    5    2    1    2    4
   21   15    4   10    2
   25   10    1    8    7
   26    9    2    6    8
   20    6    9    6    3
    9    5    4    6    8
   22    1    5   11    4
   26   26    6   12    9
    3    3    4    9    8
   16    2   11    9    7
   15    5    3   12    6
    8   19    9    1    7
   20    1    1   10    6
   30   28    8    2    5
   25    9    4    5    7
   15   12    7    1    6
   15    7    3    4    3
   16   25    2    7    6
   26   25   11    8    8
   21   25    1    1    5
   13   28    4    8    6
   14   12    3    2    6
   13    5    7    4    7
   24    3    1    4    5
    5   17    1   10    3
   13    1    1    6    7
   16   16   10    1    8
   21   18    2   11    2
    7   28    6   12    3
   14   19   12    5    6
    4    9    4   11    6
   25    1    3    9    5
   22   22   12   11    4
    8    9    3    7    4
    3    6    5   11    3
   15   29    9   12    3
    9   23    3    8    6
    3   26   11    6    5
   30   18    8    2    4
   30   14    5    9    7
    4   21    5    5    8
   18   14   10   12    7
   14   11    4    5    6
   20   16    4    1    5
   23    1   12    7    7
    8    7    5    3    5
   23   29    7    4    8
