   23    7    8   10    2
   21   23    4    2    1
   11   23   10    6    3
    7    7    4    8    5
   11   11    1   11    6
    8    9    5    9    3
   15   25    1    8    5
   30   19    1   12    3
   23   30    1    4    3
   20    7    1   11    1
    9   15    4   10    2
    9   27    9    3    1
   28    9   11    6    1
    3    4    8   12    3
    4   29    7   10    4
   30   30    7   10    5
   16    9    9    3    4
    8    4    8    8    7
   28    6    2    2    6
   11   14   11    1    7
   14   16    9   12    6
   24   16   10    1    3
    4   11    3    6    4
   22   20    4   10    2
   18   20    9    3    2
   10    2    6   11    1
   12   24    1    2    1
    1   13    7   11    2
    4   27    5    9    1
    1   21   12    8    2
   30   22   12    6    4
    1    4    4    1    2
   14   17   12    7    2
   26   19    3    8    3
   14   13    8    1    2
    8   26   10    1    1
   16   29    4    8    1
   23    6   11    4    5
    4    6    5    7    4
   22   13    5    9    3
   19   22    2   11    1
   21   19    3   11    2
   23   19   10    4    2
   30   20   10    2    2
    1    5    1    9    1
   30    7   11   10    3
   12   21    3    8    3
    9   25    2   11    5
   19   13   12   11    5
    4   10    4   10    4
   12   17    5    4    3
   29   17   11    6    2
   26   25    8    5    3
   25   29    4    5    1
   17   20    4   11    2
    1   12    7    9    2
    9   13    1    7    2
    6    2   10    4    3
   10    7    7    1    3
   11    5    9   11    1
   14   28    1    7    2
    1   17    9    5    3
   24   20    5    7    2
    8   15    5    5    3
    5   30    9   12    3
   11   15    3    3    1
   23   22    6    3    2
   15   28    6    1    1
   26    4   12   12    2
   14   18    9   10    4
    7   26    4    7    3
   14   27    3    8    4
    3   28    3    1    2
   10   12    1    5    1
    1   28    6   11    1
    2   24   10   11    2
   22    7   10    5    2
   19   28    2   10    2
   28   13    9    9    1
   25    5    8    1    1
    4    5    8    7    3
   25    2    2    1    1
   24   24    1    7    2
   20   14    6    6    8
    8    2    9    8    2
   15    4    8    6    1
   10   30   10    9    1
   15   24    7    5    1
    1    8   12    7    2
    6   21    1    4    3
   24   26    4   12    2
   13   30    4    2    2
   26   30    9    3    5
   18    2   11   10    3
    5   20    5   11    2
   12    7   10    7    4
   12   11    4    1    5
    1    1    3    9    6
   16   30    6   12    2
   18   22    9    4    4
   24    6    4    6    2
    8   21   10    2    3
   26   27    1    4    2
   29   10    4    2    4
    3   16    6    4    5
   20   25   10   10    4
   27   13    3    4    2
   18   15   10    2    1
   18   18    8   10    7
   24   25    6    5    2
    8   23    6    1    1
   27   29    9    1    1
   22    6    2    5    5
   23   17    1    1    5
   15   26   11   10    3
   28   10    8    5    5
   10    5    3    8    3
   29   26   10   12    7
   26    1    7   11    6
    1    9   11    9    5
    5   13   12    7    3
   14   14   11    3    5
   22   24    6    6    6
   28   26    2    5    5
    8    8    4   10    5
    1   14    6    7    5
   17   18   12    1    6
   20   12    3   10    4
   21   13    2    5    3
   19   27    3   10    2
   27    6    1    9    1
   27   21   10   10    1
   23   26    1    2    1
   28   30    6   12    1
   25   19    1   11    2
    5    9    9    2    2
   13   23    1    6    1
   27   15   11    5    5
    1   15   12    3    5
    1   30   10    2    6
   30    2    9   11    7
   25    4    1    2    3
   13   24   10    6    7
   22    9    1    2    3
    4   28    2    7    2
    5   24   11    5    1
   17    6    4    5    1
    9    4   10    3    4
   17   16   10    8    6
   14   24   10    9    3
   15   20    4    2    4
   21   14    3    3    8
   17   10    9    2    4
    7   27    5    1    6
   25    7    6    9    5
    5    2    2    3    4
   28   27    2    6    5
    9   30    7   11    3
   30   18    2    6    2
   29   22   11   11    1
    1   19    6   11    3
   21   22   10    4    4
   27    3    1   11    3
   23   25    5   10    7
   20    9    8    9    2
   27    8    2    2    1
    3   11   10    6    5
   27   16    2    9    3
    9    6    8    5    3
    2    1    8    1    4
   26   26    4    8    5
    3   13    2    4    2
   10   23    3   12    4
   11   13    8   10    5
   28   17    2    7    4
   14   22    3    9    6
   28   11    3    3    2
   17   27    9    6    5
   25   13    4    5    3
   10   18   12    4    1
    6   12    8   11    7
   28   18    5   11    8
   17   25   11   11    8
   12    5    6    8    2
   19   16    1   11    3
   16    1    3    7    1
   29   13   12    7    1
   19    7    5    3    1
    4    4    3   11    7
   26    5    4    2    2
   18    3    7    2    1
    9    9   11    9    3
   14    3    8    7    2
   30   14   10    4    8
   22   27    9    7    1
    9   12   11    7    2
    3    9    8    1    3
   23   14    5    1    3
   11   26    6   11    3
   20    8    3    5    4
    8   28   11    5    2
    6   16   10    6    1
   13    7    6    5    1
   14   10    5    9    1
    8   10   12    1    2
   19    5    6    6    3
   19    9    7   11    5
   25   18    5   10    2
   20   28    1    8    1
   13    4    4    5    1
   12    2   11    1    4
    7    8    9    5    1
    1   25   12    1    2
   11    6    7    8    6
   26   17    7    1    2
    4   23    1    9    1
   14    6    1    8    7
   12   28    4    5    1
    6   15    7    8    5
   13   15    5   12    3
   23    3    7    5    2
   24   10   11    3    1
   22   16    2   10    2
   16    7    2    7    1
    8    5    6    4    2
   25   12    1    5    2
   24   30    3    9    4
   26   22    7    7    1
   23    2   11    9    2
   20   11    8    8    1
    2   19   11    5    2
   13    8    9    5    4
   10   10    5    8    5
   14    2    7    3    3
   25   16   12    9    2
   21   16    7    4    2
   23   29    9    5    1
   26    2    6    2    1
   26    3   10    8    2
    1   22    2   12    4
   26   12   11    7    4
   21   10    8    2    4
   25    8    4    2    1
    7   21    7   11    3
   24   29    6    8    2
   23   16   10    2    1
   21   21    8    6    7
   11   25    5    8    2
   15   23    4    1    2
   28   24   10    4    2
   25   14    2    8    1
    2   15    7    2    1
    9   23    4    7    1
   29   30    6    2    1
    1    3    5    3    6
   18    1    4    8    2
    5   28    1    8    1
   30   21    6    9    2
   14   15   10    3    1
    2   16    4    2    5
    2   21    2   10    7
    5    5    4    9    3
   30   11   11    8    2
   25   25   10   12    6
   14    8    6    3    2
   21   25    3   11    2
    4   21    6   11    4
    9   18    8   11    1
   27   25    6    3    2
    7   28    3    4    4
   19   24    2    6    4
    3    8    8    2    5
    5   29    5   12    2
   13   13   10    6    7
   17   22    8   10    2
   27   12    5    9    8
   30    3   10   11    2
   15   19    7    6    3
   24   27    6   10    1
    3    6   11    7    1
    1    7   11   11    1
   15   16    7    2    3
   22    8    9    5    1
   26   20    1    1    4
   27   10    4    7    2
    5   18    3   11    4
   26   16    9    1    1
    1   27    9   10    3
   20   27    7    4    1
    5   16    2    7    3
   20   13    5    7    1
    5   23    8    7    2
   13    2    3    7    4
   29   18    4    7    7
    6   19    1    1    1
    6    7    2    2    5
   25    3   12    5    7
   16   16    7   10    6
    2   27   11   12    4
    3    3    3    9    6
   10   22    9    9    1
   28   29    9    1    1
   29   29    5    7    6
    3   29    7   11    4
   30   25   11    5    2
    9    7    9   10    2
   16   10    1    1    4
   18   13   11    7    2
   14    9    8    8    2
   27   27   12    4    3
    7    5    8    8    1
   24   17   11    1    2
   30    4    1    9    4
   23   18    2    9    2
   21    9   12    4    1
    3   15   10   12    1
    6   10   11    5    1
   27    5   12    6    1
   29   15    8   11    7
   11   16   12   11    3
   14   26   12    5    1
    3   10    4   12    2
   16   12    4   10    1
   24    9    3    6    1
    7   15    9    7    1
    6   29    6   10    1
   30   17    3    9    1
   19   12    9    7    6
    8   16    4   12    3
   19   17    2    7    1
   21   24   10    9    1
   21   26   12    8    2
    4   20   11    2    1
   13   17    6    2    3
   19    4    1    1    4
    7   11    8    8    5
   23   23    5    3    3
   15   15    1    7    2
    1   11    9    3    1
   17   17    3    7    2
   13   12    2    3    3
   29   21    2   12    3
   19    3    5    7    2
    3    5   12   11    4
   28   28    4    5    3
   24    4   11    4    2
    3   20   12    6    1
   25   10    8    8    2
    7   24    7    1    1
    2   29    8    9    1
    1   10    6    3    5
   10   19    9    5    2
   19   20   10   12    5
   17   21    1   12    6
   10   26    7    1    3
   20    6   10    3    5
    9   29    6    1    2
   18    8    3    3    2
   11   19    3    2    2
    6    6   10    6    5
    8    6    6    4    4
   16   13    4    4    3
    8   12    6   10    6
    7    2    3    8    5
   18   19    8    5    1
   14   19    1   11    3
   18    4    8    4    3
    5   21    7    6    3
   11   21    4    2    5
    2   11    6    6    7
    1   20    5   12    6
   12   30    9    8    4
   30   15    5    4    2
    6   13    8   11    2
    8   11    7   10    5
   20   10    2    2    6
   15   12   11    1    1
   18   26    4    8    3
   23   28    2    1    1
   14    5   11    3    4
   28   25    7    3    5
   17    5   11    3    2
   22   22   10    9    4
    6    5    3    5    1
   17    8   10    2    2
   12   18   12   10    1
    9    2    1    3    5
   23   12    6    7    4
   21   28   11    6    4
    3   17   11   10    6
   29   14   12    6    4
    2   17    5   12    3
   11   22    6    7    1
   17   15    2   11    1
   23   24   10    3    2
    3   21   11    3    3
   19   19    3   10    4
   19    8    6   10    7
   21   18   10    9    3
    9   11    1   11    2
   14   12    2    5    8
    4   12    6    2    7
   26    6    4   10    8
   25    6    3    5    4
   13   10    4   12    3
   11   18    1    8    1
   27   11   10    4    2
    2    4    4    6    6
   14    4   10    2    6
   20   16    4   10    4
   20   20   12    5    2
   22    3    1    2    1
   17    7    4    8    1
   13   26    3   12    2
   23   27   12    7    4
   17    4   12   10    2
   12   12   10   12    8
   29   12    6   10    4
    8   30    8    9    6
   21   20    4    6    6
   29    7    8    2    3
    7    4    8   11    1
   24    8    6    2    3
   24   18    3    4    3
   28   16    2    5    5
    2    3    4    8    1
    1   24    6   11    3
   22    5    4    7    2
   28    2    1    9    4
    7   14   11    4    2
   20    2   10    4    6
    3   24    6    2    4
    6   18    7    9    1
   22    4    6    9    2
    1   29   11   10    2
   11   10    4    7    6
    2   22    1    5    4
   15    5    1    5    3
   15   10    4    5    4
   17    9    1    8    4
   11   24   11   10    2
   22   15    2    5    1
   23    1    1    9    3
   25   22    2    3    1
   12    3    5    5    2
   19   29    7   10    1
    4   16    6    1    4
    9   10    6    2    2
   15   21    6    8    3
   17   11    7    1    1
    3    7    1    3    1
   27   30    1   10    2
   18   27   11   10    1
   22   12   11    5    1
   11   29   12    4    2
   18    7    3    6    4
   28   22    2    1    5
   20   29    9    5    1
   29    8   10    3    1
   30    6    4   10    7
   16   18   11   10    4
   20   23    2   10    4
    1    6    1    6    7
   26    9    9    5    5
    2    2   12    6    5
