   10    4    2    4    3
   29    2    5    6    8
    9    6    1    4    3
   16   18    8   11    8
   26   25    6    8    7
   10    5   11   10    4
    7    2   11    8    7
   30   10    3    8    8
   24    6    2    4    2
   17   19   11    3    7
   24   14    8   11    5
   21   29    9    5    3
   27    5    7    6    7
    8   14   10    8    4
   30   23    4    1    3
   27   25   10    7    4
    9   22   10    8    3
   13   27   10    6    2
   22    7    2    2    8
   22   13    1    3    3
    7   17    3    6    6
   16   14    7    9    7
    9   30    3    2    5
    9    4    6    2    4
    5   19    1    6    5
   14   26    1   10    8
    6   27   11    2    7
    8    4    1   11    8
   30   27   10    3    3
   20   20    9   12    8
    7   13    5    6    7
    1    7    1    7    4
    9   24   12   12    8
   29   30    7    4    7
    3   27    8    7    8
    4   19   11    7    8
   30    4    1    8    7
   29   17    3   12    4
   28   22    4    5    3
   11   12    1    2    7
   30   21    4   12    7
   24   12   10    8    2
    8   15    5   10    8
    2   12    8   12    7
    9   21    1    9    2
    3    9    8    4    2
   29   25    8    8    8
   18   10    6    8    2
   14   14   10    6    7
   24   22    7   12    5
   30   20    4    4    8
    9    7    2    8    3
   21   10    7    4    5
   12    5    2    3    6
   27    8    7    8    3
    1    6    9    2    2
   11   11    1    4    7
   18   23   12    6    5
    8   20   10   12    3
   30   30    7   11    7
    6   19    9    7    3
   10   29    1    9    5
   18    5    3    6    7
   24    2    1   10    3
   27   14    7   11    2
   20   21   10   11    7
   22   23    9    9    7
   19   10    1   12    3
   17   15    7    9    3
   26   24   10    8    5
    1    1    2   10    7
    4   16    6   10    6
   12   12    4    9    9
   30   16    1    7    4
   11    8    3    6    7
    5    8    5    2    7
   19   19    9    5    7
    9    2    7    7    8
   26   26    2    7    7
    6   29    9    2    3
   26   15    3    6    2
   23    5   11    4    2
   20    1    7   10    7
    9   12    8    6    6
   14   12   11   11    4
   30    1    5   11    5
   23    6    6   12    7
    2   19    7    2    8
    1   28    9   11    3
   13    6   10    8    3
   11   26    9    4    7
   30   19    2   11    7
   19   28    3   10    5
   23   20    7    1    7
   10   16   11   12    7
   13   12    8    7    8
   21   28    2   11    7
   26   21    2    4    4
   24   16    5   10    6
   11   23   11   11    5
    5   22   12    2    6
    8   18    8    4    6
   24   24    2    3    8
   24   29    8   11    4
   12   28    5   12    7
    4   25   12    8    7
   27    1    6    5    1
    1   19    8    5    8
   17   17    1   10    7
    6   15   10   12    7
   13   10    7    2    7
   18   21   10    8    8
   16   19    6    4    9
    3   21    4    7    6
   23   23    1    8    9
   28   16   10    6    8
   23   26    6    4    7
   25    9   10    4    5
   23   19    7   12    7
   27   29   11   11    2
   12    1    6    3    6
    3   22    9    1    6
   16   25    7    1    6
   10   10    2   12    8
   30   24    5    9    4
   27   20   10   11    3
    8   10    3    6    6
   12    3   10   12    3
    7   23    2   10    6
    9   13    5    6    7
    1   17   10    6    7
    7   30    8    1    3
    6   12   10    4    8
   14   29    6   11    7
   15   11    3    4    8
   28    3    2    5    7
    4   29    6    1    7
   12    7   12    7    6
   15   24    3    5    3
   25   14   12   10    6
   23   17    9    6    2
   24    4    8   10    3
    7   25    1    3    5
   28    4   10    1    6
   17    4    4   12    7
   13   30   10    2    6
    4   22   10   12    3
    3   10    4    8    3
   15   10    8    9    3
   29    9   11    9    7
    6   20    9    8    2
   12   17   10    1    6
    4    6   11   10    2
   11    1    7   10    2
   14    1    2    2    6
    8    8   10    4    7
   13   18    3    7    7
   26   17    2    3    6
   23   24   10    1    3
    2    8    7    7    7
   11    2    9    4    6
    4   12    7   12    3
   25    1   11    1    5
   24   17    7    5    7
   20   15    5   10    3
    5   26    3   12    7
   19   29   11    5    7
   28   25    9    1    2
   28   18    5    9    7
   21    7   10   10    7
    4   27    1    8    3
    4    7    6   11    7
    7   14   10   11    7
   18    1   11    4    6
   22   15    4    1    4
   26   22    2    2    3
   28    5    4    7    2
    4    4    6    3    8
   13   11   10    8    2
   18   27   12    9    1
   17    3    8    3    3
   25   10    8    3    3
   13   21    6    4    4
   23    3    6    8    7
   15    2   12    2    4
   27   17    8   11    3
    5   29    9    3    4
    2    5   11    7    8
   25    3    3    2    8
   18    7    3    9    7
   19   27   10    3    3
   22   18    4    7    4
   17    6    6    2    6
   29   20    2   10    8
   13   25   10    8    7
   16   13   12    5    6
    2    3    5    4    3
   11   29    1    1    2
   20   28    4    2    2
    3    1   12    9    6
   22   22   12    2    4
   16   16   10    9    7
   28   10    2    7    3
   27   22    7    8    3
    8   26    2    8    7
   14   30    9    4    5
   18    9    4    6    3
    7   24    3    4    6
   16   17    7    2    7
   22    6    6    3    7
   29   28    8    9    2
   10    7   11    3    3
   25   21    8    6    3
    6   10    3   10    2
   24    3   10   12    4
   17   30    6   10    6
    6   30    7    1    6
   20   10    8   11    6
   30   11    7    8    6
    6   26    8    8    7
   13   13    3    9    7
   27   16   12   12    3
    9   14    9    5    2
   29   29   12    7    7
    7   16    3   10    6
    8   21    7   10    7
    5   21    9    8    7
   26   16    7   10    8
    6   21    2   10    2
   16    6    6    2    7
   11    6    8    7    8
   14   18   12    5    7
   30    8    7   10    6
   26   18    2   12    7
   11    9   11   11    6
    3   14   12   12    6
   19   25   11    5    5
    2   23   10   10    3
   15   21    4   12    2
    4   13    9    7    7
   14    5   12    4    6
   21   17    9    2    3
   13   24    8   12    3
   15   28    2    3    7
   16    2    5    4    6
   20    5   11    8    6
   11   27   12   10    6
   21   14   10    2    4
   29    7   11    5    3
   14   17    8    4    6
    4   23    5    4    4
   30    3    6   10    6
   20   24   10   10    3
   25   25    8   10    7
    2   26    7   10    7
    2    2   10   12    6
   19   13    4    6    6
   15   16   12   10    6
   13    3    3   10    7
   13    1    6    7    6
    3   16    2    5    7
    9    5   12    3    7
   12   20    7    9    2
    8   13    4    9    6
    9   28   12    6    3
   25    2   10    6    6
   14   20    9    8    2
   12   18    9    4    7
   20   19   11    3    6
   25   18    6    7    3
   23   12    5    4    4
   29   13    5    8    3
   11   24    1    7    2
   14   13    2   12    6
   24   18   11    9    3
    9   26    1   11    7
    1    2    6    8    7
    7    7    1    9    8
   28    2   11    2    2
   22   29    4    3    3
   27   26    7   10    2
    7   19    2    1    3
   28   28    7    8    7
   19   15    1    5    3
   23   28    8    3    7
   24    1    1    2    6
    6    2   12    3    2
   11   28    9    1    1
   17   22    7   12    8
   15   30   11   11    7
   16   12    6   12    7
   14   23    1   11    6
   19    8    4    8    6
    2    4    7    8    2
   27    2    4   11    2
   25   23   12    8    2
   26   12    8    3    8
    3    3   11    1    6
   22    1   11    9    2
   16   22    6   11    7
   15   15    6    4    8
   30   28   11   12    8
   26   29    3    1    6
   11   25    8    2    7
    6   25   12    4    3
    3    8    6    8    6
   21   22    6    7    6
    1   23    1    4    3
   11   20   11    2    6
    5    6    5    2    3
   22   14   12    8    7
   26    4    9    2    6
   13    5    8    5    3
   23   15   10    6    7
    2   10    2   10    7
   27   28    4    6    8
    2   17   12    7    6
   21   27    4    6    2
   25    8    8   11    7
   16   29    1    5    6
   16   11   11    3    7
    1   10    7    2    7
   18   11    4    5    3
   14    2    8    5    7
    1   21    7    3    3
   28   13    4   11    3
   22    2    4   11    6
   14    4    1    9    7
   16    5    8    7    8
   16    8   11    2    7
   12   21    2    1    7
   10   11    2    1    5
   26    1    5    2    3
   25   20    5   12    7
    7   28    6    2    2
   30   26   12   12    6
   29   18    4    2    6
    8   17    1    9    7
   27   24    9    1    7
    5   15   12    9    7
    6    6    6    4    8
   20   26   10   12    6
   14    6   12    9    5
    1   15    9    6    3
   20   18   12    3    3
   28    6   12    9    7
    8    9    5   11    3
    8    7    4    7    4
   21   24   10   12    3
    8    6   10    6    2
    4    1   12    5    6
   19   12    9   10    3
    9   17   10    8    4
   23   21    6    9    7
   20   13    8   12    4
   19   21    2    6    7
   14   28    2   11    3
   21   21    5    9    3
    3   11    2    3    7
   16   20    3    7    8
   15    4    9    5    3
    5    7    9    8    7
   27   10   12    8    3
    6    3    5    6    7
    5   17   12   11    6
   11    4    1    9    7
   20    9   11    9    2
   23   10    3    6    3
   23    8    4    8    6
   15    7    5    4    7
    5   25    4   10    7
   13   23   10    6    3
    4    5   12    3    4
   30   25    2    9    7
    8   12    2   11    7
   23   29    8    1    3
   25   24    9    7    7
   19   14    6   10    6
   26    7    1    9    3
   27   27    6   10    8
   17   10    2    5    7
   20    3   10    5    6
   12   29   10    1    3
    9   16    4    1    5
   19   18    8    9    3
   26   10    1    6    6
   11   17    7    4    2
   23   16    5    8    7
    7    6    6    1    6
   15   12   11    9    7
    9    1    4    1    8
   16   21    5    5    7
    5    1    5    7    6
   18    4   12    5    6
   20   22   10   11    7
   24   19    1    8    3
    7    3    1    3    7
   19   26    6    7    2
   19    9    8    1    7
   19   22    6    8    3
    5    5    7    1    6
   18   18    8   11    3
   25   17   12    3    3
   13   17    6    1    3
    8   28    1    6    2
   14   15    3    4    6
   27    7   10    2    7
   17   18    9    3    6
    7   20   11    7    3
   20   17    7    3    4
   15   18    9   10    7
    8   29    9    5    3
   11   22    1    2    7
   10    9    4    9    8
   30   18    7   12    7
   15    9   11    4    3
   15   27   11   10    7
    2   21    4    8    6
   30    2   10   11    7
   27   12    9    1    6
   13   15    3    9    7
    5   24    8    9    8
   29    3    2   11    3
    4    3    6    6    6
   22   12    1   10    6
   26   13    4    1    6
   30    5    3    6    7
   11    5    7   12    6
    2   18    4    3    3
    9    9    6    8    7
   12   30    6    1    4
   27    9    4    7    2
    1   16    3   12    7
   26   28   10   12    7
   24   10    1    5    4
   24    8   11    3    8
   10   14    7    3    6
    1   29    6    1    3
   12   25    3    9    7
   17   28    9    3    7
   23   27    2    9    7
   15    3    7    1    7
   26    3   10    4    6
    6   18    1    7    3
   22   25    6   11    2
    4   20   10    9    7
   11   14   11   10    7
   15   25    5    8    3
   21   11    5    2    7
    2   13    4   12    6
   28   24    6    7    2
   11   19    3    4    7
    1    8    4    7    6
    7   11    9    2    2
   15   29    7    8    7
    5    3    9   12    4
   12   10    8    7    3
    3   18    8    9    2
   19    3    6    7    7
    2   20    5   10    8
   10   22    8    2    3
    8   22   10    2    2
    9   23   10   10    6
   22   30    6   12    2
   21    4   10    1    7
