   25   28    8    3    3
   15    3    5   10    3
   11   26   10   12    2
   11   11   11    5    5
   15   20   12    9    3
   23   30    7   12    6
   30   13    9    2    5
    4   23   10    2    4
    1   28   10   12    5
   17   17    3    7    6
   16    2    3    4    5
   29   19    7    5    3
   16   27    6    1    8
    9   17   12    4    5
    8   16   10    9    8
    7   20    3    8    5
    7   10    5   12    4
   22    3    9    8    5
   25   29    9    3    6
    8   21    2    3    4
   28    6    2   10    5
   17   11   11    3    4
    8   27    3    3    3
   20   22   11    2    3
    8   26    3   12    3
    9    9    5    7    7
   19   20   12    2    2
   29    9    8   10    2
    7    7   11    3    3
   29   23    9    7    3
   30    5   11    7    4
   19    9    1   10    4
    7   30    9    2    5
   14    8    1    9    8
   18   24    6    5    5
    2   22    1    3    4
    6    1    5   11    4
    8   25    4   10    3
    5   21    2    7    4
   17   21   11    2    5
    7   23   12   12    3
   30    3    8    4    3
   30    2    9    1    5
   21    3    8   12    4
   10   16    6    7    7
   12   14    6    5    8
    1    1    7    3    6
    4    1    3    9    9
   11   30    4    5    6
   18    7    3    7    4
   11    7   11    9    7
   23   23    6    7    8
   13    8    8    7    8
   18   28    5   12    8
   30   25    6    4    7
   23   12    4    5    6
   11   16    6    7    4
   15   14    3    9    4
   27   22    7    4    7
    7   26   10    8    6
   17    2    1    7    7
   19   17    8    9    8
   10   19    4   10    4
   11   14    8   11    8
   14   16   12    4    6
    7   29    4   10    3
   21   21    8    4    6
   12    2    3   10    6
   13    7    4    6    4
    7    1   10    6    3
   24   25    8    4    5
   27   10    7    5    3
    7   14    4    6    3
   25    6    9    9    5
   25   15   10    2    4
   27   23   12    2    6
    4   13    8    7    7
    8    9    6    4    5
   20   23    5    9    3
   30   28    4    8    2
    2    2    1    6    7
   23   25    1    1    4
   23   15    2    8    3
    5    1    3    8    3
    6    3    1    2    4
   23    8    2    3    5
   29   30    1    9    7
   11    3    6    7    3
   28   17    7    5    2
   19   26    1    7    7
   24   28    4    5    3
   13    3    8    8    5
   15   21   11    9    2
    5    7    6    3    5
    8    2    3    2    4
   24   10    2   10    8
    8    5    5    1    3
   28   28   12    2    9
   19   14    4    4    8
   24   24   12    5    5
    9    4    8    6    6
   10    6   11    2    5
   17   25    4    8    3
   17   30    9    8    4
   27   21    8    8    7
   19   30    4   12    8
   15   10    1    2    5
   16   21    9    9    5
   19   27    8    4    7
   17   14    1    4    7
   16    9    5    9    7
   16   25    9    4    8
    4   26    1   10    7
    2    3    3    8    5
    9    6    9    7    4
   28   16    5   10    6
    6    5    3    2    5
   28   27   11   12    4
   22    7    3    1    9
    8   24   10    3    9
   18   12    5    1    6
   26    3    1   12    5
   13   13    2    9    9
    3   27    1   11    5
   13   28   12    2    8
   27   11    7    1    4
   21   13   11    1    5
    5   24    2    1    5
   10    8    8   10    4
   17   29    9    8    6
   21   26    4    2    7
   13    5   12   10    7
    9    1    4    2    8
    6   16    5   12    6
   22   18   12   10    8
    3   17   12    5    7
    4   21    2    8    9
    7   28    6    7    4
    9    7    9    2    4
    1    3   12   11    5
    4   29    2    5    5
   30   30    6   11    8
   12   22    1    1    3
   16   17    5    1    7
    8    7    1    6    5
   17   15    2    9    5
   12   11   12    6    6
   20   30   11    5    6
    4   17    2    8    7
   28   21    3    1    7
   20    3    1    9    5
   16    5    2    5    4
   26   29    2   11    9
   29   10   11    5    7
   28    5    5   10    5
    1   18    6    3    9
   16   13    5    1    9
   21   23    6   12    9
   30    1    3    8    5
    3    3   12    5    7
    7   27   11    5    3
   22   22    3    8    7
    6   14    4    1    9
   22   17   10   10    5
   13   25    1   11    7
   27   12    7    2    4
   19    3   10    2    8
   13   12    9   12    7
    3    4    4   11    9
    5   26   12    1    7
   25   12    5    6    4
   24   17   10   10    5
   20    1   10    8    9
   29   16    2    2    6
   24    6    3    8    6
    7    3    7    6    7
   19   18    2    4    8
   30   21   11   12    5
    9   30    7    9    6
    4   22    9   12    5
   26   23   10   11    3
   18   18    8    4    7
   15    6    9   10    5
    6    6    6    3    8
    4    5    1    5    8
   26   28    6   10    5
    2   24    8   12    8
   23    3    9    6    8
   13   14    4   10    8
   23    9    9    2    8
   16    4    4    8    8
   21   10    7    3    7
   26    6    3    2    6
   26   26    6    7    9
   10   30    4    2    7
   12   26   12    1    3
   25    4    3    4    7
    9   10    1    9    7
   25   26    7    4    6
    7   24    9   10    7
    4   27    4   10    7
   25   14    3   11    7
   26    2    6   12    6
   28   12    9    7    3
   28    3    3   10    7
   18   11   10    1    6
   30   27    1    6    6
   11   28   10    2    8
   25   21   11    3    6
   11   25    8    3    7
   26   20    4   12    4
   28   19    2   10    8
    2    5    5   12    7
   10    4    9    8    5
   15   28    8    8    3
   27   18    7    3    4
   26   13    2    2    5
   14   27   11    2    5
   20   27   10    8    8
   30    8   11    2    7
   24    9    4    6    7
   27    2    1    6    4
   17    8    9    8    8
   11   10   11    3    4
   23    1   12    2    3
   10   28    6    9    3
    3    8    9    3    8
   12    1    2    7    6
    5    3   11    9    9
   19   13    8    2    8
   28   29    8    4    4
   22    9    9    3    3
   12    9    5   11    5
   25   18    4    4    4
   25    3   10    3    4
   22    6   10    3    5
   11   15    9    9    4
   20   24    8    1    6
   24   27   11    6    4
   21   20    5    7    3
   18   14   11   12    4
   24   15    2   11    5
   13    1    1    2    4
   25   27   10    4    4
   24   26    6    9    7
   28   23    3    8    5
   15    7    3    1    5
   16   16    4    3    8
   18    2    7    8    5
   20    4    5    7    7
   20   11    7    1    4
    6   23    2    8    3
   30    4    9    5    7
    1   22    5    8    4
    4   11    4   10    8
   11   13    5    6    8
    3   29    5    9    5
    8    8    8    2    7
   11   19    4    2    7
    1   16    4   12    7
   27   27    4    3    5
   11    2    9   11    6
    5   15    2    7    8
   21    6    6    3    7
   20   12    2    9    7
   11   21    1    5    7
   25    1    8   11    5
   25   22    4   10    5
   14    9    2    4    5
   22   13    2   10    4
    5   27    4   10    6
   22   23    2    2    7
   14   26    1    5    4
   19    8    6    9    7
    6    8    5    2    5
   27   26    4    5    7
   23   14    2   12    5
    7   16   10   10    5
   19    4    2    6    7
   14   28    9    8    4
   10    2   10    7    4
    1   10   11   10    4
   22   28    5    5    4
   22   29    1   10    3
   22   30   12    7    6
   13   24    9    6    4
   15   27    7    9    4
    6    7   12   10    4
   18    5    2    6    4
   22   11    8    7    4
   14   29    4    2    5
    7   21    2   10    3
   20   10   12    4    3
   14   14    7    1    7
   13   10    5   10    8
    9    2    4    6    4
   18    4    5    5    5
    3    9    3    8    8
   16   15    2   10    7
   12    3    3    2    5
   24   23    7    4    5
    8   18    7    2    5
   30   14   10    4    6
   10   10   11    1    7
   24   11   10    8    5
    8    1    5    3    7
   15    9    8    3    6
   13    9    7    9    5
   24    3   10   11    4
   15    1    9    9    7
   10   12    9   11    6
   29    8    6    6    5
   18    3    6   10    5
   20   20   11   12    5
   15   12   10    9    5
   24   19    5    8    6
   12   12   11    7    4
    9   11   11    1    7
   27    1    7   10    6
   19    7    9    6    5
   16    3    7   10    5
   18   21   10   12    5
   15   19    7    2    5
    2    1    7   11    7
   19    6    3    3    7
    4    8    7    6    7
   27    9    7    8    7
   21    9    9    6    4
    2   15    2   10    5
   23   17   11    1    3
    5   19    5    2    3
   13   23   12    7    4
   18   17    5   10    7
    9   28    3    8    5
   20    2   11    8    4
   29    2    8    5    3
   23   18    9    5    4
    8   11    2   10    7
   25   25    9   10    7
    5   14    1    5    3
    8   12    6    2    7
   30   24   12   10    5
   16   30    8   10    6
    8   15    4    8    7
   12    6    5    7    7
   22    5    4    7    7
   18   26   11    4    4
   12   30    1   11    4
    1   24    9    3    5
   20   18   12    3    4
    2   14    2    8    7
   20    5    8   12    4
   19   16    8    2    6
   18    9    2   10    5
   16   24    5    9    4
   29    1    6    7    2
   25    9   10   11    5
    1   21    5    7    5
   10    3   10    5    7
    1   26   10    7    7
    4    4   11   12    7
    2    6    7    7    7
   20   13    4    3    7
   17    7   10    5    7
   18   16   10    1    7
   17    6    5    6    5
   20   14    4    4    7
   20   16    4    8    7
   13    2    9    8    7
   26    9   11    3    8
   29   21    2    5    7
    5   10    9    7    6
    4   15    9   10    4
   25    2    9    7    5
   14   21   12    6    6
   19   25    8    8    7
   29    6    6   11    5
   20   17    7    5    4
   29   15    6    6    3
   20    9    6    1    4
   27    6    3    1    3
    5   25   11    8    7
    8   22    5    5    6
   18   13    7    3    3
   20    6    4   10    3
   17   13    5    7    7
   29   18   12    1    5
   30   26    1    3    7
   20   28    3    3    5
   14   24    3   10    5
   13    6    8    6    3
   15   13    2    2    4
   29   29    7   12    5
   26   15    8   11    4
    1   19    1    5    6
   15   30   12    6    5
   29   27    7    1    4
   19    2   12    3    4
   12    5    2    1    6
   14    1    2    7    5
   14    4    2    6    7
    6   30    7   11    7
   28    4    5    3    4
   19   12    4    1    5
   10   22    1    1    4
   16   23    2    6    3
   29   20    5   11    3
   17   27    5    6    4
   23    2    9    1    6
   23   10    4    3    5
   12   29    3    9    4
    2   28    4    9    3
    5   23    2    9    3
    5   17   12    7    4
    1   11    2    1    5
    8   20    2   11    5
    4    6    5    2    5
   15   22    2    5    6
   26   16    2    8    7
    7   25    2   11    4
   17   10   10    9    5
   14   10   10    7    6
   12   16    1    4    4
   11    6    1   12    6
    4   12    3    2    6
   21   19    1   12    6
   27   13    1    2    6
   14    3   10    8    4
    5    5    8    7    9
   12   17   10    2    5
   12   24    7    6    6
   18   15    2    6    4
    4    7    4   10    5
   23   11    6   11    4
    6   18   11   10    2
   19   22    8    5    5
   26   10    5    7    5
   16   22    8    7    5
   21    2    2    7    5
   22   26    2    8    5
   28    8    8   11    5
   12   21    3    9    6
    5    9   11    6    7
    5   11    1    9    7
   24   21    2    7    5
   19   23    2   12    7
   24   22    3    3    8
   18   10    7    1    8
   17   26    8    5    7
   17    1    2   11    7
   22   21    7    3    5
    7    2    4    9    6
   12    7    4   12    6
   22   14    3    6    5
   13   29    6    9    5
   25   10    9    6    6
   11   29   10    1    5
   15   15    8   10    8
   30   18   10   11    3
   25   20   12    3    5
   24   29   10    6    7
    4   24    6    3    7
   29    5    9    1    8
   19   19    1    9    8
    4    2    2   12    7
