   20    8   11    9    2
   24   26    5    3    1
   18   10    8    3    4
    9   11    9   10    2
   23   14    6    3    3
   28    7   10   12    5
   27   24    4   10    4
   17    1    2   11    3
    4   11    7    1    6
    1    6   12    2    1
    5   23    8    9    6
   19   17    2    5    6
   19    5   11    2    3
   13   25    5    7    3
    1   13   12    2    2
    6   19   11    1    1
    9   26    2    4    3
   11    8    6   12    7
    9    2    4    9    7
   12   10    8    2    1
   18   28    9    6    6
   26   20    9    3    6
   25    7    7    6    3
   29   17    6    6    1
   12   16    4    6    7
   23   21    4    2    2
    7   22    4    9    4
   14   19    1    5    5
   14    9    2    8    3
   14   10    4    9    1
    9    7    5    3    2
   21   15    9    7    5
   11    2    4    4    7
   12   12    1    4    8
    1   27    6   10    6
    8    1    4    6    6
    7    4    7    9    6
   25   24   12    2    4
   25   10    2   10    2
    5   22    4   12    4
   22   15    5    7    4
    1   10   12    2    3
   28   28    8    2    5
   20   14    2    2    6
    3    5    8    9    7
    5   18   11    5    3
   28    3    7   11    5
   11   25    6    9    3
    8    3   10   12    3
    7   18    5    3    3
   10    5   10   11    6
   30   27   12    8    5
   21   27    6    7    7
   26   25    1    4    6
   28   15    2    9    8
   13   14   10    5    4
   19    3   10    3    8
   16   21    9    8    5
   14   27   12    4    6
   25    5    5    6    3
   27   27    5    3    4
   10   10    1    9    2
   30   12    8   10    4
    9    9    8    4    7
    5    7    5    1    7
   13   29    5    1    5
    3   22   10   12    5
   15   11    3    7    4
    2    1    7    5    4
   27   19    3    2    3
   26   22    7    3    7
    1   24   11    7    6
   30    7    8    9    4
   24    9   12    9    3
   20   21    5    9    3
   13    3   11   10    7
   27   17    5    8    7
   16    4   12   11    7
   22   25   11   12    3
   15   20   11    2    3
    2   19   10    7    7
   19   21    3   12    3
    7    7    9    2    4
   25   29    6    7    7
   24   16    5   12    3
   23    4   12    7    3
   10   13   10    2    7
   23   27    9   11    9
   20    5    6    6    3
   23    9   12    5    3
   14    1    1    5    3
   13    9    9   11    3
   15   15    8    4    7
   13   15    8   11    7
   16   25   12    8    4
    8   25    4    4    4
   19    7   11   10    7
   20   27   12   11    5
   25    9   10    9    3
    6    4    3    3    6
    8   22   10   11    3
   29   20    3    8    6
   12   24   10    8    7
   14    6    2    3    7
   21   14   11    9    5
   19   19    2    8    6
   18   23    7    4    7
    2   26    7    1    3
   26    1   12    3    4
    4   17   10   12    4
   11    6    1    4    8
   30   20    2    7    4
    8   27    5    3    3
   17    6   12    6    3
   21   28    3    3    8
   13   13   10   11    3
   22    1    1    7    3
   17   23    8   10    8
   20   18    2   12    3
   10    7    3    2    9
   15   12    3    3    9
   27   10    6    5    3
   10    8   10    7    3
   19    9   12    3    3
   13    8    4    2    8
   27   15   11   11    8
   17    2    2    7    4
   30    5   12    5    4
    5   12    7    4    9
   18   29   11   10    8
    4   28   11    5    4
   30   25    3    3    8
   28    1    2    1    9
   13   12    2    7    6
   21    7    3   11    9
    4   30    8    1    6
    4   15   10    5    4
    9   18    3   12    3
   24   29   10    8    7
   29    3    2    4    4
   10   24    2    3    6
    5    4    9    3    6
    6    3   11    2    8
   15    3    8    3    4
   13    7    1    6    6
    3   14   12    6    3
   20   16   10    5    3
    2   16    1    5    3
   25   25    5    1    7
   19   10   11    4    4
   11   23    5    2    3
   23   25    1    9    8
   26   10    5    2    3
   16   27    9    7    3
   17   12   10    1    3
   23    3   12    8    6
   15    8    2    9    6
    3   24    4    8    4
   10    9    4    7    2
   29   29    3    9    4
    8    6    9    1    2
   28   14    6    6    3
    4   27    4    4    6
    5   24    7    1    7
   14   24    4    3    2
    4    8   11    3    4
    5   16    7    1    3
   15    9   11   11    3
    6   26   10   10    3
   20   11   10    1    5
   26   27    8   12    8
    7   27    1   10    7
   19   22    1    4    5
    6   27   11   11    8
   24   30   12    1    8
    6   10   11    9    1
   29   30   10    5    5
   23   19    8   10    2
   27   25   12   11    2
   24    6    5   12    8
   20   12    5    1    2
    9   20    2    2    2
   11   27   12    2    7
   24   22    1    1    2
    7   14    6    9    3
   27    2   12    7    6
   15   26   10    1    6
   12   26    6   11    4
    2   24    9   12    2
   19   25    5    7    4
   11    5    6   12    6
    6   15   12    2    7
   16    1    8    9    3
   14   25    8    7    2
   18   17    6    8    6
   18   15    3    5    4
   24   21    4    6    8
   16   10   12    2    5
   30    9    3    1    4
   16   18    7    4    7
   17    7    4   10    8
   18   27   12    7    4
   18   22    4    1    6
   26   16    1    6    4
   30   22    1    6    4
    9   28    6    9    4
   29   27    3    2    4
   16   19    7    8    6
   28   30    6   10    7
   19   29    9   12    6
    3   26    3    9    5
   26   28    3    8    5
   13   16    4    9    7
   13   27    6    9    5
   17   24   12    3    6
    8   26    2   12    5
    1   20    4    3    5
    9   17    2    2    4
    8   30    2    8    4
   11   19    3    9    8
   10   23   11    7    7
    3   20   11   11    5
   13    2    9    8    7
    1    1    1   11    7
   21   11   11    9    4
    2   25    5    7    4
   27    3   11    2    7
   22   22    9    2    8
    1   23    3    9    7
   12   14   11   11    9
   19    4    4    1    9
   22    6   12    2    7
    8    8    6    8    7
   14   17    9    3    6
   30   30   12   10    6
   13   11    4    7    7
   18   21    2   10    6
    5   17    4   11    7
   10   29    3    5    6
    2   18    8    1    7
   16    8    4    4    6
    2   12    4   10    7
   17   22    3    6    6
    9   22    5   12    7
   22   16   11    5    8
    3    1    7    8    6
    5    5    5   11    6
    3    3    8    6    8
    5   26   10    2    6
    6   21    3    3    8
   23    8    1    4    5
   15   14    5    7    7
    4    4    1   10    4
   12   23    1    8    8
   19   15    3    7    7
   21    8    2    9    4
    1    9    5   10    4
   18    8   11   12    4
   11    1    7    2    8
   16    9    7    5    4
    7    3    2   11    8
   15   17    6    9    8
   18    6   12    5    4
   12   29   12    4    4
    4    9    3    9    8
   14   16    5    6    8
    9    6    7    1    4
    5   21    6    3    8
   18   19    4   11    4
   16   16    2    5    8
   19    1    7   10    9
    7   26    3    8    9
   30   21    5    1    6
    2   23   10    9    6
    4    1    1    4    5
   18    1    5    5    4
   10    3    1    7    7
   26   21    8    5    7
   27   12   10    8    8
   28   16    8    1    7
   11   17    1    7    5
    1   30    1    5    7
    9    5    4    9    7
   12    4    6    3    8
   17   10    8    2    4
   28    2   12    9    7
    7    2    2    8    7
    5   28    5    8    4
    2    4    3    9    7
   14   29    2    1    5
   21   13    8    8    7
   29    5    4    3    6
    3   12    9   12    4
   15   10    1    2    4
   19   20    4    7    6
   18   13   10    7    5
   16   11    8   11    4
   13   28   10    1    8
   24    8   11   11    4
   27    9   11   11    4
    6    6    6    8    9
   28   27   11    5    7
    1   15   11    2    6
   26   23    1    8    3
   25    6    7   10    4
   21   29    8    7    7
   15   30    1    5    4
   23   13    6    7    7
   16    3    7    1    7
    9   29   12    2    5
    2   10   10   12    3
   30   26    1    6    3
   23   23    9    6    8
    4   24   11   11    6
    8   17    6   12    6
   20   13   12   12    3
   30    2    8    1    8
   29    6    1    1    6
    8    7    3    2    7
   13   17    6    6    6
   26   18    6    7    8
   11   30    3    4    7
    5   15    7    7    9
   10    4   10    2    4
   30   10    1    7    7
   17   20   11    1    4
   15   29    8   12    5
   16   23   10    3    4
    2   14    5    4    7
   28    6    3    5    8
   25   18    9    8    8
   17   25   10    1    6
   20   22   12    9    6
   13    5   11    6    7
    3   21   11   11    5
   28   25    2    8    4
    1   12   12    5    4
   19   26    3   12    5
    6   23    9    8    9
   22   11   12    6    6
    7   12    2    1    7
   29    1    1    9    3
    4   29    1   12    3
   22   10    8   11    3
   16   17   11   12    6
   24   19    3    7    3
   11   14    6    8    7
   24   15    7    8    5
    9    8   12    6    6
   24   23   10    3    6
   28   10    5    4    3
   12    9    4   12    5
    4   20    2    5    8
   21   22    6    6    8
    7   11    1    9    4
    1   21    2    4    8
   20   10    6    6    4
   25   12    3   12    8
    3   30   10   12    4
   19   28    4    9    4
    4   13   11    2    7
   13   26    6   12    7
    4   14    3    8    7
   23   29    6    4    4
    6   12    5   10    8
   25   15    9    9    4
    5   27    4   11    7
   24   24    8   10    8
    1    7    8    2    7
    5   14    3    3    7
    5    1    6    4    5
    4   25    5    1    4
    7    6   10    2    7
   11   11    2    5    5
   13   22    3   12    6
    8    2   12    9    4
   10   11    1   10    7
   22   12    2   10    8
    6   30    3   11    7
    2   21    9    4    6
   19   12   11   10    7
   22    2    1    5    7
   28   22    9    9    8
    5    8    7    6    7
   12   18   11    8    8
   30   14    3    7    6
    7   24    8    6    4
   25   21    7   11    4
    6   13   10    9    3
    8   19    1   10    4
   24   28    5    9    5
   28   29    8   10    4
   12   11    4    6    5
   17    3    1   11    7
    8   12   10   11    6
   20   24   11    9    5
   27   22   11    1    5
    5    6    4    2    3
    7   20    3   10    3
    3    4    9    6    6
   16   15    8    2    3
   29   26    6    3    3
   14   18   10   11    7
   13   19    7    8    6
   21   17    2   11    4
    6   16    4    4    7
   15   23    2    8    7
   21   12   10    1    7
   23   28   11    6    8
    4   21   11    7    8
    7   16   10   11    8
   26   26    1    7    6
    2   20    5   12    6
   16   29   11   10    6
   22   23    5    6    4
    4   22    8   11    7
   10   21    7    9    7
   20   23    6   12    8
   17   17    2    6    7
   18   18    1    8    7
   21   21    1    8    8
   26    4   11    8    3
   23    7    7    2    6
   25   20    1    2    7
   17   30   10    1    7
   25    1    1    3    6
   14   14    6    5    7
    3    9   11    4    4
   30   13    8    8    3
   30   16    2   10    4
   20   20   11    6    4
   14   22    7   10    4
   30   18    3    1    7
   22   29    7    3    4
    2   29    5    6    3
    6    2    1    7    4
   18    3    2    3    4
    2    2    3   11    8
    6   20    6    2    6
    8   14    2    2    6
   29   11    1    1    6
   18    4    3   11    7
   19   30    4   10    7
   14   26    4    4    7
   17   28    4    5    8
    5    2    7   12    7
   28   20   10    6    8
    7   29    3    3    3
   29    8    9    7    3
   26   11   10    7    7
   21    9    9   11    4
   18   11   11    8    4
    2   15   11    8    5
   23   30   10    5    7
   11    3    3    3    7
    7   15    6    4    8
    3    2    9    7    5
   12   28    1   11    9
    3   25    1    8    7
    8   28    5    6    7
   11   24    5    1    8
   24   18    6    8    8
   28   11    6    9    3
   13   24    5   10    3
   26   17    3    6    4
