    3   22    9    4    4
   18    4    2    2    5
    3    8    3   12    6
   25   26    7    9    5
   10   28    5    6    3
   18    3   11    6    4
    3   23    1    9    3
    6   13    8    8    3
   28   18    4    6    6
   27   22    9    2    4
   20   18    9    5    5
    8   10    7    2    5
   30   19    4   12    4
   28   30    1    6    4
    6   27    4    3    3
    9   29   12   12    6
    7    1    4    6    6
   27    3   10    8    4
   18    7    2    8    5
   16   28   12   11    4
    5   22    2    8    4
   13   30    7    4    5
   29    2    4    8    4
   22    7   11    6    4
   19   24    8    3    4
   10   17    9    5    5
    1   12    5    3    5
   26    6    9    7    4
   25   27    4    7    6
    1    2    2   12    6
   22   24    6   12    5
    2   10    3    4    3
   20    2    2   12    5
    7   12    1   12    5
    7   16   11    1    4
   19   14    3    7    6
    2   27    6    3    4
    7   30    9    2    5
   16   16    4   10    5
    3   11    6   11    4
   25   11   11    7    4
   12   16    3   11    3
    5   20   10    8    5
   12   27    2    3    4
   28    8    8    1    4
   28    6    8    1    4
   19   20   11    3    5
    5   23    3    9    6
   27    9   11    7    4
   27   18   12   10    4
   20   13    5   10    5
   10   21    8    4    5
   19   18   12    2    4
    5   27    9    7    4
   21   26   11    8    3
    6    3    3    1    3
   10   12    1    2    5
    3    9    9    3    4
    8    8    7    2    4
   21    6    9   10    7
   27   23    6   12    6
   28    3   12    5    6
   28   27    7    1    6
   16    6   10    7    5
   13   14    3   11    5
   29    1   11    6    5
    2   30   12    6    4
   19    7    1   10    4
   25   15    3   10    3
    4   10    8    4    3
    4    5   10    7    7
   20   29   10    4    6
    7    7    7    3    5
   27   13    1    7    4
    4    2   11    2    5
   29    3    2    3    4
   14   17    7    5    4
   13    5   11    6    6
   24   15    7    7    4
   13   23    1   10    4
   12   12   11    5    6
   24   16    3    5    4
    6   30    2   12    4
   25   13   11    5    4
   27   21    6    7    3
   15   12    2   12    5
    9   19    6    8    4
   10   19   11    8    4
    8   12   12    1    3
   19   19   10    7    5
   28    9    3    1    4
   25   25    1    8    4
   13   13    8   12    8
   17    9   10    1    5
   18   14    9    7    4
   18    6    8    5    3
    7   29    2    7    6
    1    1    8   12    3
    9    6   11    2    5
    5    3    8    5    5
   29   28    9    8    3
    1   19   11    1    7
    9   24    2    8    6
   17   12    7   10    5
    6    5    2   12    4
   30   14    8   11    4
    4   22    6   10    3
    9   25    1    6    3
   14   28    2    2    6
    2   21    6    4    5
   16   10   10   12    5
   27   27    4    5    6
   16    1    7    5    6
   29   15    3   10    5
    8   13    2   11    4
   14   21    8   12    4
   24   13    7    2    4
   29   27   10    3    6
   10   30    5    1    4
   28   12   10    4    4
    3   15    9    8    4
   23   23    3    4    5
   12   21    8    7    6
   30   21    8    5    4
   25    8    6    8    4
   21   21    3    7    6
   19   17   10    9    6
   16    4    8    4    6
    2   16    7    6    6
   17   11    1    7    4
   15    6    2    1    3
   26   29    9    4    5
    5   15    4   12    4
   29   29    4    9    4
   14   24    7    6    4
   10    5    4    6    3
   30    8    1    5    3
   17   30    2   10    3
   24   23    4   10    3
   15   16    7   10    3
    3   24   11    1    3
   18   25    5    8    3
   24   29    3    6    3
   24    1    7    3    3
    1   10   10    5    4
   22   30    3   11    6
   17   26    5   11    5
   14   26   11    1    5
   15    8    7   12    4
   14   14    7    8    7
   29   19    5   11    4
    3   25   11    6    5
    7    4   11   11    4
   10    9    3   11    4
    8   26    9    2    4
   24   27    4   10    5
   16   27    7    9    4
    6   11    2    8    4
   22   22   11    7    9
   18   10    2   10    8
    7   20    4    8    3
   24    4    6    3    5
   24   25    7    8    5
   24    2    9   10    4
    3   13    8    7    3
   19    4    5    4    9
   22    1    3   12    8
   21    5    8    8    3
   15    2    4   10    5
   28   23   12    2    5
   22   10    2    5    3
   24    5    9   11    5
   25   28    7    1    5
    7   25   10   12    3
   10   24    2    8    7
   11   15    2    7    5
    9   11   11    3    4
   15   28   11   11    7
    6   10    1    9    4
   30   25    1    7    4
   15    7    8   12    4
   23   29   12   11    4
   29   13    6   11    4
   18   21    9   10    4
   29   14    2    5    4
   26   23    3   12    4
    3    1    9   10    5
   19   13    7   12    5
    8    9    6    8    5
   22   14   12    9    4
   19    3    2    6    3
   25    4    8    1    3
   27   14   12    1    4
    8   17   10    5    5
   25   19   11    5    7
    5   29   11    6    4
    9   18    5    3    3
   24   17    3   11    3
   24   18    4   12    7
    7   17    4    3    4
    5   30    1   11    7
   25    6    5   12    5
   23    7   11    5    8
   20   28   11    9    4
    1   17    2   10    7
    6    8    1    1    3
   27   30    2    2    6
   14    7   11    6    3
   25   22   12   10    4
   28   26    4    2    7
   24   24    2   10    5
   26   12    3    8    8
    6   17    4   11    4
   13   10    7   12    7
   23    4    9   12    5
    4   26    4   10    5
   11   28    8   12    3
   15   10    9    7    5
   14    8    3    5    5
   24   21    1    1    4
   10   20    5   10    3
   11   14    7    5    4
   26   11    7    9    3
   10   25    1    9    2
    6    7    4    5    3
    4   21    5    1    4
   20    8   11    3    5
    9   20    5    2    4
   17   21    8   12    5
    7    3    4    7    5
    9   14    2    4    5
   13   26    7   12    4
   19   21    3   12    3
    7   11   11   11    5
    1    4   11    1    6
   25    1    3    7    5
    5    2   11    6    4
   26   26    1    9    7
   23   12    3   12    4
   28    2    2    9    4
   12   22    8    5    4
   12   18    4    8    4
   14    5    7    3    4
   21   15    8    1    4
   15   22   11   12    4
   30   12    3    7    4
   11   11    6   12    4
   30    4    6    7    4
    5    9   12    1    5
   18   23    5   10    6
    9    9    4   11    7
   26   19   12   11    5
   16   23    4    6    4
   14    4    1    7    3
   25   14    4   10    3
   22   11   12    7    3
    5    5    8   11    8
    4   13    1   12    4
   12   29    3    4    4
   15   15    3    6    3
   14   20    5   10    3
   11   16   12   11    4
    5   25   11   11    4
   30   24   12    4    4
    4   12    8    3    4
    8   22    7   12    5
    8   16    1    3    4
   22   16    7    6    3
    4    4   12    2    3
    2    2    9    3    4
   13   21   10    5    4
   26   24    1    7    4
   20   30   12   10    3
   28   21    5    3    3
   16   14    1    3    4
    4   29    8    9    5
    2   19    2   12    4
   19   12    8   10    4
   10    7    8   12    7
   20    3    7    9    4
   23   15    9    1    3
   23   25    8   12    7
    5   11    9    4    4
    7   26   12    5    4
    2   13    7    7    7
   11   27    7    9    5
    8   18   10   11    7
   12    6   10   12    4
   21    9   12    5    6
   26    5    9   11    3
   27    8    2   11    2
   28    4    4    9    2
   30   18    6    8    7
    4    3    7    4    2
    3    3    1    8    4
   13   11    6    5    4
   15   14   12   11    7
   15   26    4    9    5
   25   16    5    8    5
   18   18    4    2    7
   10   14    8    3    5
   18   11    2    3    5
    3   10   10   11    4
    1   14   12    9    4
   11    2    4    9    3
    8    1   12   12    4
    7    2    8    6    4
    7   28    4   12    5
    6    6    1    9    4
    4    9   10    7    4
   15   20    9   12    4
   26    3    1   10    4
   11   29    9   11    4
   15    4    3    6    5
   30   30    9    4    5
   20   20   10    9    6
   11   23    2    4    3
   18   16   11   12    5
   11   24    7    4    6
   21   20    2    9    4
    1   20    7    7    7
   25   21    5    1    3
    7   13    3   10    6
    2   25   11   11    6
   27   10    1    6    4
   17   18    3    2    4
   27    1    4    7    3
    5   18    8   11    3
   17   17    5    6    4
   23   17    6    6    6
   17   27   11    2    4
   15   18    4    4    7
   14    2    5   11    5
   23   10   10    3    5
    1    9   10   12    6
   19   22    1    1    6
   19   27    8    8    6
    3   12   12   11    6
   28   19   10    1    7
   30   15   11    4    6
    9   16    9   12    6
    5    7   12   11    4
   14    6    6    7    4
   21   23    9    2    7
   24   20    9    9    5
    2    3   12    2    5
    2   12   11    1    6
   16   26    5    6    4
   23   30    2    7    7
   23    8    6    6    3
   29   18   11    2    6
    7   24   10    5    4
   21    8    1    9    7
   16   29    7    5    3
   22    9    2    5    7
   28   28    8    9    4
   11   12   11    7    6
   16   21    2   12    4
   26    1    8   10    4
   17   13    2    2    6
   11    4    7    3    5
    6    1    2    9    4
   30   16    1    4    3
    5    1   10   11    4
   30    9    6    6    5
   12    5    6    1    4
   28   13    9    4    3
   25   20    7   10    4
   20   23    4    4    6
   20   27    7    1    6
   26   27    1    6    4
   10   10    6    1    7
    3   17    3    5    3
    6    4    8    2    3
    5   17    5    7    3
   22   28    3   12    3
   26   30    4    2    4
   25   12    9    8    3
   18    1    3    8    4
   21   22    2    9    5
    2   22    9   12    4
   23    6    3    7    3
   18   13    2    4    4
   20   17    7    3    5
   19   16    8    5    4
    8   29    5    9    3
   23   19   11    7    7
    3   30    9    8    4
    1   11    5    7    6
   29   25    2   12    3
   22   23   10   11    4
    6   22    3   12    6
    2   23    4    9    5
   20    4    1    6    6
   26   22    1    9    3
   16   13    2    7    7
   21    7    7    2    4
    2    8    9    8    6
   14   12   10   10    3
    7   27    3   10    6
   17    2    4    6    3
    9   13    1    6    6
   26   18    5    4    3
    1   13   10    3    4
   20   26    2    9    4
   22   20    3    7    4
   22   17    6    6    4
   13   12    2    6    4
    6   20   12    1    5
   21   11   12    7    4
    3   21   12    9    3
   17    4   10   12    4
   29   17    3    9    5
   23    1   11   11    5
   24    6   10    9    4
   16    3   12    7    3
   22   13    9    1    3
   15   13    4    4    4
   29   30    5    8    4
   10   29    2    7    4
   22   29    6    6    3
    7    9    5    8    4
   11    8    2   11    3
    1   15   10   12    4
   11   19    9    8    3
    9   26    7   10    4
   30    1   11    1    3
   28    1    3    9    7
    4   27    8    9    7
   20   16   10    2    4
   16   17    1   10    5
   19   15   10    6    3
   15    9    3    2    6
   28    5   12    6    3
   12    9    9    7    5
   11   10   10    8    4
    2   26    4   10    3
   14    3    4    6    4
   18    2   11    4    5
   26   10    4   10    4
    5   19    1    3    3
   24   12    3    5    4
    8    4    2    1    5
   15   17    5    1    4
   22   18    7   11    3
   17   28    9   10    6
    6   19   11   11    7
    2    6    6    8    5
   19    8    1    9    5
   14   23    9    8    5
   21    1   10   12    6
   15   27    7    2    4
   11   30   10    4    7
   29   21   11   12    5
    5   16    5    3    3
   24   28    5    3    4
   23    9    5    6    5
   25   17    4    5    6
   29    6    4   12    7
    8    7    1   10    5
   12   20    2    5    4
    5    8   10   10    5
    2    9   10   10    6
   20   11    3    2    4
    8   24    5    8    4
