    6    7   11   12    7
    5   17    8    1    6
    3   15    4    6    8
   18   18    5    7    8
   26    5    9   10    3
   28    1    5    6    2
    3   23   12    7    5
   23    9    8    4    6
    6   29    6    4    1
   24   29    1    5    8
   16   26   12    1    7
   21   13    7    8    6
   14   19    3    8    7
   22   18    2    6    6
   11   24    2    4    5
   14   16   11    9    6
    5   11    6    4    7
    4   26    9    8    4
   25   17    7    6    9
   12   14    7    4    3
    8   19    7   10    5
   11   27    1    3    2
   27   24    4    8    3
    4    3    6   12    5
   12   29    1    3    1
   23    6   11    7    7
   23   13    4    1    5
   23    5    1   12    6
   16   23    4   11    6
   30    1    3   10    7
    4   20    9    2    8
    5   27    5    3    3
   28   12    4   12    8
   17   11   12    5    8
   18   25   10    2    6
   12   12    2    3    4
   14   20   10    5    5
    8    4    1    2    7
   17   23    7   11    4
    7    9   12    6    3
    4   21    6    1    8
    3   26    4    1    3
   13   11    2    8    2
   26   15   12    9    9
    5   28   11    3    8
   14   13    4    1    7
   17   17    7   11    3
   22   10    4   10    7
   20   10    5    1    4
   15   11    2    8    1
   16    1    9    8    1
   23   10    6    8    1
   12    8    3    7    8
   14    5    4    7    7
   11   30   11   12    4
   29    1    4    5    6
   19    6    9    8    6
   16    9    3    1    5
   12   20   11    9    6
   30   21    4    1    7
    8   23    3    6    8
   30   10   11   12    7
   28   26    9    9    9
   21   17    3    6    7
    7   11   11    6    2
   27    3    1   12    3
    1    8    4    6    3
   11   18    5    9    2
    5   24    6    5    1
   23   25   10    8    1
   13   17    1    1    7
   24   13   10    7    5
    4   19   10    1    5
   28    9   11    8    4
   20   18    2    3    3
   17    9   11    3    7
    7   18    8    3    6
    2   30    3    9    7
   12    5   10    7    1
   17   24    4    2    9
    7   16   12    3    8
   13   30   11    6    7
   18   24   10    2    7
   10    4    9    3    4
    9   14    6    6    4
   27   30   10    6    4
   24   15    4    6    7
   22   27   12    8    5
   11    2    1   11    4
   18    5   10    6    7
   18   15    1    6    9
   11   20    6    3    8
    7    1   10    9    9
    1   21    1    5    9
   20   17    4    5    9
   21   27    6    5    9
   30    3    2   12    7
   15   16    1    1    9
   15    4    7   10    8
   27   16   11    5    7
   29    5    6    4    4
    6   28   12    7    8
   30   28    4    6    1
   26   24    9    9    1
   26   12    4    3    3
    1   17   12    5    4
   13   29   10   11    8
   20   21    3   12    5
   16   11   12    4    7
   22   22    7    2    9
   23   12    4    9    3
   19   30    9    5    7
    9   19    1    8    8
    8   11    4    2    1
   11    1    6    9    1
    4   13   10    5    1
   25   24    9    4    4
   18   30    2    2    7
   14    4    5    6    8
    2   27    9    6    9
    3    3    6   11    9
   25   19   11    9    7
    8    8    3    4    8
    8    2    3    4    9
   29   11    2   10    1
    1    9   11    8    9
    9   22   10    1    8
    9   27    2    5    7
   14   23   12   10    3
    8    6   12    4    4
    8   29    1    6    1
   27   13   10    8    9
   14   11    6    1    8
   20   19    8    2    7
    4   23    6    7    4
    8   30    5    1    7
    6   18    8   11    9
   14   26    2    7    7
   12    4   10    1    3
    8    5   10   12    4
    6   15   10    1    9
    7   21    2   12    1
   26   26   10    9    3
    6   10    8    5    9
   20   15    3   10    4
   10   26    6    1    8
   20   20    4    2    7
   13   26    3    1    4
   30    4    1    9    8
   20   22   10    8    1
   22    3    5    7    3
    6   17    3    5    7
   16   13   11   11    5
   17   27   11   10    6
    2   23    5    9    4
   19   28    9    9    4
   13    6    9    7    6
   20   24    1    2    6
   26   11    5   10    7
   29   18    8    1    3
   14   29    8    7    7
   16   30   11    9    7
   14   25   11   11    7
   29   20    7    6    3
    2   21    5    4    7
   15    5    7    9    3
   14   17   12    3    2
   13    8   10    4    8
   10   11   10    4    7
    2    7    8   10    1
   29    4    2    6    8
   17   15   11    7    8
    5   21   12    4    3
   23   11    2    3    2
   25   30    6    9    2
   10   27    7    7    2
    7   22   11    6    8
   18    1    9   12    2
    4   24    3   10    7
   21   16    3    9    2
   12    2    2    1    3
   29   27    3   11    7
   15   27    7    2    5
   25   26    7    3    6
   25   15   12    6    7
    5    1    4    8    8
    5   10   12    3    4
   30    5   10    9    4
   30    6    1    1    5
   15   21    5    2    4
   26   27   11    6    6
   13   28    6   10    3
   21   12    2    8    9
    7   29   10    8    9
   10   19    6   12    8
   28   22    3    9    7
   12   24    4    7    2
   25    3    9    4    9
   19    3    5    2    9
   20    8    1    4    8
   13   13    1    5    7
    4    4   10   11    6
   14    3    1    1    8
   10   13    5    9    4
   28   25    4   11    8
   23   27    9    4    2
   26   20   11    9    7
   22   19   12    9    4
   21   14    2    1    5
   22    2    3    8    8
    6    6    1   10    2
    6   14    1    5    9
    6   27   10    3    8
   30   23    4   10    7
   10    8    2    8    6
   14   24   12    2    5
   29   29    3    1    4
   25    8    9    2    6
    8    9    9   11    4
    7   20    8    9    7
    7   26   10   12    1
   26   21    8    7    7
   18   13   12    3    3
   22    5    3    6    8
    4   16    4   12    8
    2   29   12   10    4
   27   19    1    8    5
    7   27    8   12    8
   18    4    4   12    5
   10   25   10    9    5
   26    6   10    2    1
    3    5    9    4    8
   10    7    2    5    3
    1    6    4    9    7
   30   24    1    2    3
    9    9    6   12    4
   23   19    8    9    5
   23   28    6   10    5
   25    7    1   12    7
    1   19    3    3    3
   17    8   12   11    7
    2   26    1    4    9
   12   16    9    8    8
    7   30    8    6    7
    3   11   11    1    3
   26   19    3    7    5
   28    7    7   10    1
   13   19   12   12    3
   30   26    9    8    3
    5   19    6   10    3
   17   28   10    7    7
    6    2    3   11    8
   25   29    3    6    9
   22   30    6   10    7
   22   12    2    9    6
   13    5   10    8    4
   24   23    4    4    3
   25    9   12    8    9
   23   23   10    8    9
    5   16    3    2    7
   29   15   12   10    9
    1   24    6   12    8
   26   22   12    7    8
   22   16    6    7    3
   25   27    6   12    1
    9    4   10    4    3
   23   29    5    6    7
   21    6    3   10    4
   14    8    3    1    9
    4    6    3   10    7
   19   29   11    7    9
    2   16    5    4    3
    3   16    5    5    4
   10   18    8    8    6
   15   15   11    8    5
    4   28    5    1    7
   15   23    8   10    7
   30   15    3    6    3
   24    3   12    6    8
    1   25    1    4    1
   24   22    3    1    3
    7    3    2   11    7
   24    7    8   12    3
   13   12    5   11    8
   18   14   11    5    3
   27    1    2    8    3
   16   16    6   11    7
    9   24    6   10    5
   25    5    4   10    8
   20    9   12    5    4
    9   26    6   12    7
   27   12    1    7    3
   21   24    1    7    1
    8   18    4    8    1
    6    9    4    6    8
   20    6    4    6    7
   17   12    1    7    4
   12    6   12   10    6
   22   17    3    1    8
   16   19    6    6    7
    1   13    4   10    3
    1    1    3    6    8
   27   18    7   12    7
    2   19    2    4    5
    2   13    4    5    7
   23   26   10   12    8
   16   24    4    5    9
   21   19   11    5    1
   13    9   12    5    7
   21    8    4   11    8
   30   30    1    9    9
    9   10    5    5    8
   16   28   12   12    5
   28   18    3    3    7
   15    2    7   12    3
   16   10    7    4    4
    4    5   11   10    7
    9   15   11   12    3
    5    6   11   10    3
    2   20    8   10    7
    7    4    9    3    7
    3    1    2    6    8
   10    1    8    5    3
   14   14   12   11    9
   25    6    7    2    7
    2   14   12    3    9
   28    8    7    9    1
   24    8   12   11    7
   11   22   10    6    4
   22    8    2   12    7
   25    4    8    8    8
   21   10   12    1    8
   28   14   10   12    1
   21   25   12    8    1
   19   24    1    4    7
   12    9   10   10    3
   11   19    2    3    5
    3    2    1    6    8
   10    2   11    6    7
   26   29    3    4    6
   30   12    1    3    3
   28   29   11   11    6
   22   25    7    9    3
   20   27    1    3    8
    7   13    8    1    7
    7    7    2    6    1
   17   30    1    3    9
   28    2    5    5    3
   21    9   12    6    7
   29   16   11    2    3
   28   28    4    6    7
   10   28   10   10    2
   25   25    9    1    4
   15   19    3    9    7
    7   19    6    2    8
    3   12   11    1    3
   12    7    4    2    9
   19   17    2    1    7
    4   11    3   10    9
   21   22   12    6    3
   15    1    8   12    4
   12   15    4    5    8
   28   11   12    4    7
    7   17    8    3    3
    8   15    1    7    8
   30    9    1    2    1
   27   27    3    4    9
   25   20    5   10    6
   26    8    7    2    4
    2    4    4    4    8
    3   21    1    3    9
   16   20   10    1    1
   10   14    8    6    7
   25   16    9    5    3
   11   11   11    9    8
    5    5    3    2    7
    3   10    7    4    1
    8    3    2    6    9
   16    6    3   10    8
   22   14    1    8    3
    6   24    1    6    7
    1   14   11    3    4
   28   20   12    3    8
   15    7    4    7    7
   19   19   10    1    3
   22    1    2   12    3
   24   10    8    3    7
   23   18    1   12    4
    3   20    1    3    9
   21   11   10    4    9
   26   17   12    7    9
   17   10    6   12    8
   12   19    9   11    9
    6   11   12    3    7
   23    7   11   12    8
   28   21   11    8    1
   18   12    6    7    3
    9    5    6   11    1
   27   14   12    4    1
   22    6    4    4    7
    1   26   12    3    9
   18   16    2    5    8
   23   20   10    1    7
   20    5    5    3    8
   13   22    5    5    8
    9   18    4   10    7
   17   29    9    7    6
   23    1    2    9    1
   18   19    6    7    3
   25   11    6    2    1
   20   13   10    1    3
   24   24    6    4    4
    9   11    7    5    7
   12   11    8    6    8
   20   30    4    8    6
    9    2   12   12    9
   12    1    7   12    8
   25   12    5    2    3
    4   17    2   10    7
   21   21    4    1    3
   14   15    6    5    8
    2   17   12    7    2
   28   15    1   12    6
    3   13    2   11    7
    4   27    5   10    8
   12   10    6   12    9
    7   14   12    1    2
   21   18   10    3    8
   10   10   10    7    4
   24    2    1   12    7
   15   10    6    2    1
   16    8    9    6    6
    2    2   10    5    4
   28   24    3   10    9
   15   22   10    1    3
   29   30    3    1    3
    2    5   11    3    7
   27   28    3    9    3
   29   21    8    8    8
    5    7    2    5    7
    9    3   11    6    4
    3   18    8   12    9
   25    2    4    5    7
   14   30    5    4    4
    2    1   10    6    6
   26   18    7   12    7
   13   25    7    4    8
   23   21    5    4    9
   17   18    2    7    3
   22   23    7    8    8
   28    3    5    8    7
    1   20    2   10    9
    8    7    2    5    9
   15   13    1    9    8
    3   17    9   12    9
   27    8   12   10    9
   22   29    5    6    7
   16   17    2    9    6
    4   22   10    3    3
    2   18    8    2    3
    9   29    6    2    3
    6    3   11    3    8
   29    3    4    6    9
    4    1    2    7    1
   10   29    9    9    4
