    4   17    1    7    1
   21    2    6    4    2
   13   27   10   10    3
    1   10    9    5    1
    7   30    5    4    1
    7   17    5   12    1
   20   28    1    3    1
   28   22   12    1    1
   14   18    9    7    1
   15    4   11    8    1
    6   18   10   10    1
    2   20    7   10    1
   20   25    2    1    2
   17   15    3    2    3
   29   26   12   10    1
   24    6    5    9    4
   26   13    1    1    1
   12   22    5    7    1
   25   12   10   10    1
   29   19   11    4    1
   28   11    2    5    1
    7   11    2    6    1
   24   20    8   11    3
   10   13    4    7    3
   17   22    7    3    1
   28   26   12    8    5
   29   18    6    5    3
   13   28   10   11    3
   21   29    1    3    3
   23   14    4   11    2
   23   13    8    1    2
    7   27    8    1    1
    9   23    8   10    3
   25   26   12    6    2
   12   21    5    7    3
   22   23    4    9    4
   20   21    4   10    5
   11   25    7    8    4
   30   22    4    3    2
   18   30    6    6    1
   22   26    3    6    2
   16   24    1    6    4
    5    5   10    1    5
   17   12   10    1    3
   15   25   12    1    2
    4   14    9    8    2
   11   14    1    1    3
   12   27    4   12    4
   19   16    4    8    5
    2   29    5    2    4
    9   25    1    8    3
   29   13    8    1    2
    3   14    9    8    1
   15   30   10    7    2
   15    8   12    1    3
   17   17    2    4    3
   17    1    1    2    2
    1    7    1    1    1
   28   21    1    9    2
   12   26    7    7    3
   28   16    6    8    3
   24   30    2    5    3
   29   10    9   11    1
    4    1    4   11    2
   19   14    4    8    4
    8   14    4   11    5
    1   21    5   11    1
   25    8    8    2    4
    2   15   11   10    3
   23   27    2    3    5
   20   16    3    3    4
    9    9    2   10    5
   13   15    3    4    4
    5   24   12    5    3
   16   23   11    9    2
   14   14   10    2    1
   24    1   11    1    2
    2   16    5    9    2
    7    8   10    6    5
   29    8    1    7    4
   12   12    8    6    4
   14   26    4   12    5
   24   19    9    6    3
   25    5    2    3    2
   30    9    4    4    4
   25   22    2   10    5
   19    5   12    1    4
   26   27    1    5    2
    6   14   12    3    1
   21   27    9    3    2
    2   24    6    7    3
   28    4    6    5    4
   11   21    5    3    5
   10    3    7    4    3
   26    4   11   12    2
   10   24    7   10    4
    6    1   11   12    4
   10   17    9    1    5
   19   26    6    6    4
    7   23    9    5    4
    9   20   12    9    5
    8    4   12    8    4
   17   21    9    9    4
   20   27   11   11    3
   21   19    9    4    4
   26   30    4    5    4
   14   15   11    5    5
   16    7    2   11    4
    2   25    2    6    3
    2    5    1    2    3
    3   19    5    8    4
    4    4    8    3    5
   16   22    3    4    4
    8   26   10   10    4
    2    9   10    3    3
   30    2    4    2    4
   23    2    9    6    5
   17   20    2    3    2
   23   15   10   12    3
   12    7   11    4    3
    9    7    6    1    1
    6   22    9    4    4
   29   20    6    9    3
    4   20    9    3    5
   14   21    5    9    5
   15   11    2   10    4
   30   25    5    8    4
   10    7   12    3    4
   24   21    7    7    5
   15   19    9   11    5
   27   28    6   12    2
   24   25    9    3    3
   30   17    9    8    2
   12   28   10   12    1
   16    3    4    3    3
   22    1    8    6    1
    5   30    8    1    5
   10   14    3    1    4
    1   25   12    3    5
   11    8    7    7    5
   12   14    7    3    2
   13    3    5    8    5
   29    4    4    7    1
    6   17   10   11    2
   18    8   12    1    3
   11    5    4    3    1
   14   13    1    8    1
   20    8    9   12    2
   18   19    6    9    2
   23   18   10   11    5
    5   22    7   12    4
   21    5    5   12    5
    3    5   12   12    5
   19    6   11    5    6
   29   24    2    3    5
   27   22    8    2    4
    3   28    7   11    4
   28   14    9    1    5
   10    2    8    6    2
   21   16    7   11    1
   24   28    7    5    4
   27    5    3   12    4
    1   18   11    5    1
   17    8    8   11    2
   21   25    6   11    3
    5    9   10   11    1
   17   13   12   11    2
    1   13    2    3    3
   26   15   11   11    1
   18    3    9   11    3
   10   15    8    7    5
   27   11   10    5    5
   28   25    9   11    5
   19   28    9   12    2
   25   23    6    9    1
   12   10    3   10    4
   16    5   12   11    5
    6   27   10    8    4
   30   29    4    6    3
    7   18    7   10    4
   10    8    2    6    5
    3   26    2    1    4
   22   19    4    6    3
    7   26    6    3    4
   29    5    8    5    5
   11    6    9    6    2
   12    5   11    4    3
    7    3   10    5    3
    2   18   10    8    4
   23   23    1   10    1
   11   29    7    1    2
   17   18    9   11    3
    9   26    9    8    4
   23   12    6    1    3
   18   12    2    9    2
   10   27    9    4    1
    6   30    2    2    2
   23    1    4    5    1
   12   16    6    9    3
   30   14    5   11    4
   11   19   12    5    5
   11   16    9    2    4
   30    1   11   10    1
   28    5    1   12    2
   14   22    9   10    3
    9   21    7   11    4
   12    2    3    5    1
   15   28    5    2    3
    3    3    3    2    4
   23    4   10    3    4
    3    9    2    2    3
   20    6    5    2    1
   20   18    7    9    1
   16   17    5    4    5
   16    4    6   10    3
   27   25    8    1    4
    7    5    4    8    5
    8    6    2    4    5
    2   28    1    7    3
   30   30    9    5    3
   19    9    4    7    2
   21   30    1    6    3
   29   28    8    1    3
    8   24    2    7    1
    8    5   10   12    3
    3    1    9    2    3
    9   14   12    7    1
   30   19    8   12    1
   16    1    8   10    3
    8   30    6   10    4
    2   11    8    8    3
   19   25    7    6    1
   22   15    3    5    2
    1   11   10   12    4
   17   23    3    8    1
    4   10    8   11    2
    6    9    3   10    3
   30    3    7    9    1
   28    9    1   10    4
   23   10    2    3    2
    7   13    5    1    3
    9   22    7    1    2
    9    4    4   10    4
   10   21    7    5    1
   20    3    2    7    2
   14    2    5   10    2
    8   23    8    6    1
   19   12    2    9    1
   20   20   10    1    2
   19    7    5    1    2
   30   12    2    3    1
   12   15    7    6    3
   19   20   12   12    2
   19    1    2    4    3
   10   30    5    6    2
   23   29    6   12    3
   21   15    1    9    2
   28   10    8    6    2
   22   21    6    2    3
   26   26   10    8    3
   10   18   11    7    3
   20   11    6    9    2
   24   18   10    6    2
   25   25    7   11    1
   10   10   12   10    3
   17   26   12    3    2
    9   13    3   11    3
   22    4    9    6    4
   14   20   10    4    4
    5    6    9    9    4
   16   18    4   10    3
    4   27    3    7    4
    8    8    2    5    2
    6   28    6    4    2
   24    7    1    4    4
   16   30    5    4    2
   12   29    4    8    1
    2   19   10    9    2
   22   22    3    2    3
   20    1    6    9    4
   23    5   10    2    4
    4   21    7    8    2
    9    1   11   10    4
   18   21    1    4    5
    9   24    4    6    2
    1   12    2    6    3
   11   23   11    7    4
   15   27   11    5    2
    6    7    9    5    5
   26   10    9    3    6
   25    3    2    2    5
   28   18   12    7    4
   12   11   10    6    2
    6   23    4    6    3
   26   23    1   12    2
   19   19    6    8    1
   28    7    3    2    2
    7   22   11    3    3
   12    3    4    4    2
    1   14    7   12    3
   15    7   11    2    2
   11   10    8    7    1
    6   15    1    6    2
   13    4   10    9    3
    6   13    7    2    2
    8   28    8    3    3
    2   13    1    8    3
   29   25   11    1    2
   24    4    2   12    5
    6   16    3    8    4
   16    8    1    2    3
   13   13   11    4    4
    9   10   12    5    5
   17   25   11    3    2
    9   15    6    7    1
   17    9    6    5    4
   10    5    8    7    2
    1   26   10    2    1
    3    8    6    4    4
   22   20   12    5    3
   10   20    9    1    5
   11   18   12    3    1
    6   21    7    7    2
   26    2   10    5    4
   15   18    8    1    2
   15   15   12   10    3
   26   21    6    7    2
   12    8    1    5    1
   27   30    1   12    3
   18   25    7   11    4
    1   15    8    2    5
    4   30   11    1    3
   29   29    9    4    4
   17   28    4    7    4
   25   14   12    1    1
   12   13    4    8    2
   22   18    5    6    1
   23   30   11    5    3
   27   27    5   12    2
   22    3    1    9    2
    4    7    5   12    1
    4   19    7    5    3
   14   24    3    5    4
   29   14   10   10    4
   11    3    1    4    1
   13   24   11   11    5
   16   15    5    1    4
   23   19    5    2    1
   28   23    1    2    5
   20    7    1    4    2
   29   27    4    6    2
    7    2   11    6    4
   22   29    7   12    4
   11    9    1    8    4
    9   29   10    6    3
    8    1   12    6    4
   11   13    3    4    3
   12   20    5    5    2
    6   10    2    4    3
   27   18   12   10    4
    6   12   11    1    2
   13   21    6    5    4
    3    6    5   10    4
    5   17    5   12    5
   21   23    8    7    2
    9    8    5    8    4
    6    4   10    7    4
   18   13    8   11    2
   15   20    3    3    3
   15    3   10    6    2
   13   22    1   10    2
   13   16    6    3    4
   27    9    3    8    4
    7   14    3    8    1
   10   22    5    3    4
   30   11    1   11    4
    3    2    4   10    4
   21   21    7    2    3
   13    5    4   12    3
    7   21   10    6    1
   13   20    7    1    3
   24   23    1    7    2
   14    5    9   10    3
   25    4    2    1    2
   22    8    4    3    3
   11   11   11    9    4
   22    2    5    3    1
    1   28   11    7    5
   18   18   11    7    4
   18    4    9    9    4
   14   16    7    9    3
   21    8    8   10    2
    3   17    3    8    1
   25    7   11    5    2
   13   30    4    5    3
   24   24   11    2    2
   20   23    8    4    1
    2    1    1    9    3
   16   16    6    7    3
    5   18    6   11    3
   11   26    5    4    2
   24   12   10   12    2
   24   27    5    5    3
   25   13    2    5    1
   17   24    9    8    1
   29    3    2    8    2
   17   27    8    7    2
   27    2   10    6    1
   29   17    3   10    3
    7    7    5    4    1
   30   20   11   11    3
   14   27   11    9    2
   26   20   10    2    3
    5   20    6   11    3
    8   19    6    8    3
   12    4    2    8    2
   16   27    1   12    3
    3   27   12    6    5
    3    4    6    8    4
   11   17    5    1    2
    8   27    7    6    3
   25   16    3   10    4
   18   26   11    5    3
    2    2   12    3    1
   27   19    6    9    2
    4   11    2    6    1
    1    5    7    9    2
   18    9    2    5    1
    6   26    1   11    5
   24   15    6   10    3
    1   27   11    4    4
    6   29    3    8    3
   10   19    6    7    4
   17    2    1    4    4
   19   13    6    8    3
    8    2    6   11    3
    3   21    1    6    3
    1    1    5   10    1
   24   22    3   10    2
   11   24   11    8    3
   26    5    9   10    3
   25   10   11    9    1
   26   16    3    9    3
   28   28   10    7    3
   16   29    2    6    3
    9   12   12    1    3
    4    5   12    7    3
   22   11    6   12    3
   13    8    3    7    3
    6    6   12   10    1
    4    2    6   10    3
    1   29    8    8    3
   14   17   11   11    2
   15    5    8    7    3
    2    6   12    9    3
    3   23    6    3    3
    3   24    5    4    2
    9   16    7    4    3
    6   25    8    7    3
   24   26   12    7    3
   30   28   10    2    3
   10   16    9    3    3
   15   29    8   10    3
   19   17    6   11    3
   29    7    8   11    4
