   19   27   12    3    2
    3   18    6    4    5
   30    9    3    4    4
    7    7    2    3    8
   12    8    6   11    4
    7    9    5    2    9
   16    8    5    5    9
    9    5   11    7    6
   22    8    6    6    5
   21   22    4    7    3
   19   18    6    5    2
   15   15    3    6    8
   26    7   11    5    8
   24   12    2    9    4
   28   22   12    7    3
   19    6    6    8    2
   14   30    8    7    8
   11    7    3   11    2
   26   20    8    7    8
   23   19    8   10    6
   27    8    4    4    6
   22   23    5    6    7
   30   16    9    9    5
    8    3    5    4    8
   29   13    6    7    9
    9    2    5    5    6
    7    5   12    6    5
   16   24   12    9    8
    8    6    5    2    5
    9    4    1    2    3
   28   10    4    3    8
    7    4    9   12    1
   21   21    8   10    9
   19   16    4    6    5
   29    8    7    7    4
   22   22    9   10    7
   30    7    4    1    4
   12   23   12   12    7
    5   24   11    9    8
   19    9    4    4    9
   12   11    9   12    4
   20   22    5    3    6
    4    4    4    2    5
    2    2   11    5    4
    6    3    8    2    7
   17    7   10    8    4
   25    3    4    4    7
   19    1    8   10    8
   20   11   10    1    3
   25    9    1    1    8
   28    3   10    8    3
   21    3    6   10    2
   17   12    9    2    3
    6    4   11    5    4
   13   26   11   12    9
   18   17    6    4    3
   28   26   12    9    5
   28   30    5   11    9
   27   10    3   11    5
    5    1    7    9    8
   11    4   11    1    6
    6   29    8   12    4
   30   24    3    6    4
    5    3    2   10    8
    3    2    1    6    4
   25   25    7    1    7
   17   23    3    5    3
   15   30    7    3    9
   18   16   10    1    7
    3    1    6   10    8
   20   14    2    9    9
   21    2    4    8    3
   27    9    5   12    9
    5   17   10    6    3
   23   23   12    3    6
   13   17    4    9    2
    3   19    3    7    8
   25    2    4    3    2
   14   10    2    4    3
   19   15    3   10    7
    5   26    4    8    6
   24   28   12    5    6
   18   26    2   12    3
   28   13    9   11    1
   26   12    6    7    1
    3    9   10   10    7
   18   29    5    8    8
   20    5    5   11    1
    7    3   11    1    5
    5    6    2   11    7
   10   17   10    9    8
    6   15   12   11    3
   24    1    5   10    9
   22   25    6    9    1
   23   24    5    7    7
    2   28    1   12    4
   22   13    8    7    3
   11   22   10    7    3
   20    8    8   12    4
   25   29   12    2    7
   14   17    5    3    8
   30   18   10    6    4
   16    7   11   10    4
    8   11    1    5    5
    7    8    8   11    7
   16   14   11    1    9
    5   15    5    5    3
   29   26    1    9    8
   20   23    8    6    2
   28    1    1    2    8
   25   20    5    3    9
   28   20    2    5    5
   22   17    1    6    7
   23   11   10    7    3
   26   27    5    8    8
   15   26    2    6    4
   11   17    8    8    2
   14   11   12   10    9
   28   15    7    4    4
   21   14    7    8    7
   29    4   12   11    5
    3   12    7    8    8
    1    8   10   10    2
   13   19    4    5    3
   24   15    4    9    1
   18   18    2   10    6
    1   27   12    5    7
   26   26   12    4    2
   11   30    1    6    2
    9   16    5   10    8
   23   21   12   12    3
   19    7   12    3    9
    6   27   10    1    9
    2    5    4   10    6
   29    5   12    4    5
    9   26   10    9    7
   10   13    6    7    4
   16    2    7    8    8
   26    3   11   10    8
   26    2    6   12    1
   20   20    5   10    5
    3   22    6    6    6
    4   28    3    3    5
   24   20    5    6    3
   12   20    5    2    7
   17   16   11   10    8
    6   20    1    5    5
   29   29    9    1    6
   11    3    3    7    5
   28    5    3    4    7
   19   19    2    5    6
   30   13    9    7    7
    6    9    8    8    3
   16   11    2    1    2
    7   15    1    5    1
    7   20    8    4    5
   14   25    6   11    6
   12   21   11   12    3
   22    4    7    3    2
   10   19    8    3    8
   27    5    7    7    2
   20   17    2    7    6
   20   10    3    7    4
   13   11   11    4    4
   20   29    7    6    3
    4   19    2    9    1
    7   23    2   10    4
   10   22   11   10    3
   10   21   10    2    3
   29   11    9    4    9
    9   15    9    1    3
    7   22   10    5    8
   23    4    1    4    5
   18   20    1    3    3
    4   18    6    9    2
   13   12    9    5    3
   23    1    5    1    9
    2   10    5    6    4
   29    3   12    9    5
    9   28    7    3    9
   21    5    9    2    2
   20    9    4    8    9
   18   11    3    9    5
   28    8    6   11    3
    5   19   11    4    2
    3   13    6    1    9
   21   16    6   11    1
   19    2    1   10    3
   13    5    7    1    8
   21   26    3   12    9
   14   13    3    1    4
    5   18    6    3    3
   16   13    9    4    9
    2   24    1    6    4
   19   20    5    1    8
   18   28   12   11    3
   26   16    6    3    2
   28   11   10   11    8
   15    1    6    9    9
    5    5    6   12    3
   18    2   11    9    6
   10   26   11    1    7
    8   23   11    6    4
   16    6    7   10    2
   30    4   11    8    3
   25   11   12    5    4
   27    7    3    7    5
   18    7    3   12    8
   13    8   11    9    4
   22    9    1   11    3
    7   21   10   12    1
    8   30    8    8    5
    2   20    3    5    2
    2   12    8    6    7
   10   23   10    5    5
   22    2   10    6    3
   27   18    3   11    1
   17   25    2    7    7
    2   17    2    9    5
   25    7    5    9    3
   12    7    3    5    7
   12   22    5    1    2
    1   22    4   11    8
   25   15   12    6    4
   21   28   12   10    7
   24   17    4    6    3
   29   14   12    7    8
   22   26   11    2    9
   23   25   12   12    3
   13    4    6    9    2
    9   12    1    4    7
   12   25    1    8    4
   27   29   11    7    3
   13   21    3    6    2
    5   25    4   10    1
    2    7    3    8    3
   26    6   12    2    8
   24   19    2   10    4
   13    2    4    6    7
   25   24    8    2    1
   22   14   11    1    1
   21   15    7    7    7
   14    3    7    9    4
   26    8    6    1    7
   14    7    3   11    5
    4   12    8    2    8
    6    1    2   11    3
   11    5   10   10    3
   27   28    6    2    2
    6    6   11    9    9
   10    8    9    4    6
    5    4   10    9    3
   24    8    9    6    5
   13   23    2    7    3
   29   17   12   12    3
   27   23    1    9    7
   29   12    5   11    1
    9   10   12    7    7
   18   15    1   12    6
   14   12   12    8    8
   28   25    5   10    3
    9   13    3    7    7
   16   16    9    1    5
   13    1    9   10    3
   11    2   11    7    7
   20   15    7    4    5
   14   15    1   10    3
    3    3    2    8    2
   11   27    7   12    4
    6   11    4    8    6
   20   13    5    4    3
    5   14    5    4    2
   21   11   10    4    8
   24   26    5    8    4
   29   16    9    8    5
   10    5    9   10    5
   29   30   12   10    9
    1   29    8    2    4
    9    1    6    1    3
    7    1   12    3    9
    2    8    6    8    3
    2   29   10   10    7
   22   29   10   12    5
   30   27   10   10    8
   21   20    7    8    3
   15    4    6    6    9
   20    1    5   12    8
   23   16    4   11    4
   10    3    3    1    2
    1   17   11    4    7
   19   21    8    4    6
   30    5   11   11    5
   17   26    6    6    5
   15   12    4    4    7
    6   25    9    8    3
   30    3   10    2    3
   14   14    6   10    8
   24    4    9    3    7
   12   19   12    8    8
    3   16    8    3    4
   29   23    3    1    5
   22   18    8    9    3
    6   21   12    8    7
    9   18    2    8    8
   23   14    8    6    7
   17   15    2   12    2
   30   17    1    6    4
   18    8    4    5    5
   25   30    9    3    3
   17    4    5   11    4
   15   27    7    1    3
    9   24   12    5    7
   26   23    2    5    6
    8    4   12    1    6
   27   16    2   12    5
   20    4    7    9    4
   17    8   12    8    4
    8    9   10   11    7
   27   25   12    9    7
   14   19    4   11    2
   30   22    8    9    2
   16   28   12    8    6
   18    6    6    9    3
   24   24   10    9    7
    6    7   10    4    3
   22   16    4    4    8
   25   21    1    9    2
   27   13    6    7    1
   27   22    1   10    9
   21   29    3    3    1
   16    4   11   11    8
   18   12    6    4    1
   10   24    5    3    6
   11   19    2    9    2
   20   16    8   12    7
   17   17    6    9    7
   27   24    2    6    8
   24   14   12    4    4
   24   21   11    7    7
   30    6    1    4    1
   13   25   12    7    8
   25   26    5   11    3
   10   30    1   10    1
   15   16    5    7    8
    7   24    8    1    7
   13   13    9   12    8
    7   28    9    9    9
    5   16   10   12    4
   25    1    1    4    5
    5   23    7    2    1
    2    1    6   10    7
    6   23    8   12    9
   15   10    5    5    2
   23    2    4   10    8
   27   21   11   12    5
   18   13    7    5    6
    9   17    4   11    4
   29   24    2   12    6
    2    4   12    1    4
   21   18   10    7    4
    3   15    5    8    3
   28   19    3   12    7
   10   29    2    7    6
   10    6    9    7    3
   21    9    4    7    6
   27   27   12   11    3
   23   15   10    2    2
   11   10    1    2    8
    1   11   11    8    7
    9   23    1   11    2
   15    8    6    8    8
    5    8   10    9    7
   14    1    4   12    1
   25   19    7    9    2
    8    8   12    8    7
   30   30    6    1    6
    1   12   12    4    3
   11   11    9    6    4
   14   26    4   10    3
    6   14   11    1    2
    1   18    5    5    3
   19   22    7    8    5
   18   24    5    6    4
    9   14   11   11    3
   20   27    2    2    2
   22   15    8   11    4
   15    2    4   12    8
   27    4   11    5    7
   30   21   11    7    7
   19   30   10   11    2
   13    7    9   11    2
   26   30   11    3    8
   29    7    8   10    7
    6   13    7    6    2
   14   18    5   10    8
   30    2    9    5    7
    4   10   12   12    8
    1    1    5   12    7
   12   30    5    9    8
    9   29    8   11    5
   25    4    8    8    4
    1   21    7    1    2
    8   14   10    5    3
    8   25   11    2    3
   27    2    1    4    2
   22   24   12    2    8
   25   16    8    8    7
   19    8    7    1    8
   27   17    8   12    6
   11    9   12   10    7
   27   14    4   11    8
   21   17    2   12    7
   25   10    9    1    8
   29   15   10    5    7
    3   23    4   12    4
    3   24    1    2    2
   22    6    8    3    3
    2   14    1    3    4
    4    3    5    9    5
   16   12    6   11    4
   29   28    8    4    2
   10   16    4    3    4
   11   26    3    9    2
   10    7    8    7    7
   28   28    4    8    8
    9    9   12   10    7
   12    5   11    5    8
   19   17   10    8    7
   28   12    9   10    8
   18   23    7    4    4
   12    6    8    2    2
   20    3    6   10    8
   30   23   12    5    7
   28   23   11    6    8
   26    1   11    7    6
   24   11    6    9    3
   29   19   11   12    3
   25   18    2    5    5
   26    4   10    1    6
    4   14    9    9    2
    5   22   10   11    8
    1   10    3   10    8
   18   10    8   11    4
    4   21   11   12    5
    3   27    9   11    2
   28   17    1   10    4
    1   30    2   12    1
   12   10    5    6    4
   28   14   11    7    3
   10   10    7   12    6
   24    6    8   10    4
    8   21   10    7    2
   17    3    6    5    7
   17    6    9    5    1
   11   15    8    4    7
   24   13   12    7    4
   30   20    3    5    2
    4    1    3   12    3
    6    2    1    7    8
    1   16    7    3    3
   26   19    5   10    7
   28    6    8   10    1
   12   12    9    2    9
   15   13   11   10    9
   27   12    4    9    7
