   27    2    2   12    2
   15   12   10    7    2
    9    6    5    7    1
   20   29    6    5    6
   19   22    8   12    5
   24    8   12   10    4
   25    1   12    7    8
    8   28    6   11    3
    5   14   11    6    2
    1   12    5    8    4
   14    7    3    3    3
   29   13    7    1    7
   11    2   10    3    5
   26    2    7    2    5
    8   13    6    4    1
   22   10   12    4    2
   18   15    7   10    3
   18    5   10    4    4
   23   23    2    7    5
   10    7    3    4    3
   17   29    5    7    2
   22    6    9    5    1
    9   20    7    9    5
   17   27    4    8    4
   17   28    7    8    3
    5    6    9   10    1
   13   22   11   12    2
    9   25    2    1    3
   21   17    3   11    1
   12   17    2    3    6
   20   25    7   12    7
   12   18    1    2    1
    3   17    3    7    2
   17    6    2    7    1
    5   13    9    6    3
   19   21    6    3    5
   14   23   10    6    1
   19    6    7    9    8
   19   19   12    9    6
   18   18   10   11    1
    9   23   11    7    5
   17   19    6    1    2
   30    5   10    7    8
    2   30    9    2    3
   11   30    7   11    9
   25   25   10    2    5
    3   16    1   12    8
   29    8    2   12    1
   30   20   11    6    7
   26   17    6    8    1
   21    5    4   10    4
   22   30    2    4    4
   24   14    7    8    1
   15   26    3    8    6
    3   29    9    9    1
   18   26    7   10    6
   21   26   12    6    2
    4   28   12   12    1
   19    4   10    4    7
   28   27    5    9    1
    6   12    2   11    2
   20    7   11    7    3
   19   23    7   12    1
   20   19    4    4    4
   23   25   10    9    5
    2   20    2   12    3
   25    6    9    1    7
   11   21   10    8    9
   25   24   11    3    6
   10   12    2    3    4
   22   27   12    8    3
   22   22    6    9    2
    9   14    3    4    7
    8   25   10    4    9
   20   28    3    9    6
   19   26    2    2    3
   27   29   12    4    4
   27   20   12    3    5
    3   22    6   10    4
    3    1    5    5    2
   29   19   10    2    1
   14    1    1    5    3
    6   26    1    6    4
   25   16   12    6    1
   14   13   10    4    2
    4   24    9    4    3
   15   14    8    4    4
    9   13    3    2    5
   26   26    9    4    6
   26   10    9    9    7
    5   24   12    5    6
   23   18   11   10    5
   24   20    4    6    3
    6   13   12    4    2
    3    6    2    7    3
   16    7    5   11    2
    2   17    8   11    2
   27   10    7   10    3
   19   10    3    9    1
   25   18    9    7    6
    4    8    8    9    6
    8    2   12    3    4
    6    2    6    2    1
   12   29    7    6    1
   23   16    5    9    2
   10   21    6    8    2
   16   30    3   12    2
    5   16    5    9    1
   15   28    4    7    4
    8    9    8    3    6
   26    9    6   12    4
    9   24   10   10    2
    7    6    5    9    2
    7    3   12    3    5
    3   12    5    2    2
   17   22    4    1    3
    3    9   12    8    1
   17   24    6   11    4
   26   24    1    6    5
   15    7    7    8    4
   14   18   12    3    4
   17    5    5    2    3
   16   16    2   11    7
   27    3    7    2    1
   29   26    2    2    1
    8    3   10    5    4
    9   10    8    4    8
   29    5    2   11    9
   29   11    9    6    8
    3   10    7    6    4
   22   29    7   10    5
   18    1    7   12    1
   16   24    5   11    1
   10   10    1    6    2
    7   22    3    3    6
   23    4    3   11    1
   11   23    8    3    1
   15   15    2    6    8
   28    3    9    7    6
   20   15    1    7    1
   27   21   12    3    2
    7    4    5    5    3
   20   21    5    5    1
   23    3    8   11    2
   20    1    6    5    3
    9    5    2    3    1
   19   16    9    6    2
    1    1    7    2    6
   12   25    7    1    2
   16   10    8    4    1
   25   19    8    3    2
   25    7   10   11    3
   23   13    4    6    4
    2   25    9    1    6
    4   20    4    6    1
    5    5    7    8    9
   28    7    6    8    2
   22   14    3    4    3
    9   15    2   10    4
   13    3    5    2    1
   29   15    2   12    3
   26    1    9    1    6
   27   27    3    1    4
   30   25   12    6    3
   15    4   10    7    2
   23   17    3    5    3
   20   12    7   12    5
   22    8    9    5    4
    5    4    8    4    2
    2    2    3    7    3
   29    9   11    3    5
   19    9    3   11    4
   21    8    5    8    3
   28   24   12    2    2
   16   14    5    9    3
   11   24   10    2    4
   23   10    5    9    2
   14   20    3   10    1
   25   15    2    4    2
   15   30   10    6    3
   14   30    3    7    1
   28   18    7   11    2
   12   21   10    5    7
   28   22    3    9    1
   26   28    2    9    2
   10    8    6    5    1
   14   17    9   12    4
   28   14   11    1    3
   18   19   10   10    2
   16   28    2    4    1
   27    9   10   11    6
   16   13    2   10    7
   19    5    2    7    7
   28    6    9    3    1
   23   29   12   11    2
    4    3   10    4    1
   11   26    5    6    2
    6    6    3   11    3
    5   22   10    1    2
   10    4    9    7    1
    7   27    4    5    7
    1    6    5    8    4
   18    6   11    7    4
   11    9   10    2    7
   27   14    8    5    1
    8   20    8    3    2
   18    2    1   10    1
   28    9    9    1    4
   23    1    1    7    2
   17   18    3    1    3
    6   15   11    2    1
   21   14   12    6    7
   13   24    9   12    1
    1   22    7    8    2
   25   27    8   12    3
   25    4    7   11    1
    5    2    1   10    3
    3   19    2    9    2
   14   12    4    1    2
    4   22   11    8    3
   14   25    8   11    1
    3    5   10    3    2
    5   28    7   12    2
    1   30    9    2    3
    5    8    5    6    4
   13   11    3    4    1
   10   13    9    9    7
   12   11    2    2    5
   20   11    4   11    4
   30    9    9   12    1
   30   21    5   11    2
    9    7    4    9    3
   28   21    7    8    4
   21   21   11    5    1
   10    2    6    7    2
    1   24    1    1    4
   29   24    2    6    1
   21   13   12    7    4
    5   10    3   10    1
   28   23    9    6    1
    9   16    6   12    4
   14   26    3   11    7
    3    2    7   11    1
   13   18    5   12    1
   30    4    1    8    1
    6   21   10   10    2
    6   16   11   11    1
    1    9    8    7    3
   24   24    9    3    1
   17   11    6    2    2
   15    5    3    4    1
   19   24    7    5    2
   22   18    2    3    4
    7    7    5    3    1
   21    9    3    5    2
   16   27    1    6    4
   25   29    4   11    3
   10   17    4    1    1
   13   13   11    4    2
   16   29    8    6    3
   26   25   12    5    1
   18   10    8    5    2
   14    4    2    1    3
    3   18   11    2    1
    4   16    7   12    1
    7   18    4    1    4
   20    3   10    2    1
   15   13   10    4    1
   17   17   12   10    2
   30   30   10    8    3
   24    6    8    5    1
   15   22    2   10    3
   24    3    2    6    1
    8   15    3    7    2
   11    7    1   12    3
   10   29   11    6    1
    7   19    5    8    3
    6   23    9   12    6
   29    7   11    8    1
   13    7    4    4    1
    8   30    2   11    2
   12   13   12   11    1
    6   11    1    5    2
   28   12    8    1    3
   16   20    6    7    2
   30    3   12   12    2
   23   26    4    8    3
    1    5    5    1    4
   18   24    8    8    5
    4    9    7    2    6
    1   10    8    3    4
   11   28    3    9    3
    7   30   11    2    2
    2    1    6    2    1
   29   14    4    8    1
    8   27    5    2    2
    5    7    8    7    3
    2   13    7    1    1
   15   16    4    1    2
    8    1    2    9    3
   23   22    6   12    4
    6    8    6    2    3
   12    5    2    9    2
   29    1    9   10    3
    6   14    4    3    7
   23   24    2    4    6
   18   16   12   11    4
    3   11    5    6    3
   13   28   10   10    2
    2   16    6    8    2
    5   27    3    9    5
   10   15    8    5    2
   28   30    1    1    2
   24    7    3    8    2
   21   18    4   10    3
   15   11    1   11    4
   30   10    5    4    7
   30   24    1    7    1
   10   25    5    4    4
   20   13   10    3    5
   11   25    8    1    2
    3   15    1    4    3
   21   25    1    3    4
   13   27    3    4    1
   20   10    3    6    1
   14   10    2   10    1
    4   21   12    5    4
   19   15    2   11    3
   27   12    3    4    2
   30   29    8   10    5
   11   27    4   12    4
    7    8    2    9    2
   28   29    6    3    1
   24   12    3    7    5
   26   22    3    7    6
   13    1    7    9    1
   14   14    2    6    3
   18   20    7   10    5
   24    2   11    8    4
    5   20    6    8    1
    2   23    4    2    2
   26   27    4   12    2
    8   14   11   11    2
   22   11   11    9    3
   19    8    7   12    5
   28   25    9    5    6
    1   15    9   10    4
   28    2    9    3    1
   19   30    1    7    1
   19    2   11    1    1
    6   10   11    9    2
   16   21    6    7    3
   17   30    1    7    1
   12    9    8   11    2
   23    8    6    2    1
    8   18   10    5    2
   22    9    8    7    1
   26    3    6    2    3
   27    6    5    9    1
   22   16    6    6    2
   27    4   12   12    1
    3    3    3    6    2
   19    1    9    1    8
   21    1    8    2    1
   28   28   11    2    2
   26    8    9    6    1
   25   17    4    2    2
   18   11    7   12    2
   14   19   12   11    1
    1    7   11    1    2
   11    4    2    3    1
   12   16    9    3    3
   14   11    3    2    2
    8    8    8    9    3
   22   25   10    8    1
   26    5    3    3    2
   10   11   12   11    1
   26   12   11    1    6
    2    7    3    5    1
    4    4    9    2    2
   13   26    3    6    1
    3   14    1    9    2
    7   23    9   12    1
    1    4    8   10    6
   12   30    2    6    1
    6    4    4    9    1
   13   19    6    2    1
   22   12    2    5    7
   23   15   11   12    1
   11   19    3    5    1
    1   27    2    4    3
    5   25    3    9    1
   27   18    5   10    1
   21   15    2   11    1
   30   27    2    6    2
   30   26    6   11    1
   25    3    8    5    3
    9    9   11    1    1
    2   29    1    3    2
   23    5   11    3    1
    7   12    3    9    1
   20   20    4    6    7
   24   15    3   12    1
   29   29    3   10    1
   27   15   12    3    2
   18    4   10    1    1
    4   26   12    6    2
   17    4   12    2    3
   22    2    1   10    1
   29    6   10    4    2
   21    3    5    4    1
    7   17    1   11    2
   28   10   12    9    3
    5   11    9   10    2
   25   13   10    7    1
   17   13   11    1    2
   29   18    9    9    3
   18   30   10    3    1
    4    2    8    3    3
   23   21    4    4    1
   20   23    9    5    3
   12    4    8   10    2
   20   22    5    2    1
   29    4    3    8    4
    2   15    4    7    5
   24   21    5    8    2
   27   23   10    1    1
   11    8    2   11    1
   10   24   11    5    3
   19   28   12    5    1
   16   26   11    1    2
    2   21    9    9    1
    1   17    1    9    2
    4   13    4    4    1
   20   17    1    4    1
   12   12    4    5    7
   14    2    3    4    6
   18    9    5    8    1
   16   11   12    7    2
   21    7    4    7    1
    6   30   11    6    1
    8   17    5    9    1
   22   21    8    7    1
   26   20    3    7    4
    1   11    8    1    4
   16    8    6    5    1
    2    9    2   12    1
   12   23    5    5    2
    7   26    1    3    1
    1   28    3    7    1
   13   30    8    5    2
   12    8    7    8    1
    6   20    5   11    1
   12    2   11   12    3
   24   27   12    4    1
   29   21   12    9    1
    1   16   12    2    1
   11   11    1    4    1
   15   17   11    7    2
   16   17    4    4    1
   12   19    6    2    1
   19   27    5    3    2
    9   17    3    4    1
   22   24   10    5    4
   23   30    5    7    6
