   20    2    4    4    7
   11   22    2    9    4
    8   14    6    5    1
   10   23    2   12    3
   23    3    2   11    3
   24   10    6    1    1
   27    9    2    6    1
    1   22    9   11    3
   19   24    6    1    2
   13   29    1    7    5
   23   17    2    9    4
   17   19   11   12    9
   12   21    5    9    9
   27    1   12    1    3
    1   26    3   11    1
   29   29    9   12    5
   25    7    6    4    9
   17    1    3   10    5
   17   14    3   12    5
   10    5    3    9    5
   27   12    8    2    9
    5   15    4    7    9
   20   12   10    2    7
    4    9    6    7    8
   30   23   11    3    6
    2   14   11    3    3
   25    1    2    1    6
    7    6    2    8    4
   12   13   10    7    4
    1    3    9   12    1
   24   26   10    3    3
   11   18    5    3    6
    5   30    7    1    6
    2    6    4    1    7
   12   14   12    6    6
   24   12    7   10    4
    9   29    1    3    1
   21    2    6   12    1
   22   15    4    8    5
   26    4    3    8    6
   21    4    2    2    5
   16    2    5    6    7
    4   11    2    2    8
   11    9   11   10    5
   22   12    1    7    7
   22   18   12    1    9
   13   28   11    9    4
   23   16    4    7    5
   28   26   10    5    7
   29   16    8    4    7
   26   23    9    6    5
   28   18   12    2    6
   15   11    2   11    7
   19   21   11   11    8
   12   12    8   12    9
    4   23   11    8    7
    2    7   12    7    6
   13   18   10    6    6
   29    8    1    3    7
   21   21    3    4    9
   22    7   11    9    4
    1    8    1   12    6
    3   12    6    9    4
   17    5    1    7    6
   18   18   11    3    4
   17   27    8    8    3
   21    3    4    7    1
   21   28    6    4    7
   23   22   12    6    2
   12   18    1   11    6
   12   19   10    2    7
    3   24    9   12    7
   29   18    7    4    6
   17   16    1   11    6
   29   28    5    9    7
   24   16   10    3    6
    2   10    4   12    7
   23   23    4   10    3
   17   20    8    7    6
   15   18   10    5    8
    8   12    4    8    3
   27   27    9   11    7
    2    5    1    6    4
   23   13    5    2    5
   16   12   12    5    6
   14    6    6    3    6
   27   13   12   10    5
   26   19    5   11    3
   10    4   11    4    7
   19   14    3    2    8
   30   22    9    5    5
   15   14    4    1    3
   30   10    8    6    2
   11    8    6   11    3
   25   27    4   12    1
    5   24    1   11    1
    2   11    6   10    4
    8    5    1    6    3
    7    7    4   12    5
    1    9    5    3    6
   16   22    7   11    7
    6   11    9    8    4
   20   20    8    1    8
   19   20   11    2    5
   24   28    6    7    6
   26   29    6   10    3
    8   15    8    4    5
   12    4    9   11    4
    3   11    1    2    8
    4    5   11    2    9
   19    9    8    9    3
   21   17    2    5    7
    6   20    4    8    2
   26    9   10    6    1
   18   14    1   11    4
   26   22    3    9    5
    5   22    2    3    2
    6   12    7    4    1
   17   26    4    4    9
    5   29    1   12    5
    5   20    8   10    6
    3   27    8    8    8
    7    4    8    6    6
   29    2    8   11    7
   26    5    9    5    7
   15    9    6    5    8
    6   24    5   11    9
    7   24    8    9    6
    7   27    4    1    7
   27   14    1    7    7
   15   10    2   10    6
    2   13    1    1    4
   27    6   10    3    6
    9   28    6    6    7
   30    4   11    2    7
   19   22    2    2    8
    9   13    9    7    6
   23   14    9    5    4
   18    7    7    1    6
    6    9    3    8    3
    3    9   10    4    1
   25    9    6    4    1
   13   15   10    8    3
   17   28    1   12    7
   20   22    8    5    5
   28   28   11    2    7
    7   16   10    3    1
   16    8    3   12    3
   18   27    1   11    8
   16   15    1   12    6
   25   23   10    3    3
   24    2    7   11    2
   25   25    7   10    3
   12   25   12   11    1
   18    1   11    3    7
    1    5    3   10    3
    3   10    3   10    6
    6    4    9    2    3
    1   16    8    5    7
    1   14   11   11    6
   29    3   11   11    5
   20   11   10    1    8
   29   30   10   10    7
   24   23    2   10    3
   30    6    5    1    4
    8    6    3    5    4
   17    8   12    6    7
    4   15    3    4    9
   27   19    7    4    7
   16   20    2    3    1
    2   15    9    9    1
   28   25    1    9    5
   26   20    1   11    2
   28    2    3    7    7
   18   19   12    2    1
   30    1    2    2    1
    1   21   12    9    1
   13    8    2   11    3
   25   20    3    6    1
   15   17    6    9    1
   20    3    9    2    1
    2   27    4   10    1
   17   10    9   10    4
   13   13   12    1    1
   18    5    9    7    5
   21    7    6    8    6
   27   30    1    9    6
    6   13   11    7    3
   23    2   10    9    2
   15   25    4    8    2
    4   29    1    6    2
   24   13    5    8    1
   12    9    3    4    1
   21   26    2    7    8
   30    3    6   11    6
   13   10    4   10    6
   25   13    3    7    7
    7    5    7    2    7
   20   18    5    4    6
   30   21    6    9    6
    1    6    9    3    3
    7    3   12   12    2
   29    6    8    7    1
    1    7    1    2    3
    1   28    7    5    5
    9   21    9   11    6
   22   22    9    5    6
   12   11    5    2    4
    8    7    7    1    5
   24   21    3    2    7
   26   25    3    8    5
   16   11   10    6    4
   25    8    3    8    6
   28    6   12    7    2
   22   21    5    5    1
   12   17   11    1    1
   17   29   12   12    9
    3   19    9    5    7
   16    4    9    5    6
    6   22    2   10    5
   12   30    6    2    8
   17   25    2    2    1
    6    6    4   12    9
    2    3   11    4    9
   27   22    8    4    4
   11   23    5    7    1
    9    7    8   10    1
   15   15    1    9    6
   16   14    1    6    6
   12    2   12    9    7
    9   30    1    3    6
   29    1    5    9    1
   14    5    3    5    4
   12   15   10    2    4
   11   14    3    8    2
   16    5    5    6    6
   28   12    5   12    7
    8    8   12    7    8
    1    1    8   12    6
   19   13    3    1    4
    3    8    7   10    6
    6   23    3    2    8
   27    5    8    4    7
    4   19   12    1    3
    1   23    9    6    4
   29   15   10    3    1
   17   17   10   12    3
    3    5   12    3    5
    3   14    2    6    9
    8    2    1    7    7
   10   12    8    6    8
   10   11    5    9    3
   16   30    4    2    3
   21   14    4    8    2
   10   14    8    5    1
   26   26    6   10    9
   28   22    3    6    6
   27    4    9   12    3
    4   17    4   12    5
   29    7    9    6    7
   23    5    4    3    1
    4    2   10   10    4
   17   22    2    7    6
    2   25    7   10    3
    3    3    2    4    4
   18   26    7    7    9
   10    1    2    9    6
   16   28    8    9    1
    7   13    7    9    3
   29   10   10    8    2
   20   28   12   11    1
   27   29    5   12    1
   27   28    5   11    1
   28    5   11    9    1
    3   15    5    7    5
   23   12   12    4    7
   30   17    3   10    1
   13   11    8    2    2
   22   25    2    7    3
    7   28    3    8    3
   21   25   10   10    5
   19    1    9   12    5
   21   10   11   11    5
   17    2    7    8    5
   20    4    4    3    5
   19    7    7    4    5
   15    6    7    6    5
   30   19    7   12    3
   24   20   10    2    1
   18    6    6    9    2
   10   10   11    4    3
   11    7    2   10    3
   24   11   12   10    7
   25    3    7    2    6
   29   24    2   11    1
   16   16    9   11    3
   25   16   10    8    7
   26   13    4   10    3
   27   24    1    4    1
   25    4   11   10    7
   24   22    3    9    3
   23    8   12    5    4
   11   21    3   11    5
   18   10    3    5    9
   24    4    7    9    6
    8   10    7   12    5
   29   11    6   10    8
   30   11    8    8    8
    8    9    9    8    6
   10   27   12    4    7
   15   21    5   10    3
    2    1    9   11    1
   26    2    6   11    1
   29   25   12    1    9
   11   28    9    4    2
    7   26    4    5    3
    2   30    6    6    7
   11   19    2    7    8
   17   13    1   11    4
    1   15    8    9    5
    5   13    3    1    4
   19    5   11    6    2
   30    8    8   12    2
   24   17    3   12    2
   28   15    4    7    1
   17   11   12    1    1
   14    9    7    2    1
   11    5    5    4    1
    3   22   11    4    1
   14    4    5   11    1
   16   21    5    5    6
   19   19    9    3    7
   12   26    2   12    3
   20   23    1    6    4
    7   10    5    3    7
    6   10   12    5    7
    2   19    8    4    8
    7   15    9    6    1
    7   30    1   10    1
   23   29    5    4    1
   30   24    4   11    1
   22   13    3    3    2
   14   20    7    5    7
   10   22    4    1    2
   19   10    4    1    7
    9   18    4    8    1
   23   19   10    8    1
    9   17    9    4    1
   21   27    2    5    3
   16   26    1    4    1
   26   15    1    4    7
    9   22    8   12    4
   22   29    5   12    3
   28   30   11    6    1
   29   19    9    5    4
   30   14   10    4    1
    9   23    9    2    1
   29   21   12   11    8
   12    5   10    2    9
   18   30    2   10    3
   11   11   11    8    1
   25   18    3    4    1
   16    9    2    1    7
    3   18    8    4    1
    5    5    8    4    1
   16   13    9    4    7
    3   26   12    5    1
   21    5    6    9    1
   25   30   10    7    3
   14   22    1    9    2
   21   23    1    3    1
   21   13    2   10    1
    8   26    5   10    1
   18   23    8    4    4
   23   28   10    8    3
   24   24    7    8    7
    4   18   12    3    2
   27   23    9    1    1
   12    1    7    9    1
    7   23    2   10    3
   21    8    7    7    1
   20   29   11    3    4
   20   30    5    9    2
   19   15    8    7    3
   30   30    5   11    1
   13    1   10    8    4
    9   24    9    7    7
   14    7    9    5    1
   20   10    6    5    3
    5    9    2    4    2
   29   12   10   10    1
    1   24    5    3    3
   11   25    5   10    5
    2    2    5    7    2
   14   13   10    4    1
    8   20    2    7    3
   13   20    8    1    5
   25    6   12    1    4
   16   18    5   10    1
   20    1    9    8    3
   13    4    4   12    5
   16    3    4    3    4
   14   26    7    5    2
   25   24    2    2    1
   18   24   10    1    3
    8   18   12    1    5
    4    1    6    6    4
   26   11    1   10    7
    6   21    6   11    7
    7   17    5    8    3
    2   22   11   10    1
   19   16    1    6    7
   25   10    2   12    8
   29   14    7   11    5
    4   28   12   12    1
   15   30    2    1    8
    4   22    3   10    1
    6   17    3    8    4
    6    3    7    4    3
   19    6    8   12    9
   28    8   10   11    2
    5    6    7    3    8
   27   26   10    5    2
   20   27    9   10    1
   19   28   10    2    1
   21   18    1    5    8
   30   26    7    2    3
   17    3   12   10    7
   11    1   12    3    7
   14   28    5   12    2
   12    7    1    2    1
    8   27    5    7    4
   24   14   10    2    7
    5   25   12    4    6
   28    3   10   12    1
   19    8    3    6    3
   16    6    1   12    2
   24   15    5    8    4
    3    4   11    7    1
    7   20    3    4    1
    4    8   12    9    3
   14   25    8    1    2
    9    9   12    7    1
    6   26    3    6    4
   27   16    3   10    1
    2    9    6    7    7
   10    9   12   12    2
   15   27   10    9    7
   14   14    4    8    8
   13   30    4    9    1
   20    9    1   11    7
    3   13    8    5    3
    4    4    9    4    2
   10   16    5    7    8
   17   18    2    9    9
   11   27    3    7    9
   15   23    5    8    6
   22    8    4   12    2
   25   19   10    1    6
   24    8    7   12    2
   28   10   10    9    1
   26   10   12   12    4
   20   15   12    9    8
   18    2   11    9    3
   21   20    2   10    8
