   25   13    1    3    4
   24    1    6    3    8
   14   12    1    9    2
   11   29    7    5    9
   19   22    5    3    9
   22   22   12    6    4
    8   12    1    2    9
    3   25    4    6    7
    9    7    2    3    2
    9    2   12    3    8
    8   18    4    1    7
   26   21    1   10    3
   14   11    5    3    9
   12   22    9    6    3
   15   24    9    6    7
   17    8   12    6    4
   24   29    8    5    9
   22   23   11    8    2
    4   30    8    8    7
   13   28   11    4    4
   29   28    2    7    2
   15   26    7    5    9
    3   30   10    7    3
    4   26    1   11    8
   28    9   12   10    4
   27   27    5    7    3
   19   19    2    7    9
   11    5   10    8    2
   23   12   11    6    1
   26    7   12   10    9
   12   18   10    9    8
   20   26    2    6    3
   11    8    8   12    8
   30   27    5   11    7
   22    4    7    2    1
   17   26   11    7    2
   25   17   11    4    9
   21   17    4    6    7
    4   15    3    9    2
   25   24    1   11    9
    3   29    7    9    1
   20   13    3   11    9
   27   12   10    8    2
   18   28    6    3    8
    2   23   10   12    9
   14   24    9    8    8
   29   14    3    4    3
    8   22    6    5    8
   15    2    3    5    1
   20   20    1   11    4
   25   28    1    1    4
   13    7    3    9    7
   13   16    7    1    2
   21   29    8    6    8
   13   10    5    2    3
    1   11   12   12    4
    2    8    7    7    8
   20    1   11    1    4
    7   30    3    3    8
   11   17    4   10    8
   18   26    2    1    2
    2   27    5   10    1
   10   12    8    1    4
   14    6   11    9    9
   17   18    2   12    1
   14    9    8    7    9
    5   18    2    5    8
   11   30    5    8    3
   16   16    1    8    2
   17   29    8   12    2
   11    6    7    8    8
   21   12    9   10    7
   15    1    2   10    2
    4   10    9    3    1
   23    4    9    6    9
   19    4   12   10    2
    2   10    9    3    8
   15    3    2    9    2
   14   10    6    7    8
   21   21    3    6    2
    4    6   12    7    7
   14   23    7    7    4
   30   25    9   11    9
   24   20    1   11    2
   17   24    4    2    7
   20    8    2   12    9
   29   10   12   12    3
   22   27    7    6    7
   24   26   10   12    8
    9    6   10    7    2
   10   23    7    3    2
   27   16    3    4    8
   18    9    6    9    4
   29    5    1    3    4
   15   14    2    2    2
   27   29    6    7    8
   27    8   10    1    2
   23   20    4    1    8
   24   10   11   10    8
    2   12    2    8    7
   14   14    4    8    1
    1   30    1    5    3
   11   19    8   12    7
   25   27    1    5    9
   21    7    1    3    8
   10   10    3    1    7
   19   12    6    3    1
   25    2    1   12    4
   15   11   10    2    9
   24   16    7   12    8
   21   20    3    4    9
    3    7    1   12    1
   16   25   12    1    9
   22    6   10   10    4
    8   25    3    7    3
   27   10    7    1    9
   16   14    7    8    6
    1   28    9    5    5
   12    1   12    8    5
    5    2   11    4    6
   28    4   12    9    1
   15   10   12    2    9
   10   30   12    7    9
   26   28    3    3    9
   23   26    1   10    6
   11   27    7   11    4
    3    6    2    6    3
   16   21   10   10    8
    6   18    8    2    4
    6   17    1    4    6
    8   15    6   11    7
   24   21    6    1    2
   17   19    5   12    2
   27    6   10    8    6
   16   30   11    7    5
   12   12    2    6    9
    7    5    6    6    8
   24    8    6    4    2
   27    4   10   10    3
   11   13    2   12    1
    6    6    5    7    4
   19   21    5   11    6
    1   17    2   12    9
   15   29   11    2    9
    1    6   11    6    3
    4    5   12    6    7
    5   20   11   12    5
   29   20   12   10    2
    7    2    4    3    6
   20    9    1    4    9
   16    1   11   11    2
    2   14    4    4    9
    6   25    8   11    3
   15   25    1   10    3
    2    3   10    7    8
    8   14    1   11    9
   18   20    7    3    7
   17   13   12    3    6
   19    3    8    5    5
    3   28   11    5    4
   26    5    7    7    8
   10   26    6    8    3
    7   10    5    9    1
   14   30    4    7    2
   29    4    7    4    8
    9   30    6   12    2
   22    2    4    3    8
   15   23    2   11    2
   29   13    6   11    8
   30   21   10    8    9
    5   30    1    9    3
   26    6    4    7    8
   11   16   10    6    2
   23   27    5    5    3
   28   14    4    9    8
   26   22    5    3    3
   19   16    8    5    9
   21   18   11   10    3
   28   24    9    2    3
    7   23    5    3    7
    2   18    2    1    9
    6   19    6   11    6
   28   15   11   12    2
   19   23   12   10    5
   20   16   11    8    8
    4    4    7   10    2
   21   10   11    3    9
   20   12    5   10    7
    4   18    5    9    2
   18   16   11    4    3
   18   19    2    3    8
   27   18    8   11    2
   24   24    1    2    2
   28   17    7    4    3
   29   22    5    9    1
    7    1    1   10    8
   23   23    7    3    3
    4   21    8    7    9
    8   21    4   11    6
   30   23    4    8    3
    7   29    1    1    1
   11    2   10   12    8
   28   20   11    2    2
   14   19   10    6    8
   12    4   12   11    3
   13   18   11    6    3
   29   19    1   10    3
   10   16   11    6    8
    2    4   10    5    8
   27    1   11    9    7
   15   30    3    3    1
   15   17    3    2    3
    8   30    7    8    3
   23   25   11   10    2
    9    1    8    3    9
   27   24   10    6    3
   26   27    6    9    2
    9    9    9    8    9
   25    9    8    4    2
   28   12    5    1    3
   21   14    1    9    7
   18   29    2    3    4
   24   30    5    6    4
   30   22    3    5    2
    8   28   11    5    2
    1   18   10    6    1
    1    3    7    1    7
   17    2   11    7    8
    9   29    4    1    2
    3   22    2   11    6
   30   30    3    4    5
    3   21    9   12    4
   18   23   11   10    5
   19   27    2    2    1
   22    9    5    4    5
   15   12    9    3    6
    2   24    7    5    2
    9   19    5    5    3
   15   18   10    2    1
    2   29    9    2    1
    8    8    2    7    3
    3    5    6   12    9
    3   23    1    3    1
   10   11   12    8    3
    8    1   11    4    9
   19   10   10   12    2
   13   19    4    8    8
   17   12    1    7    7
   21    5    5    7    2
    7   16    8    9    3
   30   28    9    5    8
   24   23    6    6    2
   16   26    3    2    8
    7   20    6    5    1
    3    8    5   12    9
   23   16    8   10    2
   18   22   10    6    7
   14    7    8   11    3
    3    3   10    4    5
    7    8    2    9    3
   29   29   10    9    1
   14    4   12    2    9
    7   15    4    2    7
   28   19   10    3    3
   25   19    9    2    3
   16   12    3    8    2
   30   13    6    8    4
   18   25    4    5    5
   11    9    9    1    8
   21   13    7    1    7
   12   30   11    7    7
   14   22    9    1    7
   26   13    2    6    7
   15   21    2    6    2
   16    4    4    1    3
    2   16    1   12    5
   22   17    6    5    4
   15    9    2    6    1
    1   25    6    8    2
    6   10    9    8    3
   15   27    8    8    2
   27   14    1   12    8
   20   27    6   11    1
   20    2    5   11    9
   19   15    8    9    3
   12    9    4    1    9
    9    8    2    5    3
   29    6    9    9    3
    7   22    1    6    3
   11   18    1    3    1
   16    5   10   12    8
    6   23    8   10    4
   12    6    2   12    9
   17   17    5   12    7
   28   28    8   12    8
   15    5   12    9    2
   24   12   11    9    3
   15    6   10   11    1
   29    8    9    5    3
    5   25    9    3    4
   18   30    6    2    1
   10    5    8   10    5
    3    4   11    3    9
   26    1   11    2    8
   22   15    4    5    7
    1   21    8   10    6
   19   20   11    5    3
   26   19    4    4    2
   21   28    8    8    1
    5    5   10    4    8
    5   14   10    5    1
   19    8    9    7    2
   11   21    7    9    8
   20   25   12   11    9
   13   14   10    4    6
   28    2   11    4    7
   25   21    7    5    1
   27    5    5   10    2
   30   17    8    7    7
   19   30    9   12    4
    8   23    5    6    7
   24    5    1    3    3
   21    2   11    9    7
   23    5    5    9    1
    7   25    3    9    7
    2    2    4    7    9
    9    4   12   11    7
    6   16    3    5    8
    3   27    1   11    1
   11   11    2    3    8
    5   22   11    4    3
    6   28    9    2    9
    6    2    1    2    1
    9   16    9    2    1
   12   25    9    8    2
   26   14   10    4    9
   24    3    4    2    4
    8    6   10    7    4
    5    6    7   11    2
    3   26    8    8    5
   23   28    8    1    1
   13    8   11    8    5
   11   26    8    9    2
   16   17    7    8    3
   13   23    4    1    3
    9   26    2    7    4
    5   28    1   10    4
   12    5   12   12    5
    9   23    8    7    2
   15   15    1    9    8
   26   29    4    6    7
   13    9    2    8    6
   28   10   11    4    9
    2   13    6    9    9
   14   20    8    4    9
   22   24    6    4    4
   25   26    9    6    2
    1   29    5    1    4
   25   25    5    8    7
   11   22   11    8    4
   22   16    6    2    3
    1    2    4   12    9
    4   24    9    4    8
   17    4    9    2    4
   30    6    3    2    3
    5   19   11   12    6
   30   26    8   11    5
   19    1   10   12    2
   27    7   12    7    2
   11    7   12    4    9
   27   21   12    7    7
    7   28    7    1    6
   10    3    4    3    5
    3   16   12    6    8
   12   11    6    7    9
   10    1    7    4    3
    7   24    4   11    7
    4    8    8   12    6
   29   25    5    6    2
   20    6    7    2    3
   13   13    8   11    9
   14    3   12    9    4
   20    3    3    3    8
   22   28    9    7    4
   14   18    4   12    3
   26   26    6   12    6
   10   18    8    6    4
   24    6    7    2    2
    3    9    2    7    9
   13    5   12    9    4
    4   25    3    3    8
   18   24    1    1    9
   22   10   10   11    2
   16   29    6   12    2
    1    1    3   10    2
   17   20    8    6    9
   22   20   10    5    2
   11   20    5   11    8
   20   30    3    1    8
    6   13    5    8    7
   17    9   10    1    6
   19   24   11    5    2
    4   20    7   10    4
   26    2    2   11    9
   12    7    6    1    8
   12   26    4   12    3
   26    8   11    2    7
   25   14   10    6    9
   21   23   10    2    2
    4   11    7    7    4
   27   13   12    2    3
    9   24    1   11    3
    2   19    2    3    5
    8   16   10    4    6
    7   19    9   12    8
   27   28    4    4    9
    1   23    2    3    4
    8    5    9    4    9
    6   21   10    6    5
    7    6   10    6    5
   13    4    6   11    8
   17    3    1    8    3
   25   10    3    8    9
   17   10   11    9    2
   13    1    6    5    7
    1   14    5    4    8
    3   13    6    5    8
   30   29    6    5    2
    5    1    9    2    2
   18   18   11    2    2
    3   18    5    7    4
   23   11   12   10    3
   11   24    1    7    8
    7    7    2   12    4
    3   11    8    7    8
    4    7   12   11    3
   13   15   10    2    4
   15   16    8   12    2
   10    8    4   11    4
   12   29    6    7    3
   22   21    8    5    4
    9    5    7    6    5
   17   14   10    6    9
   11   28    7    6    8
   20   15    7    8    4
   17   27    5    2    7
   22   25    9    6    3
   23   29    2    2    4
   24   13   11    4    5
   25   11    5    8    6
   17    5    6    3    2
   10   20    8   10    3
   17   23    9   10    4
   22    1    1    6    4
   28   16    7   11    5
    1    4   10    6    9
    7   17   10    1    4
   13   22    6   12    3
    3   12   11    8    7
   30    2   11    1    3
   12   13   11    1    2
    9   10    3    3    3
   21    9   12    8    4
    9   27    6    2    5
    7   18    2    2    9
