   24    8    9   11    5
   14   21    7   10    5
   21   19    6   10    5
   19   24    8    6    5
   27   30    8    6    5
   22   30    6   11    5
   13   14    9    1    4
   20   30   10    4    2
    6   20    8    8    7
   18    3    9    3    5
   25   22    7    7    3
   14   19    2    8    4
   23   27    6    9    3
   21   20   12    7    1
   29   10    9    4    2
    6   23    6    9    3
   26   11    2   12    5
   30   30   12   10    3
   21   21    2   10    4
   19   28    7    6    3
    2   24    7    9    2
   10   27    5    8    5
    5   30    3   10    2
   24   13    3    6    4
   18   11    1   11    5
    4   12    9   10    2
   15    1    1    7    3
    1    5    5   12    2
   13   28   11    6    3
    7   16    7    8    4
   24   23   11   11    5
    4    6    5    5    3
   12   23    8   12    4
   14   25    4    3    2
   22   14    2    5    3
   23   17    8    7    4
   18   19    9    1    2
   23    7    5    6    6
   11    3    1   11    2
   23   19    7   10    3
    5    8    8    4    4
   15   18    9    9    6
    3    7   11   10    3
   12    7    6    3    2
   10   25    8   12    3
    1    3   11    9    3
   11   29    1   10    1
   15   30    1    4    2
   14    1   11    4    7
   30   18    2   11    1
   25    9   10    9    2
   15   14    8    7    2
   29   16   12    9    8
   23   16   12    9    1
    1    2    7    5    2
   28   23   11    2    8
   16   15    9   10    3
   27   21    3    8    2
   19    9   12   11    7
   29   21    4    3    6
   13   22    5    3    5
   30   11   10   10    7
    1   10    7   12    8
    2    2    4    6    6
   21   15    1    5    5
    5    7   12    9    9
   16   19    9    8    8
   25    2    4    1    6
   11    9   12    6    7
   12    6    5    3    4
   10   22   12    7    8
   26   29    8    8    9
   30   23    3    8    9
   30   19    3   11    6
   18    1   10    6    5
    4    4    4    9    8
   28   11    4    6    8
   14    5    4    1    7
   12   20    6    2    6
   26    5    4    3    9
   22    4    8    6    8
    2   27    8   11    6
   18    9   10    5    5
    3   10    4    3    9
   16   21   12   11    9
    7    1    7    1    8
   17   25    5   11    9
   18   27   10    4    5
    8    6    7   10    8
   17    1    4    2    4
   26   28    6    4    7
   15   20   11   12    3
    3   30    2    5    2
   20   26   12    6    6
   28   25    6   12    4
   10   12    3    4    5
   11   20    4    9    3
   27   14   12    6    4
   15   15   10    1    5
   18    6    4   10    4
    4   10   10   10    3
   28   28    7   10    2
    7    7    8    5    3
   27   29    1    5    5
   17   13    8    6    4
    6   15    4    7    3
   17   24    3    1    2
    2   16    4   10    4
    2   10   11    5    4
    3   27    6    9    3
   10   14    1    3    3
   28    5    1    6    4
    3   29    7    8    4
   25    4    2    3    3
   11    2    1    2    3
   16   25   12    8    4
    8   11    4   12    3
   30    4    6   11    4
   24   24    2   12    4
   16   14    9    4    5
    1   26    1   11    4
   21   26   12    3    3
   15   11    5    9    3
   11   16    8    9    4
   22   18    2   12    5
    4   21   10    7    6
   20    9    5    5    8
    3    6    4    1    6
   14   14   11    1    6
   23   23    8   12    3
   28   29   10    2    8
   24   18   10    7    5
    7   25   12    9    2
   19   26   10    5    3
    3   15   10   11    6
   27    9   11   12    7
    8   22    7   11    6
    8    8   10    2    5
    8   26    3    2    3
   25    1   10    4    7
   13   20    2   11    4
   16    4   10   11    2
   22   20   10    8    6
   10    6    7    7    4
    8   25    9    9    6
   13   15    5   10    7
   26   22    5    8    6
   26    9    8    5    6
   11   12    6   12    7
   27    5    8    3    7
    5   18   10    5    5
   25   26    8    5    6
    9    2    9    8    5
   19   22    7    7    3
   15   19    1    8    2
   27   26    3    5    6
   21   11    2    3    5
    1   28    1   12    6
   17    3    2   10    3
   30    1   10    5    4
   20    2    2    9    3
    1   22    2    3    3
   22   24    6    2    6
    1    6    1   12    4
   17   16    7   11    3
    3   28   11    3    6
   20    4   10    9    5
    9    1    9    4    7
   14    4   12    3    6
   18   13    4    6    5
    8   16    3    7    6
   23   21    8    2    3
   21   13    9   12    2
   15   26    6    5    6
   28   12   10    6    3
   21    3    6    5    5
   17   21   11    8    3
    2    7   12    9    2
   18   21   10    5    2
   14    2   12   11    2
   26   30    8   12    6
   21    7    3   10    7
   13    9    3    7    8
    8    3   10   10    2
   18   17    6    9    3
   23   11   12   11    8
   29   13    4    7    6
    1   21    6    7    4
    5   10   10    9    5
    7   29    7    7    3
   12   30    7    1    4
    5   23    2   12    3
   16    9    7   10    2
   29   23   12   10    4
    1   16    9    7    2
   29    4    2    5    1
   11   25    4    6    1
   19    3    8    3    3
    9    8    2   10    4
   19   12    4    2    5
   16   16    2    3    3
   12    8   12    9    3
    2   22   10    7    4
   29    2   12    8    5
   14   20    7   10    3
    5   19   11    3    3
   25   24   12    7    4
   25    6    7    3    5
   28    4    9    5    4
   22   15    7    3    2
   30   10    7    2    3
   30    9   11    7    5
   26   12   10   12    3
    8   28   11    5    5
   20   17    5    2    4
   23   14    8   12    2
   27   27    1    2    1
    3    5   10    2    3
   16   26    7    4    3
    2    6    6    4    4
   17   22    1    1    3
   13   16    5   11    2
    5    5    4    9    4
    6   17    5   11    4
   30   28   12    7    2
   19    2   12   12    1
   13   30    3    4    3
    1   23    5    1    5
   14   11    8   11    3
   19   10   10   11    2
   14    8    9    3    2
   28   22   11    7    4
   24   11    9   11    4
   10   13    3    7    2
    4   19    9    2    1
   22   23    6    6    3
   12   12    3    7    5
   13   13    7   11    3
   22   16   11   12    1
   11    4    4    7    3
   26   17   10    5    5
   20   29    5    7    3
   15    2    3    7    2
   11   11   10    9    2
   24   15   11   11    4
    5   13    2    7    4
    9   22    5    7    2
   10    8    6    5    1
   20    8    8   10    4
   22    7    7    3    4
    2   12    1    3    2
   12   15    6    9    2
   10   15    8    1    4
    4   17    8    8    4
    9   10    8   11    2
   25   18    8    1    2
   16   24    4   10    4
    5   25   10   12    4
   14   24    9    2    3
   18   29    5    2    2
    2   21    8    4    1
   26    3    6    8    1
   19   27    7   12    1
   12    1    9    5    2
   21   12   12   11    2
   22   29   11    6    2
   26   24   11    9    1
    2    8   11    6    2
   24    4    3   11    1
   17   17    7    1    2
   15   27    6    9    1
    2   17    9    5    2
   11    1   12    2    1
   10   18    8    5    2
   30   17    7   12    3
   26    7   12   10    4
   27   13    6    4    3
   18   16   10   12    2
   29   25    9   11    3
    7   17    9    7    3
    4    7    7   11    2
   16    6   11    4    1
    8    4    2   10    4
    7   11    1    9    2
   12   13    4    1    4
    9   21    7    6    3
   22    5    8   10    2
   27   24    3   10    4
   11    5    3    3    5
   24    1   12    2    3
   17    9    8    6    2
   21    5    1    7    3
   17   10    9   12    4
   17   29    6    8    5
   14   26    8   11    3
    4    1   10    9    3
    4    9    6    5    1
   12   24    8    5    2
   28   27    8    3    5
    2    3    1   11    3
   28   17    6    8    2
    6    5   10    7    4
   28   18    8    7    5
    4   13    5    9    1
    6   13   12    3    2
   25   25   10    6    1
    2   23    3   12    1
   22   22   12    1    1
    2   30   10    2    2
   24   20   11    5    2
   26    2   12    5    2
   29   19    1   10    6
   27   11    6    9    7
    1   27   10    7    6
    7    8    7    4    6
    9   23    8    8    6
   14    7    5   12    6
    5   15    4    8    5
   29    1    4    1    6
    3   23    7    1    5
    3   24    1    5    4
   26    6    2    6    5
    3   12    3    2    6
   10   16    3   10    6
   19    6    8    2    4
   24   29    1    7    6
   27   20    1    9    7
    8   19   10    3    6
    3   25    8   11    5
   15    7   12    3    7
   20   23    5   11    6
   18   20   12   11    8
    4    5    5    6    6
   21   30    3   10    8
   29   14    2   12    7
   18   18    8   10    5
    7    6    2    5    7
   16   30   10   11    7
    2    4    2    7    6
   19   13    2    7    6
   14   18   10    7    8
   26   26    4    7    6
    8   21    1    9    6
   30    7    8    5    6
    5   24    9    6    6
    4   27    8    6    6
   20    1    2    8    6
   25   12    7    4    6
    5   29    8   12    6
   26   23    2   12    6
   15    8   12    7    7
   20   20    9   11    5
   18    7    9    5    7
    1    1    6   12    6
   11   13    6    8    6
    2   18    5    9    6
    8    1   11   10    5
    9   24    7    5    7
    2   28    9    7    7
   11   19    6    9    5
   10   10    5    8    5
    9   12   10    2    7
   14    6    7    2    7
   29   29    6    4    5
   29    8    8    6    3
   13   25    1    8    5
   19   19    8   10    7
    1   19    6    6    8
   20   16    3    4    6
   13    2    4   12    4
    6   30   11    8    4
   10   28   10    3    7
   21   25    4    8    7
   12   16    2    7    5
    9    7    5    8    5
   13   23    3    2    6
   19   20    7   12    7
   26   13    4    4    6
   17   12    6    2    4
   12   18   11    1    5
   26    4    6    8    7
   13    3   11    2    6
   28   14   11    6    5
   23   10    2    7    4
   29    6    8    4    3
    4   18    8    5    5
    9   29    4    4    6
   22   21    9    8    7
    9    5    7    6    6
   30   24    6    7    4
    6   27    8    8    6
   14   17    6    2    7
   26   10   10    8    7
   14   30   10    4    7
   21   10    3    3    6
   11   10   10    3    4
    8   23    7    5    5
    5   20   10    8    6
   21   24    7   10    7
   22   27   12   12    6
    3    4    2    3    4
   11   22    5   12    5
   16   27    5   12    6
   27   17   11   12    6
   17    8    4    2    5
   13    8    8    6    6
   25   19   12    9    7
    9    3   12   12    6
    1   13    2    3    5
   28    9    6   11    7
    3    3    7    6    5
   10   24    5    4    7
   27   25   11    3    6
   18   26    2    6    5
    2    5    6    3    7
   17   15    6   11    5
   28    7    1   12    5
   27    7    4    1    5
    3   20    9   11    7
   28   16    2   10    7
   21    6    7   11    5
   19   17    6    6    5
    6    6   11   12    5
   29   30    5    4    5
   10    7    1    1    7
    6   11    4    9    7
    3   22    1    4    5
   12   14   12    7    6
   22   12    5    1    5
    6   28    1    2    6
   30   25   12   10    7
   30    8    8   11    7
   27   12    1   10    7
   20   10   10    4    7
   15    9    8   11    5
    4   15    2   11    4
    3   14    3    4    6
   28   15   11    6    6
   25   23   11   10    4
   29   15    9    6    6
   15   23    4    5    8
    7   19    7    6    4
    4   23   12   10    2
   24    7    5   12    4
   27    8    4    6    6
    3   16    1    3    4
   13    7    8    9    5
   28   24   11    4    6
   12   29    4    7    5
    9    9    5    3    1
   15   25   10    8    3
   24    6   12    1    5
   28   21   12   11    7
   20   28   10    5    9
   20   25    3    4    8
    5   12   11    4    6
   20    7   10   10    4
   17    5   12   11    2
   17   11    7    7    3
    9    6    5    8    5
    9   14   12   10    7
   23   18    2   12    5
    8   18    8   12    3
   22    6    3    8    5
    5   16   10    6    7
