   10    1   11   11    3
    9   26    7   10    5
   15   30    5    8    5
    4   14    4    8    5
   26   25   12    8    5
   17   13    9   11    5
    3   21   12    3    5
   28   11    4    7    5
    7   27    6    9    6
   28    6   10    8    2
   24   17    6    8    3
   17   30    7    5    5
    8    8    4    8    8
   18   18    1   12    7
    5   21   10   12    2
   18   12   12    7    1
   24    2    9    4    1
   30   28    6    2    4
   18    1    3    5    5
    8   30   10    1    5
   16    4    3    9    5
   19   14   12    7    5
   25   17    3    7    5
   20    3    9    8    6
   16   15    7   12    7
   16   10    2   11    4
   28    5   12   10    5
    3   17    8   12    7
   23   18    7    6    3
   21    8    3    8    6
    2    1   10    9    8
   24    6    5    4    1
    3   22    5   10    3
   10   26    8    3    4
   22   10    3    1    5
   19   10   10    1    5
   29   27   11    6    4
   28   23   11    1    3
   17   14    3    8    3
   21   19    5    6    3
    4    4    8    9    4
   18   15   10    4    2
    1    8    7   11    4
    2   19    5    4    2
    4   30    4    2    2
    2   22    3   12    2
   29   13    2   11    2
   17   15    4    2    1
   24   20    3    9    3
    9   25    1    1    3
   29   18    9    7    4
   15   27    7    7    5
   11   11    1    3    5
   25    6    6    5    3
    1    6    9    3    5
   19   28    1   10    3
    6   20    3    7    4
   25   24    2    3    6
   14    8    6   10    8
   19   19    6    4    6
   17   26    3    6    3
    7   18   10    9    8
   25   25    6    9    2
   28   28   11    5    3
    6   23    6    9    2
    9   19   12    8    7
    1    5   12    8    9
   13    9    2    6    1
   12    4    6    5    9
    1   13    6    8    7
    6   13    3    2    6
    7    6    1    4    3
    5   14    6    4    2
   15    6    3    9    8
   21   10    3   11    2
   29   26   11    2    8
   24   12   12    8    7
   15    8    4    1    2
    2   30   12    9    8
   17   28    5   12    6
   26   23    9    3    4
   24    9   11   10    3
    2   21    6    2    2
    3   26   12    1    3
   10   29    2    6    4
    4   25    9    7    2
    6    3    9    7    4
   20   29    3    2    5
   16   19    7    4    3
   16   30    7    1    3
   28   10    8    7    2
   15   23    4    1    3
   16   13    5    3    3
   15    7    3    1    2
   21   24    8    8    2
   26    5    8    5    3
   24   26   12   11    2
   20    5    8   12    4
    6   19    1    3    1
   24   27    3    7    2
    3   12    9    6    3
   17   17    7    2    4
   10   20    6    3    3
    4    5   11    2    5
    1   23    2    8    4
    2    2    4    6    1
   18   16   10    9    4
   21   21    4    2    2
    7   21   10    7    3
   11   22    4   10    5
   20   14   12    4    5
    8   13   10    8    5
    8   10    5    6    3
    6   17    9    6    5
   13   22   11   10    3
    7   14    3    6    3
    2    3    9    5    3
    7   12   11    7    5
   11   21    5   11    5
   29   28   10   10    5
   28    1    4    3    5
    3    3    9    7    5
    3   10    5    3    5
   18   20    1    7    5
   10   27    6    1    2
    6   26    3    8    2
    8    2    1    7    2
   24   18    9    5    2
   18    6   10   12    3
   16    8    2   10    2
    6    6    6    7    2
    1   12    8    4    4
   30    5   10    3    3
    8   20    2   10    4
   29   16    9    6    5
   27   25    7   11    4
   16   12    4    7    2
    9    7    2    7    2
   29    1   12   12    2
   22   19    7   12    3
   27   20    2   10    2
   15   25    4    7    2
   23    7    8    6    3
   17    7    6    3    3
    6   22    2   12    1
    1    1    5   11    8
   10   24    3    4    3
   27   11    6    4    5
    6   29    4   11    5
   13   13   11    4    5
   27    8   11    3    5
   12   19   11    2    5
    5   25    8    9    4
   23   16    8    5    4
    9   22    3    2    6
   12   15    4   10    4
    4   10    3   10    2
    6   11    4    3    2
   23   25    8    8    3
   13   11   11   11    3
   29    8    8    1    3
    7    5    9   12    4
   23    4   11    4    5
   27   27   10   12    4
   28   20    6   12    3
    3   11   10    1    3
   14   24    5   12    4
   17   16    3    3    5
   18   19    5    3    4
    8   19    2   11    5
   15   14    1   11    6
   15    3    3    8    5
   13   26   10    2    4
   23   20   10   12    3
   18    2   12    4    2
    3   27    4    9    4
   12   21    4    2    3
    9    5    7    8    3
   16   11    5    6    4
    4    3    8    4    5
   11   15    1    7    5
   24   22    5    4    8
   14   28    2   12    9
   26   16    5    7    8
    6    5    5    2    6
    4   15   10   12    6
   11   10    3   10    8
   10   12    6    3    4
   16   20   12    8    3
   14   29    9    6    4
   11   23    6    8    6
   21    4   11   10    6
    1   26    5    5    6
   14    1    3    1    6
   23   23    9    6    5
   11   18    9    6    5
   23   17    3    6    5
   14   14    5    8    5
   23    9    4    4    5
   20    7   11    5    3
   15   21   12   10    5
   23   30    6    6    6
    2   17    4    7    6
   30   27   12    9    6
   15    1   12    1    6
    8   11    4    6    7
   26   22   12   11    6
   13   21    2    9    7
   18    8    5   11    6
   20   15    7    5    4
   20   19    9   12    4
   27   18    7    5    4
   29    9   10    9    3
   18   28    2    9    7
   21   16   11    4    8
   14   18    4    3    6
   30   18    7   11    4
   18    3   12    7    5
   21   17    9    8    4
   23   12    2    6    3
   27   14    4    6    4
    2   12    6   10    5
    1   11    2    2    7
   11    2    2    6    8
   26   21    5    3    5
   21   27   12   10    4
    9    2    2    7    2
    4   11    3    2    4
   29   12   11    1    5
   24    8    5    7    5
   17   18    1    2    5
    7   26    3    6    5
    7    7   11    6    5
   17    5   11    2    5
    9   27    3    4    5
   17    4    2    9    6
   15    9    3    2    8
   13   18    7    5    5
   15    2    2    8    5
   28   27    7    7    8
    5   19    4    2    8
    3   16    5    4    6
   11   17   10   10    5
    8    5   11    1    5
   12   28   11    8    5
    1   30    3   11    5
   25   18    2    8    5
   19   29   12   12    4
   26   18    2    8    3
    2    5    8   10    4
   12   20    6   11    7
   19   25    9    6    7
    2   25    6    6    8
    3   19    7    9    9
    1   22    5   11    7
   24   13    3   12    9
   22   12    7   10    9
    7   11   12    8    7
   10   15    9    1    6
    8    4   10   12    8
   26   15    2    9    9
   15   19   12    3    7
    5   23   11    2    7
   24    3    7   11    9
    4   22    6    4    7
   16   28   11    5    2
    1    7    1   10    5
   27   13    4    3    3
   25   14    5    5    1
   19   24    4    6    9
    9    8    9   11    2
    3   23    1   11    1
   18   10    9    5    7
    5    5    6    1    8
   17   12    3    2    5
   25    8    5    5    4
   13   23    5    9    3
   30    3    7    9    3
   18    9   10   10    5
    6   14    7    7    5
   22   17   12    3    3
   12   12   10    4    4
    6    9    8   10    5
   11   20    7   11    7
    4   28    3   10    7
   26   27    6    3    6
   30   26    8    5    6
   23   27    2    2    6
    2   10    3    4    3
   26   26    4   12    5
   26    8    5   11    6
   13    3    1    8    6
   11   24    4    2    6
    4   18    9    9    3
   13   14   10    9    5
   11   29   12   11    5
    5   29   12    2    3
    7    3   11    2    4
    7   24    2    3    4
   30   24    6    9    4
   17   10    7    9    4
    7   13   12    3    4
   23   22   11    8    4
    7   30    5    7    4
    3   28    7    3    2
    7   10   10   11    1
   12    9   10    1    1
    2   23    1    2    1
    3    9   12    7    1
    6   16    6   10    1
   19    7   11    1    2
   22   25    9    7    3
   12   26   12    3    4
    8    3    4    2    4
   17    1    9    6    5
    5   27    1    5    7
   22   16    4    6    9
   10   13    5   11    9
    3    1   11    8    5
   10   10    6    2    3
    4   19    2    8    7
   11   26    5    3    8
    3   25    2   10    5
    9   20    1    4    3
   16   24    2   11    7
   21   22    1    4    8
    4    2    4   12    6
    1   27   11    8    4
   12    8   10   10    6
   25   28    3   12    7
   14   16    7    5    8
   30   19   11    8    8
   11   19    9    6    4
   28   26    6    1    3
   30   12   11    7    4
   21   30    8    4    5
   25   30   11    1    6
   13   15    5   10    7
   13   25    6    1    7
   10   25    4    7    8
   20   13   10    3    6
   13   12    4   11    4
   22   18   11   12    4
   25   12    7    6    4
   19   27    6    1    4
   28    2    2    9    6
   29   21   12   11    4
   12   27   10    7    3
   21   23    1    8    4
   17   29    1   11    5
    7   22    9   10    5
   11   12    3   10    6
   15   15    9    5    7
    4   29   11    9    7
   16    7   12    5    7
   29   24    9   11    3
   20   30    6    5    5
    4    6    8    8    2
   30   22    5    8    2
   22   22    2    8    2
   23   29    5    9    3
   13   30    6    5    4
   18    5    1    2    4
   30   14   11    2    6
   14   26   12    2    6
   12    5    7    5    5
   30    9   10    8    5
    9   21    6    6    3
    2    6   12   11    4
   22   14   11   12    6
   10    5   10    2    3
   19   23    6    6    6
   26    4   12    6    3
   16   16    8   10    4
    4   20    7    1    3
   21   20    8    3    4
   10   30   10   11    4
    7    2    3   10    4
   27    2    7    8    4
   20   26    2    2    2
   21   14    9   11    3
    2   14   10   10    2
   25   29    6    5    2
    2   13    1   10    3
   13    4    6    3    3
   19   13    4    7    3
   22   27    6    6    5
   16    2    4    6    3
   20    1    3    8    3
    6   10   12    5    3
   25   21   11    2    3
   22   15    9    2    3
   15   24   12    6    2
    8   22    8    8    2
    8   23   12    5    2
    2   29    9    5    2
   11   30    8    9    2
    5   15   12    4    4
   18   21    6    9    4
   25    7    7    8    4
   25   20    5    7    4
   14    3    6   12    4
   30    6    9    6    5
   24    5    9    4    6
   23   10   12    3    7
    1   25    1    3    7
   13    5    2    3    7
   21   28    9    4    7
   20   20    5   10    7
    2   26   12    8    7
   29   29    8    4    7
   13   28    3   12    7
   28    7    7    7    7
   11   25    5   12    7
    5   11   11   10    7
    4    9    3    9    6
   23   14    1   10    5
   22   20    9    7    3
   22   29   10    2    3
    2   20    8    5    5
   21    6    8   12    6
   30   30    7   10    7
   17   20    1   12    7
   28   22    5   11    7
   24   23    7    9    5
   19    1    3    2    1
    6   12   12   12    1
   28   15   12    4    1
   16    1    8    9    1
    9    9    8   10    1
    9   17    4    7    1
   24    4   10   10    1
    4   27    8    3    1
    1    9    8    3    1
    1    4    3    1    6
    3    5    2    5    4
    7    8   10    8    4
   24    1   12    1    7
   17   19    7    8    5
   11   14    6    1    7
    7    4    8    9    3
   19   26    6    8    7
    9   11    9    2    1
   16    9    8    3    2
   16   25    5   11    2
   12   14    6   10    4
   22    5   10   10    6
    9   14    1    7    3
   14   10   10    8    2
   27   17    9   11    4
   28    8   12   12    1
   16   27    9    5    6
   30   29    1    5    7
    8    6   10    4    4
    5   16   12    2    3
   28   24    2    4    4
   29    7    4    3    4
   29    3    1   10    3
   29   15    4    2    4
    1   21    7    6    4
    8   17    3    9    4
   10    9   11    7    7
    6   27    2    2    6
   28    9    3    5    5
   24   24   12    5    4
