   11   21   10   10    4
   17   20    6   10    7
   27   14    9    4    4
   12   26    9    5    2
   21    9    5    3    4
   25   14    9    8    9
   18   14    2    8    6
    5   26   10    9    4
   18   10    1    1    7
   28   25   11   10    1
   21   16    4    2    2
    3   25    8    8    1
    2   27   11    2    1
    1   23   10    2    1
    4    4    7    1    1
    5   25    6   10    1
    4   25    8    1    2
    8   23   11   11    1
   11   13    7   12    1
   25   11    4    8    1
   24   12   12   12    1
   25   16    3    1    1
   16    9    4    8    4
   15   13    2    9    1
    2    2   10    7    2
    4    6   12    4    1
   26   14    3    4    3
   21   19   12    7    2
   17   28    6    9    3
    9   25   10    5    4
   22   11   12   12    4
   23   16    6    2    3
   15   21    2    2    4
   17    3    3   12    5
    1    1   10    9    3
   28   28   11    8    4
   25   15   11    6    5
   26   29    3    4    2
    5    2    8    5    2
   23   13    1    4    2
   22   30    3    2    2
   28    6    7   11    3
   24   15    1    8    6
   10   17   12   10    1
   13   30    2    8    2
   19   23   12    9    2
   29    4    8    9    3
   25   26   12   12    1
    5   22    4    4    1
   22    4   12    5    6
   13   28   12    6    1
   19    2   12    9    2
    9   13   11    1    2
   27    6   12    9    1
   28   21    9   11    1
    5   20    1    4    1
   16   22    3    8    2
   15   19    5   10    6
   24    5   11    1    2
   27   26    8    5    2
   13   29    6    9    6
    9    1    1    8    2
   22   25    8   10    2
    9   18    6    3    3
   30    6    7   10    4
   10   13    8    1    5
   14    6    5    6    3
    5   18   12    7    5
   12   14    5    1    5
   25   12   11   12    3
    7   19    7   12    4
    4    7    5   11    6
    2    8    2   12    3
   20   19   11   12    5
   24    3   12   12    2
    3   15    8    5    5
   26    1   10    6    5
   15    9   10    3    3
    8   26    7   12    3
    4    8    8   10    3
   28   30   11   12    5
   10   25    3    7    6
   28   29   11    7    4
    5    9   10    7    2
   20   10   12    5    3
    4   24   12    2    5
   10    7    1    4    3
   12   17    6   12    3
    3    4   11    3    4
    7   11    3    1    3
   11    6    6   12    5
   25   29    2    8    5
   22   12    1    3    5
   18   16   11    6    4
   16    5    3    7    5
   18   15   12    3    1
   20   16   12    4    4
   22   18   11    8    3
   29   15   12    7    2
   25   30    5    3    2
   27   11    9    7    3
   29    1    8    5    3
   10    9   12    1    2
   15   22    8    8    5
   25    6    7   12    1
    2   11    3    6    1
   14   29    4    9    1
   28   23   11   11    3
    7    3    4    2    2
    4   23    3    7    3
   16    2    8   11    3
   30    2    5    4    2
    1   28    3    6    2
    8    6    3    8    2
   20   22    1    7    5
   16    7   11   11    1
   14   14    9   10    3
   13   14   12    7    1
   30   21    4    6    1
   17   17    8   11    2
   11   11    3   12    1
   16   26    1    8    3
    8    3    5   11    3
   29   21    3    7    1
   27   20    5    8    1
   17   19   12    4    3
   22    8    8   10    1
    4   16    3    5    3
    6   29    8    1    4
   12   18    9    7    4
   17   22    1   12    4
   10   26    9    6    4
   12   27    9   12    4
   18    8    8    4    3
    1    4    5    2    4
   13   19    8   10    4
    4   18    8    4    4
    2    6    5    6    3
    1   12    8    6    3
    1   17    8    6    1
   10   22    6   12    3
   24    8    8    1    4
   29   10    6    7    5
   30    9    5    6    5
   18    1    1   11    1
    4   11   10   10    5
    3   27   12    4    3
   21    1   12    6    4
   11    3    2   10    3
    3    9    6    9    5
   18   13    6    7    6
   25   21   10    1    1
    2   26    7    3    6
   27   29    5   12    1
   15    5    1    4    4
   17   21   11    6    4
    1   30    6    6    4
   28    3    4    3    3
   24   17    8    4    4
   24    2    4    6    6
   13   25   10   12    3
   30   16   11    6    6
   26   26    9   11    4
   24    6    8   12    3
   27   13   11    6    1
   27   17    1    6    3
   18   28    5    5    4
    2   18    8    9    3
    8    8    1    5    5
   22    6    9    9    1
   16   16   11    5    6
   23   20    9    7    6
    8   17    6    7    6
   10   10    4    3    6
   19    4    4    3    6
   22   13    6   11    6
   27   22    8    9    3
   13    3    4   10    5
   13    8    7    4    4
   16   11    7    3    3
    9   22   10   11    3
    3   29    4    6    2
   23   21    9    4    2
   13   26   11    7    2
   12   20    1   11    2
    8    1    6   12    4
   25    7    4    8    2
   14    7    1    1    3
   27   24    3    9    3
    2   28    5   12    4
   11    5    4   10    4
   23   27    7    6    2
   22   29    4    3    2
    4   21   10   10    2
    3   18    8    3    3
   30   19    9   11    3
    8   21    8    1    4
   26   24    4    9    3
   15   15    2    8    4
   14   20    8    4    3
   26   30    6   10    2
    4   28    9    1    3
    6    6    1   11    3
   24   29   12    6    2
   17    4    9    5    3
   10    6    5    1    2
   12    9    7    6    3
   10    1    7    3    3
   25    2    7    1    3
    5   19    9    7    3
   16   15    5    5    3
   16   13    8    4    3
   11   30    7   11    3
   17    5    5   10    3
   18   20    8    7    3
    9   28    1   11    3
   10   11    2    1    3
    4   12    8   12    3
   19   25   12    8    4
    9    8    7    7    4
   19   29   12    5    6
   20   25    9    8    4
   23   17    7    9    4
   12    2    1   12    6
   25   27    7   10    5
    9   20    9    8    5
   23   25   11   11    7
   30   17    5    8    4
   23    6    3    7    4
    1    2    2    2    5
   24   23   11   12    5
   25    1    3    9    4
   30   20    2    3    5
   21   21    3    8    1
   20    3   11    3    8
    9    2   11    3    1
    9   23    2    1    3
   24   21    9   10    7
   11   15    5    1    1
   24   24    7    2    7
   23   15    3    5    6
   28   11    2   11    6
   21   20   12    2    8
   19   19   10    7    8
   26    6   10    9    4
    7    5   12    6    7
   21    5   11    6    3
   18   18   10    9    4
   14   23   10    7    4
    5    4    3    9    1
   18   21   11    2    5
    5    1   12    7    2
   23    7    5   10    6
   22   21    1    8    6
    3    3   11    3    6
   20   20   10   11    6
   27   21    7   10    6
   27   19    7    2    6
   15   10    7    2    6
    6    3    4    9    4
    3   23   12    4    6
   18   24   12   10    3
   28   16    8    6    4
   11   12    5   11    6
   14    1   10    6    5
   28   26   12    4    4
   16   12   11   10    4
   12   21   11    3    4
   10    8    1    8    3
   30   27   11   10    4
   29    9   12    2    5
   14    2    6    5    5
    9   26    5    4    5
   20    2   12    7    5
   15   14    3    7    3
   27   16    1    9    5
   24   22    5    3    4
   26   22    5    6    3
   26   11    8    9    3
   19   12   11    3    2
    5   14    2    4    4
    7   20   10    8    3
   16    3    7    3    4
    7   26    6    1    3
    2   22    9   10    3
   14    3    8    2    4
   13   12   11    3    2
   12   12    6    2    2
    7   13    1    7    3
   21   13    3    1    4
   24   30   12    8    4
   17   14    2    2    4
   23    5    3    7    4
   29   30    8   12    4
   26   20    3    7    6
    2   29    8   10    3
    2    7   11    6    1
   12   28    5    7    4
    4   14   10    6    5
   11   19    8    5    4
    1   19    4    6    3
    5   10    6    4    4
   19   18    8    3    3
   30   12    9    7    4
   29   29    9   10    2
   29   18    7    7    3
   14    8    3   12    2
   29    8    6    1    3
   30    5    4    6    4
    1    3   11    2    4
    3   22    1   10    2
   12    7    8    6    3
   14   16    9    3    2
   15   12    6   10    4
   21   10   10    9    5
    1   20    8    6    3
   13    6   11    4    4
    2    4    8    9    2
   15    7    9    9    3
   24    1    8    9    4
   18   17    5    5    2
   11   14    1    8    3
   24    7    9    1    3
    9   27    1    7    3
   10   30    8    9    3
   19   14    7    5    2
    8   15    9    9    3
   30   30    5    6    3
    7    9    5    6    2
    8   25    5    2    3
    6   16    2   12    2
   10   12   10    5    5
    2   17    6    8    1
   16    8    1    1    3
   12   23    5    7    3
   23   29    2    3    2
   11   24    7    9    3
    7   21    9    7    1
   15   28   12    4    2
    7   29    3    8    3
   23   30    3    9    3
    5   29    9    9    1
   30    8    1    8    3
    7    6    6    1    4
   13    5    1   12    3
   26   18    3    2    1
   11   23   10    8    4
    6    5    5   12    1
    8   27    1    6    1
   16   29    8    2    4
    9    4    4    8    3
   27   18    3    9    3
   22   14   11   11    4
    2   23    2   12    6
   22   22    5    4    6
   24   14    2   11    2
   25   24    5    4    7
   17   26    2   11    1
    7   22    6   10    6
    3    2    3    2    6
   16   24    2   12    3
   27   27   10    4    1
   21    6   10   11    3
   19    6    2   12    6
   11   29    5    7    7
   18   30    4    9    7
   24   10    6    7    2
    4   10    9    5    3
   14   30    6    7    2
    8   11    2    8    2
   20    8   11   11    2
   13   13    2    7    5
   16    1    6    5    2
   21   14    5   11    3
   19   16    8    9    3
   28   22    7    5    3
    5   28    9    3    3
    3   19    7    2    3
   15    4    6    7    4
    1   22    7    5    2
   10   23    4    8    2
   13   17    4    8    6
   26   23    3    5    7
   26   19   11   10    2
   23   23   12    3    3
   18    7    9   11    3
    8    7   12    4    8
   18   11    4    2    2
    8    5    4    1    7
   30    3   12   11    7
   27   10    9    4    3
   11    1    1    8    4
   24   19    4    5    8
    4   13    3    8    4
   15   30   12   12    4
    5   27    9    9    2
    7    7    4    9    8
   10    2    3    3    2
   19   10    8    2    3
   24   13    1    1    3
   28   14    8    4    8
    9   19   11    7    2
    3   10    1    9    4
    7   28    8   11    2
    6    1    6    2    3
   15   26    1   12    3
   23   18    1   10    3
    3    5    1   11    3
   21    2    6    1    3
   11    9    1    4    3
    5    5    9    5    3
   10   16    8    9    3
   13   20    8   10    3
    7   30    7   11    2
    6   20    6    2    4
    2   15   12    1    3
    6   12   12    2    3
    9   14    6    5    3
   18   25    8    5    3
   20    4    2    4    3
   29   17   11    1    3
    1   15   10    6    2
    3   21    2    3    2
   12    8    2    4    2
   25   25    1   12    4
    9   24    7   11    2
   13    1    6    5    4
    2   13   11    7    4
   30    4   11    2    3
    6    9    1    8    4
    7   27   12    6    2
   17    7    7    4    3
    9    9    3   10    4
    3   12    7   10    5
   10   28    9    4    3
   23   22    8    8    4
   11   20    1    4    3
   17    9    5    7    3
   18    6    4    9    3
   20   24    8   10    3
   27   28    3   10    2
    1    7   10    6    5
   27   15   11    7    3
   29   20    7   11    3
   21   26    1    8    3
   27    1    6    9    4
    6   17   11    4    1
    3   26    6    7    3
   26    4    6    6    3
   28    8   10    3    2
   28   20    8    9    7
   19    8    4   11    3
   17   11    6    5    7
   28   19    5    9    1
   28   24    8    9    2
   20   15    6    9    2
   12    5    2    3    5
   16   17    6    2    3
   22   19   10    4    3
   17   15    5    9    3
    4   27    2    5    5
   15    6   10    6    3
   12   29    4    9    3
   14   10   12    8    3
   25   17    9    8    3
