   26   12    9   11    5
   14   16    9    4    8
    6   17    1    1    4
   23   24   12    6    6
    6   28    1    5    8
   30   16    6    1    3
    3    6    8    2    4
    4   23    7    3    7
   21    1    9    7    7
   17   13    3    3    6
   21    5    9    1    3
   18   27    2   11    7
   24    4   11    2    3
   26    6    9    8    7
    6    1    5   12    2
   12   27    1    2    7
   17    9    2    9    8
    7   28    7    8    7
   14   22    5    5    8
   19    3    9    8    8
   12   17    7    7    3
   27   30    7    1    8
    7   30    8   12    3
   13    1    6    1    6
   28   15    4   12    3
   29   27    5   12    8
   26   17    2   10    3
   11   22   10    2    7
   18   30   12    8    2
    4    7   10    3    7
   21   23   10    2    8
   15   29    8    9    2
   24    8   10    1    3
   29   13    4    8    7
    6    8   10   11    6
   26    2    9    2    4
   25   18    2    3    7
   18    4    5    9    2
    2   10    8   12    3
   27    4   11    5    2
   21   28   11   10    8
   10   30    1    4    7
    4   10    2    3    2
    2    2    9    7    8
    8    5    4   12    6
   14   23    4    2    1
    8    7    6   11    5
   11   11    1    9    7
    2   30    2    6    8
   25    3    1    6    2
   29    7    7    4    9
    5   19   12   10    8
    6   25    4    5    7
   30    6    7    7    6
   24   13    2    6    2
   27   23    8    8    7
   15    1   11    7    8
    1    7    4    4    8
   13   19    9   10    7
   20   28    5    7    6
   10    5    2    5    7
   12   29    9    1    8
   18   12   11    8    3
    1    8   10    5    6
   17   20    5   10    7
    4    8    6    8    2
   30    5    7    5    3
    6    7    3    3    7
   30   14    6   10    5
   11   12    6    4    7
   24   29    9    6    6
   20    7    9    1    8
   13   22    9    3    7
   29    8    9   10    6
   30   29   10   11    7
   10   19    4   12    6
   10   22    1   12    3
   20   15    3    8    2
    1    4    7    7    3
   28   14    3    9    4
   22    1    1   12    3
   13    9    6   11    2
   22   27    8    4    4
   28    1   12    7    5
    7   10    6    9    8
    1   24    8    8    7
   24    2    2    2    7
   22   18    2    6    7
   24    9   12    4    5
   14   13   12    2    4
   28   17   11   11    3
   21    8    7    9    2
   17   25   12   11    3
   16    9    7   12    2
   30   17    4    7    3
    2   29    3    9    4
   10   29   10    4    2
   11   25    1    2    3
    3   27    8    1    4
    5   27    2    7    3
   14    3    8   11    2
   12   21    4    9    3
   17    3    3    6    4
    3    2    4    4    3
   11   17   10    5    2
   18   15   11   11    3
   11    2    3    3    4
   28   22    6   10    3
   26   21    4    7    2
   19   19    5    4    3
   23   29    6   10    4
   19   23    4    6    2
    8   13   11    8    7
    2    7    7    9    7
   23   28    6   10    3
   23    1    7   11    8
    5    7    9   12    7
   19    7    7   11    8
   28   13   11    9    6
   25   29    5    4    4
   15    7    5   11    5
    9   14   11    6    5
    3   23    4    6    7
   12   14    6    1    5
    3   16    7    5    4
   27   13    8    1    7
   25    4   11   10    8
    9    2   11   12    3
   19    8    6   10    7
   17    2   12    6    7
   21   20    1    6    3
    1   14    5   11    8
    1   30   12    4    2
   20   16    1    8    7
   11   30    5    9    4
    4   22    8   10    8
   22    2    7    5    2
   21   10    8    2    9
   21   14    8   11    8
   17   14    8   11    3
   16    2    7    6    2
    9    1    6   12    7
   18   11    2    5    4
    6    9    3    9    7
   10   16    8    6    3
   26   19   10   10    3
   12   13    4    1    7
   25   13   11    4    4
   19    6    6   11    7
   16   13   12   12    2
   14   26    1    5    8
   13   26    2    5    3
   16   29    1    5    7
   27   16    9    3    4
    3   20    5    9    7
   16   28    2   12    3
   13    3   10   12    7
   30    9   12   11    4
   12   19    6    7    2
    4    6    3    4    8
    5   11   12    7    7
   21   21    5   10    3
   11    8   12   11    4
   28   11    4    5    7
   14   14    5   12    2
   19   11   12   10    8
   27   27    5    9    3
    4    4    8    9    7
   16    7   11    7    4
   29   20   12    4    7
   14    6   10    3    5
   13    4    1    8    7
   25   12    2    9    8
   18   20    9    4    8
   24   24   10    4    8
   26   16    8    4    3
   19   18    8    9    7
   11   21    3    3    7
    7   24    7    1    4
   21    4    7    5    7
   24   14    3    5    3
    6    6    7    2    2
    1   19    1    4    8
   29   22    4    9    3
    5    6   12    6    4
   12   30    8    9    7
   23   30    6    6    2
   14    7    3    8    7
   23   15   10   10    3
   16   18    1    2    4
   18   18    3   11    7
    8   16   11    7    2
   18   26    1    6    3
    6   15    3   10    7
   12   20    9    3    6
    9   11    9    1    3
   30   19    7    6    8
   18    1    6    3    2
    3   29   12    8    9
   10   26    2    8    8
   27   11   11    1    7
   12   24    8   11    3
   23   18    5    9    6
   19   15   11    9    4
   13   11    6    5    7
   19   22    7    8    3
   26   30    4   11    8
   24   21   10    1    7
   26   22   10    9    3
    3   30    5    7    6
   11   26    7   11    4
    2    1    6   12    2
   27   21    6    9    7
   25   16    4    4    4
   24   20    6    6    6
    7   18    1    7    3
   16   11   11    3    7
   26    4    6   10    7
    7   17    9    1    3
    8   22    5    1    6
    2   20    3    8    4
    6   23    6   11    8
   19   17    3    7    8
   26   23   10    7    6
   25   22    5    8    4
   22   15    9    8    4
    3    8   11    6    3
   10   23   11    3    7
   30   25   11    1    8
   21   22    5    8    7
    8   30    4    3    2
   29    4   11    3    7
   24   22   10    2    4
   13   13    6    8    7
   23    5    8    2    8
    4    9   12    6    2
   20   20    2    9    3
    1   29    6    4    4
   21    6   11    4    9
    2   12    8    9    9
   19   14   12    2    8
    7   26    3   11    7
   24    3    7    5    2
   24    6   10    1    3
    6   29    3   11    6
    9    3    1    9    7
   26   15   12    3    8
   30   24   11    8    2
    5   29   11   11    2
   20    9    9   10    2
   28   18   12    5    7
    3   21    8    8    3
   27    7    9   12    7
   23   22    5    7    4
    3    3    7   11    8
    6   20    4    3    9
   17   17    1   12    8
   28   24   12    6    8
   30   13    6   12    7
    9   25    3   10    6
    6    2    5    7    3
   20   27    4   10    2
   22    3    6    6    3
   10   20   11   12    7
    1   12    9    4    8
    4   16    9    5    9
   29   29   12   10    8
   10   27   12    6    7
   26   27    5   10    9
   20    4    4    9    7
   20    5    3    5    9
   13   15    2    2    8
    6   10    4   12    9
   22   16    5   10    3
   14   15    2    4    2
    7    3    1    8    8
    8   12    4    7    3
    4   11    6   12    6
   20   19    7    9    7
   28    2    7    5    2
   10   17    3    1    7
   15   16    9   11    8
    5    5    4   10    8
   26    5    2   11    7
    2   25    5    6    6
   27   24   11    8    7
   20   13    9    3    8
   26   26    8    1    8
   10   24   10    9    7
   23   16    7    4    6
   11   14   10   12    3
   30    4    7    2    2
   25   19    9    6    4
    9   15   12    8    7
    5   28   12   10    8
   30   28   11    3    9
   28   28    9    3    8
    3   15    3    6    3
   14   20   12   11    8
    5    3    3    9    9
    8   10   10    7    8
   13    7    5   12    6
    9    5    9    9    7
    5   15    8    7    8
    2   14    2    2    9
   17   27    3    4    8
    1    3    1    6    6
    4    3    4    6    6
    8    2   11    2    8
   22   22    3    8    9
   11   15   12    9    7
   28    8    6    3    6
    1   17    9    3    7
    5   14    6   11    8
    1    1    7    9    8
    1   20    9    7    7
   18   29    4    2    7
   21   16   10    5    3
   15   12    6    9    2
    2   19   10   10    8
    9    9    2    5    2
    4   17    8    5    7
    2    5    1    4    8
   19   24    6   10    2
   12    7    9    2    4
    5   24    2   10    6
   20   11    1    1    8
   27   14   12    4    1
   10   12   11    5    8
   11    3    1    1    7
   28   29   11    2    4
   13    2   12    8    7
   18   17    2    9    8
   23   12    1    6    7
    9   21    4   10    8
    2   27   12    1    7
   10   10   11   10    6
   17   29    2    9    7
   19   27   11    1    8
    5   25   12    9    9
    9   10    2    5    1
    1   25   10    4    3
   30   21    6    6    7
    9    8    4    4    2
   22   12    8    3    8
   17   24    5   12    3
    6   13    3    4    2
   25   14    6   10    5
   22    9    5    6    7
    6   12   11    9    9
   12   12    3    1    1
   27    1   10    9    9
    2   23    9    2    8
   27    6   11   10    8
   18    9    2    7    7
   18   24   12   10    6
   30   15    8   12    7
    1    5   11    2    8
   11    7   11    2    7
   23   23    7   11    2
    4   14    2    7    6
   20    8    2   11    8
   17    5    8    9    9
   21   25    2    9    8
   19   29    1   12    2
   26   28   11    2    3
   26   25    4    1    7
   27   25   10    8    8
   16   16    1   11    9
   15   24    3    7    8
   21    7   12   12    7
   29   21    7    3    6
   27    9    7    4    6
    2   15   10    4    2
   14   18   12    1    2
   25   10    9    5    7
    6   18   10    5    8
   11   10    9   12    8
   21   15    3    9    4
   22   30   12    4    8
   25   23    7    8    9
   23   11   11    8    4
   22    5    7    3    2
   13   23    3    8    3
    9   28    3    4    4
   20   25    8    6    5
   15   15   11    3    4
   10   13    4    4    7
    8   23   10   11    8
   26    3   11   11    9
   21   19    3    7    8
   27   28    7    5    2
    6   22    4    2    3
    2    4    8   12    7
   26    1    9    9    2
    9   26    6    2    8
   24   11   11    5    7
   17   15   11    9    2
   16    6    4    2    8
   25   28    2    8    5
   22   20    1   10    7
   19   16    2    9    3
    7   23    7    4    2
   30   20    2    2    3
    7    7    8    6    2
   28    4    3    8    4
   19   28    7    7    5
   12    5    9    5    6
   21   18    8    7    3
   10   15   11   11    2
   26   24    4   10    4
   26   29    4    7    5
   25   25    8    4    4
   14   29    9    9    4
    3   10    9    9    4
   29    9    8    9    4
   10    1   11    8    4
    8   17   11    2    4
   13   21   12    2    3
    9    7   10   11    8
    9   19    1    6    7
   29   11    6    4    3
    3   12    2   11    8
   16   24    7    4    7
   25    7    3    5    8
   18    2    4    1    7
   18   13    1    7    8
   17   16    6    9    8
    3   18    9    5    3
    8    8   11    4    7
   19    4    4    9    4
   28   10   12    2    7
    1   11    9    6    8
   15   25    3    1    8
   23   20    1    1    8
   21   17    8   11    8
    5    4    4   10    7
    4   15    4    7    8
   17   23    2    5    7
    8   26   11    6    6
    5   13    3    5    8
   30   30    4   12    6
   18    5    7    7    7
   15   27    9   10    7
    4   12    5   12    7
    8   14    1    9    6
   20   26    5    1    3
    2   21    9    9    6
   25   24    1   11    7
    3   28    8    8    6
   12    9    1    9    2
    8   15    1   10    2
    9   23    5    6    3
   16   12   11    3    7
   16    5   11    9    3
   22   17    3   11    4
   25    8    8    3    6
   18   10   12    1    7
   12   28    3   12    7
   10   14    8   10    6
   16    1    7    1    7
   11    6    7    7    5
    8   18   10    4    7
    7   22    6   12    6
   27    8    8    2    7
