   15   16    5    4    7
   25    7   10    7    6
   21   10    5    8    2
   30   30    7    5    3
   10   30    5   12    9
    6    8   10    6    6
   19   21    2    2    7
   11    1   11    1    4
   16    4    5    9    8
    1   16    9    9    6
    6    3   11    5    2
   18   22    5    6    4
   24    2   11    8    8
   15    1    7   11    5
    1    8    1    8    5
    8   11    4    2    7
   30    2    2   12    4
   17   13    9   12    7
   21   18    4   11    4
   25    3    5    5    6
   12   23    4    5    6
    5   10   11   10    6
    2   20    3    8    3
   30   23    8    3    2
    6   19   12   10    9
   25   26    8    4    8
   15    5    6    2    7
   22   17    4   11    4
   11    5    2   10    8
   12   16    1    2    6
   24    8   10    6    5
   21    3    9    8    2
   13   18    2    9    4
   18    4   10    3    8
   12   28    2   12    6
   11    2   10   10    4
   15   18    8    6    7
   17    1   10   11    6
   27   30    4    7    4
   13    1   11    2    7
   16   22    5   12    3
   13   30    6    6    5
    3   28   10    9    3
   22   13   10    3    8
   14   30    8    9    6
   26   20    9    1    5
    8    4    3    9    8
   12   12    8    4    8
   26   10    2    1    8
   24    1    7    5    4
   23   25    2    5    5
   21   17   10   11    7
    9   23   10   12    2
   28   17    2   12    3
   23   26    2   11    8
   22   12    9    9    7
   10    8    4   11    5
    6   10    7    9    3
   10   19   10    4    5
   24    5   12    8    4
   15    2    3    1    3
   29    4    3    3    3
   29   10    2   11    3
   21   30    6   10    7
   25   24   11    4    5
    6    1    4    8    4
    9   14    2    9    6
    4   27   12    2    3
    3   16    8    5    5
   23   22   11    6    7
   21   20    2   12    4
   11   15   10    2    6
    7   21   10   12    6
    2    4   11    2    8
   15   28    7    2    6
    3    4    5    2    3
   14    7    2    5    4
   17   10   12    7    5
    5    5    3   12    7
   19   29    4    9    6
   22   25    8    2    5
    1   18   11    1    8
   12   30    9    3    4
   18   16    6   12    2
   19   15    1    5    4
   18   20    3    9    3
   13   29    7    8    3
   12   21    2    6    7
    9    1    7    1    3
   22   15    6    4    3
   11   14    5    7    7
   27   10    4    3    6
    3   26    4   12    5
   25    1    4    6    3
    6   13    5    8    4
    2    7   11   12    5
    7   23    2    9    4
   11   29    3   11    5
   19    7    9   10    3
    8   25    9    3    7
   20   28   10   10    4
   22   10    9    5    7
   13   12   11    2    3
    7    6   12    5    7
   13   27   12    9    7
   10   15   11    3    3
    5   28    9    8    3
    4   20    2    1    5
   14    5    3   10    4
   21   21   10    3    5
    8    8    5    6    9
   20   17   12    5    3
   28   19    1    2    8
   13   24    5    5    5
    8   23    3    9    7
   13   14    1    2    8
   22   27   12    9    3
   26   21    7   10    7
   27   23   11    7    5
   11    7    3   12    8
   14   20    6   12    4
   22    4    6    6    8
   13   15    7    2    5
    4    7    2    5    8
   15   29    1    9    4
   12   19    6   10    8
    1    2   11    9    6
   10   24    2   11    4
   10   10    1   10    6
   27    8    8    8    8
   22   30    5    2    8
   22   22    6   10    6
   30    9    7    5    7
   20    6    6   12    7
   24   17   10    1    4
   27   25    5    1    8
   18    5   10    4    5
   10    2    4    8    6
    8   15    9   12    7
   20   19    4    2    6
   15   14    9    6    4
   23   20    8   11    5
   13   20    4    8    9
    8   14    2    3    6
   11    6    1   11    3
    9   28    8    9    5
    2   17    6    8    7
   22    6    5    9    9
    9    9    5   10    6
    3   11   12    6    5
   18   10    4    7    4
   17   19   10    5    5
   15   15    8    6    6
   27   16    9    2    7
    9   11   11    2    3
    2   13    9    7    7
   27   29    2    7    3
   14    2   10    6    5
   22   21    3   10    8
   29   29    4   10    4
    8    5   11   11    3
    4   25    6    2    7
    6   12   12    1    8
    2   25    9    3    6
   23   19   12    7    5
   13   19    4    1    7
   20   27    2   12    6
   18    2    6   11    3
   12    8    8    3    8
    7   18   10    8    6
   10    3    1   12    4
   14   21    5    4    3
   14   14   10    7    7
   25   21   11   11    6
    2    9    8   11    4
   18   14    5    4    4
    5   20    8    5    3
   19    5   10    4    6
   16   11    5   10    5
    2    3    6   11    3
    2   19    3   12    4
   25    6    4    9    6
   29    9   11    5    3
   22   19    5   11    3
    9   10    7   11    5
    4   14   11    5    7
   22    7    6    2    6
   12   26   10    2    4
   12    5    2    5    4
   25   17    6    8    3
    7   20   12    9    5
   16    5    2    5    7
    1   20    5   11    8
    8   17    8    7    6
    5   25    9    9    6
    1    1    3    6    3
    5   27    4    7    7
   25   13    7    5    6
    7    5    5    7    9
   15   26    3    5    6
    6   16   10    5    3
   26   18    4    7    5
    4   12    7    3    8
   11   10    1    7    5
   24    7    1    6    9
    1   26    8    5    5
   22   26    6    3    3
    8   21   10    2    7
   24   15    2    9    4
   18    6    9    4    8
   25    9   12    9    5
    8   29    5    4    4
   17    6   12    9    6
    2    6    7    8    8
   29   22    6    2    4
    9   15    7    9    6
   25   11    8   10    8
   11   27    7   11    4
   15   17    9    7    3
   30   26   10    2    6
   16    9    6    5    8
   26   29    8   10    7
   16   16   12    7    7
    4    6   10    5    5
   23    6    7    4    4
    7   28   10    1    3
   12   20    5    1    6
   29   20   11    8    8
   16   10   10    2    4
    9   17   11    3    8
    5   21    7    8    4
   29   30   10    1    8
   10   23   10    4    4
   13   21    4    9    8
    2   16   11    1    6
   30   24    8    9    4
   19    8    1    4    3
    4    9    9    7    4
   23   29   12   12    3
   23   24   12    2    5
   28   21   10    1    3
   21    4   11   10    8
    3   29    8    3    3
   26   27    2    1    6
   10   20    5    9    4
   14   24   10    7    4
   26   13    2   10    3
   30    6    6    3    4
    5    1    8    3    5
   22    5    3   11    4
    2    2    2    6    6
   29   17    3    8    4
    3   23    4    4    6
    9   13   11    1    7
    8    3    5   12    8
    1   10   10    7    8
   28    8    4   12    8
   24   27   10    8    7
   23   15   10    9    5
    6    6    5   11    6
   26   14    7   12    4
    8   22    1    2    4
   24    3   12    9    4
   13   16    9   12    7
   16   17    3    4    7
   15   20   11   12    8
   22   28    1    5    6
   28   11    4   10    5
    4    4    6    2    3
   13    7    4    2    3
   24   24    9    8    6
   14   19   12    2    8
   17    3   12    5    6
    7   30    4   10    5
   10   28    6   11    3
   12    2    2    4    5
   17    5    4   11    5
    8   20   10    8    7
   19   26    2    6    8
    6   15    2    1    2
   28   16    3    6    5
    3   19    7   11    6
   28   26    9    7    7
   28    6   12    3    8
   29    2    2   12    9
   13   10    2    3    6
   17   17    3   11    4
    1   14    8    2    6
   26   17    5    9    7
    8    9   12    2    5
    2   28    3   10    4
   25   19   10    9    7
   18   25    3    3    8
   12   15    5    3    3
    9   12    2   10    8
   22   20    5    9    6
   29   24    1    3    4
   13   13    3    5    7
   30   17    2    6    8
   18   24   10   10    8
    3    3    3    9    6
   29   14    3    7    4
    9   18    9   10    5
    6   26   12    5    7
   22   24   12    4    5
    2   27   11    9    4
    2   21    7    4    3
    4   30    7    8    6
    5    3    3   11    7
   27   21    7    8    8
   21   11    5   10    8
    9   24    8   12    6
   19   16    8    5    4
   11   22    8    4    3
   29    6    8    5    2
    8   26    6    1    4
   11   23    8   12    6
    6   24    4    9    8
    8   16   12   10    9
   13    5   11    7    7
   17    4    8   12    5
   25   14    4    7    3
   12   11    4    8    7
   20   20   11    7    9
   17    7    6    9    3
   14   17    3    4    7
   17   11   11    2    4
   24   11    3    4    6
   28    1    1    8    4
    4   10    6    1    6
   27   28    7   11    4
    4    5    5    9    8
   27   27    7    2    3
    7   27   10    5    7
    2    5    7    2    5
   21   15    6    2    6
   28   25    8    9    5
    5    9    6    7    4
   24   12   11    8    6
    1   29    4    4    6
   27   15    5    7    8
   14    6    1    1    9
    3   30    8   11    5
   26    2    3   11    4
    3    7    9    8    6
    3   18    7    5    8
   29   21    3   12    7
    5   23   10    6    6
    3   14    6    5    4
   28   23    7    2    4
   15   25   11    5    5
   11   30   11    3    7
    6   21   11   10    8
   28   29    1    5    5
   12    3    7   10    7
    9    7    9    1    5
   13    8   11   10    7
   25   10    8    9    7
   30   28    1    2    4
   21   24    2    6    7
   13    3    1    9    5
    4   26   12    1    5
   25   25   12    3    5
   30   16    2    7    8
    1   27    7    7    8
    7    8    5    1    5
   14   23    9    7    8
    1    4    5    9    5
   21    1    5    8    7
   30    5   11   10    5
   16   20    1    6    8
    1   19    6   11    6
   18    8    2    5    5
   18   17   12    5    5
   18   23   12    4    5
   27    9    8   11    5
   30   15   12    3    5
   26   11   12    9    6
   30   18    7    8    7
    3    9   10   11    7
   23    2   12    1    4
   30   25    7    9    7
   15    4    5    3    5
    7    7    1    6    7
   22   14    7    6    8
   17   12    5    6    8
   14   28    1    1    6
   16    7   12    8    4
   27   12    4    2    4
   19   30    6    5    7
   30    1   11    9    7
   13   11   11    9    6
   23   13   10   10    7
   11   11   12    4    8
    7   12    4    9    8
    2   22    6    2    8
    7   29    6   10    7
   26   26    1   12    5
   26    5    8    3    4
   18   27    9    1    6
    4   28    2   12    7
   29   16    1   12    7
   23   17    7    3    6
   18   19    1   11    8
   14   27   11   11    6
    9   22   12    2    4
    1    3    5    8    3
   23   23    7   12    5
   10   12    5    8    8
   12   25    2    4    5
    9    6    4   11    4
   30   20   10    5    6
    7   10    5    4    9
   18   12    1    6    6
    8    2    5    9    4
    6    5   12   11    7
   23    1    5    3    7
   19    4    5    3    6
   16   23   10    7    4
   16   21    2    6    4
   30    8    4   12    8
    9   20    5    9    7
   11   20    1    3    4
   16   14   12    9    7
    1   22   10   10    7
    7   15   11    1    8
    7   26    6    1    4
   24   26    2    8    7
   26   16   11    8    4
   22    3   11    2    9
   24   28   12    6    6
   18   18    2    3    3
   28   18    1    8    6
   14   10    5    7    9
   29   18    3    2    7
    4   11    5    6    5
   27    3    8    4    3
   27    6    3    2    8
   26    9    6   10    4
   19   24    4    8    9
   29   12   11   11    6
    4   23    7    7    4
   19   19   12   11    7
    3   15    4   11    6
   28   28   11    9    8
    4   24    9    6    3
   16   24    4    5    7
   27   17    3   11    9
   20   24    5    6    3
    1    7    3    1    2
   28   13    9   10    4
   21   23    6    2    6
   19   11    5   10    7
   11   18    2    3    8
   20    3   11    2    5
    1   12    2    6    6
   16   25   12    5    6
   25   29    3   12    6
    9   21    6   10    6
   29    5    7    9    5
   14   12    8    1    7
   19    9    7    7    7
   25   20    9    3    6
   13    4   12    1    5
   27   19    8    3    5
