   18    6    2    3    2
   26    4   10    8    7
    7   12   11   11    3
   25    6    3    6    7
   27   12    7    9    6
   24   20   10   11    7
    9   21   11    5    9
    4   27    7   12    1
   25   28   10    1    7
   23   20    8    8    6
   29    3    1    1    2
   10   20   11    2    9
    8   22    9    4    6
   20    7    1    1    2
    8   10    5    7    6
    3   11    1    4    9
   16   21    8   11    7
    6   16    6    8    2
   24   14    9    9    7
   22    3    3    3    8
   30    7    9   12    7
   22   16   10    7    2
   10   22   11   11    1
   23   10   11   10    1
   17   24    4    2    6
   19   19    2    8    6
    3    3   10   11    9
   22   22    5    1    7
   19   11    4    7    6
    1   16    5    1    3
   22    9    3   11    3
   13    5    6   10    8
   15   29    5    4    3
   25    8    8    3    6
    9    5   10    8    4
   26   17    6    5    5
   19    4    6    2    1
   18    1    4   12    9
   28   26    2    7    8
    5   12    5    3    4
   22   15   11    3    7
    2    7    1   10    2
   24    1   11    2    6
    6    6    4    3    4
   19   29   11    6    8
    3   26    9   10    1
   19    2    9    4    9
   17   29    6    4    2
    3   25    6    9    3
   23   24   12    4    6
   16    4    8   11    4
   11   10    3    2    5
   13   11   12    5    1
   10   27   11    2    9
   20   15   10    4    2
    3   13    8    8    8
   19    3    6   11    7
   18    8    1    6    3
   27   15    6    1    6
   16   20    4    8    6
    4    6    3    6    6
   30    3    9    9    2
    4   25    2    6    5
   20   17    6    5    7
    2   27    3   12    3
   29   30    6   12    4
   21   29   12    4    8
    7    7   10    2    2
    1    1    6    1    4
   23    4    7    4    6
    4   15    5   10    3
   23   11    4    3    4
   17   28    4    4    6
   12   12    2    7    8
   22    1    1    6    3
   14    7   11   10    1
   22   19    2    9    6
   26    1    9   12    3
    2   30    2    5    9
   18   14    5    9    4
   12   17    1    1    6
   13   13    8    6    8
   25    7   12    9    3
   16   13   12    7    9
   16    7    8   11    7
    2   14    3   11    5
   20   22    1    6    9
   30   11   10   10    4
   24    4    3    6    2
   13   22    9    8    4
   30   17   11    5    4
   15    1    6    4    5
   13    1    8    5    6
   10    7   12    5    9
   11   12    2    9    7
   28   24    2    7    8
   11   11   11    2    6
   15    6    7    5    5
   28   29    6   10    3
   20   20    2   12    5
   19   28    6    7    7
    8   19    9    4    9
   16   29    8   12    6
   30   13    4   11    6
   28   28   12    6    7
   26   22    5    9    6
   10   21    9   10    2
   24   12    1    5    3
   24    2    9    1    8
    9   10    8   12    7
    5    7    2    2    9
    9   20    6    6    9
    5    5    4    6    5
   19   24    9   11    7
   12    4   10    9    3
   10    4    6   12    4
    9    3    3    9    1
    2    1   10    6    2
   28    9    7    6    2
    2   13    8    7    8
   11    9   11    3    7
   14   14    1    8    6
   24   24    8    7    4
   11    2    3   12    6
   26   10    4    2    5
   26   11    9    2    7
    2    3    9    1    6
   27    7    5    8    3
   17   17    3   11    4
   13   14    7    3    5
   23   22    9    3    9
   23    8    5   10    7
   12    1    2   10    6
   25   10   11    6    1
    8   11    7    2    1
    4    4    7    9    2
   11    7    4    1    3
   21   30    2    3    1
    3    5    8    7    5
   25   22    5    4    8
    2   25    6    6    5
    1   14    9    8    4
   11   18    3    6    3
   30   10    6    6    5
   10   24   12   12    7
   20    4   10    4    9
   21   19    8   11    7
   13   20    8    4    3
   28   16    7   12    1
   27   22   11   10    2
    8    3   11    3    3
   27   14    8   11    7
   26   23    2   10    8
    7   24    1    2    2
    2   29    3    9    3
   12   30    6    6    5
   16   30    1   12    5
    6   24   10    5    3
    7    3    3    6    4
    8    2    6    7    5
   12   25    1    2    6
   10   16    6    8    7
   26   19   10   12    3
   15   26    1    4    2
   11   22    6   10    1
   19   14    9    7    3
   28   14    3    3    5
   28    5    4    8    7
    2    6    9    6    8
    6   13   10    8    9
    7   28    4    9    8
   26   26    4   11    6
   25   21    3    5    3
    1   28   12    4    4
    5   27    5    5    5
   18   17    1    1    5
   25   16   12    2    7
   14    5    4   11    8
   27   19    3    9    4
   22   24    7    6    2
    3   17    4   10    1
   11    4    2    6    3
   29   18    7    2    5
   12   15    9   11    4
   18   25    3    3    6
   23    6   10   12    7
   20   26    5    9    2
   12   26    5   11    3
    5    2    6    2    4
   24   16    2   10    5
    4   17    9    7    6
    5   15    6    2    7
   25   30    7    3    8
   20    2    5    1    2
   14    4   12    3    4
   19    6    6   12    6
   13   18    3    5    8
   12   21    4    6    9
   19   25   11    2    7
   16   27    1   12    5
   30   27    5    7    4
    5   17   11    5    3
   29   11    6    8    4
    5    4    2    7    5
   21   18    9    8    5
    8    8    7    6    6
   11   20    9    8    8
   14   10    3    8    4
    9   17    8    3    2
   24   18   12    3    4
    6    5   12    8    5
   21    1   12    1    7
   24    3    9   11    4
   27   28    6    9    2
   27   23   12    9    7
    9    1    9   10    9
   18    2    6    1    4
    2   10    9    7    4
   11    1   12    1    5
   29    6    6    8    6
   10   19    6    8    9
   30   30    8    7    7
   25   15    6    8    2
    1    3    7    5    4
   28    4    7    2    6
   14   25    2   11    5
    2    4    9    5    2
   21   24    6    8    4
   21    5    1    6    5
    8   27    8   12    5
   12    6    3    8    4
   21    2    4    4    4
   15   21    2    7    8
    2   22    4    4    7
   24    5    9   10    9
   15    3   12    8    4
    9   25    6   12    2
    3   23   12    7    4
   28   15    2    1    4
   18   22    1    4    5
    8   24    2    1    6
    9   14    3   10    7
   23   18    7   11    4
    5   30    6   10    5
   20    8    4    6    6
    7    1    8    1    9
   28   21   12    9    7
   26    6    2    8    5
   15   14   10    9    6
   21    4    6    5    7
   16   18    6    9    5
   29    1    7   12    3
   21   13    8   11    2
   26   14   11    7    3
   28   13   11    6    5
   17    2    5    9    8
   14    3   11   12    9
   22    4    8    2    8
   21   26    1   11    7
   16    3   11    8    3
   22   14    5    7    2
   11   17   12    2    4
    2   28   10    6    6
   29   24   11    1    8
    9   24    1    3    9
   10    1    7    5    7
   23    1    8    4    5
   10   13   12   10    3
   18    4    8    1    6
   15   17   10   12    2
   27   13   12   11    5
   21   17    7    8    4
   23   15    9    2    4
   30    4    9    2    6
    3   18   10    7    7
   13    7    1    4    8
    5    1   12    6    9
   21   21    3    6    7
   30   23    3   10    5
   15   16    1    4    3
   30   19   11    8    1
   29   26   11    5    3
    9   12    7    4    2
    7   15    7    2    3
   12   23    2   10    5
   20    6   11    1    7
   14    6    2    7    6
    5   23    4    6    8
    1   20    9    1    9
   11   24    2    7    6
   26    5    3    2    5
    8   28    5    1    3
   29    9    7    2    7
   27   26    4    4    7
   27   11    1    8    9
   18   18    2   12    8
   23   13    6    2    6
    9   26    6   11    3
   28   20    2    5    5
   27   29   10    1    6
    8   26   12    9    3
   18    5    1    4    4
   27   18    7    3    6
   21    3    7    2    5
    1   19    6    2    4
   20    5    2   10    5
   29   29   10    8    6
    7   29    4   10    7
   30   24    7    2    8
   26   18    9    4    6
   24   13    2    8    4
   25    1    2    1    5
   28   23    6    5    7
   14    8    2    5    6
   15   24    8   12    8
   17    8    8    8    9
   22   30   12    6    4
   18    9    2    1    3
    4   29    2    9    2
    9   23    1   11    4
   29    8    5    1    6
   11   14    5    4    7
   11   21    6   12    8
   10   10    4    5    9
   16   11    6    2    7
    5   19    3    4    6
   25    5    7    8    5
   21    8    9    7    2
   10   28   11    2    1
   25   24    2    9    2
    6   11    8    9    4
   20   12    2    4    6
   15    8    9    8    8
   28   22    7    1    9
    1    4    4    2    8
   12   13   11    5    7
   25   25    7    8    6
   10   29    4    3    4
   17    7    9    9    2
   15   18    8    6    5
   16   16    1    2    4
   27   20   12    1    4
    6   30    8   12    6
   12   18    5    1    2
    2   23    5    4    5
   15    9    6    5    4
   28    6    6    4    7
   13   26    3    7    8
   21    6    8    2    8
    5    8    4    9    5
   14   20    4    2    2
   17   25   12    1    3
   27   27    5    7    5
    5   22    9   11    6
   26    7    6    6    4
   19   13    5    7    7
    7   23    1    7    6
    3   27    2    4    5
   17   13    1    4    3
    6   22   12    7    2
   18   19    6    9    5
    8    9   11    1    6
    4    3   12    6    8
   22   17    5    7    6
    8   12   11   10    4
   10    3    3    4    2
   23   21   10   11    1
   14   21    7    7    4
    3   28    5    7    5
   20   19   11   10    6
   18   10    4   10    7
   23   14    7   12    8
   29   25    2    3    4
   30    1    8    3    6
    9   16    6    1    4
    6   27    4    8    5
    2   16    8    8    6
   14   30    4    6    2
   25   20    5    4    1
   15   11    8   10    2
   14   17    2    1    5
    3    6    7    5    7
   29   12   10    1    8
    6    1    4    2    9
    1   17    6    6    8
   29   13   10    9    7
   29   14    1    2    6
   10    5   12    4    5
   16    8   12   12    3
   15    2   12   10    2
   23   25    9    5    4
    9   27   12    8    5
   17    6    8    8    5
   18   28   10    2    6
   17   16    6    5    5
   26   25    6    6    3
   12    2   12   10    6
   12    3   12    9    8
   15   10    2    2    9
    5   29    1   10    7
    9    7    5    4    5
   22   12    7    5    3
   15   13    4    4    2
   29   22   11    1    1
   18   20    7    9    2
   21   20    3   11    3
   30   15    2    5    5
    8    7   11    7    7
    5   16    8   12    9
   19    9    8    3    9
   13    8   12   10    9
   28   11    5    7    5
   16   23   11    3    2
   26   30    9    1    4
   16   14    7    5    5
    8   30   11    2    3
   21    7    3    9    4
   27   17    8    5    9
    8    6    5    3    9
   23   17    7    5    4
   18   30    4    5    5
    1   27   11    4    6
    7   22    6    6    2
    4   13    9   10    3
   10   17    3    9    4
   10    6   10    4    5
   12   14    7    4    6
    7    4   12    3    9
   30   20    7    1    3
   22   21    3    4    5
   19    7    4   12    8
    6    7   12    6    9
   16   12    6   12    9
    9   13    3    5    7
    4    8    6    9    9
   29   23    1    3    9
   16   19    4    9    8
   21   27    8   10    6
    4    9    7    5    8
    2   26    3    9    9
   23   23    8    2    5
   24   27   12    6    8
   25   11    7    4    3
    8    1    3    1    7
   30   28    2    3    9
    9    9    9   11    4
    5   11   11    5    2
   13   25    6    5    1
   12   19    1    5    6
   26   16    6    3    8
    6    9    8   12    7
   25   27    7    4    4
    2    2    3    5    2
   23   19    3    3    9
   15   15    8    6    8
   20    3    6   11    6
   18    7    5    1    4
    2    9    3   10    3
   17   19    7   11    3
   20   29    2    3    5
   10   12   10    1    7
   28   12   12    3    8
    9   30    6   12    6
   24   26    4   10    4
   19   15    4    9    5
