   16   16    5    3    4
   18    7    2    8    2
   25   10    9   12    3
   27   23    4    1    2
   14    6    6    6    1
   26   18    8    7    6
   17   14   11    3    6
   25   22    1    6    1
    1   16    9   10    1
    4    1    7    4    5
    1    8    7   10    5
   29   27    3    8    1
   20   24    5    3    1
   29   19   10    8    4
   11   11    8   10    6
    9   23    6   12    1
    1   15    4    5    1
    2   29   10   11    4
   10   19    1    6    1
    9   25   12    3    1
   20   12    6    9    5
    3   19   12   11    3
    3    4    6    6    1
    1   12    2    5    1
    9   22    1    6    1
   23   25   10    3    1
    1   28   10    6    6
   24   17    9    3    2
   17    6    5   11    1
   27   14    5    8    1
    6    7   10    2    1
   28   22    7    1    5
   13   26    3    2    1
    3   29   12    8    1
   27   25    9    9    1
    7   25    8   10    6
   29   22    6   12    3
   23    7    5    6    4
   13   23   10    1    1
   19   27    4   12    1
   27    9    5   10    1
    8    4    6    9    1
   17   26   10    9    8
   13   24   10   10    1
   17   19    6    1    7
   25    1    3   10    6
    5   22   10    7    1
    5    4    1    3    3
   27   27   11   10    9
   15   13    8    8    2
   28   14    2    5    9
   11    1    4    1    7
   19   18    5    3    6
   17   20    1    7    3
   18   23    1    8    8
   13   29    8   11    7
    3   14    6    6    1
   15   11    7    9    1
    4   29   12    9    2
   10    3    2    4    3
   18   15    7    4    7
   18   12   11    7    1
   11   10    8    2    1
   28    8   10    3    1
    5   17    2    3    3
   16   28    8    6    8
   10   27    4   10    1
   16   15    5    1    2
   22   19    7    1    1
    6    8    5   11    1
   27   22   12   12    1
   11    2    2    4    8
   29   29    8   11    8
   17   17    6   11    8
    5   24    2    3    8
   27   12    6    4    1
   12   28   10    7    7
   14   14    6    5    7
    1    6    6   12    4
   29    1    2    1    1
   13    1    8   12    1
    1    1    1    3    7
    1   14    8    4    1
   24   29    5    1    3
   18    2    4   11    2
    5    2    7    6    7
   27   30   10    4    1
   26   30    2    7    7
    5   21    5    7    2
   20   15   12    4    7
   29   23    9    3    2
   25   25    1   12    7
   28   28   11   12    2
   28    3   12    1    7
    7   10    1    4    1
   13    5    4    6    1
   30   16    2   10    7
   24   14   11    3    3
   14    5    4    7    2
    8   27    7    6    3
   20   23   12    4    9
    2    8   12   10    7
    6   21   10   10    8
    8   26   11    3    2
   20    9    4    4    8
   29   28    2    8    2
   22    8    9    4    2
   14   29    5    8    1
   23    8   10    5    1
    4   13    3    8    6
   11   27    7    3    1
   18    1    4    2    6
   18   18    5   10    3
   18   22    8   11    1
   30   24    5    6    6
   27   15   10    9    7
   22   11    1    5    2
   11   12    5    8    2
    9   26    6    2    8
   27    1    7    8    7
    6   28    8    6    5
   30   21    7    7    3
    2   19    5    9    6
   25   18    9   12    7
   22   22   12    1    2
   24   26    9    6    3
    2    3    9    7    4
   28   10    9    4    1
   18   21    6    4    7
    8   12   11    3    2
    3   20    2    5    6
    3   24   12    6    2
    3    9    3   11    1
    3    6    6   12    6
    7   13    6    8    2
   17    3   11    1    3
   14   10    2    2    2
   15    5    9    7    7
   10    4   11    9    3
   18   30    7    2    7
   16    6    1    6    2
   30   23    1    4    3
    9   28    4    3    7
   20   18    8    7    7
    6   18   11    9    2
   27   13   10   11    1
    5   19    7    6    1
   14    7   12    5    1
    9   24    9    1    1
   22    7    2   11    1
   23   22    6    3    1
   12    7    6    7    1
    7    9    4    3    1
    9   21    9   10    1
   28    2   12    3    1
    2   15    6    1    2
   12   25   11   10    7
    1   26    7    1    1
   29    8    6    2    7
   13   14    6    7    6
    5   27    1    7    3
   30    7    7    5    9
   10   23    1    3    7
    5   20    9   12    3
   13   13   12    3    4
    8    8    1    5    8
   21    3    1    8    2
    8   14    2   12    7
   10    1    4   12    4
   28   20    4   11    1
    8   16   11    8    2
   17   30    8    9    3
   11    3   10    1    6
   22   30    6    2    2
    1   17    1    1    3
   13   19    8    5    4
    2   22    7    9    1
   10   20    9    6    2
   17    8    9    8    7
   22    3    6    6    4
    2   13   12    2    6
   24   21    9    5    8
   26   12    7    7    1
    9    1   10    9    3
    4   20    2    6    4
   21   16    8    2    2
   16   13    3    6    1
    5    8   10    7    1
   15    8    2    4    1
   30   12    9   10    1
   24   25    6    4    1
    4    7    4    9    6
   26   29    4    8    5
   29   11    9    7    3
   15   19    1    2    8
    2   10    7    6    1
   24    7   11   12    9
   18    4    5    5    2
   26    5    1    7    7
    2    7    2   11    4
   26    6    7    4    6
   16    5    7    4    8
   16   25   11   10    2
   26    4    4    6    7
    7   11   12    9    3
   26   20   12   11    6
    3   26   11    7    4
   23    6    5    1    8
   23   23    4    8    9
    3    3    8    7    8
    4   24    7    9    2
   17   12    7    7    7
   25    5    9    8    4
   21   22    9    7    8
   30    6    6   12    8
   19   20    8    6    6
   25   30   10   12    6
    6   11    7   11    4
   26    7   10   12    6
    2   12    5    6    3
   25   17   12   11    1
   26   27    5    9    8
   24   18    6    2    7
   14   20    9   12    6
    9   10    9   10    8
   24   24    2    1    7
    2    6   10    9    6
    3   23    9   11    8
    1   20    6   12    1
    3    5    4    6    8
    9   13   11    7    2
   28   26   11    4    3
    7   16   11    8    4
   24   12    2   12    6
   30   20    7   12    3
   15   21    4   10    8
   25   28    7   12    8
   14   16    3    2    2
   26   14    4    6    4
   14   15    3   10    3
   14   23    2   12    2
   16   20    6   11    8
    3   15    1    3    8
   13   28    6    2    7
   13   22    6    7    7
   11   25    4    5    8
   11    4    4   10    6
   20   21    2    3    1
    7    1    5    4    1
   30   29    3    2    2
   14   12    5   10    8
   18    3    9    2    3
    6   24    8   10    7
   13   12   10    6    4
   19    6    9    4    6
    5   10   11    9    9
    9    9    5    6    2
   24   15   11    3    8
    1   21    2    3    7
   16    2    1    3    6
   18   17    7    8    3
   12   16    9    1    1
    8   19   10    2    3
   16    4    9    6    4
   27   24    5   10    7
   22   10   11   11    4
    6    6    7    2    6
    3    7    1    4    5
    5   23   12    1    7
   16   24    9    9    2
   23   15    3    5    9
    1    5    7    8    8
   12   19    6   10    3
   12   21    7    1    2
    9   16    5    4    8
   22    6    2   12    3
   20    6    4    5    7
    8   18    4    3    6
   11   13    5    1    2
    4   14    9   10    3
   22   14    3   10    3
    1    3   10    3    2
   29   16    9   12    2
   11   18    1    2    7
   27    6   11   12    3
    1   24   10   12    8
   18    5   11    4    3
   15   26    5    6    2
   23   11    5   12    7
   19    9   10   11    4
   30    9    8   10    7
   13   10   11    9    3
   17    7    2    3    2
    8   11   11    7    7
    4    4    6   10    4
    6    5    1    5    7
    7   21    6   10    3
    8    3    2   11    8
   17    2   12    2    2
   21   17    4    1    7
   11    9    4    5    4
   12   12    9    8    6
    9   18    5    5    2
   11   16    1    6    7
    4   30    6    7    4
   10   30   10    9    6
   19   19    2    4    2
   29   21   11    2    8
   15   17    1   12    3
   23   26    3    2    7
   22   24    5    6    1
    5    7    1    2    8
   17    9   10    3    2
    8   24   10    7    2
    6    9    1    8    2
    4   25    4    4    2
    5   29    1    1    2
   23    1    3    8    2
    4   27    8   10    2
   12   29    1    9    2
    2   23   10    5    2
   24   10    8    6    2
    7   29    1   12    2
   25    3    3    3    2
   13   17    3    4    2
   18   27    1    3    2
   29   18   11    8    2
   30    2    3    1    2
   20   11    3    5    8
   15   22   10    5    2
    5    5    3    9    2
   19   28    8    2    8
    9   14    5    6    1
    1   30    1    2    8
   11   30    6    6    2
   15   29    2    2    1
    4   28    9    7    1
   11   24    5    2    1
   19   25    6    9    1
   15   10    3    4    1
    9    8   10   12    1
   14   30   11    9    2
   14   25   11   10    2
   28    7   11    1    1
   20   25    3    7    8
    1    2    5    3    7
   14   19    6    7    4
    8   20    2    8    1
   15   30    2    2    1
   23   12    3   11    4
   22   26    1   11    3
   11   17    8    9    2
   30    5    8    2    4
   10   12    2    4    7
   10   29   10    4    4
   23   28    1   12    7
   27   16   11    8    5
    6   15   12   10    4
   29   20    5   12    2
    1   19   10    4    7
   28   27    9    3    4
   21   26    2    3    2
    2   21    5   11    5
   30   28    3    1    6
   22   12    3    4    2
   15   15    5   12    7
   22    1    5    3    5
   18   28    1    6    3
    3   27   10    4    8
   13   25    4    1    5
    3   13    6    2    3
   10   10    3    4    6
   27   20    3    4    7
   25   21    8    6    5
   16   10    9   11    3
   26   16    2    7    5
   14   18    1    8    3
    5   12    5    4    4
    4   19    3    9    6
   23    4    7    4    5
   20    2   12    3    2
   21   21    5    9    3
   30   30    2    6    5
   27   21    7    9    4
   16   23    1    5    7
    9    5   12    6    8
   26   26   10    2    7
    2   27    6    6    5
   10   18   10    4    2
   21   28   10   12    4
    6   29    7    1    5
    6    4    5    3    6
   18   13    6    3    8
    2   24    7    2    6
   27   17    1    9    3
   28   17    5    2    4
    7    7    8   12    5
    6   12    6    9    6
   15   25    2    5    7
   23   24   11    6    8
   19   24    1    7    5
   11    5    5    9    4
   19   11    3    7    8
   16    3    6    3    3
   11   28    9    5    4
    2    9    6    4    2
    4   17    3   10    4
   10   21    6    6    7
   26   11    6    1    3
    8   21    2    7    5
    4   21    9    2    3
   17   10    3    2    6
   30    8   12    8    8
   18   16   12    4    5
   10    6    2    8    3
   23   17    3   11    6
   25    6    7    6    8
    7   20    2   11    9
    9   12    8    8    6
   16   17    3    5    5
   19    7   11    7    3
   19   26    6    1    5
   14   11   11    3    6
   27    7    3    1    8
    8   10    3    8    6
    2   25    5    3    3
    7    8   12    6    5
   12    4   12   10    8
   19   23   11    3    6
   15    9    4    5    5
    2   26   12    1    2
   28   15   12    9    4
    2   14   12    7    8
   10   26   12   10    5
    2    4    3    2    3
   19   30    2   11    8
   12    3    5    2    5
   24   28    9    9    5
   28    5    8    9    5
   20   20    8    5    8
   25   29    4    1    4
   26   25    1    2    3
   21   23   12    5    2
   13    8    1    5    3
   13   21   11   12    1
    4    9    2    7    2
   13    6    5   12    7
   30   13    9    6    2
   15    4    6    2    1
   13   20    8   10    2
   21   11    7    7    1
   22   17    4   12    4
   16   22    6    4    2
   29    9    2   11    7
   22   20    5    6    2
   21   14    7    1    8
   22    4    1    4    2
    7   15   12    4    1
   19   16    7    7    8
   15   12    6    4    2
   30    3    8    1    7
   29   17    8    6    6
   21   19    3    9    8
    2    2    1   12    6
    8   25    7   10    6
