    2   19    1   11    9
    7   18   12   11    1
    4    8    9    6    5
   21   20    3   11    7
   12   28   11    3    5
    6   18    9    9    7
    7   22    9    3    6
   26   30    4    5    8
   13   10    1    8    7
   20   18    5    4    5
    4   28    9   11    8
    9   28    3    2    5
    6    9   10    7    8
   13   23    4    3    5
   27   12   10    3    9
    3    4    4   12    5
   20    2    6   11    9
   11    9   11   10    5
   15    5    1    8    7
    4   18    5    1    5
   14   27    7    6    9
    3   20    8   10    6
    1    9    4    9    9
   29   18    8    5    7
   17   20    5    9    9
   21   19    8    4    6
   19   20    3   12    5
   15   23    9    2    7
    7   14    1    8    5
   18   26    7    3    8
   10    9   12    7    5
   27    5    4    9    5
    9   19    6    9    4
   21   12    7    2    5
   14   16    5   10    4
    7   29    6    1    5
    9   25    6    6    3
    5   20    9    8    8
   20   20    3    9    5
   24   21   10    1    7
   19   30    5    4    7
    2   21    8    8    7
   20   11   10    6    5
   15    6    9   10    5
   25    7    7   11    5
    8   28   10    8    4
   24   12    8    4    4
   19    5    6    1    9
   23    4    4    6    2
    8    2   11    1    2
   15   17   10    3    9
   11    5    6    1    3
    1   20    7    8    2
   24   30   11   10    6
   27   15    2    6    3
    3   16    5    5    3
    9   23    3   10    6
   22    6   12   10    6
    3   21    2    7    8
    7    3    6    6    8
   23   30    7   12    4
   10   15    8   10    9
   26   19    6   10    3
   23   21    3    9    9
   30   22    7    9    3
   29   20    2    5    9
   13   11    7   10    3
   17    2    3   11    9
   20   30    5    1    3
   22   10    5   10    9
   15   19    3    3    9
   10   19    3   10    4
    1   11    4    9    9
    2   14    9   12    5
    9   16    5   10    3
   10   18    2   11    5
   19    4   11    4    5
   24   13    3    3    9
    5   10   11    7    5
   21   30    6    1    6
    7   19    6    4    6
   19   24    8    5    6
   18   21    2    7    7
   28   22    6    2    5
    7    5   10   11    7
   23   23    7    4    5
   16    7    3   10    7
    3    9   10   10    5
   11   29    3    1    7
    2   12    7    8    5
   13    9   11    1    7
   20   23    7    8    4
   20   14   11    7    8
   29   22    7    3    4
    7    9    8    6    8
   29    9   10    7    4
    2   29   12   10    3
   15   15    8    3    9
    5   23    1    1    4
   14   12    9    6    8
   17   27   10    6    4
   26   22    8    8    8
   20   12   12   10    3
   16   13    4    6    9
   20   28    5    2    4
    8    7   10    9    8
    1    8    9    2    3
    6   20    6   12    9
    8    9    3    5    4
   24   29    6    5    3
    1   29    5    4    5
   28   23   11   10    8
    8    8    1   12    3
   19   12    9    8    4
   24   16    9    9    9
   23    1   10    3    9
   24   27    3    2    4
   23   16    4    7    9
   26   14   10    1    9
    4   13    3   11    4
   11   18    3   11    3
   11   17   12    3    4
   13   26    8    2    8
   18    8    8   12    9
   22   18   10    9    3
   24    9    8    3    9
    3    5   11    2    3
   16    5    5    3    3
   17    5    5    9    2
   15    3   10    2    9
   27    1    9    9    3
    4   16    3   11    9
   26   15    1    9    5
   25    5    8    1    9
   29   13   11    1    2
    4   17   10    4    9
   16   18   11   11    2
   28   19   10    1    3
   14   19    2    5    3
    1   21    6    4    4
   29   15    5    2    8
    8   30   10    8    4
   21   15    8    5    4
    6    3    4    7    4
   20   25    1    5    5
   26    7   12    3    7
   30    2    2   12    8
    7    1    1    2    7
   18   25    5    4    7
   14   24   12    1    9
    6   16   11    2    9
   28    6    2    3    3
    1   28   12   11    9
   12   17    4    4    3
   22   13    2    3    3
   29    3    4   10    3
   29   30    7    5    2
   10   23    1   11    9
   20   26   10    9    3
   15   28    7   11    9
    4   22    2    6    2
   18    3    6   10    3
   15    2    7    1    2
   25   28    2    9    3
   22   24    8   10    4
    6   11    7    4    8
   28   11    9    7    2
    6    6   12    3    3
   22   12    3    7    2
   13   27    8    3    3
    6   27    2    5    9
   24    6    7    3    2
   11   15    2   12    2
   16   12    9    4    2
   11   21    5    6    2
   18   13    8   12    2
    5   28    2    1    2
    1   22    7   11    9
    7   17   10   10    3
   17   21    5   10    2
   24   25    1   10    3
   12   10    8    9    2
   15   14    3   12    2
    5   26    3   10    9
    2    4    2   11    9
   18   17   11   10    8
   27   30   10    2    9
   26    9    9   12    2
    8   23    3    3    2
   30   28    5    8    2
   23   22    1    1    2
   23   12    5    1    2
   18   28    4    9    2
   27    8   11   12    2
   25   30    3    6    2
   26   27    1    5    2
   11   11    5    2    3
   16   21    1    9    7
   10   29   12    4    8
    5    2   11    1    8
   27   19    8    1    8
   28   21    5   12    7
   27   25    8    1    3
    4   15   10    4    7
    1   14    1    4    3
   14    9    2    9    8
    2   23    8    7    7
    2   28    7    9    8
   11   12    6   12    8
    7   23   10    8    7
    2    9    8    4    7
   13   30    2    3    3
    8   13    4   10    4
    3   19    2    7    7
    7    6   12   12    5
   25   29   10   10    7
   18    9    7   11    3
   21   21    5    8    3
   23    3   11   10    6
   21   29    6   12    7
   13   14   11   10    8
   30   11    1    3    7
    6    5    5    7    3
   15    7   12    1    4
   28   27    7    6    5
   21    5    4    5    8
   10   24    3    7    3
   25    4    1   10    4
   30   10    7    8    5
   21    8    5   10    3
   26   12   10    7    4
   19   29    2    1    5
   24   24   12   10    6
    8   19    5    8    3
   13    2    5    6    4
    8   10    2    6    5
   16   17   12    7    6
   27   16   12    2    3
    2   27    4   10    4
   27   27    5    4    5
   19   19    3   12    6
   28    7    1   12    3
    6   12    3    6    8
   30    7    3   11    7
    1    1   10    5    8
    1    4    2    9    7
   17   30    5    1    8
   12    1   10    4    7
   15   12   12    1    3
    5    5   11    8    8
   17   28   10    8    5
   19    6   11   10    6
    7    7   11    1    3
   27   21    1    7    4
   11    7    9    1    3
   23   25   12    4    5
   26    8    7    6    6
   10   27    1    9    3
   24   20    6   10    5
   21   26    3    1    2
   17    9    8    4    2
   10    2    1    1    4
   27   22    4    2    5
   20   15    3    6    3
   26    1    5   10    5
    4    7    9    1    7
   14   14    8    3    6
   16   10    6    9    7
   30   30    8    4    7
   12    5    7    7    3
   21   10    8    8    6
   26    3    2    9    7
    1   25    8    7    6
   23   29   12    4    5
    1   24    1    4    3
    2    1   12    5    6
   28   16    9   12    7
   29   29    8   11    6
   12   12   11   10    7
   18   24    7    7    3
    8   11    2    4    5
    4   27    2    2    3
    7   12    1   11    5
   24    8    9    6    3
   14   21    5    8    5
   30   15    2    9    3
   16   29    1    3    5
   17   29    9   10    7
   25    2   12    4    7
    1   13   10    7    5
   17   17    2    1    3
   22   21    1    7    7
   27   20    9    9    6
    3   14   12    5    5
   16    2   12    3    3
   23   19   10    3    7
   27   23   11    1    5
   26   16    9    7    3
   10    6    9   12    6
   11    2   12    6    7
   16   16   10    1    7
    7   24    8   10    6
   25   12    3    2    3
    7   21   12    2    5
    5   14    6   10    3
    2    6    3    6    5
    5   22    3    8    3
   24   26   10   10    5
    8    3    3    9    3
   27   18    4    2    5
   28   26    6   12    3
    5    1    6    2    7
    6   13   11   12    3
   20    7    7    7    7
    2   18    1   11    3
   10   28    3    8    9
   28   28    6    9    3
   21    4   10    3    4
    4   11    6   11    3
   27    9    8    3    4
   11   22    2    2    5
    7   27   11   11    3
   16   20   12    8    9
   29   27    1   12    2
    8   16    6    9    9
    6   30   10   11    7
   19   13    6    7    5
    3   27    9    6    7
   17   22    4    9    6
   25   16    4    4    8
   30   12    4    3    6
   18   15    5    2    6
    1   17    3   12    2
   26   25    7   12    7
   21   25   10    2    5
   16    1    6    3    7
   12   18   12    6    6
   25    3    8   12    7
    3   24    8    1    5
    5    8   10   12    3
   19   17    9   11    7
   21    6    5    9    3
   19    1    2    9    7
   15    8    5    1    8
   24    5    2   10    7
   19   22    5   11    6
   29    5    9    5    3
   11   26    4   12    4
   29   26    1   10    7
    5    4    6   12    4
   13   13   12    5    8
    3   11    9   10    7
   28    3   12    5    3
   17   25    8   11    4
    4   24    9    3    8
   24    2    9   10    7
   22    2    8    8    3
   26   26    8    2    4
   17   10   10    5    5
   30   18    3   11    3
   10   20   11   12    4
   29   14    7    9    5
   23    6    9    1    8
    8   22    4   12    7
    3   17    7    1    5
   26   23    9    7    8
   22   22    1    5    7
   24   15    2   11    3
   26    6    4    7    7
    9    5   10   10    3
   30    1    8    2    7
    9   30    2    8    3
   22    3    4   11    3
   26   10    6    3    4
    3    3    1    7    5
    3    1    4   10    8
   13   25   11    8    6
   30   14    7    7    8
   18   18    1    4    7
   15    1    1    9    3
   25   15   11    1    7
   27   11   11   12    8
   13   20    9    5    3
   20    4   10    8    4
   24   28    6    5    6
    4   30    9   11    7
   13   15    1    8    8
   11   24   11    8    7
   17   23    3    1    3
    8   12    4   10    8
    3   13    7    3    8
    2    2    1    5    9
   22   16    9    5    8
    9   12    3    5    7
    7    2   11    3    8
   23   11    4   10    9
   15    9    1    3    8
   20    8    5    8    9
    8   25    4    3    8
    6    8    3   11    5
   23   24    2    8    7
   16   30    8    1    3
   26    2    8   10    5
   11   25    8   11    3
   19   25   11   11    8
   16   15    7    9    4
   14    4   12    7    5
   22   15    9    1    8
    9   20    9    2    3
    8   29    5    3    7
   25   10    2    3    4
   18   23   10    1    5
   23   14   10    3    4
   26    4    4    8    5
    1   10    9    2    8
    5   18   10   10    8
    6   17   12   11    7
   10   10    6   10    7
   18   19    2   12    8
    4    9    6    2    4
   14   18    9    7    8
   25   25    8   11    7
   22    9    8   11    8
    5   30    9    1    7
    4   10    3   11    7
   29   28   12    2    5
   24   17    6    6    3
   11   10    1    5    3
   14   25   10    4    4
   28   14    9    7    5
    6   29    1    5    3
   12    3    8   10    8
   21    9    2   12    7
   22   14   11    4    8
   22   25    5    2    3
   29    4    5   12    8
   17   26    7   12    3
   25    6    4    1    5
    4   12    5   10    3
   19   11    7    5    3
   13   21    2    3    8
    4    4   11    1    2
   12   29    3   12    9
   14    6    4    8    8
   17   13    8   10    9
   20   22    7    1    9
   28   13    7    7    4
    5   13    1   12    8
   13    7    4    3    9
   10    3    6    3    4
   14    8   12    2    5
   17    8   11    2    9
    1   18    3    9    2
   14   17    6    2    3
    2    3   11    9    3
    3   30    2    7    3
   12   13    1    6    3
   19   16   10    3    3
    7   10    1    6    3
   14   11    7   11    4
   10   14   11    3    2
    4    6    2    1    9
   11   16    7   11    8
    6    1    9    1    8
    9    9   10   12    8
