   30   18   11   12    1
   24   14    2   12    1
   28   12    4    7    1
   20   19    2    9    1
   17   28    6   10    1
   24    2    8    9    1
   19   26    1    5    1
   17   17    3    1    3
    9    6    4    9    1
    4    4   10    9    5
   29    9    1   12    1
   18   21    5    6    1
   13   27   11   11    1
   13    2   12   12    1
    9    7    6    4    1
   19    3    9    7    1
    2    8    5    5    3
   29   14    2    6    1
   20   30    8    6    1
    8   19   12    6    4
   12   19   11    9    4
    4   11   11    2    1
    9   28    7    2    4
    8    8   11    6    4
   23   19    5    8    1
    1   30    9    9    1
   10   22    7    9    1
   12   12    7    5    4
   27    6    3    5    1
    8    7   10    2    1
   21   16    9    5    1
    9    9    8    5    4
   18   18    2    1    1
   12    9    9   11    1
   29    8    8    5    1
   14   30    1    6    1
   23   26   10    3    1
   18   20   10   11    1
    8    9    3   11    1
   27   26    6    8    1
   24   25   10   10    1
   10    8    9   10    1
   25    8    4   12    1
   10    2    9   10    1
   10   13    7    6    1
   11   24   12    4    4
   15   30    9    8    1
   15    9    6    4    1
   21   11   11    3    1
    5    9   10   11    1
   30   11   10    6    1
    3    1    3    7    5
   24   24   12   11    1
    4   24    5    7    1
   14    3    5   10    1
    2   12   10    1    5
   23    8    6    3    1
    2    2   10    7    1
   19   17   10   11    1
    3   18    2   12    1
   27   16    3   10    1
   11   29    6   10    1
    7    1    6    9    1
    6   24    7   10    1
   13   21    1    2    1
   22   29    4   12    1
   18   24   12    6    1
   12   21   11   12    5
   22   22    5    8    1
   23   18    3    1    1
   29   23    5    4    1
    5    4    6    6    1
    6   12    4    5    6
   11    9   10    9    1
    1    8    8    5    1
    5   30    4    3    1
   24   19    9   10    1
   24   21    8    8    1
   16   25    1    7    1
    3    5    2    8    1
   25    2    5   12    1
    9   19    3    8    1
    8   26   10    2    1
   16   30    1    2    6
   30    3    8    7    1
   10   10   12    5    1
    1   14    1    4    1
    7   15    6    6    6
   16   20    5    2    1
   21    6    5    8    1
   12   11    2    9    1
   17   15   11    3    1
   15   11   11   10    1
   29   26   12    3    1
   26    7    7   10    6
   20   23    6    6    1
   27   19    8    8    1
   13   29    4    5    1
   24    3    4   12    1
    4    2    2   12    1
    7    5   12    4    6
   10    9    5    4    1
   21    5    5    6    1
    8   21    1    7    7
   24    5   11    4    1
   27   22   12   11    1
   27    1    3    4    1
   29   16    1    8    1
    6   25    4   12    1
    9    4    7    6    5
    7   19    3   11    1
    6   29    3    2    1
    4   21   12    6    6
   23    1    7    6    1
   15   15   11    8    1
   15    1    2    4    1
   26   18    6    1    1
    1   29    2   10    1
   10   12    3    8    1
   15   14    6    9    1
   21   22    8    6    1
   13    9    2    9    1
    7   25    3    3    1
    2    1    2    6    4
   24    9    9    3    1
   10   29    9    3    2
   18    4    9   11    4
   28   15    7    6    1
    1   12    8   11    1
    8   17    6    4    1
    9   26    1   10    1
   17    9    7   12    1
    6   16    9   12    1
   10    6    2    4    1
   13   18    8   12    1
   20   20    3    6    1
   13   16    8    9    5
   11   18   10    4    3
   26   17    2    7    1
   23   21    4    2    1
   10   26   12    8    1
   29   18    1    5    1
   16   16    7    2    8
   20   17    2   11    1
   29   24   11   12    1
   24   17    6    3    1
   21   14    9    6    1
   30   26    4    6    1
   29   28    6    2    1
   22   23    4   10    1
   13   17    3   11    7
   27   17   12    8    1
   26   11    1   11    1
    4   10    2    5    4
    3   25    7    8    1
    3    4    8    7    2
   18   15    9    4    7
    5   20    9    9    1
   24   15    5    3    1
   14   22   12    6    1
   16    4    2    3    1
   10   24    5    4    2
   16   10    5    6    2
   20    7    9    2    1
   10   19    3    4    1
   28    4    3    3    4
   17   12   12    8    1
   15   13    9    8    1
   30   21    6    4    1
    4   29    5    9    1
   29   15   11    3    1
    5   17    1    3    1
    8   22    2   12    1
    2    9    9    5    1
   30   17    2    5    1
    5   19   10    2    1
    6   20    6   10    1
   15    2    4    1    1
   21    1    8    1    5
    8   30    7    7    1
   15   16    6    1    2
   26   24    7    5    1
    1    9    6    2    1
   14   28    3    9    1
   21   27   11   12    1
   10   15   11    8    1
   23   10    6    8    1
    1   11    9    7    4
    4   25    2   11    1
   23   27    4    9    1
    6   30   10   12    1
   11   11    2    7    1
   14   18   12   12    1
   22    2    4   10    5
   23   30    2    6    1
   30   29    6    2    1
    9   27    1   11    1
    5   10    5    3    1
    6   22    4    5    1
    6   11    4    4    1
   15   25    3    2    1
   18   16    6    3    1
   24   30    2    8    1
   18    2    5    9    1
   28   25    3    8    1
   20   26    8    8    1
    1   28    1    4    1
    7    7    1    8    7
   30   30    4   12    1
   16   24    4    2    1
   10    3    7    4    1
    2   29    6   11    1
    3   22    4    5    1
    5   14    4    5    1
   22    4    5    2    1
    6   18    1   11    1
   17   29    6    1    1
   16   17    1    3    8
   28   24    4    9    1
   18   28    7    9    1
   13   20   12    2    1
   21   29    1    8    1
   12    8    5   10    1
   28    5    6    7    2
   12    4    4   12    1
   11    3    4    6    2
   29   12    9    4    1
   26   16    8    1    3
   12   18    4    3    1
   11   25    2    8    1
   10   14    3    7    1
   19   30    2    1    1
   13   22    8    8    1
   16   28   11    2    1
   16   12   10   12    1
    5   15    3    3    1
   12   27    6    7    1
   17    3    2    4    1
   20    1   11    5    1
    6   14   11    7    1
    6    4    6    5    1
   27   30    9   10    1
   14   13   11    9    1
   28    7    9    4    1
   22   20    2    2    1
   21    2    8    3    2
   17    6   11    1    1
    6   28    4    7    1
    7   27   12    2    1
    6   13    2    9    1
   18   27    4    2    1
   19    1   11   10    6
   23    6    1    2    2
   25   25    2   10    1
   27    8    7    5    1
   26    6    8    2    1
   11   20    9   11    1
   26   12    2    1    1
   12   20    7    6    9
    4   30    5    3    1
   21   10    6   10    1
    2   27    1   11    1
    5   12    7    1    1
   24    1    7    8    1
   26    4    9    7    6
   30    7   12    3    1
   30   28    7    5    2
    4   13    2    3    1
    8   24   10    4    1
   16   11    7    5    1
    5   22    3    6    3
   10    7   11    7    1
   14    4   11    2    1
   21    7    1   12    2
   30    9   11    6    1
   10   25   11   11    5
    9   23    6   10    1
   17   10   12    5    1
   22    1    5    4    5
   21    9    6    1    1
    6    1   11    3    1
   12   14    1    2    1
   26   15    5    6    1
   10   28   11    4    1
    1    1   11    7    1
   25   12   11    8    1
   19   14    3    1    1
    8   20    6   12    1
   18    7    2    9    1
   15   27    1    8    1
    6    7    1   10    1
   25   17   10    2    1
   24   13    2    6    1
   30    2    2    5    1
   29   29    8    2    1
    2   16    5   11    1
   23   24    9    7    7
   18    9   12    5    7
   16   14    1    3    7
   28   20    9    1    1
   25   23    1    3    1
   18   22    1    9    1
   17    2    9   12    1
   29   27    7   10    1
   17    7    2    7    1
   19   15   11    4    1
   11   17    1    3    1
    9   20    6    7    1
   13   30   11    8    1
   22   16   10    5    1
    4    7    2    5    2
   20   29    3    8    3
   26   25    3   11    2
   20   10    9    1    2
    4   20   12    4    8
   28   28    4   10    3
    4    8    6    4    7
   16    7    8   11    3
   27   10   10    7    8
    1    5    2   10    1
    7   12    6    5    3
    6    6    4   12    1
   28   19    9    5    3
    2    6    1    4    1
    9   25    1    4    4
   27   25    5    1    1
   19   18    4   11    5
   23    4    1    7    5
    2   19   12    5    5
   25    1    2    1    3
   22   17    2   11    1
   18   10    7    4    1
   14   20    8   12    1
   13   28   12    9    1
   19   16    6   11    1
   28    2    8    8    1
   11    8    8    3    1
   21   15    8    5    1
   21   21    6   12    1
   21   19   11    4    2
    6    3    3   12    2
   14   25    6    7    1
    2   20    4    8    1
   11    5    2    4    1
   19   22   11    1    1
    7    3    1   11    1
    3   13   10    8    1
    8   28    6    6    2
    3    3    6    3    2
   25   30    9    9    2
   22   24    7   11    2
    5    5    9   10    5
    7   13    9    5    5
   23   15   10    7    1
    1   10    3    7    1
   19   11    1    7    5
   20   15    7   10    1
    8    5    5    1    5
    4   17    1    6    1
    3   27   11   11    5
   24   12   10    7    1
   28   22   12    6    5
   28   21    3    8    1
   19   13    2   12    5
   14   17    9    9    1
    2   14    3    8    3
   19   19    5   10    4
   20   21    7    9    6
   11   14   10   12    1
    3   15    6   11    3
   23    5    9   11    7
    3   29    3    6    2
   13    5    4    7    1
   29   19    1    3    3
   23    2    5   10    3
   26   13    2   11    7
    1   16   12   10    5
   23   14   12    2    5
    7   14   10    6    5
    1   17    9    3    1
    1   26   11    3    1
    7   23    1   11    1
   14    9   10   10    1
    3   23    3    3    1
   14    8   10    6    1
   22   26    7    8    1
   12    3    5    8    1
   27   24    1    1    3
    7   11    3    7    3
    3   28    2    2    3
   13   13   12   10    3
   26   28    9    5    4
    2   11    6    3    3
   23   17    2    7    2
   12   23   12    7    2
   11   27   11   10    3
    6    5    5    3    4
   27   14    2   12    1
    6   19    6   11    1
    2    5    9   11    1
   23   28    5    8    4
    5   16   12    8    4
   14   14    6    2    3
   15    8   12   10    3
   25   21    8    7    3
   10   11   10    5    3
    8   18    3    2    3
   25   22    4   11    1
    7    2    8    6    1
   16    9    2   11    1
   25   19    1    8    1
    5   29    5    7    1
   15    4    8   11    3
   27   27    2   12    3
    8    6    9    3    3
    3   21    2    4    3
    8   13    5   11    4
   20   25    5    9    3
   28   11    2    1    3
   10   30   11    2    4
   22   11    6    6    4
    1   13   12    9    4
    6   15    6   10    4
    1    4    4    6    4
   23   23    4   10    4
   23   11    1    6    4
   20   27   11    9    3
   19    4    4    2    3
   25   18    6   10    6
   16    3    6    4    6
   16   23    6    1    6
   12   15   10    9    2
   13   11    4    8    2
    3    2    8    5    2
   26    2   12    2    1
   26    5    7    6    1
   13   25    7   11    1
    3    8    6    9    1
   22    7    7    5    5
    3    9   12    1    2
   22   30    4    2    5
   27    4   11    4    4
    7   29    8    2    3
   14   26    2   10    9
   27   28   11    2    1
   20   24    5    2    1
   26    3    9    3    1
   22   12    3    2    1
   18    1    9    9    1
   13   12   11   12    1
   21   26    3    6    1
   17   21    4    2    4
   25   29    1    5    2
   30   12    4    4    2
   20    3    8    9    4
   16    8    5    3    4
   27    5    7    9    4
   26   26   11    5    3
   18   17    1   12    7
    5   18    4   11    4
   13   23    5    3    3
   22   15    6   10    3
    7   24    4    3    3
   22    9    8    8    4
   25    5   11    9    1
