    9   18   10    6    3
   18    1   12    9    4
    7   17    2   12    5
    6   25   11    2    4
   24   14    6    6    4
    5    4    4    7    2
   16   30    2    3    2
    9   20    8    3    8
   12    9   11   12    3
    2    4    8   10    7
   22    6    6   12    3
   28   19    8    9    2
    5   19    8    4    3
   16   24    8    3    4
   11   25   12    9    4
    4   11    4    8    4
   21   14   10   12    7
   12    6    2    1    8
   15   25   12   11    6
   23   22    4    4    4
   12   16    3    3    4
    7    4    9    4    4
   26   16   11   10    5
   12    7    1    5    5
   26   14    3   12    6
    7    8    3    2    5
   20    4   10    2    5
    1    2    7    6    6
    6    2   11    9    5
   23   20    6    4    4
   14   15    9    4    4
    5    5    8   12    3
   12   18    8    6    3
   28   29    5    8    3
    7    5    2    3    3
   28   25    3    7    3
   17   26    7    7    3
    7   21    6    4    3
   30    4    2    5    3
    6   17    7    5    4
   14    5    4    6    3
   16   15    7    5    3
   27    4    4    5    3
   18    4   12    3    5
   19   14    6    2    3
   26   27    3    1    4
    5    6    6    4    4
   16   18    7    5    3
   23    3   10    8    3
   10   17    9    4    3
   15    7    5   12    5
   17    1   10    2    4
   24   11    3    2    4
   17   22   12    5    3
   14   10    8    7    6
   30   14    5    8    3
   18   18    3    1    4
   19    8    7    8    5
   22   30    1    4    3
    1   10    6   11    7
    9   16   10   11    4
   17    2   12   11    5
   16   29    4    4    5
    3   16   10    2    5
   29   19   11    8    4
    5   26    4    4    2
   10   25    5   11    4
   28    6   11    1    2
   12   29    6    6    2
   30    9   12    2    3
   15   18   10    5    2
   17   27    3    6    2
    7   30   10   10    5
    5   30    4    4    2
   23   10    7    7    2
    8   13    4    4    3
   25   19    7    2    6
    7   29    1    7    4
   27   22    6   10    4
   21   15   12    2    1
   13   21    2    6    2
   21   17    9   12    3
    6   26    9    7    4
   14   13    8    7    4
   28   14    2    4    4
   23   17    8   12    7
   19   19    7    8    6
   14   12    4   10    7
   16   19    3    4    3
   23   12    1    5    2
   21    6    4    2    6
   28   26    2    7    4
   10    7    2    3    4
   11   11   10    2    4
   15   23    6    1    3
   29   22    4    7    4
    8   10    2   11    3
    2   23    2    6    2
    1   27    5    5    2
   10   10   12   11    4
   12   12    9    8    3
   11   22    9   12    3
    6    4    8    2    2
    8   27    6    4    4
   15   17    2    4    3
    8   26   10    2    2
    6   18    8    6    3
   14   14    6    7    2
   14    9    5    5    3
    8    8    9    6    2
   20   30   10    6    3
    7   11    9   11    3
    3    5    3    5    7
   16   16    2    9    7
   26   19   11   12    3
   19    4   11    4    5
   13   13    9    7    4
   11   14    9   11    4
   27   16    9   10    4
   15    1    3    1    2
   29   23   11    9    6
    6   16   10    3    2
   12    8    8    8    2
   29    9    5    2    2
   14   23   10    4    3
   30   28   11    1    2
   18   20    6    5    2
   29    6   10    1    3
    3   14    1    1    8
   30   12   11    2    3
   24   24    8    4    3
   12   11    8    1    6
    2   14    8    3    6
   20   12   11   12    3
   28   28    9   10    7
    2   19    5    9    7
   24    8    3    2    4
   24   10   12    7    3
    8   22    6    4    4
   15    5    1    2    8
    2   28    1   10    4
    3    7   11    7    3
    1    5    4   10    3
   25   25    7    2    3
   26   23    1   10    6
   22   13    9   11    3
   23    9   12   11    1
   25   27    8    6    3
    1   20    7    4    4
   27   12    7    7    3
   17   12    7    6    4
    9    4    6    8    3
   11   28    1    1    6
   10   22    5    6    7
   29   17    1    3    3
   15   30    6   11    2
   27   20    7   10    6
   24   13   10    2    6
   10   27   10    5    3
    3   12    3    3    7
   30   25   11   10    3
   20   20    5   11    2
   15   19   11   10    3
    4   25    8   11    7
    2   18   11    7    3
    1    1    7    1    6
   15   22   12   10    3
    6   20    8    3    2
    5   21    6    2    6
    8   17    1   12    3
   15    4    3   10    1
    8   21    5   11    8
   19    6    7   12    7
   20    2    7    7    3
   18   19    9    2    8
   28   12    1    2    8
   10   21   10    7    3
    2   21    1    7    9
    1    3    3    2    3
    4   28    2    6    6
   17   30    5    3    8
   17   17    1    8    8
   22    3    6    8    2
   11   30    6    6    2
   11    5   12   11    8
   17   18   11   12    4
   12   25   10   12    7
    5   28   11    6    3
    3    2   11    2    8
   16   10   11   11    3
   15    2    5   11    8
    2    2   11    4    3
    6    3    1    8    8
   29    1    8    6    2
   26   29    3   12    8
   28   10    5    4    2
   27    7    5   10    8
   20    7    9   10    2
   13   30   11    8    2
   17    9    7    8    8
    7    7    7    1    2
    9    2    6    5    2
    7    6    8    4    2
   22   25   12   11    2
    8    5    4   12    2
   30   19    1    7    2
   17    5    4    7    2
   11   29    8    9    3
    7    2    8    9    4
   28   24    1    9    3
    8    2    6   12    2
   21   12    5    6    1
    5   20    4   11    2
   27   13   10    1    3
   29   29    8    3    4
    2   29    6    5    7
    6   15   11    8    8
    7   24    7    2    5
    4   12    2    7    7
   20   15   11    4    6
   13    4    7    9    5
   15   27    6    3    6
   25    7    4   10    3
    9   19    7    3    3
    9    1    8    6    6
   14    7    8    9    3
   11   16    3   10    4
   17   19   10   11    6
   29    3   12    8    3
   29   15    7    5    3
    1    8   10   11    6
   23   30    9    7    3
   17   28    2    9    3
    6   14    3   11    7
   10   20    8    6    3
   13   26    3    2    4
   24    2    1    1    4
   17   24    7   10    4
    2   13    8    2    3
   13    7    1    2    2
   28   18    1    9    5
   24   23   10    9    3
   13   28    2   11    3
   22   24    7   10    2
   23   19   12    1    3
   23   16   12    2    3
   28   23    5   11    6
   17    4    7    9    3
    2   10    3    8    3
   10   13    5    2    3
   18   13    4    1    3
   21   20    5    8    2
   28   15    7   10    6
   24   26    3    2    6
    4   26   11    9    5
   12    2   10    3    5
   26   18    4    6    4
   22    9   12    7    3
   27   30   11    5    6
    6   30    2   10    3
   27   19   12    7    6
   26   25    4    1    2
   24   30    3    3    3
   28    8   12    3    3
    7   28   11    1    4
    2   27    6   12    4
   30   30    1    9    4
    3   18    2    5    4
   27   27    6    4    4
   16   21   10    7    3
    5   29    1    4    3
   23   18   11    3    4
   14    4    9    5    5
    3   15    5    5    3
   14    1    6    2    3
   27   21    3    3    3
    4    1   10    3    4
   25    1   12   11    3
    6    8    9    1    6
   23    6    9    2    4
   24    6   10    6    5
   29   30   11    6    5
    1   13    6    1    4
   10    9   10    2    3
   23   13   10    7    3
   26   30    3   10    3
   26    2    4    3    3
   25   17    7    4    2
   28   16    1   12    4
   26   21   12    7    3
   16    2   11    6    2
    3   20    9    5    2
   16    8   11   10    6
   26   20   12    3    6
    6   13    3    1    5
   13   15    2    6    5
    6    6    2    7    5
    5   24   10    9    5
   13   12    1   11    6
   26   15    1    1    6
   12   26    5    8    4
   25    8    8   11    6
   21    1    8   10    6
   25   18    6    7    3
   19   12    2    2    6
   28   20    5    3    3
    1   12    2    2    3
    1   22   12    2    3
   27   28    6    2    3
   29   18    8    6    6
   22    2   11    8    1
   24   27    4    5    2
    9   27   11   12    6
   11   23   11    9    3
    9    7    1    1    3
   29   27    7    3    3
   15   15    2    8    3
   20   11   12    4    3
   11   17   11    5    3
   21   11    7    3    3
    8   29    9    5    3
    4    4    7   10    3
   19   24   11   12    8
   22    4    2   10    3
   21   24    9   12    6
   25    3    6   10    6
    1   19   11    3    3
   29   24    8   12    3
    3   11    9   12    6
   23   27    9   11    7
    7   19    5   10    7
   30    8    5   11    4
    7   23   11    9    3
   30    2    4    2    7
   16    4   10    8    9
   26   10    3   12    6
   24   12    3    9    6
   11    1   12    6    6
    1   24    7    3    6
   16    5   12    2    6
   10   11    1    8    4
   25   21    1    1    4
    9   13   11   10    6
   24    9    8    8    3
    4    3    9    6    6
   22   26   12    4    3
   27   11    8    1    6
   18    8   11    8    3
   17    3    3    2    6
   25   14    3    7    6
    1   26   12   11    3
   13    5    5    2    7
   19   22    4    5    7
    8    3   10   10    3
    5   27    1    6    3
   25   13   12   12    7
    1    6   12    4    3
   11   15    6    3    7
   12    5    3    5    7
   10    6    1    2    3
   28   21    3    3    7
   20   13   10    3    7
    5   25   11    6    4
   16    7    7    4    5
    9    9   12    2    6
    5    9   12    8    5
   12   10    5    4    4
   19   20    4    8    7
   12   15    4   11    5
   26   26   12    7    4
   13   17    9   10    4
   23   23    1    9    7
   23   25    3   12    1
    9   25    2    6    6
   20   17   10   12    2
   24   18   11    5    2
   24   20    1   12    2
   11    9    8    1    2
   14   27   10    8    6
   18   27   12    8    2
    6   27    4    7    6
   19    3   12    6    6
   18   14   11    2    6
   18   30    1    2    6
   20   25    2   10    6
   10    3    1    9    6
   13    3    4    5    6
   16   13    4   11    2
    8   14    5   10    6
   26   11   11    2    2
    1   28   10    3    2
   16   20   11    6    6
   18    7    8    1    2
   21    4   10    5    6
   22    5    5    7    6
   13   11    6    3    2
   22   16    3    2    2
   14   17    9    1    3
    5    2    3    1    2
    2   11   11   10    6
   22   21    4    7    2
    8   23    4    1    6
   29   25    3    1    8
   24    4    8    1    5
   18   22   11    5    4
    8   20    3   10    6
   13   19    5    5    6
   10   18    8    6    4
    9    3    8    5    5
   29    4    3   11    5
   23   21    2   10    4
   19   11    7    9    4
   26    9    6    2    5
   16   17    8   11    4
   29   13    6    9    4
   21   29    3    2    6
   30    1    1    7    4
   11   18   11    9    5
   22    7    5   10    4
   21   21    2   10    6
   21    9   12    9    7
    1   16   10   10    9
   30   21   12   11    3
   19   10   11    3    3
   30    3   12    5    3
    6   11    9    8    8
   14   29    2    2    3
    5   23    8    3    2
   21   18   11    6    2
    4    8    2    2    4
   10   29    7   12    4
   24    3    6    2    3
    4   10    5    8    3
   10    5    6    4    4
   22   14    1    3    7
    9    6    5   10    7
   10   30    3    4    3
   11    8    4   12    7
   29   20    7    1    3
   15    8    5    2    7
   12   22    4   11    3
   21   19    4    9    8
    1   23   12    9    7
    9   28    1    5    3
   15   24    4    6    4
    9    8    4    6    3
    3    3    6   12    5
   25    2   10    2    4
   24   25    5    8    3
    9   15    1    8    3
   28   22    8    4    4
   26    7    9    6    3
    1    7   12    6    3
   28    3    9    4    3
    4   23    3    4    4
   15   10   11    4    3
    5   18    3    3    3
   22   22    7    4    4
   16   25    2    3    3
    3   21   12    3    4
   14   16    4    1    3
   14   20    3    5    3
   27    3   11   10    3
    3   26    7    5    3
   22   20   12    7    4
