   14   18    1   12    7
   21   22    1   12    7
   25   22    2    6    6
    8   18    9   11    6
    1   17    6    7    6
   30    1   12    3    5
   10   10    9    6    2
   29   24    7   12    1
    6   24    7   10    4
    9    6   12   12    2
   12   17    8    2    1
   19   23    2   12    4
   20   21   10   12    3
   27   24   12    2    2
   17    6   10    9    2
   11   29   10    2    4
    5   29   10    2    4
   21    8   10    5    3
   25    5    3    9    6
   27   16    6    8    2
   10    4    4   10    3
   11    5    5   11    3
   30    8    3    9    6
   25    6   12    9    7
   21    1    5    3    3
   24    7    3    8    3
   30   29   11    1    4
    3    3    5    2    4
   16    3    5    5    8
    8   29   11    6    2
   11    7    3    2    8
   17   22    4    3    5
   13   22    5    3    8
   11   10    8    3    5
    4    1    7    9    5
   22   11    8    6    6
    1   12    6   12    8
   23   27    8    4    6
   20   25    8    6    5
    8   28    3    6    8
   20    8    1    6    5
    2   30    2    2    5
   26   20    9   11    5
   30    5    7    6    7
   14   13    1   10    4
   29   27    5    1    4
   18   15    9   10    3
   30   13    2   12    5
    9   10    3    4    6
    9    4    7    9    5
   25   26    9    9    8
   14    4   10   10    3
    3    1   11    1    3
   16   10    9   11    5
    6   13    4    2    3
   21   27    3    8    4
   26   15    4    5    4
   29   29    4   10    7
    4   11    7    4    7
    9   29    9    1    3
    7   19    6    7    7
   29    3   10    7    4
    8    1    3    4    8
   17   20   11    9    7
    8   26    7    4    3
   18    1    4    1    7
    8    8    5    6    4
   13    9    8    7    7
    9   15    4    2    3
    1   25   11    3    5
   16    2    6   10    2
    9   11    6    7    4
   29   10    3    1    5
    6   10   11    3    9
    2    1    9    7    8
    8   10    3    1    4
    2    3    6    4    7
   28   27    4   11    3
   28   18    3    7    8
    3   23   10    2    2
   26   16    6    6    1
   27   25   12    5    1
    2   13    9    4    4
   29   23    5    1    5
   18    5    1   12    7
   30   10    2    8    7
   23   14   12   10    4
   15   15    7    1    4
   15   11    2    5    4
   12    4    7    1    7
   22   23    2    9    2
    3   27   12   11    5
   24   18   11   11    4
   19   25   10    7    7
   15    5    9    6    5
   14   10    2    5    7
    8   25    9    4    4
    7   12   10    2    3
    1    1    9    5    4
    9    3   11   12    3
    5   20    3    4    5
   16    6   12    7    4
   22   24   10    6    4
   21    5    2    9    4
    2   26    3   11    5
   12    9   10    7    7
    7   15   10    9    7
    6    1   12   12    3
   18   11    1    1    7
   12   30    9    5    7
   11   17   12   12    4
   19   19    3    9    7
    2   22    6    3    3
    5    5    4    1    8
   10   17   11   11    8
    7   18   12   12    7
    2   11    7    1    7
   16   24    1    8    7
    4   18    1   10    5
   25   10    6    1    5
   19    3    5    2    8
   21    4    3    4    8
   14   25   10    4    3
    2   14    7    6    4
    2   18   10   12    7
    4    4    2    6    7
    9   19    1    4    7
   25   24   11    8    7
    8   23    2    8    7
   28   30    8   11    7
   30   11    7    7    7
   14   14    5   10    4
   15   22   11    3    4
   18   10    7    4    7
   22   27    9    6    4
   15    1    5   11    4
    3    8    5    8    7
   30   23    6    1    8
   13   19    9   12    3
   25   23   11    6    3
    7   14    5   10    3
   14   17    7    5    5
   12   22    4    2    8
    9   28   10    1    2
   10    1    5    2    2
    8   11    5    2    7
   28   17    7    6    2
   25    7    3   11    3
   24    3    5    5    2
   29   14    3    9    8
    1   16   10    9    8
    8   16    8    8    2
    5    9    3    5    3
   25   30    6    1    7
    2   23    5    8    2
   15   14    5    6    2
    2   15    9    6    3
   22    3    5    6    2
    4   16    6    1    2
    4    6    9    2    2
   19   15   10    1    7
   23    9    6    2    2
   20   20    1    7    2
    9    7   12    3    7
    1   22    9    8    2
    2   29    4   11    3
   19   22    5    9    3
   25   25    5   10    2
   29    4   10   10    8
   27   12    3   11    2
    9   26   10    3    2
   19   28    7    4    2
   17    9    7    5    3
   14   19    7    7    9
   29    6    9   10    2
    6    6    4    1    8
    6   23    4    8    7
    2    2    7    6    3
    7   26    1    6    6
   11   25    9    4    8
    3   14    1    3    4
    9   25   10   10    4
    3   17   11    6    7
   28    7    7    7    1
    9    9    7    8    5
   18   21    2    6    2
   20    2    7    1    3
    8    9    3   11    2
   20   12    3   12    3
   22   29    9    8    7
   26   11    5    3    7
   11   24   10   10    7
    4   23   12    1    8
   27   18   11   11    7
   19    4    8    4    1
   15   23   12   11    3
   18   23   11   12    3
    7   22    9    7    3
   11    6   11   12    3
   22    5   10    7    8
    2    9    4   12    2
    4   17    8    9    7
   14   26    2   11    7
   27    4    8    5    1
    4    5    4    2    3
    7   13   11    1    3
    5    2    2    7    3
   30   27    5    4    3
   20   28    1    1    3
    1   27   11    4    3
    5   13    4    7    6
   24    1   11    6    6
   29   18    8    1    7
   19    8    4    5    2
    9   20    4    7    3
   20   14    8    6    8
   26   18    8   12    4
   28    6   10    6    2
   23   23    4    9    2
   18   20    3    1    8
   27   13   10    2    7
    1   11    5    7    7
   10   26    4    4    1
   12   19    4    7    7
   15   13    6    3    7
   21   23    1    7    1
   13    4    3    7    7
   24   10    4    6    1
   25   13    3   10    7
   21   25    9   12    5
   10   20   11    3    7
    5   24   12    7    2
   22   14    8    2    5
    4   22    7    1    2
    2   28   11    4    3
   15    6    6   10    3
   24    2    5    7    4
   25   29   10    5    6
    1   20    7   11    3
    6   21    8    5    5
   22    8    6    4    5
   28   25    9    1    1
   11   14    9    2    2
   16   18    3   11    2
   24    9    7    1    6
    4   15   11    7    7
   20   15    3    3    7
   28   28    1    2    3
    8   17    6   10    3
   17   18    3    5    3
   18   18    5   12    7
   24   12    2    1    3
   13   20    9    1    8
   13   13    9    8    7
   24   17    1    4    7
    4   30    6   12    6
   12   29    6    9    7
    7    7    9    1    7
   21   17   10   10    2
   23   13   10    3    1
   19   21    1    2    7
   12   26    2    9    6
   19   16   12    1    7
   28   10    9    6    2
    6   22   10   10    7
   22   26    9    2    6
    8    6    2    5    7
   10   23    5   10    3
   24   26    3    1    5
   10    7   10    6    5
    8    5    6   10    6
    3    6    5    7    7
   19   24    3    8    7
   30   19    1   12    6
    6   19   10   11    7
   12   28    7   10    7
    3   26    8   10    4
   16   22    6   12    1
   13   28    8    6    7
   14   27    9    6    8
    8   12   12    1    7
   30   30   12   11    7
   11    3    2    5    3
    7    8   11    7    1
   24   15   10    7    4
   25    2    5   10    6
   17   19    2    4    4
   10   22    7    3    2
   13   29    2    4    3
   30   16   10   12    2
   30   20   10    3    7
    4   25    3    2    2
    2    7   12    8    2
   20   27    1    4    2
   21   12    4    3    6
    6   27   11    8    5
   16    7    6    4    2
   12    2    2    7    5
   28    3    6   12    7
    5   19    3   11    4
   28   22    6    4    5
   25   16    6    5    3
    6   12   10    7    4
   24   20    5    9    3
    6    5   10    3    3
   21   21   10    8    6
    8   27    2    5    2
   24   21    2    1    3
   16   15    8    9    6
   28   14    8    9    2
   30    7    8    8    2
   24   24    2   12    2
   15   17    2    7    2
   27   10    9    7    2
    9   21    3    5    2
    1   26   11   10    2
   18   12   11   11    2
   26   28   10    5    3
    2   27    2    7    8
   24   13    9    5    2
   17   17    9    8    2
    6    7    6    2    7
   13    8    2   12    7
   16   23    9    3    1
   16   16    1    5    7
   28   23    8    3    1
    3   15   11    3    1
   27    9    5    7    6
   16   13    3   12    1
   12   16   12    7    1
   22    9   10    7    6
    1   23   11    9    6
    4    2    9    2    7
   14    5    3    4    2
   21   11   10    8    6
   29   16    3   12    6
    4    3   10    6    2
    7   27    7    8    1
   20    3    3    5    6
   18    9    3    9    2
   22   20    4    3    3
   27    5    5    6    2
   16   11    4    5    7
   28   16   11    8    1
   16   21    5   11    2
   26   27    5    5    3
    6   20    9    4    7
    7    1    9   10    6
   22   18    2   12    6
   24   30    8    4    7
   14    6    1    1    7
   10   13    2    7    2
   14    8    2    7    7
    1    9   11   12    6
   12    5    6    3    3
   15   12   10   10    2
    2   10   11    4    7
   25   12    9    6    7
   26   19   12   11    7
   23   12    1   10    7
   30    9   10    9    2
   16    9    7   11    3
   28    5    7    7    4
   11   13    4    5    6
   13   17    8   10    7
   12   12    1    8    8
   28    1    9    9    1
   27   15   12    5    4
   21    2    4    8    3
    5   23    7    4    8
   15    8    2    2    7
   10   21    3   12    3
   10    3    4    1    3
   17    7    4    5    3
   26    5    7   10    3
   26   26   12    8    3
   23   24    6    7    2
   19    2    7    3    7
   18    3   12   12    2
   17   30    5    2    3
   26   23    9    3    7
   12   13   10    5    2
   25   15    4    1    2
   17   29    8    7    1
    7   23   11    4    2
   26   30   10    4    7
    5    3   10    9    7
    2    6    4    3    8
   21    7    9   11    2
   29    7    4   12    2
   26   29    8    9    2
    8    2    1    1    7
   18   13    6    3    5
   30   18    8    4    3
   24    8   10   11    3
   17   25    3    9    7
   19   27    3    7    6
    4   20    5    1    7
   19   18    1    2    2
   28    4   12   10    3
   11   11    5    4    5
   11   12    1   10    7
   20   19    1    9    8
   27   27    7    2    2
   29    1    3    7    7
   11   27    5    1    3
   29   28    3   11    8
    7    5    4   12    7
   30   22    3    4    1
   22   22    2    1    3
   11   23    3    4    3
   30    3    4    5    4
   16   14   10   11    8
    5    1    1    6    7
   26   21    7    9    6
    1   14    2    7    7
    8    4    5   10    8
   26   17   12    6    1
   20    7    2    2    1
   19   29    5    5    2
    3   13   12    4    6
   15   30    3    9    3
   12   14    7    9    2
   14   30   10   11    2
   20   23    4    2    3
    3   21   10    5    3
    6   30    5    2    5
   14   21   12    6    5
   28   24   10    7    2
   11   20    5   10    2
   25    3    3    2    2
    5   16    2    9    2
   28   21    8    7    2
   18    6   12    4    2
   16   17    1    6    7
   15   10    1    5    2
   26    6    8   10    5
   25   18    4   11    5
   29   21    2   10    2
   19    1   10    4    2
    2   17    8   12    2
    3   12   10   12    1
   28   15    4    4    2
   21   13    8    3    3
   21   30    5    5    6
   20   29   10   11    2
   13   26    4   10    3
    4    7    8    6    3
   14   24    6   11    2
   27   17   10    7    3
    1   13    6    7    3
    7    3   10    7    3
   23   17    9    2    3
    4   26    3   10    2
   11   19   12    7    7
   15   29    3    1    2
   16   20    2   11    3
   10   19    9    5    3
   21   15    7    4    6
   11   28   10   11    5
   12   10    3   12    3
    9   14    7   11    6
   24    4   10    9    3
    5   10   10    7    2
    5   17    4    6    6
