    5    5   12    6    8
   22    3    2    6    8
    7   15    8    5    5
   15    5   12    5    7
    2   10    1    4    3
   14    1    2   10    7
   19    8   11    9    9
   23   22    7    4    4
   29   24    7    9    6
   10   25    4    1    4
    6   28    4    9    2
   11   11    1   12    7
   21    1    7    8    6
    3   21    9    8    6
   13   12   12    2    6
   27    9    1    7    7
   16   23    8   10    3
   10   23    6   11    8
    2    2    4    3    8
    2    1    5   12    4
    6   10    3    1    3
    7    3    6   10    5
    9    8   10    6    5
   19   15    1   11    6
    8    5   11    2    4
   23    5    8    5    4
    8   17    5   12    4
   25   22    7   10    4
   25   17    1   12    6
   27   24    5    4    8
    8    4   11    4    8
   18   15    5    6    7
   28   16    4    8    5
   10   12    4    7    5
   13    3    9    5    5
   18   26    8   12    5
    7    1   11    1    2
    8   30    9    2    7
   10   11    4   12    3
   29   14   11    7    3
   30   13    3    7    5
    5   21    6    2    8
    6    3    8    6    7
    5   14   11    5    3
   26   25    2    2    3
   24   20    7    5    4
   12    2    7    4    7
   29   27    7   12    3
    3   18    3    1    8
   28   12   10   10    8
    6    9    1    7    3
   13   25    9    1    3
    6   15    4   11    3
    4   20    7   10    3
    6    8    9    8    3
    3   15   11   11    7
   11   19   10    2    7
    8   15    4   12    4
   15   30    3    5    2
   16   10   11    3    9
   19    4    8    2    7
   10   10    5    3    5
   24   17   12    7    3
   22   28    6   10    3
   25   30    1    5    7
    4   22   12    4    3
   13   28    3    4    8
    6   13    2    7    7
   23    1    3    9    3
   22    2    3    5    8
   26   12    7    5    5
   30   14   12    6    9
   20   13    5    8    3
   24   14   11    4    8
   24    3    9    4    5
   14   13    4    6    8
   27   11    1    4    3
    7    5    1    1    9
   18   10    3    2    2
   20   22   11    1    9
    1    1   11    8    3
   23    3    9    6    8
   11   15    8    6    5
   30    2    6    6    8
    1    9    3    4    8
    6    4   12   12    3
   19   21   10    4    9
   24   28    8    9    8
   23    8    1    2    8
   25   19   11    3    5
   25    4    4    6    2
   30    5   11    1    8
   28   20   12    7    3
   29   29    7   12    7
   22    7    8    9    4
    7   19    2    8    3
   17    1    6   11    3
   15   23    9    3    5
   29   16    3   12    5
   28    2    8    3    2
   17   19   12    8    5
   29   11    8    5    5
   20   30    2    9    4
    4    4    4    8    7
   13   15    3    6    8
    4   13   10    9    8
   15    9    8    1    3
   10   19   11    4    3
   29    1   12   11    3
   30   22    4    5    3
   12   17    8    3    3
    1   27    2    2    4
   13   19    8    1    4
   11   25    1   10    4
   23   12    7    2    4
   21   29   10   10    4
    2   25   10   10    7
   26   19   10    6    4
   26    5    9    7    8
   13    1    4   10    3
   20    1   10   11    8
   13    8   10    2    8
   16    9    7    2    4
   26   20    7    4    8
   13   10   12    1    6
   20   11    3   11    7
   13   18    4    4    7
   26   10   11   10    3
   16   11    4    2    6
   23    9    4    9    4
   19   30   11    4    4
    3    3    1    8    4
   21   30    9    8    6
   29    6    2   12    2
   27   17    7    2    6
   12   21    9    5    9
   10    8   11   11    8
   20   12    2   11    7
   18    9    4    2    3
   10   21   10    4    8
   28   29    8    3    4
    7   29    8    6    7
   23    7   11    2    3
   23   23    3   12    8
   19   29    8    5    3
   28    7    5    5    7
   13   21   12    6    8
    9    7    5    5    3
   15   27   10    1    3
   20   14    3    4    7
   26    6    3    8    2
   12    9   10    4    3
    3   25    2   12    8
   28    3    2    9    2
   25   24    9    9    8
   20   25    8   12    7
   18   11   12    1    3
   24    6    2    3    4
   18    1   12   12    4
    6   25   11    1    4
   12   14    7    7    4
    4    2    1    2    4
   18    7   12   11    4
   19   12    6   10    3
   30   18    6    6    4
   29   20    6    6    2
   13   22   10    7    4
    9   28    7   12    2
   17    6    4    8    5
   10   17    7    1    8
   29    5    9    3    4
   10    3   10    9    4
   19   19   10    6    4
   23   21    1   10    5
    5    2   11    7    4
   10   20    1    5    6
   10   27    8   10    9
    8    7    4    4    6
    6   21    9    1    4
   22   14    8    3    2
    9    4   11    3    4
   11   22    5    3    7
   20   17    3    8    6
   19   27    6   12    7
   15    2    4    8    3
   24    4    1    6    7
   25    1   11    9    3
    4   30    3   11    9
   30    1    6   11    8
   16   21    8    3    4
   12   25   10   10    7
   20   20    3    7    8
    9   24    1    2    2
   11   23    7    1    9
   29    3    9    2    4
   15   17   11    9    8
   20   15   11   11    2
   16   24    9    3    3
   28   23    7    5    9
   24   11   10   12    5
   19    3   11    5    7
    7    4    3    4    8
   12   16    8   10    4
   23   13    4    8    9
    9    3    3   11    9
    8   11   12    7    9
   13    7    2    4    9
   27   22    1    6    9
   23   20    3    6    8
   22    6    9    1    8
    4   17    9   10    9
    6   23    7    8    9
   17   22    3    5    9
   12    5    1    9    9
   15   14    6    7    9
   16   15    8    9    9
   17    7   11   11    9
   27   13   12    1    9
   17   17    9    1    9
   17    3   12    1    8
   23    2   12    9    9
    9   29   11    6    5
    3    8    9    9    8
   22    9    5    3    3
    9   17    5    8    8
   10    4   10    3    8
   11   12    6    2    8
   14   28   10    3    8
   16   14   10    6    8
   12   18   11   12    9
   28   18    5    1    8
   20    9    5    2    9
   26    8    7    3    4
   26    7   10    4    8
    5   25    2   12    4
    9   21    4    1    5
   11    5    6    5    5
   21   27   11   11    5
    6    2    2    3    4
   29   15    8    5    5
   19    6    4    6    8
    4   15    3    1    7
   28    4    9    3    3
   28   25    7    9    4
   24    5   11    2    5
   17   11    4    4    4
   26   21    9    4    4
   16    5    1    6    4
   16    7   11    9    9
    8   24    1    2    3
   20    6   10    5    8
   22   24   11    6    4
   21    7    6    3    7
   15   24    8   11    5
   19   18    6    7    9
    7   24    6   11    9
    6   27    2    6    5
    8   14    3    1    7
    6   30    8    5    8
   14   26    4    1    8
   23   14    6    1    9
   14    7   12    2    8
   27   12    2    3    5
   30   11    5    9    3
   19    9    8    2    5
    4   29    9    9    3
   19   24    4    1    5
    2    7    2    9    4
   25   18    6    7    4
   29   22    3   11    5
   22   16    3    6    3
   20    3    4   11    3
    4   14    5    9    9
   18   21    2   10    8
   17   16    5    1    7
   25   14    1    1    6
   12   24    9    4    5
   29    8    7    1    7
   11   26    8    8    8
   27    2   12    3    6
   28    5    3   11    8
    2   11   10    2    8
   11    9   10   11    9
   17   29    2    6    8
   12    4    9    9    6
    4    3   12   11    4
   21   15    1    5    6
   19   28   11    5    7
    6    7    4   12    6
   22   18   10   11    4
   26   15   10    4    3
   22    8    4    7    7
   14   14    2    3    4
   16    4    6    6    8
    8   12   10    5    8
   19   23    4   11    8
   18   17    5    9    7
   15   25    9   11    3
   22   10    5   12    9
   10   15    2    6    8
    7   10    4   12    5
    9   26    8    7    8
   30    3    1    1    7
   16   26    8    9    3
    1   19    3    8    8
   20    5   10    6    4
    5   13    6    7    9
    9    5    4    8    9
   20    7    6   10    8
   21   11    1    1    4
   18   29    5    3    7
    8   27    1   12    3
    4    5    3    2    6
   26   13    3    8    5
   14   27   10    8    6
    8   28    8   12    2
    6   14    3   11    5
    9    2    9    2    3
    9   14    2    1    3
   29   23    6    8    3
    2   13    4    1    3
   23   27    5   12    4
   22   12    6   12    2
   16   18    9    2    3
   11   14    5    1    3
   28   21   11    1    3
   24   18    5    4    3
   27   30    7   12    3
    9   13    6    3    2
    8    1   11    2    3
   30   23    2    8    4
    3    1    5   10    7
    1    4   11   12    7
   26   27    1    4    3
   26   17    9    6    5
   25   25    3    4    5
   17   23   12   10    3
    8    8    1   12    3
   30    7    6    1    3
    3   12   12   11    4
    1   24   10    5    4
   29   12    2   11    4
    5    6    1    7    6
    3    5   12    1    6
   14   18    2    1    7
   16   30    4    4    4
   20    2    7    4    7
   29   25    5    1    5
   24   23    1   11    4
   10   24    8    8    4
    9    9    3    6    8
   24   13    3    9    5
    7    7    9    3    9
    7   27    8    2    4
   26    2    8    9    5
   20   18   10    9    8
   11   13    8   12    8
   27   18    2    9    9
   18    5   10    7    8
    8   20   10    8    3
   19   22    8   11    4
   17   21    1   12    9
    7   12    6    3    4
    8   18    5    3    5
    5   27   10   12    5
   16    6    7    2    3
   23   18    6    7    7
    1   12   11   11    3
   16    8    3    4    4
    4   21    7    8    4
   25   16    9   12    4
   28   11   10    7    3
    5    1    1    3    3
   25    9    2    2    3
   10   29   11    9    3
   10    1    7    8    4
    2   24    6    9    4
   26   22   10    1    4
   16    2    5   11    4
   30   26    4    6    3
    6    1    5    2    4
    1   28    3    7    4
    6   12   11    8    8
   13   13    9   11    8
   15   12   11    4    5
    3   27   11    6    5
   24   26   12    2    4
    3   26   11    8    6
   25   21    3   10    8
   27   28    9    4    6
    4   18    9   11    5
    4   26    2   12    3
   22    1   12    4    8
    5   19   11    4    4
   22   15    2    6    3
   29   13    5    1    1
   14   10   10    5    1
   11    4    2   11    1
   27   20    8    7    7
   16   13   11    6    7
   30   30    9    8    7
   21    2    4   12    7
   17    5    8    1    9
    6    6    3    8    9
   20   16    7    2    9
   21   20    9    1    3
    6   18    4    1    8
   29   30    7    4    9
    5   10    1   10    2
   27   27    9    2    4
   28   17    6    9    4
   14   17   12   10    2
   11    3    7    6    4
   21   24    3    1    9
   30   12    4   11    9
    6   11    6    2    9
   15   15    4    1    4
   25    8    6    2    7
    2   14    8    6    4
   12   12    9    1    2
   10   30   12    3    9
   24   24    8   11    9
   14   21    2   10    8
   22   21    7    8    8
    1   26    8    2    4
    9   30    2    3    8
   19   20    3    8    8
    7   25    5    1    8
   21    8    8    2    7
   26   26    1    5    4
   29   26   10    6    8
   13   17   12    1    7
   10    9    8    4    2
   18    2    8    4    3
    2   29   12    8    4
   23   26    9   10    3
   22    5   12   12    8
   27   25    7    1    4
   10   28    6    7    7
   22   22    9   10    3
    8    2    5   12    3
   26   28   11    5    7
   19    2    9    2    9
   16   27    2    7    8
   17   30    9    7    7
    7   11    7    2    8
   28   30    8   11    9
   27    4   12    7    8
   14   19    1    7    8
   23    4    5    8    4
   16   19    2    7    3
    3   14    3    3    4
   21   21   11    5    8
   16   16    8    7    7
   30   24    6    2    7
    3    2   10    2    7
   18   18    1    3    7
   15   28    3    4    8
    3   16    5    3    8
    1   15    3   12    3
   28   28    2   12    8
    2   17    7    7    8
   23   25    1    1    8
   11    1   12    6    7
   16    1   11   11    4
