    8   27    1   12    5
   22   22   10    4    6
   27   27   10    2    3
    8   18   10   10    4
   25   18    7    6    7
    7    5    2    3    6
   17    5    9    6    6
   12   17    1    4    6
   17   10   12    5    5
   30    3   11   12    4
    7   17    6   12    4
   27   19    5   12    2
   16   27    7    8    4
   24    2    7   11    2
   28   24    1    8    4
   18   21   10    6    8
   10   25    2   10    3
    3    6    5   12    1
   12   14    6   12    6
   11   18   10   11    7
   22   27   12    3    3
   24   20   10    6    2
   19   22    3    3    6
   27    1    6    5    3
   15   19    4    2    4
   13   16    9    7    6
   18    3    2    6    4
    7    7    9    8    8
    6   29   11   11    6
   25    5    9    8    4
   30   20    3    7    7
   22   26    4    1    4
   21   27   11   10    6
    8    2    9   11    7
   10   27    1    1    3
   12   27    3    9    8
    9   29    8   11    4
   28   10    1    5    6
    2    3    4    2    4
    5   15    4    6    8
   15    2    4   10    2
    1    4    4    2    4
   19   25    3    5    9
    3   23    5   12    6
   23    4    2    7    4
   28   16   10    9    3
   19   30   12    6    6
    2   26    2    1    2
   21   22   12   10    6
   17   21    1    9    3
   26   13    9    3    5
   11   11    1    5    9
   19   11    7    2    6
   14   14    1    2    3
   23   18    6   11    7
    4    3    5    4    6
   23   15    2    4    8
   14    7   10    6    3
    1   19    1    3    9
   29    1    9    8    5
    3    7   10    2    8
   21    4    8   10    6
    8   20    8    2    2
   24   24   11   12    1
   24   15    5   11    3
   12    4   11    2    8
    5    6    2    5    2
   19   17   12   12    8
   20   23    8    6    7
   29   12    3    2    3
    2   25    9   10    6
   18   29    5    2    8
   24   22   12    6    7
   23    9    2    9    2
   30    4   12    9    5
   19   20   10    2    3
    6    2    5   12    3
   23   12    5    7    9
    2    9    2    3    3
   26   10   12    3    5
    7   23    7    4    2
    8   12    4    1    7
   13   21   10    3    5
   25    4    6    8    3
   21   28    1   11    5
   22   20    4    4    6
   17   20    8    8    7
   12    9   12   11    3
    4   14    9    3    8
   28    3   10    1    2
    1   25    5    3    1
   19   18    9    3    9
   29   29   11    5    7
    4   22    3    8    6
   30   30   12    2    1
    8    9   12    8    7
   29   26    2    3    9
    3    3    1    9    2
    8    8   10    4    7
    8   29    7   10    2
    6   22    5   11    7
   14   11    4    3    2
   17   23    1    3    8
   10   12    2    9    7
   13    8    7    3    6
    5    5   11    8    7
    3   20    6    5    6
   24   10   11    5    3
   10   29    3   12    2
   10    3    9    3    9
   26   30    6    1    8
    6   25    5    7    2
   14   26    9    7    6
    6    1    6    8    9
   30    9    6    7    1
   25   30   10    5    6
   27   20   11    7    3
    9   17    4    9    1
    6    9    5   11    9
   15   29    8    6    3
    5    3    6    7    6
   16    3    1   12    2
   11    7    9    8    1
    8   16    7    6    9
   13   18    9    3    5
   11   21    8    3    8
    6   23    1    1    4
   14   23    8    9    8
   29   28   10    8    5
    6   18    1    7    8
   26   15    6    7    4
   21    8    3   12    8
   25   25    7    6    6
   25   22   10    2    5
   13   14    9    9    7
    5    2   11    3    4
    8    6   10    9    6
   19    5    1   12    8
   24   25    8   12    2
   24   29    9    2    9
   10   13   10    7    8
   23   27    6    4    4
   29   20    2    2    7
   13   28    8    6    9
    9   10    8    4    8
   29    4    8    3    4
   25   13    7   12    7
   17    6    6   10    9
    1    3    4    8    4
   11   29   10    3    8
   18    2    1    8    9
   28   25    8   12    8
    2   12    9    2    4
   19   29    3    3    2
   15   16    8    5    9
   14   16   11    8    2
   28   22   10    4    2
   22   17    2   12    3
   26    6    3    7    1
   21    1   12    1    8
   20    6    5    6    2
   26   11   11    4    7
   21   12    9    5    9
   27   13    1   11    8
   26   12    5    8    1
    4   17    4    1    2
    7   24    3    7    7
   24   26    5    9    1
   10    6    4    9    8
   24   18    7   10    5
   17   18    8   12    2
   16    5    6    7    8
    7   19    3    7    8
    2   16    5    1    3
    1   12    7    8    4
   11   13   10   11    7
   10    2    2    6    6
   16   16    9    1    1
   30    6    5   11    8
    3   13    6   11    2
   10    1    2   10    7
   13   20    3    7    3
   26   17    5   10    2
    6   28    6    2    7
   21   15    3    4    2
    2    7    9   11    6
   27    4   11    9    2
   14   19   10   12    7
   27   17    6    5    6
   15   11    5    5    7
    7   20    6    8    1
   19   21    1    8    1
   12    5    4    8    7
   12   20    5    6    6
   14    8    3    2    2
    1   23    8   10    4
    9   22    3   10    3
   19   13    9    8    7
    8   26    6    8    8
    7    4    8    5    8
   18   12    9    4    8
   14   21    2   10    2
   28   19   11    1    6
    3    9   10    4    5
    4   20    1    3    5
    5   11    2   10    5
    5   20    7    2    5
   20   14    7   11    5
   16   24    7    4    5
   13   23    4    7    5
   30   21   12   12    5
   16    4   10    4    5
   30   22    5    9    5
    5   21    2    4    5
   28   23   12    3    5
   20   18    3    1    5
    7   15    7    3    5
   27   26    2    3    2
   28   12   10    3    3
   23   19    1    5    3
    9   28    9    3    7
   22    3    1    1    2
   11   16    1    2    8
   10    4    4    9    7
    9   15   10    2    2
   24   12   11    1    3
   16   29    5    6    6
   12    3    6    4    2
   21    6    9    6    9
   25   12   12    4    4
   11    3    4   11    7
   13   13    6    8    8
    1   13    5    8    2
   15   20    9    1    8
   15   10    8   10    2
   26   28    4   12    6
   30    1    9   12    7
   27   28    6   10    9
    1   15    6    5    2
    4   11    4    5    9
   21   21   11    5    3
   13    7   12    7    7
   20   25    5    1    9
   23   21    1    5    1
    9   18    4    4    1
    4    4    5    2    3
    5   23   11   12    2
   20   10    2    6    8
   16   23    5   10    2
    1   28    6   11    8
   20    2    6   12    2
    3   25    8    8    7
    6   16    9    8    8
   19   19    1    4    7
   18   18    9   11    3
   21   25   12   11    8
   26    3    1    6    2
    7   18    3    2    2
    9   20   11    4    8
    9    9    7    9    9
   12   22    3    5    7
    9    5   10    1    7
    5    1   10    9    2
    2   14    8    5    9
   28    7    4   10    7
   14    1    6    3    6
   15   25    6    7    5
   23   26    7    7    5
   30    2    6    4    7
   20   16    7   12    6
    4   24    5    5    3
   18   15   10    2    8
   12   15    7    4    1
   28   17    5    9    7
   16   12    8   12    4
   18    5    9   12    7
   24    3    8    1    3
   13    5    9    9    3
   17   24    4   10    2
   26    1   10    7    3
    6   27    5   10    7
   10   14   12    2    2
   12   30   12    4    1
    2   13    1   10    7
   11    1   12    3    8
    7   27    1    5    6
   22   11   11   12    2
   22    5    9    1    3
   26   25    3   11    7
   29    7    6    5    8
   17   17    9    3    8
   16   22   11    7    7
   10   10    6    8    6
   24   27   11    4    2
   30   18    9    1    9
   25    7    2   10    7
    9   19    7    8    3
    3   14    3   10    3
   22   13   12   12    8
   27   18    6    1    8
    8    4    9    9    8
   14   17    5    7    2
    2   22   11    7    8
   22    1    5    9    8
   19    8    6    7    2
    7   26   10   12    7
   26    9   12    5    6
   19   16   10    9    9
    9   24   11    5    2
   25   27    6    6    9
   14   28    8   12    7
   15   22   10    8    2
   11   12    1    2    8
   11   10   11   11    6
   10   23   11   10    2
    4   13    6    6    7
   27    5   12    8    2
   28    8    5    8    7
   13   30    3    4    7
   23   23   12    8    3
   16    1   10    9    8
   27   14    1    5    8
   10   19    9    7    8
   14   18    1    5    8
   10   16    7    2    6
   25    8    3    8    4
   28   28    8   12    4
   13    9    2    2    2
   24    1    1    4    3
    2   29   10    4    4
   18   26   12    5    3
    8   30    5    6    3
   30    7   10    2    2
   29   14   10   12    4
   25   29    3    2    4
   19   24    4    2    4
   27   30    3    4    8
    5   29    1    9    8
   24   14    9    7    7
   17   25    4    8    8
   11   27    1    6    2
   29   17    3    6    6
    4    6    1    4    7
   30    5    2    1    9
    1    8    3    3    8
    5   28   11   11    6
    4    2    9    1    8
   20   21    9    1    2
    6   14    6    8    8
   20   20    7    5    8
   23   25    2   10    8
   28    4    5    8    4
   15   14    1    5    3
    2   21   10   12    3
   10    7   10    7    4
   10   21   12    8    3
   25    9    9    7    4
   17   13    5    5    3
    8   17    1    3    7
   30   10   10    5    3
   21   26   12    8    3
   29   30    7    3    6
   28   11    8    6    8
   25   14    8    3    8
    1   20   12    9    8
    1   17    5   12    6
   28    2    5    1    3
    3   17    1   11    3
    2    1   10    5    4
   25   16    1    7    4
   29   23    9    4    3
   12   13    5    8    3
   24    6    1    1    7
   12    6    7    1    7
   16   21    7    1    6
    5   14    4   11    7
   16   30    5    5    7
   17   30    2    5    4
   13   29   12    4    6
   29    3    1   11    3
   10   22    3    5    3
   20   11   12    7    8
    3   27    6    6    3
   27   29   11   11    6
    8   15    9    2    2
   10   18   12    7    4
   27    9    4   10    8
   18    1    3   10    9
   17    2    7    6    1
    2    2    5    8    6
   11   17   10    5    8
   15   13    8    7    8
   26   26    7   11    6
   21    9    9   12    2
   27   15    2    4    4
   23   22    5    8    4
   26   16    8    4    3
    8    7    5    6    2
    6   15    8    4    9
   11   30    6    1    6
   21   29   10    9    8
   26   19    7    5    3
   23   30    7    5    2
    8    3    6    1    8
    8    5    4    5    6
   16   18   12    4    4
   11   25   12    1    2
   19    4    6    4    2
   11   24    4    5    4
   23   24    4    7    6
    9   16    2    4    8
   27    2    9    5    8
    4   18   10    4    6
   24    5    9    6    4
   30   15    7    1    1
    9    7    2    4    3
   13    6    5    9    5
    6    7   11   10    7
   16    7    7   11    8
   21    3    8   10    8
   12   12   11    2    4
   23    2    9    1    4
    3   19   11    6    4
    9    4    6    4    8
   28   30   10    7    7
   15   28    8    2    5
   10    8    6    6    4
    6   11    2    2    3
   30   14    8   10    2
   15    4    1    6    2
   11    9    7    9    9
   24    8    9    6    8
   11   23   10   11    8
   24   13    6    6    9
   12   19   12   11    1
   18   22    7    7    2
    7    1    1    5    3
    2   19    3    5    6
    7   21   12    2    7
    9   14    8    9    5
   11    8    5    3    4
    4    5   12   10    5
   22    7    2    2    6
    1    1    4    8    5
   11    2    9    8    4
    3   15    3    1    7
    6   19    7    1    3
    8   23   10    5    3
    9    1    4   10    3
    5   10    8    5    3
   24   21    6    8    4
    6    6    1    2    9
    4   26   12    3    3
   12    7    2    9    9
   26    5    3    7    3
   17   16    6   11    5
   30   24    3    7    1
   28   18   11    9    7
   20   26   12   12    8
   29   22    8   11    3
   17   15    3   12    9
   15   15    2    7    6
   22   14    3    8    2
   20   28    9   12    6
   22    8   10    6    7
