Rock1Type Rock2Type Rating
   24   25    1
   23   25    2
   10   21    2
    1   27    1
    4   12    2
    8    2    2
    2    7    1
   10   29    2
    1    7    1
   19   24    2
   29   16    1
   30   11    1
   30   13    1
   24    7    1
    3   17    1
   20   17    1
   13   14    2
   30    8    1
   19   17    1
    4    8    1
   22   17    1
   11    5    1
   20   29    1
   15    9    1
   27   10    2
    9   26    1
   25    8    1
   16   25    3
   15   11    2
   10   23    2
   22    4    2
   30   17    1
   21   15    3
   30   23    3
   29   12    2
   12    8    1
   19    7    1
    2   16    2
   28   13    2
   19   27    1
   15   30    3
   24   15    1
    3    6    2
    3    1    3
   24    1    1
   15   17    2
   11   21    1
   28    4    1
    4   30    3
   10    1    2
   13   20    1
    7   27    1
   27   24    1
   16   24    1
   14    9    1
    6   19    1
    4    9    2
   29   18    3
   14    7    1
   23   12    1
    4    7    1
    6   10    2
    1    8    1
    6   29    2
   15    8    1
    1    9    2
    5    9    2
   25   26    2
   27    3    1
   17    9    2
   16   22    1
   16   23    1
   13   29    2
   20   12    1
   20   25    3
   11   17    1
   17   10    1
   22   14    2
    1   22    1
   30   28    1
   29   14    2
   17   25    1
   19   10    1
   12   14    3
   16    4    3
   10   22    1
    9   22    1
    6    5    1
   13    3    3
   15    1    3
    5   17    2
   21   25    4
   30   10    5
   23   28    5
    8   16    1
   21   23    6
   14   18    2
    9   16    1
    7   25    2
    6   11    2
   12   19    5
   20   18    6
    8   19    7
    9   12    4
   11    9    2
    4   21    2
   13    9    2
    6   27    7
   19    3    1
    2   13    2
    9    8    1
    1    4    7
   12   10    2
   27   18    2
   19   29    1
   26   11    1
   28    8    1
   14   25    2
   13   15    1
   21   19    2
   14   26    3
   14   10    5
    1   25    7
    3    9    8
   20   11    9
   19    2    8
   12   24    7
   26    1    5
   25   28    3
   18    3    2
   27   16    1
    9   30    3
   16   30    1
   28   11    3
   13   19    1
    3   21    3
    1   20    1
    6    4    4
   23    3    5
    5   16    2
   16   11    1
    6   26    2
   24    9    1
   30   20    3
    7    5    1
   26   10    5
    7   11    1
   19   16    1
    2   12    1
   14   28    1
    3   10    1
   18    7    1
   10   16    3
   30   26    5
   24   17    1
   12   17    1
   24   21    1
   16   13    9
    9   18    1
   26    5    2
   30    5    1
   19    5    1
   25    4    5
   26   15    1
   20    2    4
   16   15    6
   23   22    4
   27   15    1
   15    7    1
   26   22    1
   18   16    1
   12   16    1
    2   11    1
    8    6    1
   19    4    1
   15   25    2
   26   27    3
    3    8    1
   13    6    3
   12   13    4
   13   27    5
   18    2    4
    3    4    3
   11    8    5
   18    1    2
   30   29    2
    4    5    3
    1   12    1
   16   28    5
   12    7    2
   15   14    6
    9    7    1
   15   28    9
   12   22    2
   30   25    4
   27   11    3
    8   21    2
   20   15    1
   27   25    2
    1   16    3
    8    7    5
    9   28    7
   27   21    9
   26   28    3
   10   28    3
   23   15    5
   10    7    1
    9   19    1
   30   22    1
   30   12    1
   15   18    7
    4   24    3
   22    3    2
   14   30    3
    6    7    2
   26    2    3
    3   26    2
   28    5    3
   29   17    3
   29   22    1
   20   22    2
   27    9    2
   22    7    3
    3    5    2
   23    2    1
   23   14    2
   14   21    3
   22   25    2
   22    2    1
   13   10    2
   18   30    1
   27   23    2
   20    8    1
    8   10    5
   30    2    1
   22   28    4
   13   11    1
   24   26    4
   23   18    1
   19   25    2
   13    7    5
   27   29    7
   17   23    8
   21    5    8
   25    5    8
   28   24    1
    2    6    8
   11   22    2
    3   15    6
   24   11    4
   30   24    4
    2    9    1
   20    9    2
    4   10    1
   18   22    2
   22   19    1
   23    8    2
    5   15    9
    6   12    1
   21    7    2
    2   17    3
    5   14    1
   18    5    2
   15    6    2
    1   17    2
   16   21    1
   15   10    2
   14   19    3
    4   29    3
   24    2    2
   14    8    1
    4   20    1
   17   28    5
   26    4    3
    8   29    3
   18   24    2
   23    4    3
   24    8    2
   28   18    3
   21    2    5
    4    2    5
    7    3    8
   20   28    2
   10    9    2
   29    7    1
   10    2    2
   16    7    1
   12    3    4
    3   11    7
   28   19    8
   19   15    1
    9    6    2
   26   29    4
    2   15    3
   17   26    5
   28    7    7
   10   11    1
   11   18    2
    1    5    4
   27   22    3
   19   20    2
   13   18    1
   26   21    4
   20   21    3
   29    5    7
   17   13    9
    2   25    8
   21   29    4
   10   24    3
    6   14    1
    5   13    1
    3   20    2
    3   24    3
   28    3    1
   23   11    3
    3   25    4
   27    8    5
   29    1    6
   20    6    6
   28   27    1
   25   13    1
   18   19    1
   14    4    1
    5   27    3
   29   15    4
   18   21    2
   11   29    8
   16   14    1
    6   28    6
   30    7    6
   21    1    5
   27   14    4
   23   20    2
    6   17    2
    2   28    3
   25   12    5
   20   16    6
   14    1    8
    8   18    1
   29   23    4
   29   28    7
   12   21    6
   12   26    5
   17    4    1
    1    2    1
   22   24    1
   14    2    5
   24    6    1
    6   22    1
    5    2    1
   20   27    1
   19   26    1
   24   23    2
   10    5    2
    4   18    3
   15   22    3
   23    7    4
    8    5    4
    5   24    5
   17   27    5
   25    6    7
   13    1    7
   29   25    9
   21   13    7
   20    5    5
   13   22    4
   19    1    3
   30    1    1
   18   26    2
    4   11    3
   18   10    4
   26   13    5
   12   18    6
   26    8    7
    8   22    8
   20   26    2
    6   21    7
   12   15    1
    7   20    1
    9   25    1
   19   23    1
   23   26    1
   12   11    1
    7   26    1
   30   27    1
   23    6    1
   27    2    1
   24   13    2
   16   17    1
    4   13    2
   17    7    1
   29    3    1
    1    6    1
    9   23    3
    5   12    3
   21   30    4
   25   18    2
   14   24    3
   10   25    3
   21   22    3
   23    1    2
    6   30    1
   14   20    2
   28   12    2
   29   24    1
   11    1    2
   16   26    1
   29    9    2
   30    3    2
   21    9    2
   13    8    2
    5   22    2
    4   15    2
   13   23    2
   28   21    2
   19   30    2
    2   29    1
   25   11    2
    6   16    3
   18   17    3
    2    3    2
    4   27    3
   17    8    2
   16    3    1
   18    6    1
   27   12    1
   11   14    1
    5   23    1
   11   19    1
    1   28    2
   21   17    1
   14    3    2
   24   20    1
   20   10    2
   17   14    1
