Rock1Type Rock2Type Rating
   16    9    3
    7   22    1
   15    4    2
    1   17    1
    5    9    4
   22    4    1
   12   22    1
   18   21    1
   15   10    4
   29    2    4
   19   24    5
   26   21    5
   24   18    1
   26   17    3
   10   16    3
   26    4    3
   17   11    4
   14   24    5
    1    6    1
   21   14    3
    9   14    3
   18    3    1
    8   27    3
   20   13    4
    4    8    1
    1   28    1
   21   27    3
   21   13    3
    4    2    4
   23   30    1
   22   21    1
    8    3    1
    7   19    1
    8   12    1
   26   15    3
   22   19    4
   24   22    1
   29   13    1
   18   10    1
    6   13    5
    6   30    5
   14   11    3
   17   19    3
    1   10    3
    6   24    1
   29    6    1
   29   23    1
   14   22    1
   28   27    1
   18   27    1
   15   29    1
   22    1    1
   25   16    1
   21    2    3
   19    6    3
   24    3    3
   25    6    1
    5   20    1
   13    8    1
    3   17    1
   23   14    3
   10    5    1
    2   23    4
   11   22    1
   26   25    3
   21   15    3
   10    2    3
   26   10    3
   17   12    1
   15    1    3
    7    2    3
   27   22    1
    1   26    1
   23   21    1
   21   30    1
    1   30    1
   15    7    1
    8    5    1
   25   27    3
   25   21    2
   24    5    1
   23   13    3
    6   16    3
    1   16    1
    8   14    3
    5    4    3
   30   29    1
   21    8    1
   15   23    1
   24   29    1
   25   23    1
    6   11    1
   22   18    1
   16   17    2
   21   24    1
   20    7    3
   28   17    1
    9   27    3
   18   30    1
   12   25    1
    8   25    1
   10   22    1
    8    6    1
    8    7    1
   26   18    1
   14   15    1
    2   28    3
   18   14    1
   30   19    1
   14   10    3
   23    6    1
   26    2    1
   29    7    1
    3   11    1
   29   22    1
    5    3    1
   23   18    1
   28   13    1
    3   29    1
    3   28    1
   14   27    2
   30   14    1
   14   16    5
   26   12    1
   15    2    6
   20   12    1
    8   19    1
    4    9    1
   25    3    1
   17   25    6
   26   29    1
    2   13    6
   10   24    1
   15   11    1
    8   24    1
   24   16    6
    3   16    7
   25   22    1
    2   27    1
   18   25    1
   14   13    1
    9   23    5
   17   10    1
   24   27    1
    4    1    1
    6   20    1
    5    7    1
   18   20    1
   20   22    1
    9    7    1
   30   22    1
   19   14    6
   20    8    1
   13    4    6
   20    4    1
   24   11    6
    2    3    1
   21   11    1
   12   21    6
    4   25    1
   29   25    1
    2   30    1
    1   13    1
    9   22    1
   24    1    1
   18    6    6
    5    1    1
   10   21    1
    8   16    1
   28    6    1
   12   16    2
    9   24    2
   20   28    2
    5   19    2
    6    3    1
   20   25    1
   30    8    2
    4   23    2
    9   26    2
    3   20    2
   12    9    2
   11   25    2
    7   26    2
    1    8    2
   19   28    2
   10    6    6
    8    2    2
    5   22    2
    8   28    6
   16   11    3
   16   27    3
   21   17    2
   19   12    6
    7   18    2
   25   19    2
   21   16    2
    9    1    2
   26    5    2
   13   15    2
   10   29    2
   18   28    2
   24   13    6
   20    9    2
   16    4    1
    4   27    2
   21   28    3
    6    2    1
    4   30    2
   17    2    3
   13   27    3
    7   21    2
   28   23    1
    7   25    3
   24   15    6
   23   12    6
   10   23    1
    4   11    1
    4    7    1
   15    8    1
   16    2    2
    6   26    6
   27    6    1
    2   11    1
   22   15    1
   12   14    1
   27    5    1
    3   27    1
   20   16    1
    5   29    1
    4   18    1
   20   27    1
    3   22    1
   10   19    1
   14   28    1
    4   14    6
   19   11    6
   30    7    1
   17   30    1
    8   18    6
    5   21    1
    3   26    1
   19   16    5
   25   10    8
   24   28    1
    1   14    1
   21   29    3
    6   17    1
   11   13    8
    5    2    1
    5   28    7
   11   10    1
   18    5    1
   30    5    1
   26   27    1
   17   29    6
   30   24    1
   15    9    1
    5   14    1
   29    1    1
   21    4    1
    5   11    1
   10    4    1
   28    7    1
   13    9    1
    6   14    2
   18    9    1
   12   15    6
   28   25    1
    3   30    1
    6   21    1
   30   15    1
   23    5    1
   27   12    1
   15   16    1
    8   17    3
   12    3    1
    3   14    8
   12   13    1
   17   15    7
    7   14    1
   18   17    1
    7    1    2
   24   23    2
    7   27    1
   29    9    2
   10   27    1
    1    3    2
   12   24    1
   17   23    3
   29   27    3
   16   13    1
   27    1    1
   13   30    1
   30   28    1
   26   14    7
   17    4    2
    1   18    1
    2   19    3
   30   20    1
   30   27    2
   29   12    2
   24    4    3
    8   23    1
   26   24    2
    9   30    3
   13    7    1
    7    6    1
   13    3    2
    9   11    1
   24   20    1
   15    6    6
   19   15    1
   29   16    1
   27   11    6
    7   16    1
   22    2    1
   20   10    1
   14   25    1
   24    7    1
   28    9    1
   23   19    1
    5   25    1
   28   15    1
   15   20    1
   14    2    2
   29   11    2
   13   17    1
   22   28    1
   25    2    2
   19   13    1
   19   21    2
   24    2    1
   25   15    2
   29   28    1
   26    8    1
   11    7    6
   15    3    1
   10   12    1
   10    3    6
   26   28    1
    4   19    6
   11   20    1
   18   29    5
   12   28    1
   25   24    1
    1   19    1
    9    3    1
    9    2    2
   20   26    1
   25   30    7
    3   23    1
   15   27    1
   11   30    7
   13    5    7
    3   21    7
   12    2    1
   18   13    1
    6    5    7
    7   12    1
   21    1    7
   28   11    7
   17   24    7
   28   10    1
   15   18    1
    7   10    1
   23    7    1
   27   17    1
   20    1    1
   17    7    1
   22    8    1
   11    8    1
    8    9    1
   16    5    2
   14   17    3
   10    9    4
   15    5    6
   27   23    2
   26   13    7
   19   18    7
   23   26    7
   23   20    7
   23   22    7
    2    1    7
   26   19    2
    4   28    2
   17   20    3
   10   30    1
    3    4    2
   17    5    3
   13   25    4
   26   16    2
    9   19    1
   18    2    2
   18   16    4
   19   27    2
    3    7    1
   14   29    2
   12    6    7
   29    8    7
   19   20    1
    9   17    1
   26   11    8
   30   12    8
   12   11    8
   18   12    8
    4   12    8
   10   13    8
   10    8    1
    3   19    8
   17   22    1
   11   18    1
   22   16    1
   26   22    1
    4    6    1
    6   22    1
   30   16    1
   20   14    1
   21    9    8
   19   29    1
   29   20    1
   25    9    1
   16   23    7
   12    1    7
   11   23    7
   20    2    1
    6    9    1
   21   20    1
   13   22    1
    5   12    1
   23    1    1
   30   26    1
    1   11    9
   28   16    1
    4   29    1
   25    1    8
