Rock1Type Rock2Type Rating
    5   21    2
   17   24    2
   26    3    4
    9    3    5
   20    4    7
   24    2    3
   27   26    7
    3   24    3
   24    6    3
    6   22    6
    2    5    2
   23   22    7
   20    5    2
   24   22    2
   24   15    3
   20    7    2
    5   13    3
   30   29    3
   21   20    2
   11   16    7
   21   30    3
   26    5    7
    8    1    6
   18    3    3
    9   24    7
   24   13    3
   13   11    3
   12    5    7
   12    3    2
    3   30    2
    1   27    2
   27    7    2
   11    1    2
   25   12    2
   14   11    7
   22    3    7
   28   27    3
   11    7    7
   22    7    1
   15   11    8
   16   24    7
   20    3    2
    3    5    8
    9    1    3
   17    4    7
   29   16    2
    8    3    7
   20   16    3
   16    4    6
   23   24    2
   18    2    7
   19   23    2
    1    3    3
   13    4    7
   23    4    2
   13   25    6
   24   11    7
   29   17    8
   22   19    1
    7   12    2
   20   22    2
   14    5    2
   23   21    1
   14   19    3
    1   18    7
   17   15    8
   14   28    3
   22   28    2
   30    2    7
    7    8    7
   29   21    2
   23    7    7
   23   26    7
   18   25    6
    5   10    4
   15   28    8
   10   20    9
   21   11    3
    4   26    8
    5    9    2
   25    2    5
    2   16    7
   17   14    3
   23    8    7
    7   13    7
    4    2    8
   22   14    8
   29   20    3
   10   27    7
   15   20    8
    6   21    9
   13    3    8
   13    8    7
   14   25    3
   20    6    2
   16   21    8
   15   16    2
   12   30    7
   14   21    3
   13   17    7
   10    4    3
   17   23    3
   30   26    3
    7    5    3
   23   29    2
   12   20    2
   30   22    8
   11   12    3
   18   11    7
    1    6    3
   28    7    7
   19   28    3
    1   28    7
    4   25    3
    9   27    7
    8   28    8
   26   20    3
    1   21    4
   12   17    6
   26    8    8
   23   27    2
   23   25    7
   10   26    3
   21   24    2
   19    9    7
   16    6    2
   25   17    7
    1   19    3
   19   26    7
    5    1    3
    4   28    4
   16   28    8
    5   22    2
    2   22    7
    5    6    3
   11   26    7
   18   10    8
    1   17    8
   29   15    8
    3    4    8
   27   20    8
    9   25    7
    6    9    2
   18    9    3
    2    1    4
    9   11    7
    2   14    7
   26    2    7
   12    8    7
   21   25    7
   26   28    7
   23   10    7
    7    4    7
   12   15    8
   16    8    2
    4   15    3
   22   15    7
   27    3    3
   14   13    7
   30   11    7
   27   22    2
   15    1    2
   15    8    2
   17   10    3
    4    1    3
   30   20    7
   26   12    6
   21    9    4
    5   15    3
   24    7    2
   10   19    3
    8   18    8
   26   17    8
   28   30    3
   10   25    3
   11   23    4
   29   19    7
   20    2    3
    7   26    3
   24   10    2
   27   29    2
    2   17    7
    4    8    2
    6   14    4
   29   12    6
   20    8    2
   11   25    8
   13   26    3
    2   29    7
   19   27    3
   26   16    2
   16   12    9
   12   10    2
   21   28    8
    5   27    7
    3   21    6
   19    6    7
    5   23    3
   27    2    3
   30   24    8
    2    9    3
   10    1    6
   28   24    6
   25   20    7
   13    1    8
   11   10    7
   16   18    8
    3   15    3
   25    8    7
   28   23    2
   18    6    7
   30    6    4
   15   19    7
   26   29    7
   30   19    3
   14    3    8
   20   24    4
   27   30    5
   28   20    6
    7   29    3
   13   19    7
   18    7    4
   16   25    6
   22   13    7
   23   16    8
    7   10    8
    1   14    7
   26   24    3
   23    6    3
   11    5    7
    7    9    6
    9   29    7
    9    4    3
   25   24    3
   17    9    3
    6   29    3
    7    1    2
   15   21    8
    6   10    7
   25    6    8
    6    3    3
   27   21    8
   30    7    4
   10   21    4
   26   21    8
   28   13    8
   25   28    7
    9   28    8
   14   24    7
   20   14    7
   30   10    3
   12   22    4
   13    9    7
   22   21    3
    5    4    3
   30   14    8
   30   23    2
   23    2    2
   28   18    8
    8   29    2
   22   29    1
   29   24    3
   26   18    3
   19   16    3
   19   12    9
   30   15    2
    2   21    9
    4   27    2
   17   11    9
   22   16    8
   21   13    7
    8    5    4
    6    7    9
   18   14    2
    5   16    1
    8   30    8
   21   19    3
   20    1    9
   15   27    2
   15   10    8
   13    2    3
    9   23    7
   18   27    4
   17   19    3
   22   26    2
    1   29    7
    4   12    4
   18    4    8
   19   11    3
   11    3    9
   12   13    2
   15   25    9
   18   23    2
   22   11    2
   28    5    8
   25    1    2
   25    3    8
    9   30    7
   24   19    8
   28    2    8
   13   20    9
   27   24    9
   25   27    3
    6   13    8
   11    4    3
   14   12    4
   22    1    7
   22    4    2
    9   12    9
   30    5    2
   26   15    9
    6   12    7
   25   22    3
   21   12    2
   30   25    2
   28    6    2
    2   12    9
   13   27    3
    8   27    8
    6   27    2
   22   17    2
   29   25    2
   18   19    2
   15   14    2
   23   15    2
   11   27    2
    4    6    8
   18   17    2
    6   15    2
   12    1    7
   22   10    3
   17   21    8
   17   27    8
    7   15    8
   18   21    2
   17    8    8
   10   29    2
   19    4    8
    8   21    7
   11   29    1
   29   13    1
   14    9    2
   29    3    1
    9   26    3
   20   18    2
   26    6    9
   23   13    9
   12   23    8
   19    2    1
   22    8    2
    2   11    3
   28   10    2
    8   24    1
   18   12    2
   14   10    3
   28   11    2
   20   17    3
   28   29    1
   23   20    2
    5   29    9
    6   17    8
   24   18    9
   13   18    8
   14   29    1
    7   21    2
    2    8    3
    9   16    2
   16   17    3
    1   24    2
    8   11    3
   15   18    2
    5   17    3
   29    4    7
   22   18    8
    9   10    3
   11    6    3
   22    9    2
    4   14    9
   10    3    9
    1   16    8
   12   24    8
   28    3    8
    7   25    3
    3   16    2
   17   28    7
   24    4    3
    8    9    2
   15   13    3
   17    3    8
   29   18    3
   14    8    2
   21    4    9
    3   19    8
   16   10    4
    2   15    5
   26   25    8
    8    6    6
   26    1    3
   28   12    6
    6    2    3
   11   20    4
   20   19    5
   18    5    3
   23    1    4
    3    7    5
   13   30    7
   19    5    2
   15    9    3
    7   19    5
   24    5    6
   27   14    5
   19    8    4
   10    2    3
   30   18    8
   20    9    7
    8   10    8
    2    7    9
   16    7    3
   27   16    7
   17    7    6
   16   14    7
   23    3    8
   30    4    4
    2    3    3
   14   23    4
   16   13    7
   14   26    8
   17   30    8
    1   30    4
   16   30    3
   10   13    3
   27   12    4
   25    5    7
   19   25    8
   14    7    7
