Rock1Type Rock2Type Rating
    3    6    2
   15   12    4
   23    6    3
   20    3    5
   16    7    6
   22    3    2
    7   30    3
    2    7    2
    7    4    1
    4   21    6
   13   16    7
   28   23    2
   22   19    3
   12   16    3
    9   18    6
    3   17    5
   20   12    3
    3   24    8
   27    5    3
    4   10    4
   20   27    7
   29   11    3
   23   26    5
   15   21    3
   18   26    4
    2    9    3
   17   25    5
   22   16    2
    5    2    3
   27   29    3
   18   30    6
   21   16    3
   28   13    7
    1    4    3
   13   30    7
    3   19    6
    2   16    5
   22   14    3
   18   27    7
   30   21    5
   11   17    5
    7   15    2
   25    2    4
   17    7    5
   18    8    3
   29   23    6
   24   10    6
   26   27    5
    5   14    3
    9   15    5
    6   24    2
    8   15    2
   21   29    1
   18    6    3
   23   11    2
   10   28    5
    2   29    2
   24   26    6
   15    5    1
    9   27    7
    7    5    3
   15   10    7
    4   26    4
    2   11    6
   20    7    2
   13   23    3
   17   15    5
   28   21    1
   11   20    3
    9   28    4
   23   22    1
    5    3    8
   17   26    1
   13   12    4
   15    6    3
    2   26    2
   18   15    6
   23   10    3
    1   14    6
    3   25    3
   13    7    1
    9    1    3
    4   11    7
    5   11    4
    5   29    1
   25   13    4
    9   26    6
   10   14    6
    5    8    2
    5   18    2
   27   15    7
   13   21    7
   21   11    8
   17   28    2
   24    4    4
   10    7    3
   15   22    1
    3   21    8
    1   24    1
   10    2    3
    7   29    8
   23   18    8
    9    7    3
   25   15    8
   13   26    3
   30   19    4
   23   17    7
   10   29    1
   24   13    6
   18   17    6
   30    8    3
    5   28    2
   30   22    1
   22    4    2
   23   16    4
   16   26    3
   25   11    3
   10   26    3
   25   24    3
   29   24    2
   23   15    4
    3   30    5
    8   27    3
   30   27    3
   19   10    4
   17    1    3
   12    7    2
   13    8    5
   23    1    1
    1   20    6
   13   10    2
    8   29    1
   24   21    2
   17   24    1
    8   25    4
   17   12    3
   19   15    7
    1    5    6
   12   25    3
   16   25    2
   21   25    5
   11    1    2
    3   12    8
   13    9    3
   12   11    6
    8   16    6
   27   24    1
   20   29    1
    5   17    2
   11   18    7
   29   28    8
   14   28    3
   30   14    8
    4   29    3
    1    8    3
   19    2    7
   27    4    3
   10   22    3
   18   14    3
   16   15    8
   23   24    3
   12   27    8
   16    3    8
    7   21    3
   21   20    7
    1   13    3
   18   24    7
   28   15    6
   27   28    3
   30    6    7
   19   13    6
   14   25    3
   27   14    7
   27   16    5
   24    9    2
    4   30    5
   12   24    2
   30   12    8
    8   17    8
    5   26    2
   26    1    1
   26   28    1
   27   23    3
    5    4    7
   22   18    2
   15   13    3
   26   20    6
    7   11    7
   25   22    5
    2   22    7
   30   26    8
   16   19    2
   15   20    6
   14    3    1
   16   28    2
    1   18    7
   17   14    2
    7    1    7
   19   11    2
   19    8    7
   29    6    4
   18   29    3
    4   16    3
   27    1    2
   16   14    8
    1    3    7
   20    9    7
   15    4    3
   27   25    2
   12   10    8
   30    2    7
   23    5    2
   12   14    3
    5   19    7
   16   20    3
   25    1    6
   30   16    8
   22   21    3
    2   14    9
   25   19    2
   12   29    4
   20   30    3
   12   21    8
   15   24    4
   28    4    8
    9    3    9
    2   28    2
    5   12    9
   13   17    3
    6    9    3
   11    6    9
   22   20    9
   13    4    3
   17   10    3
   11   30    6
   23    4    7
   21    2    3
    7   27    3
    7   24    4
    2   20    4
   23   12    5
    9   21    4
    6   12    4
   17    4    3
   12   22    4
   19    6    3
    9   19    7
   15    2    5
   11   14    2
   26   14    9
   28   19    3
   28    7    4
   27   19    7
   30   24    3
   11   26    4
   23   21    8
    7   25    7
    6   14    4
    6   10    3
   19   24    6
   19   21    7
    9   30    3
    9   17    3
   23   19    4
    8   14    6
    5   25    8
   11   24    4
    6    8    4
   26   15    8
   21   26    7
   26    7    3
   27    2    8
    6    1    3
    3    2    4
   11    9    7
   27    3    3
   24   20    3
   11   27    2
   28    6    6
    9   25    3
   25    4    7
   14   13    8
   29   30    3
   10   27    3
    4    2    8
    3   18    7
    7   18    3
   10   21    2
   28   24    7
   17   30    8
   22    8    2
   26   22    2
    1   29    3
   20    5    1
    6    7    3
   15    3    4
   13    6    8
   20   23    7
    8   24    2
   16   18    2
    1   19    4
   11   22    4
    4    8    2
    8   10    1
    5   30    3
   23    9    2
   21   27    1
    6    2    2
   11   28    3
   28    1    1
   16   11    2
   14    9    3
   14   24    3
   28   18    4
   21    1    2
    8   11    1
   26    3    1
   20    8    2
   18   21    3
   28    8    2
   29   22    3
   21   17    4
   12    9    6
   14   21    2
    2    8    2
   27   17    7
   18   19    2
    2   18    5
   23   14    5
    1   22    4
    7   22    3
   19   26    3
   29   26    4
   21    5    2
   18   13    3
   23    3    2
   20   14    3
    9   22    3
   13   29    3
   25    6    4
   25   28    2
    4   20    4
    7   14    7
   17    2    7
   20   18    2
    8   26    6
   30   15    7
   22   17    3
   13   22    2
    6   22    3
    9    8    3
   11   15    3
   23    8    7
    5   10    4
   10   20    4
   17   19    3
   25   20    1
    4   14    6
   27   22    2
   10   11    7
   27   13    9
   20   13    3
    2   13    3
   12    8    3
   12   28    2
    3   11    4
   29   19    4
    1    2    2
    1   10    5
   17   20    2
    9    4    2
   19   12    1
   29    3    3
    1   30    3
   24    2    2
   11   13    1
   10   16    2
   15   14    1
   30   23    1
   24   22    7
   21    8    3
   10   25    3
   25   23    4
   16    5    2
   28   22    2
    9   16    2
    8    3    1
   10   30    1
    6   17    1
   20   28    2
    7    8    3
   14   29    4
   26   25    4
   19    4    2
    5   13    1
    4   18    3
   12    4    3
   19    7    1
   18   25    3
   20   19    2
   19   14    3
   16    6    2
    1   16    3
    5    9    2
   27    6    1
   22    5    1
   15    1    1
   18   10    2
    6    4    2
   16   24    1
    3   13    4
   17   29    3
   10    9    2
   16   29    3
    7   23    3
   28    3    1
   23    2    2
    6   26    2
    2   12    1
   12    1    1
    9   29    2
   24    5    3
   29   25    1
   21    6    3
   12   26    4
   15   29    1
   25   30    2
    6   20    6
    3   10    3
    6    5    1
    3    7    2
    3    4    3
   30   28    3
   16   17    1
   12   18    2
