Rock1Type Rock2Type Rating
   21   12    7
   22    1    5
    4   20    3
   17   26    9
   11   19    9
   10    1    9
   22    4    8
   26    6    8
    8    2    7
   16   10    8
    7    4    2
   13    8    9
   24    8    8
   15   13    4
   10   26    4
   17    6    9
   27   21    6
   16   12    8
    3   30    7
    9   18    7
   18   30    4
    3   14    4
   23    6    8
   20   13    7
    1   12    8
    1   30    6
   14    6    8
    4    9    3
   26   18    3
   16   19    4
   28   26    3
   16   15    4
   15    4    9
   29   28    2
    5    4    1
    8   23    6
   27    2    8
   14    4    8
   12   15    6
   25   16    9
    7    9    9
   18   23    4
    5    2    3
   20   12    2
   23   12    2
   24    9    4
   30   27    7
    8    9    6
   15   30    4
   21   22    3
    5   23    3
   19   12    7
    5   11    5
   22    9    6
   29    8    8
    5   25    9
   26    9    8
   21    8    8
   27   18    8
    6   24    9
   25    1    9
   19   10    9
    2   29    9
   19    4    4
   22   27    9
   29   30    9
   15    8    9
    3    5    7
   25   14    6
   28   27    2
   26   27    8
   16   14    6
   21   24    7
   22    7    5
   18   20    3
   20    1    8
    7   26    9
    2    9    7
    3   19    7
   12   26    6
   29   20    6
   24   14    6
   30   21    4
   26    3    4
   22   25    3
   20   15    3
   20   19    7
    7   24    8
   16   28    6
    8   19    9
   22   17    8
    6   30    8
    2   15    9
    7   12    8
   16   11    8
   10   11    8
   14   22    8
   10    8    8
   24   22    7
   25   28    4
   28   13    4
   10   17    7
    8   17    9
   11   29    8
   10    7    8
   19   30    7
   17   24    7
    8   28    4
   19   15    4
    2   18    4
   27   11    5
    7    6    7
   29   12    6
    2   10    5
   13   27    7
    9   13    9
   25   21    9
   18    7    7
   12    4    4
   16    1    7
   12    9    4
   23   16    8
   15   17    6
   24    3    9
   11    8    8
   18   11    6
   30   22    3
   28    3    7
   25   20    3
   20   14    3
   17   16    4
   28   24    4
   18   17    6
   23   11    7
   19   27    7
    1   23    7
   17   29    8
    5    8    7
    9   10    8
   23   29    9
   30   20    9
   30    4    4
   18    1    6
    5   17    4
   15   22    8
    9   16    8
   19   28    4
   14   28    2
   13    1    2
   17   30    7
   16   20    7
   28    7    3
   29   18    6
   15   23    7
   20   24    6
   27    8    6
   11   26    7
    1    9    6
   27   16    3
   13   16    4
   24    5    2
   25    2    3
    9    3    6
   22   19    2
   19   25    3
   23    3    8
   10    4    3
    1   19    8
   17   28    2
    3   16    7
   25    9    6
    6   18    4
   17   25    4
   22   20    6
   15    1    3
    4    1    3
   20    6    7
    7    2    8
   30   26    9
   12   27    7
    5   26    4
   17   27    9
    7    8    9
   24    1    9
   22    5    4
    1   17    7
   20    2    7
   30   10    9
   21   16    9
   22   23    8
   28    6    6
   18   22    4
   20    7    4
    4   25    3
   14    9    8
   25   18    4
   22   28    1
   23   17    8
    3    1    9
   28   30    4
   13   29    9
    2   21    7
   22   29    8
   29    3    7
   19    9    9
   23   14    8
   30    9    9
    6    9    9
    6   15    9
   28   23    8
    2   16    7
   25   27    8
   29   16    7
   17   14    9
   29   24    8
   25    7    8
    2   13    7
   29   21    9
   12    8    4
    5   10    7
   25   11    6
    4   18    3
   10   15    4
   11    4    2
   24   16    4
    2    4    4
   12   28    4
   13   24    4
    8    4    3
   11   20    6
   14    1    4
    9   29    4
   20   23    7
   10   22    4
   25    3    8
   29    1    3
   28    9    3
    2    3    3
   24   27    4
   23   25    4
    7   13    8
   12   22    4
   15   29    4
   13   23    6
   14   27    6
    5    1    6
   24   18    4
    7   14    8
    5   12    4
   30   24    7
    4   16    4
   27    7    6
   24   15    5
   23   19    8
    2   28    4
    6    8    9
   18    3    8
   27    5    6
   21   10    7
   11    2    7
   24   11    7
   25   30    8
    8    1    8
   19   29    8
   24    4    7
    7    5    6
   13   30    6
   18   28    2
   21   11    3
   26    2    9
    3   15    7
   13   11    6
   21   14    8
   15   14    8
    9    5    7
    6   29    9
   20   27    4
   23   21    9
    1   27    6
   27   15    8
   27   10    7
   15   26    9
    7   16    7
   26    4    9
   24    2    8
    2   23    7
    2   30    4
   27    6    8
   29   10    7
    1    7    6
   11   12    7
   21   15    7
   17    7    8
   20   28    4
   13   25    4
    6   21    9
    2   22    8
   26   16    7
   20   17    7
   11    7    7
    5   14    3
    8   25    3
   30    5    3
    6   19    7
   29    7    8
   18   15    7
    2   19    6
    8   14    6
    9   23    8
   13   22    7
    3   20    8
   21   18    6
   14   26    9
   25   26    7
   11    6    8
   11    1    4
   13   26    9
   18   13    7
   17   19    6
   22   11    4
   10   25    4
    4   23    3
   14   10    3
   15    7    6
    4   28    1
   18   12    9
   23   26    9
   22    8    8
   13    3    7
   17   11    8
   30   12    7
   10   20    6
    3   17    6
    5   20    6
   29    5    4
   24   19    7
   10   23    7
   16    5    8
    4   29    7
   14   11    8
    3   10    8
    9   27    8
   25   15    7
   24   10    8
    5   28    8
    3    8    7
   14   12    6
   13   12    6
   15   11    7
   30    8    7
   18    8    7
   13    4    7
   30   11    8
   17   21    7
   14   18    7
   10    6    8
    3    6    7
   23   30    8
   20   21    7
    6    4    4
   10   13    8
   27    3    7
   17    9    8
    7   21    9
    2    6    7
   24   25    4
   21    4    4
   16    6    8
    3   11    6
   29   14    7
   17   13    7
   30   14    6
   17    2    7
    8   20    6
   28   21    4
    1   26    3
   12    2    2
   28    1    8
    2    1    7
   26   19    6
    3   21    7
   16   22    4
   26   21    4
    7   19    6
   21    9    8
   18   19    8
   19   13    9
   27    4    8
   12   24    7
   28   11    6
   14   19    4
   22    6    4
   13    6    5
    4   17    4
   13   21    6
    9   20    4
   13    5    3
   12   10    8
    3    4    2
    5   18    3
   30    7    6
   24   26    6
   12   25    4
   23    7    7
    1    6    4
   26   20    4
   29   26    8
    9   15    8
   15    5    7
   26   22    8
   10   18    7
   11    9    8
   12    3    7
    5    6    4
   23   27    8
    3    7    7
   25    6    8
   23   24    8
    8   26    9
    5   19    8
   21    5    6
   16   30    6
   14   13    6
   12   17    4
   27   29    7
   18   16    4
   10   28    3
   29   25    3
    3   22    6
   14    2    7
   12    6    4
   15   28    4
   21   19    6
   16    8    7
    1   21    7
