Rock1Type Rock2Type Rating
    8   29    7
   23    7    7
   25    3    3
   13   27    3
    2   12    9
   11   19    9
    8    5    1
   17   18    1
    7   11    5
   15    5    1
   29   23    6
   12   22    1
   21    3    1
   17   13    1
   12   18    9
    3   14    2
   17   27    1
   16   11    2
   28   15    1
   20   11    1
   15   18    5
   30   14    1
   13   30    1
    6   25    1
   23    2    1
    9    1    1
   19    9    2
    1    6    1
    4    9    1
   23   30    1
   28    2    1
   21   17    2
   18    2    8
   12   21    2
   19   12    1
   10   19    5
   25   21    9
   27   14    5
    9    7    1
   13   10    1
   11   23    8
   23   22    1
    8   19    1
    7    3    1
   12   24    1
   24   25    1
   22    4    1
   10   15    1
    8   12    1
   14   21    5
   16    5    7
   27    2    8
   14    9    1
    6    7    1
   23   24    6
   30   10    1
   25    9    1
    1    8    1
   20    3    1
    8   20    1
    6   22    1
   26   18    6
   27   25    6
   26   11    1
   15   11    1
   18    3    1
   18   25    8
   26    6    5
   21   27    1
   24    8    1
   14   12    1
   28   25    1
    5   21    1
   27   23    1
   13    1    1
   26    2    7
   10   17    1
   20   12    1
   19   21    1
   19   28    1
   12   26    1
   13   28    1
   25    4    1
    1    5    1
   28   20    1
   24   13    1
   20   16    1
    3   27    1
   18   16    1
    5   30    1
   21   18    1
    8   23    1
    5   23    1
   30   24    1
   10   20    1
   24   27    1
    3   19    1
   12    1    1
    4    6    1
   16   17    1
   13   23    1
    1   14    1
   29   17    5
    5    3    1
   17    8    9
    5   28    1
   26   14    1
    6   12    1
   30   21    1
   24   19    1
    4   26    1
   13   16    5
   16    2    1
   18   20    1
   30   18    1
    6    9    1
   28   27    1
   17   15    1
   28   29    1
   17    3    1
   10    3    1
   26   16    1
    2   10    1
   10    7    1
   13   25    1
   13    8    1
    7   12    1
   25   29    1
   28   17    1
    1   26    1
    6   27    5
   29   11    1
   18    7    1
   16   24    1
   11   27    1
   19    4    1
   26   10    1
   28   12    1
   30   16    1
    4    2    7
   19   14    1
   11   21    1
   16   25    7
   24   26    1
   20   24    1
   14   13    1
    2    3    1
   12   23    1
   19   29    1
   13   26    1
   10    8    1
   12   16    1
   21   29    5
    6   29    1
   20    6    1
   30    9    1
   23   17    1
    5   18    1
    4   30    1
   29   30    1
   17    6    1
    3   15    1
   15    7    1
    1   20    1
   22   16    1
   19   20    1
    2    6    1
    4   12    1
    6    8    1
   13    5    1
   12   27    1
   27    8    1
   15   24    1
   29   15    1
   20   15    1
   11    4    1
    9   17    1
   23   16    1
   19   25    1
    1   22    1
    7    2    1
   25   14    1
   20    7    1
   28   22    1
   10   12    5
    7   13    1
    2   21    1
   14    2    1
   21    4    1
    7   16    1
   13   20    1
    6   28    1
    5   22    1
    7   22    1
   17   19    1
   20    9    1
   22   25    3
    4   10    1
    6   10    1
   18   11    1
   30   22    1
   19    7    6
   24   10    1
   28    1    7
   24   22    1
   25   11    1
   30    8    1
   21    7    1
   16   28    1
   21   13    1
   30   25    1
    5    4    1
    5   29    1
   21   28    1
   30   17    1
   16    8    1
   29    7    1
   19    2    1
    8    7    1
   15   16    5
    8   21    1
   15   14    1
   28   10    1
   25   23    1
   27   22    1
   14   20    1
    7   27    1
   27   26    1
    5   11    1
   24   28    1
    6    3    1
   18    4    5
   27    4    5
   23    9    1
   22    3    1
   24   11    1
    6    5    1
    2    5    1
    5   20    1
   16    9    1
    3   13    1
    1   10    1
   23    1    1
   18   14    1
   28    9    1
   24    9    1
    6   11    1
    9   26    1
    5    9    1
    6   23    1
   13   12    1
    1   11    5
    5   25    1
   21   24    1
    9    8    1
   24   14    1
   22   26    1
   21    9    1
   11   12    1
   14   17    1
    5   24    1
   28   26    1
    1   27    1
   18    1    4
   11   14    1
   15    8    1
   10    5    1
   23   18    1
   20   29    1
   21   22    1
    1    3    1
   29   16    1
   28    7    1
    4   28    1
   22   18    1
   11    9    1
   23   28    1
   24   29    1
   28   14    1
    2   17    1
   15    1    1
   12    9    1
    3   24    1
   19   27    1
   19   16    1
    3    9    1
    6   30    1
   10   23    1
   29    3    1
    4   17    1
   20   17    1
    4   24    1
   19   23    1
   30   20    1
   14   22    1
   24   17    1
   14   29    1
   15   30    1
   14    7    1
   16   27    1
   22   17    1
   24    6    1
   25    2    1
   23    4    1
   26   19    1
    5   17    1
    2    1    1
   24   18    1
    7    4    1
   29   18    1
    5   26    1
    1   19    1
   15    6    2
   17   11    1
   18   19    2
   23   21    1
    1    4    5
   29   13    1
    6   16    1
    9   18    1
   17   12    1
    8   28    1
   21   26    1
   13   11    1
    2   30    1
    2   15    9
   29   27    1
    4    8    1
    3    4    5
   11   30    1
   21   20    1
   14   16    5
   18   27    1
   16    3    1
   17    7    1
    6   18    1
   12   29    1
   14    6    1
   15   26    1
   19    6    5
    2   20    1
    4   29    1
   10   22    1
   12    3    1
    3   26    1
   27   10    1
    8   22    1
   11    2    5
   10   25    5
   25    8    1
   28    3    1
   15   22    1
   26   17    1
   26   25    1
   23   15    1
    7    5    1
   13    2    1
   10   18    5
    1   21    1
   22    2    5
   26    8    1
    8   11    1
   30    1    2
   25    7    1
    9   27    1
   25   20    1
   28   30    1
    1   16    1
   30   26    1
   19   30    1
   16   10    1
   14   10    2
    9   22    1
   30    3    1
    7   26    1
   26   23    1
   11   28    1
   12   30    1
   20   26    1
    4   14    1
    9    2    1
    6   13    1
   22   13    1
   30    7    1
   11   10    1
   10   21    1
   13    9    1
    8    3    1
   22   19    1
    5   12    1
    5   14    1
    1   29    1
    8   14    1
   22   11    1
    3   11    3
   18    8    1
   29    9    1
   27    5    1
   12   15    3
   25   15    1
   27   20    1
   24    7    3
   29    2    1
   15   21    1
   14   23    1
   17   25    1
   16    4    1
    4   13    1
   13   15    1
   13   18    2
   18   28    3
    2   24    1
    5   19    1
    9   15    1
   16   21    1
    3   23    1
   15   27    5
   13   19    5
   25   12    1
    1   24    1
   20   23    1
   21    6    2
    4   15    6
    8    2    1
    1    7    1
   19   15    1
   29   26    1
   30   27    1
   29   22    1
    1   25    2
   10   29    1
   10    9    1
    1   17    1
   22   20    1
   20    4    1
