Rock1Type Rock2Type Rating
   24    6    4
   27    9    4
    1   26    4
   14   16    6
   14    7    4
   13   23    5
   10   27    7
   11   16    5
    4    8    4
   15    4    4
   30    5    4
   22   24    4
    9    8    4
    1   14    6
   12    5    4
    4   26    4
    3   13    5
    3    6    5
    9   21    4
    7   25    5
   14   10    4
    7    5    4
    7   12    4
   27    8    4
    8    5    4
   15    8    4
   30   11    4
   15   17    4
   25   10    4
   21   27    3
   17   20    4
   27   13    5
    5   23    5
   26   12    5
   16    4    5
   10   11    5
    6   10    6
   24   19    5
   25   21    7
    7   24    6
    3   23    2
    4    6    7
    8    3    6
   20   25    5
    3   16    7
   11   15    5
   15   24    4
    7   11    3
   23   20    6
   17   12    8
    8   14    6
   12   18    5
    5   22    3
    4   14    4
   10   30    6
    2   19    2
   20   11    4
   18   11    5
   16   26    5
   21   26    5
   28    8    4
   22   13    4
   30    9    3
   19    3    3
    9   25    5
   28    5    2
   29   21    6
   15   20    5
    9   24    3
   24    8    4
   11   13    6
   11   17    6
   29   27    4
   17   13    5
   28    3    5
    3   29    5
    1   24    4
   29   10    5
    1    4    4
    4   22    4
    6   15    5
   12    3    4
   20   19    5
    1   27    7
   28    2    6
   13   16    6
   27   25    6
   11    4    5
   25   23    6
   23   12    6
    2    4    5
   20    5    4
   28   29    6
    1    7    6
   23    2    5
    1   18    6
   26    6    4
   19    9    3
   28   19    6
   23    7    7
   10   19    8
   19   25    7
   11    9    6
   28    6    4
    2   13    3
    4    3    3
    2    3    2
   16   24    6
   21   10    8
   12   25    6
    1   13    7
   15   14    6
   19   30    6
   13   18    8
   10   13    2
   17    4    3
   17   22    4
   28   21    6
   15   30    3
   12   11    2
   20   22    5
   30   13    4
   29    5    7
   16   22    4
   30   24    4
   30    1    7
   24   25    5
   26   24    5
    1    3    6
   19   14    5
   21   20    7
    2   10    5
   26    2    8
   29   19    6
   28   14    8
   27   12    9
   27   26    6
   12    8    5
   11   27    7
   29    9    7
   30   27    7
   10    3    5
    8   18    6
   12    2    3
   27   23    5
   15    9    5
   28   10    3
   24   18    3
    9   13    5
    4   13    6
   20   26    5
   13   21    6
   14    9    5
   25   13    6
   29   22    5
   20   12    3
   16    6    7
    9   23    5
   30   28    6
    5    9    3
   24   13    4
   22   25    5
   29    7    5
   30   20    7
   14   21    6
    1   16    7
   25    8    5
   15   25    5
   19   26    7
   29   26    7
   29   25    5
    9    6    4
    4   23    5
    5   19    4
    5   18    3
    1   15    4
   14   29    5
    2   20    4
    6   14    6
   28   20    3
   29    4    6
    4   10    3
   17    8    3
   23   18    4
   23   30    4
   26    8    4
   29   30    4
    2   21    3
   26    9    3
   28    7    4
   25   30    3
    5    1    4
   29   23    4
   12   16    5
    9   22    3
   28   13    5
    9   12    3
    7   16    4
    7   19    3
   14   27    4
   26   22    6
   17   23    3
   10   23    4
    4   12    3
   19   27    4
   24   28    4
    4   19    3
    6   13    5
   19    1    4
   21   19    5
   21    3    4
   16   30    5
    5    4    5
   16   15    5
   25   16    5
    2   29    5
   15   21    6
    2   14    3
   17   25    6
   19   18    5
   21    6    3
   18    9    5
   15   29    4
   28   17    6
    1   25    4
   13   20    3
    8   19    5
   11   22    3
   25   11    5
    3   20    3
   13   29    5
    7   22    6
    3   17    3
   20   27    5
    1   17    6
   16   29    6
    9   20    5
   21   23    3
   28   22    4
   22   23    6
    7   13    5
   27    2    6
    8    2    5
   17   29    5
   17    7    5
   10    1    5
   21   17    4
   25   18    4
   25    6    4
   24    5    4
    6   11    5
   12   14    4
   22    3    4
   27   24    4
   26   17    6
    4   21    4
   24   29    4
   20   29    5
    5   27    5
   28   15    4
   23    1    5
   13    5    4
    3   15    5
    1   11    6
    7   10    4
   20   16    5
   24   23    4
   11   26    4
   22   15    6
    2   22    8
   17   30    6
   11    5    5
   18   26    5
    5   26    6
    5   15    5
   17   14    5
   24    2    8
   20   24    5
   23   28    7
   25    2    6
   10   16    6
    5   21    4
    8   21    6
   15    7    7
   18   22    6
   21   16    4
    2    6    7
   16   19    5
   28   25    4
   30   14    6
    8   16    4
    3   14    6
    1   28    6
   11    2    6
   26   30    4
   27    7    4
    6   17    7
   26   14    6
   27   18    5
    7    3    4
   26    3    6
   21   22    7
    7    8    6
   17   16    5
    9   17    4
   13   12    4
    6    5    7
    5    3    6
   29    6    4
    7   26    6
   11   28    7
   23   15    7
    8   11    5
    5   17    3
    4   24    2
    8   29    4
   30    8    5
   24   12    4
   27   15    5
    6   18    4
   27   17    4
    8   13    4
   28    4    3
   19   17    2
   18   14    6
   16   28    4
   28    9    5
   23   16    4
   25    3    6
    1    2    3
   10   15    5
   28   26    7
   21    7    2
   19   12    4
   20    4    5
   24   21    3
    3   27    6
   30    7    4
   13   19    3
    3   30    2
    8   10    7
   19   22    3
   29   18    4
   16    9    6
   12   22    3
   12   28    4
   14   11    6
   23    6    1
   27    6    2
   16   27    3
   17   18    5
   28   27    4
   30   18    7
    2   30    5
   23    8    4
   19   11    3
   27   22    2
   22   30    4
   12   15    5
    7    4    6
    1    6    3
   20    8    6
    8    6    3
    4   18    4
   25   26    1
   22   10    2
    7    2    4
    3   11    5
   21   11    4
   30   12    3
   25   14    5
    5   14    2
   29   11    6
    4   30    5
   10   18    4
   21   30    5
   12    6    3
   24   17    1
   11   24    2
   18   16    5
    7   18    3
    5   16    4
   10    9    7
   23   19    3
   23   14    6
   18   20    5
   10   12    3
    1   21    4
    9    1    3
   15   26    4
    2   18    3
   20    1    5
   24    3    4
    6   19    5
   15   19    4
   13   14    3
   25    5    4
   15    2    2
   10   24    2
   13   15    6
    1    8    5
   20   14    4
   17   10    6
   14   24    5
   22    6    3
   30    6    5
    2   17    1
   26   10    5
    1   12    6
    7    9    3
    3    9    7
   18    3    4
   10   20    6
   29   12    4
   20    7    6
    7    6    4
    4    9    7
    1   22    6
   26   23    5
   27    4    3
   12   21    6
    1   29    3
   22   14    4
    9    2    3
   10    5    6
   15   18    7
    2   16    6
   21   18    7
    8   22    8
   11   23    4
   13   26    5
   20    6    5
   25    4    4
   28   18    4
    5    2    4
