Rock1Type Rock2Type Rating
   30    3    3
   20   19    6
   25    2    8
   16   26    6
   19    1    9
    7   29    6
    3   27    3
   12   21    9
   17   28    7
    4    9    7
    2    5    2
   21   24    3
    5   30    5
    8   25    3
   13    9    5
    7   22    6
    5    7    6
   28   18    3
   29   27    4
    2   11    5
   23   17    5
   14   18    7
   11    9    7
   22   27    8
    5   16    7
    8    3    4
   22    9    6
    1   24    5
    4   16    7
    4   18    8
    9   12    4
   23   19    7
   27    8    4
   14    5    5
    6    4    4
    6    9    5
   27   13    6
   17   27    7
   18   15    9
   17   25    6
    3   10    6
   28   10    9
   22   25    8
   17   19    8
   25   27    8
    8   18    8
    2   26    8
   18   22    8
    9   28    5
   14   17    4
   23   20    9
    1    9    6
    4   12    7
   17   29    7
    3    5    7
   10   20    8
    6    1    9
   22   12    9
    7   27    5
   22   26    6
    7    2    7
   29   26    8
   13    7    8
    7   20    8
   11    8    9
    4   17    8
   21    5    7
   27    9    4
   10   24    4
   15    2    9
    2   23    7
   13   26    8
   20   13    8
   14   23    8
    3   15    5
    8   28    2
   28   21    6
   25    3    8
   22   10    8
    3   12    8
    5    4    8
   21   14    9
   12   27    9
   22   23    8
   20   24    7
   26    5    8
   24    5    8
    4   28    8
   25    6    8
   11    6    8
   18   23    8
   20   28    9
   15   22    7
    9   18    8
   13   15    7
   19   18    8
   12    7    6
    9   10    6
   17    7    7
   26    7    7
   23   16    8
    9    3    6
   28   30    8
   14   12    8
   20    3    8
   16    9    8
   27   26    8
   29   28    8
   29    9    6
   15   12    7
   13   14    7
   30   20    9
   25   16    9
    3   24    9
   22    1    8
   23    3    8
    5   10    6
   17    3    7
   20   16    6
    8   10    7
   23   25    6
   10    6    8
    5   19    8
   19    2    8
   21   13    8
    6    8    6
   21    1    9
   23   26    8
    2   17    8
   14   26    9
   23    8    8
    1   30    9
   14    7    9
    5   13    8
   21   25    7
   11   22    7
   24    6    7
    1   29    7
   24    7    9
   13   18    8
   19   25    8
    1    5    8
    3    4    9
   15   27    9
   21   10    8
   25   11    6
   26   18    8
    8   16    7
   21   29    8
   22    6    7
   12   20    7
    2    6    8
   22   24    8
   14   19    8
   18   20    8
   12    6    9
   14    1    9
   13    4    9
   15    9    9
   18   25    9
    6   29    8
   12   25    7
   15   17    5
   27   10    9
    1   28    9
   22   30    7
    8   24    8
    7    8    8
   10   18    9
   28   26    9
    4    2    9
   26    1    9
   21    9    9
   11   28    9
   25   20    9
    6   21    9
   13    8    9
   22    8    5
   16    6    6
    8    1    7
    2   21    8
   19    9    8
    5   12    8
   11   20    6
   11   12    8
   14   29    8
   27   14    5
    3   11    9
   24   15    7
   24   29    7
   27   19    3
    5    9    3
   22   13    3
    8   26    3
   14   25    3
   29   20    3
   10   14    3
   14   20    3
   13   11    3
   18   21    4
    9   20    5
   10   30    7
   26   19    5
    3   13    8
    5   11    8
   18   16    8
    9   24    9
   28   22    5
    4   21    7
   17   21    7
    6   14    9
   17   16    9
    8   30    4
   27   28    8
   30   27    8
   29    3    4
   18   11    4
    3   14    4
   29   30    4
   29   10    4
   18   24    4
   15    6    8
    7    9    5
   28   23    6
    4   20    6
    9    2    6
   26   15    6
   10   26    6
   24   19    6
    1   25    6
   19   15    6
   23   30    6
   29   12    8
   13   10    8
    3    1    9
   24   14    9
   13   12    9
   15   30    9
   16   21    9
   19   10    9
   25   30    9
   19   12    8
    1    4    9
   17    9    7
   28   14    7
    7   25    4
   11    4    9
   30    6    8
   27   24    9
    3    7    8
   20    8    7
   26    6    6
   19    4    5
   18   12    5
   26    3    5
    2   10    5
   12   17    5
   21   20    9
   17   20    9
   30   13    8
   30   26    8
   24    2    8
   25   24    5
    2   18    9
    7   28    3
   14   22    2
    7   10    3
   24   16    3
   12   28    2
   20    2    1
   13   23    1
    6    5    3
    2   30    8
   13   29    5
    1   27    4
   14    2    4
   28    6    4
   10   15    7
    2   12    7
   29   23    7
    1    2    7
   23    6    7
   13   19    7
   22    5    7
    3    2    7
   16   10    7
   23    4    7
   27   16    6
   11   14    8
   16    1    8
   11   23    5
   18   29    5
    8   17    5
   25   28    4
   12   30    8
   12    1    3
   30    7    3
   28   15    9
   17   18    3
    5   15    4
   24   12    2
   28   19    4
    1   10    7
    5   20    3
   11   30    3
   10   25    3
   26   21    7
    4    7    7
   10    4    7
    1   18    6
   20    6    6
    5   28    7
    8    9    7
   16   13    6
    3   28    9
   29   16    9
   14   30    7
   16   12    7
   14   15    7
   21   19    7
   15   11    7
    4   27    7
   29   25    6
   15   25    6
   19   30    6
    6   18    7
   29   19    7
   24    4    7
   20    1    7
    2   28    7
    7    1    7
   15   20    7
   21   27    7
   25    4    6
    1   17    8
   13    6    8
   17   24    7
    5   27    6
   16   30    5
    9   14    4
   30   17    9
   25   13    8
   21   15    7
   21    7    6
   22   29    6
   16    2    7
   23   10    8
   14   16    9
   12   10    6
   23    9    7
    1   13    8
   17   10    8
   11    7    8
   11   21    8
   11   10    9
   24   13    8
   15   23    8
   21   30    8
   20   26    7
   26    9    7
   30   24    5
    3   16    9
    5   25    9
   24   28    5
   16   22    5
   26   25    4
   29    4    4
    7   19    4
    8   21    4
   29    5    5
   11   17    6
   27   11    7
    5   23    7
   19   16    7
   29    8    7
    8    5    7
   17   13    8
    3   21    1
   27    6    1
   17   26    5
    3   18    2
   22   17    6
   28   13    7
   24   23    9
    4   30    9
    3   19    9
    4    8    9
   26   11    1
   12   26    1
   22    4    9
   12    8    9
   19   22    9
    8    2    9
    6   17    9
    2   13    9
   23   12    9
   20   22    9
    5   18    7
   30   18    9
    7   15    8
   27   20    9
   19   11    7
    1   23    7
   29   11    9
   27    2    9
   22   21    7
   15    1    7
   15    4    4
    6    7    3
   14    4    5
    2   29    6
   15    8    2
   11   16    6
   16   28    6
   19    6    6
    9   30    6
    1   11    6
   14    8    6
   19    8    9
    6    3    8
   25    9    5
   23    7    5
   17    5    5
   26   24    6
   18   27    6
   16   15    6
    3   22    6
   11   24    6
    7   18    6
   23   21    6
    2   22    6
   27   23    6
    7   16    7
   26    4    6
   29   15    6
