Rock1Type Rock2Type Rating
   17    8    3
    9    7    2
   15   13    2
   24    9    3
   19    4    4
   28   27    5
    1    4    5
    2   27    4
   15    9    3
   24    5    3
   18    2    4
    7    4    3
   11   21    3
   17   10    3
   13   30    3
   14   26    3
   20   30    5
    1   10    3
   10   11    3
   28    5    3
   30    3    3
   25   24    3
   14   21    5
    2   22    3
    2    8    3
   16   29    4
   12   27    3
    5    1    3
    9    3    3
   18   24    3
    4    6    3
   27   30    3
    3   13    3
   15   23    3
    2   14    4
   27   19    3
    8   25    3
   27    1    3
   16   23    3
   15   11    3
   23   22    3
   20   15    3
   24   30    3
   22   11    3
    3   23    3
   17    1    3
   27   29    3
   25    5    4
   12   17    3
   29   12    3
    5   17    4
    9   25    4
   13   22    4
   21   26    4
    3   11    3
   26   24    3
   27    5    3
    2    7    3
    3    7    4
   30    5    4
   29    6    3
   23   29    3
   30   10    3
    8   19    3
   28   26    3
   13   18    3
   27    8    3
   22   16    3
   21    1    3
   15   27    4
   21   23    3
   27   23    3
    9    1    3
   13   24    3
   29   21    3
    7   27    3
   24   19    3
   18    9    3
   20   27    3
   12    7    3
   22    7    3
   14    1    3
   22   19    3
   25   18    3
   25    6    3
   10   20    3
   25    1    3
    2   30    5
   28   23    3
   28   14    3
   16   10    4
   15    2    5
   22   25    3
   28    2    3
   30   19    3
    8   21    4
    8   23    3
    7   20    3
   30   21    5
   14   11    3
    9   22    4
    7   14    3
   13    9    5
   16    6    4
    2   16    4
   14   10    3
   12   11    5
   18   10    5
    7    8    5
    1   28    5
   11   20    4
   17   23    5
   29   22    3
   10   23    5
    5    9    5
   18    7    4
    9   20    4
   29   18    5
   23   14    4
   12   23    4
   29   14    5
   19   29    4
   13    7    4
   13    5    5
   11    8    5
   30   16    5
   29    4    4
   11   29    4
   14    5    4
   16   17    5
    6   26    5
   11   23    4
   18   11    4
   25    2    5
   18   27    5
    1   19    4
   27    6    4
   24   17    4
    8   26    4
   26   18    4
   25    7    4
   24   29    3
   29   17    3
   22   26    3
    6   22    3
   25   15    5
   18   19    5
   29   30    5
    6   28    4
   26   16    4
   16   20    3
   13   28    3
   20   22    3
    5    2    3
   27   25    3
    7   30    3
   30   18    4
   13   25    4
   17   13    5
   20    1    4
   18    4    5
    7    1    4
    5   26    4
    2   11    4
   23   25    5
   15   14    3
   19   13    4
   15    6    5
   16    8    3
   17   15    5
   13   29    4
   15    5    4
   28   17    4
    3    6    4
   21   27    3
   10    2    4
   23   24    3
    3   27    3
   14    6    3
   30   14    4
   10   19    4
    6   12    4
   29    2    3
    7   21    3
    1   15    3
   18   17    3
    9   21    3
   14   19    4
   16   25    4
    3   14    4
   20    5    3
   27   16    4
    1    8    3
   25   12    4
   10   24    2
   12   16    3
   10    5    3
   19   12    4
    3   17    4
   13   10    4
   11   30    3
   26   25    4
    5   22    5
    8   30    4
   17    9    4
    9   14    4
   20   28    3
   19   23    4
   17   25    3
   10   27    4
    4    8    5
    5   19    5
   13   12    4
    7   24    6
   25   20    3
   19   28    6
   26   23    5
   30   12    4
    3   26    4
    7   11    4
   28    7    3
   12   14    4
   29    3    3
   12    9    2
   26   19    4
   27   24    3
   30   26    3
   29    7    3
   14   13    4
    9   16    4
    8   28    4
    4   11    6
   16   13    4
   29   20    3
   20   23    3
   15   28    4
    2   24    2
   10    8    2
   15   12    2
   14   25    2
   22   14    2
   15    4    4
   24    8    5
   13    1    3
   29    9    4
   21   25    3
   15   18    5
    3   25    4
   30   28    3
    3   24    3
   10    3    3
   10   21    3
   21    5    3
    6    2    4
   14    8    4
    1   24    3
   19   15    4
   29   10    1
   17    6    1
    9    2    2
   11   24    1
    3   16    4
   27   11    5
   14   24    5
   19   25    4
    5    4    4
    6   11    4
   24   20    3
   23    6    4
   24   22    3
   28   29    3
   28    9    3
   23   13    2
   20    3    3
    4   21    4
   11   17    5
    8    3    4
    1   11    3
   22    8    3
    9    4    4
    4   14    5
   21   24    4
   25   29    4
   25    4    4
    3   22    4
   23   30    4
   18   14    4
   12    8    4
   19   17    5
   28   11    4
    8    9    3
   16    4    3
   20   17    4
   21   20    3
   26   29    4
    3    2    4
   10    4    3
   10   15    4
   18   16    3
    2   12    3
   19   21    3
   13    6    4
   15    3    4
   18    1    5
   18   20    5
   17   14    5
    1   23    5
   23   18    4
   30    4    4
    2   13    5
   13   26    3
   21    6    3
   12   26    3
   16    5    3
   15   21    3
    6    9    3
   19    7    4
   29   15    3
   24    4    3
   19    9    3
    8   20    3
   16   21    3
   14   16    3
   23    7    3
   22   10    4
   18   22    4
   20   14    4
   17   26    4
    7   16    5
   11   25    5
    9   30    5
    6    7    3
   11   26    3
    5   18    3
    4    2    3
   17    7    3
   28   16    4
   22   12    4
    7   10    4
   12   18    4
   19   20    4
   30    1    3
    2   26    3
   10   26    4
   12   21    2
   26    7    2
   23    2    4
    6   18    4
   14   27    3
   19    2    3
   17   27    4
   15   26    3
   27   26    2
   16    1    3
    8    6    3
    4   23    3
    7    5    3
    3   21    3
   21   13    3
   13   20    3
   24   15    4
   21    2    5
   29    5    4
   26    9    4
   28    3    4
   18   21    5
   30   17    3
   12    4    3
    2   17    4
   28   12    5
   24   28    5
   30   25    6
   22    1    7
   28   18    7
   15   16    7
   26    4    5
   23    9    4
   22   21    1
   11    5    2
    8   15    2
    7   15    2
   12    5    2
    9   10    3
    1   29    3
    4   27    4
   15   30    4
   10    6    4
   30    6    3
   19   16    4
   28   10    3
   18    8    3
    8   13    3
    5   23    3
    1    6    3
   12   20    3
   13    4    2
    5    8    3
   28   22    3
   15   22    2
    3    5    3
   20    6    4
   10   12    3
   13   27    3
   21   28    2
    9   11    3
   11   16    3
   25   28    4
    3    4    5
   22   27    3
   10   25    5
    3   18    4
   26   20    4
   22   30    3
    3   19    5
   22   17    4
    8   29    3
   12    1    2
    3   12    4
   26    1    5
   16   24    4
    4   22    4
   17   21    4
    2   20    4
   17    4    3
   20    4    3
    4   28    3
    6   24    2
   27    9    2
    1    3    5
    6    5    3
   13   11    2
   24   12    1
   19    6    1
    2    1    1
   19   11    4
