Rock1Type Rock2Type Rating
    5   20    2
    7   29    1
   16    7    1
   15   26    4
    7   24    1
   19    1    6
   30    2    6
    3   17    4
    9   23    3
   15    6    1
    4   27    1
   17   16    5
   13   29    1
   18   14    5
   18    4    3
    5    1    1
   28   26    1
   17   18    1
   29   17    1
   21    1    2
    5   25    1
   30   29    1
   16   10    1
    4   15    1
    1   13    1
   29   10    1
    8   25    1
   28   27    1
   11   25    1
   14   20    3
   17    4    3
   18    1    3
   13    6    3
   28   12    3
   28   18    3
   14   12    5
   30    7    1
   18    6    1
   27   19    3
    2   21    1
    2    1    1
    5    8    1
   24   23    1
   19   23    3
   21    3    1
   23   18    1
    7   19    1
   30   16    1
    8   22    1
    7   28    1
    7    2    1
   29   16    4
    4   21    3
   26   12    1
   25    9    1
    9    1    1
   10   21    1
   25   19    1
   28    9    1
   13   20    1
   15   30    1
   24   21    1
    6   17    1
   24   13    1
   20   27    1
    8   23    1
    7    5    1
    1    7    1
   26    2    1
    8   12    1
    1   26    1
   14    3    1
   22   20    1
   18   26    1
    3   23    1
    6   12    6
   20   15    1
   14   27    1
   21    6    6
    3   20    1
    9   14    1
    2   28    1
   16    1    1
   26    5    1
   13   15    4
   15   22    1
    9   29    1
   16   28    1
   17    8    6
   18    3    1
    9   26    5
   16   22    1
   23   30    1
   27   10    1
    6   10    1
   20   10    1
   21   29    1
   24   10    1
   25   21    4
    6   28    5
   17   22    1
   12   29    1
   18   24    1
   29   23    1
    3   16    1
    9   11    1
   17   12    1
    3   19    1
    5    4    1
   23   26    4
    5   21    1
   16   20    4
   26   16    1
   24   22    1
   16   14    4
   30   13    6
    4    6    1
   10   25    4
   19   16    4
   16   27    4
   13   25    1
   20   11    1
    4   28    1
   20   17    1
   27   18    4
    6   20    1
   14    1    1
   10    2    4
   29   27    1
   23   17    1
   18    5    1
   23   21    1
   22   27    1
    4   30    1
   25   12    1
   24    8    1
   11   29    1
   30   20    1
   18    9    1
   21   22    1
    3   28    1
   16   25    1
   16   21    4
   27   25    1
   14   25    1
   13   28    1
   27   23    1
    3   24    1
   17   24    1
    2    4    1
   10   18    4
    3    7    1
    5   24    1
   15    9    1
   17   13    1
   29   28    1
    5   16    4
    2    5    1
   19   13    1
    4   13    1
    2    8    5
   21   17    1
   28    1    1
   22   19    5
   10    7    1
   18   22    1
   29    8    1
   30   27    1
   17   30    1
   21   14    1
   26   19    1
   14    2    5
   15   16    1
    5   22    5
   17   14    1
    2   15    1
   11   14    1
   19    4    1
   15   21    1
    7    6    1
    9   20    2
    1   24    1
    1   11    2
    4    1    1
   19   10    4
   19    5    1
   28   22    1
   26   10    4
    6    1    4
   18   11    1
   26    3    4
   11    3    4
   17    7    3
    3   15    4
    9    5    3
   10   12    4
   24   12    3
   15   28    4
   11   13    3
   29   26    2
   29    4    1
    4   24    2
   26   24    1
   22   11    2
   16   24    2
   23   11    2
   19    6    1
   30   14    1
   10   23    5
   30    5    1
   19   14    5
   24   20    1
   27    2    4
   14   28    1
   30   25    1
    3   25    1
    3    8    1
   21    9    1
   17    1    1
   20   23    1
    4    8    1
    6    8    1
    7   21    4
    3   29    1
    7   20    1
   12   27    2
    1   25    1
   22    3    1
    9    4    1
   26    8    1
   16   11    1
   27    8    1
   10    4    1
    7    9    1
   21   12    1
   22   30    4
   15   14    1
   21   26    4
   30    3    4
    6   11    1
   25    2    4
   17   10    1
   24   15    1
   27    7    2
   20    2    1
   15    7    1
    9   19    1
    4   11    5
   15   25    1
   27   17    1
    9   27    1
   24   28    1
   16    9    1
   12    4    5
   21   20    1
    4   14    5
   25   18    1
   30   28    5
   22    2    1
   11    7    1
   19   15    1
   29   20    1
    1   20    1
   12   16    1
    3    9    1
    9    2    1
   22   23    1
    6    5    1
   10   13    1
   10    3    4
   18   16    1
   10    5    4
   22   25    2
   25   17    4
   27    3    1
   23    7    4
    9   24    4
   20   25    1
   28   25    1
   27   26    1
   12    9    1
   18    7    1
   12    3    1
   18    2    4
   20   19    1
   27    6    1
   14   13    1
   26    6    1
   27    1    1
    9   30    5
   24   11    1
   20    4    1
   14   10    4
    8   19    1
   13   16    1
   29    5    1
   23   28    4
    3    1    4
    9   17    4
    2   16    4
    7   26    1
   30   11    4
   15   11    1
   24    2    4
   13    9    1
   23    2    1
    8    9    1
    2    3    1
   13   12    1
   19   28    1
    2   12    4
    1   15    1
    5   13    4
   19   11    1
   27   21    1
   12   23    1
    5   11    1
    1   29    1
   10   11    1
    5   12    1
   24   14    1
    1    8    2
   28    8    1
   23   13    1
   22    7    1
   11   27    1
   28   21    1
    9    6    1
   27   13    1
   22   29    1
   21   30    1
   15   18    1
    8   15    1
   10    8    1
   19   12    1
   13   21    4
   13   22    1
   25   26    2
   12   22    1
   25   24    1
   28   11    1
   26   22    1
   13   26    3
    4   22    1
   29   15    1
   20   18    1
   12    7    5
   22    1    1
   26   14    1
   24   19    1
    6   24    1
    5   27    1
   21   19    1
    5    3    1
   17    2    1
   12   18    1
   21   11    4
   12   20    1
   11   12    1
   12   15    1
   17   15    1
   13   18    4
    4   26    1
   16    6    1
   15   23    1
   28   17    4
   17    5    1
   19   29    1
    1   10    4
    6   14    1
    5   14    4
   14    8    1
   29    2    1
   23   16    4
   19   18    1
   29   14    1
   15   10    1
   10    9    1
   23   14    4
   22    6    1
   19    2    1
   30   18    1
    2   13    1
   10   28    1
   24   29    1
    8   30    1
   27   15    1
    8   13    1
    4    3    1
   25    7    1
    5   15    1
   23    6    1
   23    5    1
   26   30    1
   13    3    1
    2   11    4
    8   18    1
   30   24    1
   12    1    1
   23    1    1
    6   30    4
    9   22    1
    7   14    1
   17   11    1
    8   11    1
   19   30    1
   25    6    1
   20   28    1
   23   25    1
   21   18    1
   12   30    2
    6    2    3
   19   17    1
   26   20    3
   26   17    1
   21    8    1
   18   29    1
    4   25    1
   10   22    1
   20    8    1
   29    6    1
    4   16    1
    7    8    3
   25   29    1
   11   26    1
    7    4    1
    3    6    1
   14   22    1
   23    4    1
   16    8    1
    5   28    1
   27   24    1
   30   10    1
   13    7    1
    1   30    1
