Rock1Type Rock2Type Rating
   30   21    8
    7   27    1
   13   10    4
   12   23    1
   25   15    6
   19   26    2
   28   21    1
   23   26    7
   13    5    1
   15   28    8
   26    1    1
   23    4    4
    5   15    4
   14    1    4
   15   13    2
   17   20    4
   15   14    3
   28   24    3
   14   21    7
   14    9    2
    1   20    6
    3    8    6
    9   22    2
    9    6    1
   17   18    2
    6   24    1
   28   22    4
   27    5    5
    2   16    8
   12   10    4
   23   28    2
   20    7    2
   16   21    4
   24   14    6
   22    5    6
    8   13    9
   27   19    3
   25   23    2
   20   24    3
    5   19    6
   11   22    3
   27   23    2
    9   27    2
   27   11    4
   20   19    4
   15   30    2
   13    3    8
    5   30    5
   20   13    8
    5    3    9
   13   23    5
   20   22    3
   16   26    7
   12   17    2
   18    4    8
   30    9    1
    9    2    2
   25   19    7
    6    7    3
   24   21    3
   25    9    4
    4    3    9
   16   30    7
   26   21    5
   23   17    7
   19   14    8
    9   11    4
    3   10    4
   16   19    5
    9   10    3
   28   17    2
    9    7    4
   25    6    4
    2    3    7
   15   26    4
    9    5    5
   30    1    7
   16   17    7
    7    4    7
   21    6    9
   16   14    8
   20    4    7
   17   27    4
   10   20    9
   26   20    5
   14    8    5
   11    4    9
   15    4    4
   26   28    2
   29    2    2
   26   17    8
   26   14    6
   16    5    6
   29    3    5
   12   22    1
   12   30    7
   20   14    8
   12   19    7
    7   24    8
    8   29    5
   19   18    8
    3    6    6
    1    3    7
    6   10    7
   27   26    4
    5   17    4
   15   17    3
    6   12    9
   19   23    5
   26   10    6
   27   14    3
   24   30    4
   13   16    8
   30    7    3
   21    2    7
    2   10    8
    8   25    4
   19    8    5
   17   29    5
   26   22    2
    2   12    5
   25   27    7
   24   19    7
   11   24    6
    3   23    5
    8   22    3
    8   18    4
   27   30    5
   29   30    4
   24    3    7
   26   12    4
   14   25    5
    2   17    6
   12   15    1
    9   17    7
   16   12    5
   14    4    7
   16   18    5
   12   21    9
   28   30    4
   13   11    6
   23   18    5
   16    1    4
   10   22    4
    5    4    7
   28    9    2
   21   29    1
   29   18    5
   10   11    7
   13   18    4
   22   17    3
   21   22    1
   25    7    4
   27   20    5
   14   17    6
   25   26    7
   13   29    4
    4    9    4
   24   18    3
    1    5    6
   15   10    6
   15   18    7
    7   21    5
   21   23    3
   14   30    8
   29    4    3
   21   15    1
    4   21    7
   11   12    7
   11    3    7
   29   11    4
    8   10    5
    9   16    6
    7    5    6
   12   18    3
   22   13    1
    4   24    3
   11   17    4
   10   25    7
   15    6    4
   27   21    1
   17    4    7
   21   10    5
   11   23    3
    6   19    4
   12    5    1
   26    8    6
   12   14    6
   16   10    6
   30    3    5
   30    4    7
   25   13    5
    2    4    7
   26   13    8
   11    1    8
   28   20    5
   15    3    4
   22   29    3
   23   24    7
   12    9    2
   10   28    4
    7    8    6
    2   22    4
    1   17    5
   11   20    4
   20   16    6
   25    2    5
   18   26    6
   29   10    3
   18    3    4
   19   15    7
   23    9    7
   20    8    5
   25   30    5
   11    2    7
   12   28    4
   29   15    3
   19   10    6
    9   13    6
   19    2    7
    6   11    7
   15    1    6
   22    6    1
    1   23    2
    3   25    5
   29   27    4
    2   23    3
   21    5    3
    8   21    4
   27   24    2
   22    3    4
    3   27    3
   13    2    5
   11   14    7
   24   10    4
    1   10    7
   14   18    6
   29   14    3
   30   20    5
   13   21    5
    3   16    6
    6   16    5
   15    2    7
    1    4    8
    1   22    5
   23    7    6
   10    4    5
   24   12    3
    6   17    5
    6   30    6
   17   21    6
    8   30    7
   28    3    3
    2   28    4
   26    4    5
    5   14    4
    9    3    5
   17   24    6
   14    3    4
    1   29    3
   13   30    6
    2   26    6
    6    4    5
    7   13    6
   22   18    3
    6   28    1
    8    6    3
   23   14    4
    1   24    6
   19   17    7
   27    4    3
   23    6    2
    8    9    6
    5    8    5
   25   21    4
   19    4    7
   30   10    6
    1    7    4
   15   16    5
   27   15    9
    7   11    4
   10   17    7
    5    6    1
   22   14    2
   12    8    3
    2   14    8
   18    7    4
   23   20    3
   15    8    3
   18    9    4
    6   20    4
    1   12    3
   24   29    7
    1    9    4
    5   18    5
   25   17    6
   30   19    4
   18   25    7
    8    4    6
    6   27    1
    6   29    2
   30   17    6
   13   12    5
   24    2    4
   11   28    6
   15    7    4
   23   22    1
   22   27    4
   17   13    8
   30   22    1
   25   29    4
    2    6    5
   16   25    6
   14   13    7
   21    9    4
   18   21    4
   18   27    6
   15   23    3
   25    1    5
   19   21    3
   27    1    5
   16    8    4
   30   23    1
   22   19    2
   28   25    4
   16    7    5
   26    5    4
   15    9    3
    5   11    5
   12   25    1
   12    3    3
   18    2    4
   20   29    3
   24   16    5
   13    4    5
   26    6    4
   21   20    4
    5   29    5
   26   29    6
   17    3    6
   18   10    7
    4   25    5
   30   26    6
   28    8    3
   29   28    2
   10   14    6
    8    2    6
    6   14    3
   12   20    3
    4   28    4
    8    1    5
    5   20    4
   28   27    6
    5   10    5
   16   23    4
   10   23    4
   13   28    3
   21   11    7
    6    1    6
    2    1    7
   24    5    5
    1   28    4
   29   12    1
   22   15    4
    1   13    4
   13   19    5
   16   29    6
   27   16    3
   28   19    5
   15   20    4
    3    7    6
   24   13    7
    9   19    5
   11   19    5
   20    9    6
   28    5    5
   18   30    6
   24   22    3
   21    1    4
    4   16    6
    7   29    6
   22   25    4
    7   12    3
   20   18    5
    5   25    5
   18   11    5
    2    5    4
   27   10    6
    3   19    6
    8   11    6
   11   16    5
   25   11    4
    7   19    4
    8   23    5
    8   27    3
    7   17    4
   12    4    5
   20    2    7
   11   30    5
   24    8    7
   16   22    2
   11   15    3
    7   22    2
   17    8    7
    2    7    4
    7   10    4
    9   26    6
   21    3    4
    2   27    4
   26    7    5
    1   18    5
   16   28    4
   19    1    5
    9   24    7
    6   13    3
   25   24    3
   18   28    4
    3   26    6
    7   14    3
   26   11    3
   18    6    3
   27   12    1
   29   19    1
   22    4    1
   28    7    1
   13   27    1
   25   20    5
   23   29    7
   15   24    3
   26   24    7
    2   30    8
   14   28    3
   23    5    4
   29    9    7
    3   20    5
