Rock1Type Rock2Type Rating
    7   27    1
   21   10    2
   30   10    2
   18   12    3
    1   13    1
   13   30    1
    8   10    1
   16   25    3
   15    2    5
   23    7    3
   18   13    2
    5    8    3
   11    2    3
   16   17    7
    4    5    1
   10   13    2
    1   14    2
    4   21    1
   16    2    3
   29   14    1
   29    7    1
   28   17    1
   19   12    1
   21   26    1
   15   12    1
   27   12    1
    8   17    8
   19    8    3
   23   30    1
   22   29    1
   23   11    1
   11   16    2
   27    6    1
   18    9    1
   14   12    5
   26   29    6
   26    4    2
   11   17    1
    5   22    1
   19    7    1
   21   17    4
   10   29    1
   30   24    1
   26    3    1
   13   20    1
    1    4    8
    2    4    6
   14    2    6
   30   17    4
   17   26    4
   29   11    1
   28   12    2
    1   30    1
    6   18    1
   25   14    1
   16   23    1
   10    9    1
   21    8    1
   21   23    1
    7   17    4
   24   11    1
   27   23    1
   11   28    2
   21   18    1
   23   25    1
   30   28    3
   29   30    1
   11   12    3
   11   26    1
   11   21    5
   26    2    5
   24   27    1
   22   24    1
   27    5    1
    1    7    1
   13    6    5
   16   24    1
   25   10    1
   18   20    1
   28   13    1
   20   17    1
    9    7    4
   29    5    1
   21   29    1
   30   25    4
   25   27    4
    7   13    5
    1   29    1
   22   21    1
    4   18    4
   16    4    4
   27    2    3
   30    6    7
    6    8    2
   21   25    1
   11   10    1
   19   14    1
    8   20    1
   25    7    1
    4    8    6
   17   19    6
   17    5    1
    2    6    6
   18    2    6
   22    3    1
   19   20    4
   22    1    1
   20    7    2
   19   28    2
    7   11    2
    9    8    3
    3   27    2
   17    3    8
   12   21    6
   11   22    1
   19    4    7
   20   11    2
   24   28    1
    7    6    2
   11   19    9
   12   26    2
   25    8    7
   29   19    1
   20    3    1
    5   10    1
   25   19    6
   23   26    4
   28    4    2
   19   27    3
   13   25    3
   22    6    1
    1   19    8
   17   25    2
   30   12    4
    5   14    1
   12   13    2
    4   13    7
   16   19    7
    9   22    1
   14   20    2
   27   28    2
   11    3    2
    9   21    1
   26   20    1
   17    4    4
   12   23    1
    2   22    1
   24    7    6
   24    3    6
   29    8    1
   18    8    5
   10    6    2
   20   24    2
   30   14    8
    5   19    5
   19   22    2
   20    5    2
   16   10    2
   28    9    1
   18   25    6
   14   10    6
   23    1    1
    4   25    4
   18   19    7
    2   10    7
   21   24    1
   12    6    9
   21   27    1
   20   12    1
    7   14    6
    3    8    6
   12   29    1
   30   16    6
   15   18    7
    8    1    5
   26    7    2
   24   13    2
   17   13    5
    8   30    3
   24    4    2
   23    5    1
   15    4    1
   13   14    5
    5   25    2
    5    1    6
   23   17    1
   22   28    1
   24   15    1
    2   29    1
   13    2    5
   22   25    1
   10   17    1
    6   19    1
   16   26    1
   24   10    1
    4    3    3
    2   28    1
   20    2    3
   15   21    2
    1   10    7
   25   24    2
   12   16    2
   28    5    2
   13   22    1
   27   29    1
   20    6    1
    8   28    1
   15   23    1
   16    5    6
   27   14    1
    3    6    1
   29   18    1
   17    9    6
   27   22    1
   19   30    2
   27    1    2
   26    1    1
   15   13    1
   15    7    1
   10   20    6
    3   10    1
    8   16    7
   26   24    6
   26   13    5
   26   25    4
   25    2    2
   28    6    1
    9   11    1
   13   16    8
   27   11    1
   16   15    1
    2   12    6
   21   14    6
   25    6    2
   12   25    1
   30    5    1
   28   21    1
   29   25    3
   11   25    3
   16    9    6
   29    6    1
    2    1    4
   29   17    1
   15   27    9
   29    3    1
   18   11    7
   15   10    7
   17    6    3
   12    8    2
   28   16    6
   28   26    2
   20   30    2
   12    5    1
   23    2    1
   30    2    8
   18   14    7
   29   13    1
   25    9    6
    6   11    4
   14   16    5
    9   13    5
   21    2    6
   12   10    2
    1   12    2
   17   14    6
   12   22    1
    4   11    8
    3   15    1
   30   15    1
    1   17    5
    9   14    2
   23    6    1
    9    4    5
    7   30    2
   25    1    6
   11    5    1
   22   17    1
   21   16    6
   18   23    1
    1   15    1
   21    7    1
   18   24    1
    7    3    6
   29    4    1
   19    3    6
    2    5    1
   24    1    2
   19   24    2
    4   27    2
   14   15    2
    7    8    6
   15   22    1
   23    4    1
   18    1    6
    4   30    5
   18   27    6
   15   28    2
   16    6    1
   13   19    6
   24   23    2
    4   12    6
    6    9    1
    3   28    4
    3   23    1
   22   23    1
   28    7    2
   15   17    1
   16   22    1
   26   27    4
   13    3    5
   14    3    1
   11    8    6
   23   14    1
    6    4    2
   24   14    1
    3    9    1
   15   19    1
   20   25    2
   18    7    1
   21   13    6
   18   28    4
    9   29    4
   14   11    4
    8    2    4
    2    7    1
   27   16    2
   24    9    1
   28   23    1
   21   30    6
   15   11    1
   15    9    1
   25   15    5
    9   26    5
   18   10    7
   18   30    7
   28   20    5
    6    5    1
   25   28    1
   16   20    1
    1   20    4
    8   14    4
   15   20    4
   12    9    1
   13   27    1
   15   26    1
    6   21    8
    1   28    8
   18   16    8
   14   26    2
    5   13    1
   10   23    1
   20   23    1
    2   24    1
   20    9    1
   23    9    4
    3   25    4
   18   26    1
   24    8    2
    3   12    1
    3   18    2
    9    2    1
   17   18    6
    3    2    3
   13    8    5
   14    6    7
    2   17    2
    4   20    1
   29   28    1
   29   15    1
   26   19    1
   30    9    1
   11    1    7
   23   19    1
   26    6    3
   23    8    1
   19   10    6
   26   30    1
   26   22    1
    1    3    7
   30    3    1
   26    8    6
   30   27    1
   18    5    1
   23   29    3
   17   24    5
    1   21    2
   22   30    1
   16    1    6
   29   20    1
   10    4    1
   22    8    1
    8   15    1
   12    7    1
   15    5    6
   18   22    1
   14    4    6
   21   20    1
   22   14    1
   20   22    1
    8   27    4
   28   10    3
   30   11    6
   24    6    1
   22   10    1
    3   16    7
   27   17    1
    7   10    1
   24   12    1
    6   15    1
    6    1    1
   16    7    5
    5   21    1
   22    7    1
    7    4    1
   29   24    2
   12   17    1
   11   13    5
    9   19    2
   26    5    5
    4   22    1
   13   23    2
   24    5    2
   19   21    5
    5    3    6
   10   27    6
    9   27    1
    5    7    4
   26   10    2
    5    9    6
   27   20    6
    3   21    1
   19    2    7
   14   28    3
   16   29    1
    1    9    1
