Rock1Type Rock2Type Rating
   11    1    8
   15    7    3
    7   22    3
   28   29    4
   19   20    8
   23   18    7
   25   22    6
   26    7    8
   26   12    7
   17   29    7
   11    4    9
   25    3    8
   23   29    9
   11   13    9
   13    1    9
   11    6    9
    4    8    9
   27   14    8
   14    5    7
    7   17    6
    8    1    8
   16    1    7
   25   30    7
   22   29    6
    5   10    5
   16   13    8
   13    5    6
    5   26    5
    8    6    6
   29   11    5
   23   25    6
    1   21    7
    2   23    5
    6   23    5
    6   12    9
   18   19    8
   19    4    9
   16   26    9
   20   26    7
    1   10    8
    9    6    6
   20    1    8
   29    9    9
   14   25    8
   27   20    7
   18   12    8
    2   24    5
    4   24    7
    3    5    6
   26   25    6
   22    3    4
   15    6    4
   12   19    4
   21   11    8
    2    8    8
    4   20    8
    9   17    7
    4    2    8
    9    2    4
   23    4    4
    1    5    5
    1   14    6
   19   24    6
   23   19    4
   21   27    2
   30   13    6
   12    2    6
    8   26    6
    4   16    5
   14   10    7
   17    6    4
   27   25    7
   14   18    7
   27    4    2
   30   26    5
    6    7    6
   14   11    8
   29   24    2
    5   15    3
   14   22    2
    8   30    2
   28   30    2
    7    2    3
    4   28    4
    9    5    4
   29    1    2
   14   23    2
   24   14    7
   25   16    8
    8   11    8
   25    9    5
    2    5    3
   27   30    3
   30    6    7
   24   28    2
    3    9    3
   19    2    8
   26   22    1
   28   11    1
    8   25    1
   27   22    2
   29   14    3
   20   29    2
   26    2    8
   12    5    5
   29    4    3
   12    8    3
   17   24    5
   28   12    3
   13    7    5
   12   23    3
    8   22    2
   13   20    6
    8   28    3
    8   16    7
   26   18    7
   26   23    5
    3   13    6
   17   23    3
   17    1    7
   24   15    3
   30   15    2
   29   26    3
    9   16    4
    6   13    5
    4   15    2
   10   20    9
   13   26    6
   28   27    9
    2   21    8
    3   28    2
   16   28    3
    8   23    3
   19   27    2
   18    7    4
   13   25    4
   22   23    3
    9   28    3
   27   26    3
   19   14    7
   18    3    7
   27    8    3
   24    1    8
    6    5    2
    4   25    4
   22   18    3
   10   26    4
   17   14    6
    2   27    3
   24   10    3
    5   27    7
   22   30    2
   13   14    7
   25   18    6
   20   17    5
   21   22    3
    9   23    3
   18   13    6
   24   20    7
   21   28    2
    2   15    4
   17   18    5
   16    3    8
   24    3    7
   12   24    5
   27   12    2
   15   10    2
   16   12    3
   12   21    9
   22   28    2
   29    7    3
   16   17    7
    9    7    5
    6   29    3
    3   14    4
   29    3    5
    7   24    7
   10   21    6
    2   30    7
   13    9    7
   22   12    1
   11   24    5
   18    6    4
   25   21    5
    7   11    6
   27    6    2
   30   12    8
   20   14    8
   30    4    7
    7   16    7
   27   24    4
   24    8    8
    9    4    5
   30    5    7
   16   24    8
   21   29    6
   15    9    4
    5    8    2
   12   17    2
   26   28    2
    5   18    3
   13   29    3
   18    9    3
   14    2    9
    2   13    9
   22   17    5
   19   10    7
   24    6    7
   28    2    5
   15   13    4
    2    3    6
    5   22    3
   16   19    6
   20   15    7
   20   11    7
   19   13    7
   29   10    4
   25   19    3
   23   27    2
   16   21    8
   16    5    2
   21   17    6
   26    9    5
    9   19    5
   29    8    4
    3    6    4
    7   14    4
   19   26    4
    3   11    7
   12    9    3
   22   10    3
    4   26    2
    7   20    2
   12    7    2
    2    6    7
    5   25    3
   11   25    3
    1   18    8
    3   26    6
   22    6    1
   22   16    4
   21   14    8
    6   20    7
   10    7    4
   17    3    5
    8   15    3
   10   18    7
   22   13    1
    9   30    2
    4   10    3
    4   18    4
    4    6    5
   10    8    4
    1   27    4
    8   21    4
    1   15    3
   30   18    3
   13   21    9
   25    7    3
   17    8    9
   28   15    9
   25    1    6
   18   24    5
    7    5    4
   25   10    7
   14   28    4
   15   25    5
   11   22    3
    8    9    4
   13   10    6
   26    1    5
   16   10    4
    5   29    4
    3   23    2
    2   16    7
    2   10    7
   23   13    2
   14   30    7
   28   19    6
   10   28    5
   13    8    7
   26    6    3
    4   13    7
   21    9    6
    2   25    6
   25    6    6
    3   30    6
   17   15    3
   19    7    8
   19   11    8
   12   29    2
    5   20    3
   16   11    6
    5   19    4
   25   28    3
    9   27    5
   22   20    1
   29   18    2
   21    6    9
    3   10    6
   16   15    4
   19    6    5
    1   12    5
   11   12    6
    4    1    7
   21   19    6
   15   21    4
   20    2    6
   19    8    6
   29   16    2
   16   18    6
    7    1    5
   11   26    3
   10   30    6
   18   28    2
   12    4    6
   19   30    7
   20   23    4
    2   22    3
   30   23    4
    4    5    7
   21   20    6
   26   17    5
   30    1    8
   18   21    7
   23    7    2
   15    3    3
    3   21    4
   15   27    9
    1    6    7
   17   13    8
   28   13    2
   23   28    3
    9    1    2
   27    3    2
   24    5    4
   27   10    2
   23    5    4
   28   17    2
    1    2    4
   11   10    3
    2   18    6
   21    7    5
   26   14    7
   24   13    7
   19   15    7
   16   27    6
   18    8    5
    4   21    7
   11    9    5
    7   30    6
    4   22    3
   14    9    3
    3    7    4
   17   30    4
   17   25    4
    5   28    5
   25   29    2
    2   17    5
   16   20    5
    9   20    3
   16    6    6
    6   14    6
   24   26    6
   18   27    3
   21   23    2
   26   21    6
   13   12    5
   24   25    4
   27   11    1
    6   28    1
   22   15    1
    7    4    5
   24   21    4
   22    1    5
   10    6    6
   12   25    6
    3    8    7
   30   11    6
   28    7    3
   22    9    2
   29    2    1
   11    5    3
   14    8    4
   24   22    1
   27    7    2
   16   30    7
   15   29    3
   19   29    2
   12   15    1
    4   17    4
   23   16    1
   23   11    1
    3   19    8
   17    5    6
   12   14    9
   24    9    8
   25   20    9
   28   20    3
   14    4    8
    3    4    8
   24   23    6
   20   30    9
   17   27    3
    9   10    3
   29   27    2
   23   15    3
    8    7    4
   24   30    4
   15   11    4
   10   12    5
   17   19    5
   12   20    4
   14   15    5
   26   15    5
    8   20    4
   15   18    5
   29   30    1
   19   22    2
    3    1    8
   23    1    6
   27   13    4
    3   12    5
   11    2    5
   16   14    5
   20    3    5
   11   18    6
   18   20    7
   10   23    4
   17   10    6
   11   17    6
    1   19    6
    5   21    6
    1   28    6
   30   21    9
