Rock1Type Rock2Type Rating
   18   30    4
   12   24    3
   14    6    6
   10   26    4
   30   28    2
   13   11    2
   18   23    1
   28   10    5
   15   25    5
   13   25    4
   27    4    2
    2   28    3
   14   24    4
   20   14    6
   17   21    4
   19   11    7
   15   10    8
   18   28    3
   20   23    2
   10   19    5
    2    7    1
   16   17    4
   22   15    3
    3   23    1
    8   22    1
    7   12    2
    9   18    5
   17    8    6
   16   22    2
   24   22    4
   14    5    2
   11   29    1
   29    7    3
    1    4    8
   29   19    2
    5   27    4
   14   25    3
    7   24    5
    3   15    2
   18    4    7
   29    8    2
   10    7    2
    8   18    3
   17    3    4
   27   26    3
    5   30    2
   23   17    4
   10   13    2
   21   23    2
   27   30    3
    3    6    2
   11    4    8
    2   11    4
    6   12    9
   23   30    2
    6   18    3
   16   27    2
   18    5    5
   24    3    3
   17   28    7
   21    2    6
    1   30    3
   15   12    2
   18   19    7
   10   12    4
   21    4    6
   14   29    1
   26   25    6
   28   29    3
   29   26    2
    5   22    7
    4   14    3
   22   11    7
   21   10    4
   21    9    2
    1   24    4
   30   20    6
   10   20    7
   22    4    8
   20   18    4
   29   20    6
   14   28    2
   26   14    7
   18   17    4
   22   29    3
   18   15    8
   26   12    4
    1   25    4
   13   15    2
   13    2    7
   15    2    4
    7   27    2
   18   24    6
   30    7    2
   19   27    3
    7   14    4
    7    6    1
   29   10    3
   24   19    6
    9   23    3
    1    5    8
   23    4    3
   30   19    2
   16   24    2
    3    4    9
   15   14    6
   19   20    3
   26   20    1
    4    9    1
    3   19    2
   30   10    9
   26   16    3
   10    9    3
    7   21    2
    4   16    3
   13   30    3
    8    4    4
   15    6    3
   12    4    2
   25    9    6
    7   26    3
   27    6    6
   18   16    7
   18   26    7
   13    8    3
   23    6    6
   21   15    3
   29   21    6
   24   17    3
   22   13    3
   15    4    3
    2   24    3
   17   29    8
    4   13    6
   13   19    3
    6   11    4
    6   13    4
   12   29    3
   28   25    3
   22   30    4
   15   24    4
   11   25    7
   19   26    7
   10   14    7
    7    9    3
   18   29    3
   21    1    3
    9    5    2
   28   11    7
   21    5    7
    3   20    3
   20    6    6
    3   22    4
    3   27    3
    2   23    3
   19    2    6
   29    6    3
   12   16    6
   12   21    8
   19    4    8
   26   23    8
    5   16    8
   16    3    8
   23   27    8
    8   10    7
   23    5    8
   23    7    6
   26    8    4
   17    6    7
   11   24    7
    7   17    3
    5   28    2
   18   21    3
    4   28    2
    1   28    6
   18   22    8
    9   16    6
   20    8    4
    6   22    2
    9   27    3
   25   29    6
    5   29    2
   14    9    2
   24    4    8
   12    8    3
   20   15    3
   23   22    3
   20    1    3
   13   28    4
    2   20    8
   17    1    7
   18    7    3
   17   14    7
   17   19    8
    8   19    8
    2    5    3
   14   22    3
   25   20    8
   20   21    4
    3   13    4
   22   10    4
    2   22    4
   12    9    4
   23   28    6
   24   25    4
    7   11    7
   20   17    3
   19    6    3
   30   29    7
   23    8    3
    8    2    3
   29    9    7
   28    8    4
   29    3    4
    6   24    4
    7    5    8
    3   10    3
    2   29    7
    5   11    8
   12   28    8
   11   27    4
   26    2    8
   15   28    8
   12    5    4
   26    9    4
   30    3    4
   19   12    3
   20   13    6
   10   11    3
   22    7    3
   23   14    7
   15   27    8
   11   26    2
   21   26    7
   20   22    2
    1    2    6
   17   13    8
   14    1    7
   19   14    7
   25    6    4
    3   26    3
   22   25    2
   13   18    3
    8    3    4
   19    7    7
   11    9    3
    1   22    3
    5   13    3
   10    4    4
    7   20    2
   27   22    1
   17   26    6
    1   23    3
    6   21    7
   30    2    8
   20   24    3
   25   21    7
   17   12    8
   10   27    4
   21   11    4
   25    2    9
   29   24    2
   27   17    2
   22   28    3
   23   19    7
   13    7    4
   23   24    6
    5    6    2
   25   27    4
    6   16    2
   14   30    7
   28    7    8
   28   16    3
   17    5    2
   11   12    4
   18    2    7
    8   14    7
    1   18    8
    5    8    4
   16   29    6
    1    6    4
   12   13    3
    3   18    4
   28    6    3
   20   12    3
   13    9    3
   30    4    6
   22   26    3
   24   30    3
   23   16    3
   30    9    1
   28   27    7
   28   26    3
   23   15    2
    7    4    3
   12   18    1
    4   26    2
   15   11    3
   11   20    2
    8   21    3
   10    6    1
   27   13    2
    3   21    1
   19   28    6
    5   25    3
   24   10    2
   16   14    6
   29   15    2
    6   26    8
   25    8    2
    5   24    4
   11    8    7
   25   10    9
   25   16    9
   23   11    2
    9    3    1
   26    5    1
   21   22    3
    4   20    2
   17   25    2
   24    8    6
    1   27    2
   13   24    1
   20   28    1
    2    4    6
   13   14    2
   13   29    3
    2    3    1
   16    2    2
   12   30    6
    1   13    3
   21   28    6
   10   16    7
   12   27    2
    2   27    2
   16    1    2
   12    3    3
    1   19    6
   18   25    7
   11   14    8
    1   10    9
    3   25    3
    3    1    4
   19   25    2
   10    5    1
    1   26    7
    7   25    1
   27   14    2
    2    6    7
   13   26    4
   23   13    2
    9   20    1
   19   15    6
   29   27    2
   26   15    7
    8   16    9
    8    1    9
   25   12    3
    9   19    3
   25   30    8
   17   15    4
    9   28    3
   28    3    2
   16   21    6
   30   26    9
   27   18    4
   21   24    3
    9    8    2
    2   17    6
   30   17    3
   23   12    2
   19    5    4
   21   13    3
    9   15    1
   16   30    2
   26   24    2
   24   27    2
   21   27    2
    9   17    2
   14   21    9
   16   19    3
    9   24    2
    1   29    2
   11   17    2
    7   16    2
   10   23    2
   29   23    2
   15    1    3
   25    4    3
    1    9    2
    6   30    8
   15   30    4
   12    2    8
   30   21    8
    8   30    2
   12    1    3
    5    3    7
   11   16    7
   17    4    3
   18   11    6
   28   24    3
   22    9    2
    3   11    6
   19   21    7
    5   20    2
   14    2    9
    8   15    2
    4    5    7
    9    2    2
    1   11    9
   14   12    9
   17   22    2
   13   16    9
    6    9    2
   14   18    8
   27   20    6
   11   30    2
   12   22    2
    4    6    2
   27    8    2
    8    6    2
    7    8    7
   18   10    8
   17   10    3
    5   15    7
   23   25    4
    7    3    6
   15   16    3
   14    3    2
   19   22    4
   10    2    9
    7   15    2
    4   29    2
    7    1    2
   16   20    2
