Rock1Type Rock2Type Rating
   13   20    2
    1    6    3
   27   22    2
    9   10    2
   30   28    3
   22   18    7
   22    9    2
   23   16    4
    7   20    3
   29    6    2
    9   13    5
   13   11    6
   13   24    4
   16   19    7
   26   25    8
    2   26    5
    2    3    2
   21   29    3
   18   29    1
   18   28    4
   15   18    7
   30   15    1
   25    4    4
   12   10    6
   30    5    2
   28    1    8
   27   29    2
    3   30    2
   15    1    3
   21    2    7
   15   23    4
   16   13    7
   18    1    8
   15   26    6
   27   25    3
    9   11    2
    4   16    4
   10    8    2
    8   25    1
    8    4    5
   26   18    2
   16    8    4
   15   21    7
   29   14    5
   19   21    8
   19    4    8
   20    9    2
   23   17    3
    6    7    7
    7    4    2
   19   17    4
   23   20    5
    3   14    3
   22    8    3
   28    5    7
   15    7    2
   26    4    3
    6    3    3
   22    4    4
    4   24    2
   30   26    5
   27   24    2
    2   18    6
    9    6    2
   15    4    3
   13    1    2
    9   15    2
   24   22    6
    3   29    2
    6   28    7
   28   16    5
    3   19    9
   10   22    1
   19   23    4
   12   20    1
   23    1    4
   24   14    2
    6   20    3
   23    4    2
   20    3    2
    9   19    3
   26   21    8
    4   11    9
   15    8    4
   21    3    3
    6   23    5
   22   29    1
    6   11    2
   19   11    3
    2   12    5
   30   24    2
   12   13    3
   10   25    9
   18   11    9
   28   13    2
   17   13    5
    7    9    4
   15   20    1
   15   11    1
   10   23    3
   13   30    4
   14    5    4
   12   19    7
   27   19    5
   26   29    3
   12    7    2
    8   21    1
   15    5    1
   11   20    1
   24   19    8
    5    4    8
   17    4    4
   24   16    3
    4   21    3
   15    6    4
   14    8    6
   29   13    1
   25   19    2
   23   28    3
   22   11    8
    7   19    8
   27    3    2
   23   26    5
   28   17    3
    3    4    8
    8    6    3
    7   16    2
    8   18    2
   26   19    4
   12   28    8
   29   19    2
   30   18    3
   26   14    4
    2    6    7
   29    1    1
   11   21    6
   21   18    3
    2   22    1
    4    1    1
    9   30    2
   25   28    5
    2   28    3
   22   25    3
    9    3    4
   20   28    3
    2    7    2
   21   10    4
   13   26    5
   16   15    3
   14   23    2
   13    7    3
    5   18    6
    7   10    3
    1   12    4
   19   13    4
   12   14    7
   25    1    3
   30   20    8
   18   23    2
    1    3    5
    8    7    6
   16   14    3
   23   30    4
    2   29    2
    4   13    6
   26   27    5
   25   17    3
   24    5    3
   23    9    2
   12   15    4
   27   12    4
   22    7    7
   21   28    4
    3   18    6
    6   14    3
   15   17    4
    8   12    2
   24    6    2
    9   24    4
   26    3    5
   21   25    4
    2   25    7
   11    2    2
   26    8    4
    3    5    8
   30    4    4
    7   25    1
   16   29    2
   28   11    4
   26    6    3
   23    2    2
    1    8    8
   10    6    7
   30   16    3
   17    8    7
   13    6    4
   22   14    7
    5   25    3
    6    5    1
   14   13    5
    3    8    7
    1    9    2
   30    7    1
   19    6    2
   13    8    5
   18   10    6
   11   30    5
   10   26    2
    3   16    3
    8   30    2
   17   16    6
   18   24    2
   26   12    7
   10   13    2
   25   14    1
   13   25    3
   14   18    4
   20   25    8
    4    9    3
   28   29    1
   26   22    2
   23   21    2
   14   17    7
    3   12    6
   28   24    1
   18   12    4
    1    2    4
    3   28    3
   12   17    5
   26   24    2
   11   12    3
   10   20    6
   23    7    2
   16   26    3
   22   19    4
   15   10    6
   11    8    2
   24   12    3
    6   21    7
   12   16    3
   28   15    2
   12   23    5
   14   11    6
   22    6    4
   27   15    7
    2   19    4
    1   27    3
   11   29    1
    4   12    3
   28   27    5
   30   12    2
    9   25    1
   20   19    3
    5   17    5
   26   28    4
   10   11    3
   28    4    6
   10    1    5
   19    5    2
   25   24    3
   15   14    6
   17   29    2
   19   15    5
    9    2    3
   20    5    2
   10   14    5
   15   29    2
    5   16    6
    3   25    7
    7   18    5
    8    2    6
   29    9    4
   14    1    5
   20    1    2
    3   23    3
   26    7    5
   24   10    1
    4   29    2
   10    2    1
   23    8    3
   29    7    2
   29   10    2
    6   12    9
   26    5    2
   20   18    3
    5    2    1
    5   22    1
    7   11    4
   21    7    6
    5    8    2
   22   30    1
   27   11    2
   22   13    2
    2   30    5
    7   27    6
   17   21    7
   30   19    3
    1   22    6
   29   25    2
    9   28    2
   30    1    1
    2   15    5
   20   16    3
   27    5    3
   27   16    2
   22   17    4
   17    6    7
   24   15    2
   17   27    4
    5    9    5
   18   19    2
   24   20    2
   21    9    3
    2   24    2
   15   13    3
   21   27    5
   29    8    2
    1    7    1
   23   27    4
   27   13    2
   18   16    6
    9   14    2
   17   26    3
   24    8    8
   24   17    4
    2   13    1
    3   11    8
    9   27    2
   28    7    4
   14   19    7
   13   21    5
   13   18    3
   16   25    2
   16   21    5
   21    1    3
   30   21    2
   16    9    2
   26    9    3
   15   25    5
   23   24    2
   14   20    2
    2    4    6
   18    6    4
   29   30    1
   11   17    7
    6    4    6
    6   30    6
    4   10    5
   16    1    7
   14    7    3
   18    9    4
    4   18    6
    2   17    2
   19    1    6
    6   25    7
   27    6    2
   11   16    7
   26   20    3
   23   11    3
    5   21    4
   22   15    7
   14    2    4
   15    3    1
   14   27    2
   13    3    3
   30   10    7
   16    2    4
   22   21    3
    7    3    6
    8   20    1
   20    2    7
   29   23    3
   30   27    4
    3   24    2
    8   27    2
   28   10    1
   29   12    1
   21   14    7
   13   23    2
    8   19    3
   19   10    4
   30   25    5
   22   20    2
   20   27    1
   22    3    1
   21   12    8
    5   10    2
   24   21    2
   11   25    4
    5   29    2
   12   25    2
    4   20    1
    1   24    4
   17   20    3
   12    5    5
    2   27    2
   27   10    2
    3   17    4
   25   18    2
    1    5    5
   17   18    6
   13    5    7
    8    9    3
    7   24    4
    1   26    2
    6   16    5
    7    5    2
   10   17    5
    1   11    2
   23    5    1
    4   27    4
   26   11    2
   29   20    1
   20   21    1
   12   22    3
   19   28    4
   11    5    4
   25   23    2
   28    8    3
   27   18    1
   14    4    5
    9   12    2
    9   17    3
   14   28    4
   10    3    1
   17    7    6
   22   23    2
   22   28    2
   17    1    6
   29   24    2
   24   11    5
   16   22    1
   14   30    1
   30   17    3
   16   10    7
