Rock1Type Rock2Type Rating
   22    2    1
   21    6    8
    6   25    3
   19    1    8
   13    9    6
   20    2    4
   22   21    1
    5   11    8
   23    8    2
   26    2    6
   10   19    2
   28   16    2
    9   28    2
   26    6    7
    9   24    6
    6    5    1
    5    3    9
   27    9    3
   10   11    4
   25    9    5
   13   24    6
   30   26    7
   24   28    3
   16   11    6
   24   12    1
   30   13    7
   28   19    6
   16   19    9
   24    3    8
   27   21    1
   12   18    1
   11   20    1
   18   27    8
   24   15    6
    3    9    4
   12   26    8
   12   23    6
   10   13    7
   15   13    2
   14   28    2
   15    9    3
    4   21    2
    6   10    2
   28   21    5
   28   23    4
    4   24    8
    1   12    8
    8   15    8
   12    8    7
    7   11    6
   17   27    6
    7   12    3
    4   11    9
   16   27    7
    9   10    6
    8    5    7
   18   17    3
    8    6    1
   24   22    7
    4    5    7
   24    6    3
    1    5    8
   26   23    9
   23   18    3
    3   12    4
   23   17    3
    3    1    9
   10   15    4
   28   11    8
   26   29    7
   16    2    8
   29   10    9
   10   22    3
   19   30    7
   30   10    7
   29   19    6
   27   20    4
   26   11    2
    6   16    2
    7    1    6
   30   22    3
    4   12    6
   14   29    4
   27    4    4
   13   28    1
    1   30    3
   19   11    9
   26   20    8
   19   22    7
    7   28    4
   28   27    9
    8   24    7
   22   14    6
   21    5    2
   10   25    7
    1   18    8
    2   12    8
    8    3    7
    5   26    2
   20   25    8
   26   16    6
   19   14    5
   30   27    1
   10    8    1
   13   27    1
   26    4    1
    9    7    2
   25   29    3
    1   13    5
   14   25    2
   30   25    7
   28   29    1
   28   25    2
   25   11    3
   26   25    3
   14   12    4
   28   10    3
   21    1    4
   16   22    7
   11    9    1
   14   21    9
   12   27    6
   16    8    7
   19   13    7
    6    2    8
    2   21    8
   11   15    5
   30   18    6
   10    4    4
    2   27    4
   16   24    7
    4   20    3
    6   11    4
   16    7    6
   19    4    6
    3    2    4
   14    9    2
   27   22    2
   14   30    6
    9   30    2
    2    5    2
   10   12    7
   11   29    2
    5   19    9
   24   11    8
   16   15    3
    6   23    6
   25   17    5
   22   13    8
    5   23    7
    9   12    3
    4    9    3
   15   20    8
   17   15    4
   29    5    2
   17   24    9
   11   22    9
   15   30    3
   24   29    6
   30   23    5
   18    9    4
   23   13    7
   21   15    3
   13    7    7
   19   12    3
   14   20    4
   17   20    4
   11   27    4
   10    2    8
   19   27    7
   19   21    2
    8   13    8
   21   11    8
    3   25    8
   23   27    6
    5   20    6
   26    7    7
   14    7    6
   17   30    3
    7    2    3
   21    8    3
    9   21    2
   14   17    6
   30    6    3
   22   18    7
   22   17    1
    1   14    8
    6   19    6
   20   23    5
    4    2    9
   23   11    5
   22   12    2
   18    4    8
   23   21    5
    5   25    9
    7    6    5
    4    3    9
    9   22    1
   18   29    1
    4    1    9
   20   19    9
   24    5    7
   12   28    3
   17    4    6
   19    8    7
    1    9    2
   11   12    8
   29   27    1
    8    2    1
   26   22    1
   15   14    1
   26   28    1
   29   12    1
   22    4    8
   13   17    8
   16   17    8
    7   27    2
    2   15    2
   28    3    2
    9   16    5
   25   18    7
    1   16    7
   30    4    7
   17   11    5
    7   30    1
    1    8    8
    6   13    2
   19    9    2
   20    1    7
   28   20    3
   10   17    2
   19    7    7
   30   29    2
    7   29    2
   23   15    2
    2   17    2
   20   13    8
    9    6    1
    3   29    1
   20    6    6
    2   11    9
   18   16    9
   18   26    7
    8    4    8
    8   20    7
   25   16    6
   11   14    9
   10   18    9
   25   12    6
   23   14    1
   15    3    2
    2   23    1
   14   24    5
    6    4    2
   27    5    8
   16   10    5
   22   29    1
   11   30    9
   17    7    9
   26    8    9
   20   22    8
   12    5    1
    1   15    7
    2   29    1
    4   15    7
   30   21    9
   17   28    6
    1   29    1
    8   27    6
   26   15    5
    5   18    7
   18   15    9
   25   23    4
   24   21    2
   25    2    9
   14    8    4
   18   20    4
   15    7    1
    4   13    9
    3    6    3
    7   10    3
    3   19    9
    5   17    7
    5   30    2
   12   30    7
   26    1    5
   21   20    8
   12    6    9
   20   30    9
   18    2    9
    3   22    7
   24   26    7
   19   18    7
   24   20    7
   29    8    3
    4    7    1
   23   24    7
   25   13    7
    9   20    6
    2    1    9
   15    5    9
   26    3    9
   13    3    9
   10    3    7
    1   22    7
   10   27    5
   27   25    4
   12   21    8
    3   11    9
   13   11    9
    1   27    7
   25   24    4
   16   29    4
    3   20    4
   19   17    6
   22    6    1
    2   30    9
   28    4    5
    5   16    6
   29   21    2
   21   10    2
    9    5    6
   23   19    6
   18    7    5
   23    3    6
    1   11    9
   27   24    2
    1   24    2
    5   10    3
   13    5    3
    5   28    3
   17    8    9
   22   25    2
   29   20    2
   21    3    2
    2   24    2
   22   23    2
   24   18    2
   23   16    7
   29   17    6
   15   29    3
    6   18    3
   11   18    8
   29   23    8
   22   28    3
   16   14    8
    8   11    8
   24   30    7
   17   21    7
   13   16    7
   13   29    3
   26   21    4
    5   14    7
    8   18    8
   14    3    8
   28    6    3
    1   10    8
    2   13    3
   30    3    8
   19   24    8
   23    9    8
   18   14    8
   28    8    3
   13   14    8
   16   21    8
    2   28    7
   27    6    3
    4   14    7
    8   30    3
   27   26    3
   25    8    3
   22   15    8
    8    7    3
   16   12    3
    6    1    7
   28   18    7
   12   15    3
   16    4    7
   16   30    3
   13   21    8
    8   22    2
   23    7    8
    9    2    3
   21   25    3
   21   18    3
   25   15    6
    6   15    3
    3   16    8
   26   19    4
    1   23    3
   26    9    7
   12   13    8
   14    6    8
    1   17    7
   29    9    7
   15   19    6
    3   27    6
   25   19    6
   14   26    4
    7    3    7
    2   14    7
    5   22    3
    4   29    3
    7    5    8
   28   15    8
   17    3    8
   24   10    7
   13   26    7
   12   17    3
   25    7    3
    4   23    4
   18    3    5
   19    2    5
    6   29    2
    7   21    2
   10   26    2
   12   20    2
    9    8    7
   15   27    7
   17    6    4
   30   28    4
   26   17    7
   10   14    8
   22    7    3
   23   10    3
   24    7    8
   13   18    8
    9   17    8
   20   16    7
   28    1    7
   10   20    8
   27   14    8
    4   25    6
   20    7    4
    1   25    4
