Rock1Type Rock2Type Rating
    7   11    5
    2    6    7
   11    8    7
    9    3    4
    9   18    3
   20   15    6
   19    4    7
   20   27    6
    1    3    5
    1    4    7
    7   10    3
    1    7    2
    7   26    2
   12   14    8
   27   17    7
    3   25    6
   30   26    6
    3   26    4
    5   12    4
    3   29    4
   21   12    7
   13   26    6
    3    7    6
   15    5    7
   22    1    3
   27    2    8
    3   12    6
   20   22    3
    5    6    4
   14   17    7
   13   21    7
   16   30    6
   27   16    5
   13   23    7
   16   22    3
   24   16    6
   16    2    7
    9   15    3
    9   21    3
    5   17    5
    4   11    8
   22    9    2
    5    7    7
   14   19    8
   12   26    7
   16   20    6
   18   29    4
    3   19    7
    6   12    9
   29   24    7
    6   30    6
   23   12    5
   30    9    4
   18   21    5
   28   11    7
   25    5    5
    3   13    7
   28    1    7
    7   30    3
   11   19    9
    6   25    6
    2   13    6
   19    6    5
   29    1    3
    8   24    7
   30   13    6
   13   15    6
   19   26    5
    7   17    4
    1   15    5
    7   14    5
   20    7    4
    6   15    5
    9   25    4
   22   18    6
    8   27    3
   10   21    7
   24   10    4
    4    5    8
   23   11    6
   24   12    3
   29   14    4
    2    9    4
   15   24    3
    3   27    6
    3   11    9
    8   30    6
   17   28    6
   11   13    6
   20    9    4
   13   27    4
   11   14    6
   23   14    6
   19   23    5
    3   15    5
    2   14    7
   15   23    5
   16   11    6
   12    1    6
    1   18    7
   22    8    1
    1   26    2
   19   21    8
   28   24    2
    4   28    5
   28   22    2
   27   14    6
   26   23    6
    8   20    4
    5   28    7
    5   19    6
   19    9    4
   27   18    5
   26   11    4
   15   16    4
   14   24    4
   29    5    3
   11   18    7
   17   25    7
    7   18    4
   12   19    8
   10    4    7
    2    4    7
   21   17    6
   16   25    6
    3    2    6
   25   21    7
    8    1    5
   27    5    6
   30   27    4
   13    5    6
    3    8    6
    7   29    4
   26   21    7
    9   13    4
   22   17    1
   22   10    1
   16   10    6
   23    8    4
   27   21    6
    2   25    7
   27   15    9
   18   24    3
   24   13    5
    7   27    4
   16    8    6
   20   10    6
    5   23    4
   23   30    4
   10   17    4
   29   30    3
   13   14    6
   20   17    3
    2   28    5
   15    4    6
    2   19    7
   29   16    3
   25    1    6
    3   24    4
   25   26    7
   18   17    6
    9   27    3
   18   13    6
   19   24    4
   11   22    2
    7    2    2
   21   24    2
    9   24    4
   17   11    5
   21    7    2
   22    2    1
   28   12    6
    1   14    8
    2   18    6
   22    6    1
    3   28    4
   19   15    3
    7   13    4
   18   16    6
   24   30    2
   25   28    5
   28    8    3
   26   18    5
   13   19    4
   20   28    6
   27   10    4
    8   25    4
    4   12    6
   26    5    3
   29   25    2
    2    5    2
    5   18    7
    1   21    6
   15    8    2
   10   30    7
   29   23    3
    4    6    4
   18   15    8
   12   15    7
   12   18    8
    7    9    7
    9   14    3
   15   25    7
    7   16    6
   24    6    3
   16    1    6
   21   11    6
   15    2    8
   13   28    4
   21    2    7
   30    1    6
   29   17    4
   14   18    7
   18    3    6
   23    4    4
   25   30    7
   19    1    6
   24    1    4
   23    2    3
   17   19    6
   22    3    1
   18    8    4
   21   22    1
   23    9    1
   11    5    7
   27    6    6
   17    2    6
    5    8    4
   22   25    1
   21   15    4
   24    7    6
    4   20    6
   11    9    4
    7   23    4
   10   15    6
    6   17    6
   27   22    5
    2   10    4
   29   28    1
   13    1    4
   14   25    4
   24   17    3
   12    2    6
    8   29    2
   16   23    4
    1   11    8
   26    2    8
   12   16    7
   30   14    6
   13   17    6
   13    6    5
    4   16    7
    5   22    6
    4   18    7
   29   15    2
   27   24    1
   27    1    3
   21   16    6
    2   20    7
   20   18    7
   15   22    6
    5    9    4
   16   26    6
    4   30    6
    7   28    4
   21    6    6
   26   17    6
   22   26    2
   14    5    7
   23   28    4
   15   28    8
   18    6    7
   27   11    3
   16   17    7
   19   22    4
    9   10    3
    6   10    3
   16    5    5
    9    1    3
   30   28    2
   20    6    2
   10    8    2
    6   29    2
   12   20    2
   14    6    6
   25    4    6
   19    7    6
   22    4    6
   30   11    5
   19   28    6
    6    8    4
    8   19    6
    7   15    2
   13   25    6
   18   28    3
   25   19    3
   14    3    6
   10   14    7
   30   19    4
   23   20    3
    2   24    2
   28    6    2
   17   23    2
    8   21    2
    4    7    2
   12   27    2
   20    1    7
   28    9    2
   11   24    2
   15   11    6
   23   24    4
    4   27    3
   11   29    2
   12    8    3
    8   13    3
   13   22    2
   29   19    2
    6    7    2
   23   21    2
    9   12    2
   26   24    3
   23   25    4
   21   30    6
   16    3    8
   12   11    7
   29   12    2
   26   14    6
   17   12    4
   26   20    4
    7    8    6
   20   14    6
   30    2    8
    4   21    4
    1    2    6
    3    4    8
    2   11    7
   17    4    5
   29   26    3
   10   11    6
    9   17    3
    1    5    6
   15   30    3
   18   10    3
   28   16    3
   13    4    6
   10   25    6
   21    3    4
   12   25    4
   19   16    3
   14    4    7
   20    3    4
   30   18    4
    6   23    3
   23   10    6
   10   29    4
   29    4    3
   27   29    1
   23    3    2
   20   25    6
   26    9    3
   16    9    3
   26   10    4
    3    6    3
    4   26    4
   16   13    6
    4    9    3
   22   24    1
    1   23    3
   27   26    3
   19   27    3
    9   29    4
   14   28    3
   20   19    6
    8    4    6
   20   11    4
   26   15    4
    5    3    7
   27   28    8
   23   22    1
   21    5    1
   21   29    1
    9    6    1
   24    5    3
   15   17    4
    3   17    6
   21   20    4
    8   26    3
   12   22    6
    5   20    6
   13   20    6
   24   20    2
   11    6    4
   16   14    6
    8   17    7
   10   28    4
    8    9    5
   25   24    3
   10    3    4
   25    7    2
    2    8    4
    8   14    6
   23   18    3
   26    6    6
    7   12    2
    1    6    2
   15   14    6
   17    1    4
   25   11    4
   22   14    6
    7   22    3
   12   10    4
   28   21    4
   22   30    3
   18   19    5
   17   30    4
   30   20    6
   21   14    4
   13   29    2
    4   24    2
    2   29    3
   29   20    3
   10   19    6
    6   16    4
    5   10    4
   30   12    6
   27   23    3
    3   30    5
   25   27    5
   26   28    4
   30    5    4
   22   29    2
   12   13    4
    1   10    6
   18   25    6
   13   10    6
