Rock1Type Rock2Type Rating
    9   28    2
   24   12    1
    9   10    7
   12   18    7
    1    7    6
   23   17    8
    8   25    4
   22   17    1
   17   21    8
   29   14    4
   23    9    2
   28    4    8
   28    6    7
   20   19    3
   25   22    2
   13   30    5
   30   17    6
   22   18    9
    6   21    8
   21   19    9
    8   18    3
   17   11    6
   12   20    1
   23   21    7
   13   17    8
    6   13    5
    9   11    3
   29    5    2
   21   11    9
    7   23    6
    5   12    8
    3   16    9
   26    4    6
   10    4    3
   20   11    3
   14    1    1
   16   25    8
    9    5    3
    1   11    9
   21    3    7
   13    9    3
   17   15    7
   16   26    2
   24    5    9
   23   15    8
   30    3    6
   29    1    3
   16    9    7
    3    6    6
   11    4    9
    4    8    7
   22   30    2
    4    5    8
   10   11    4
   24   21    3
    5   23    1
   12   30    6
    7   26    5
   18   20    4
   21    1    8
   18   17    9
   11   14    8
   10   19    6
    4   25    6
   18    2    8
   13   25    6
   26   20    4
   16    4    8
    6    8    6
   27   26    9
    5   19    8
    6   10    3
    3   17    9
   15   25    4
    5   30    3
    5   13    6
   28    5    7
   23   30    5
   15    4    8
   14   20    6
   10    3    4
   23   14    5
   22    2    6
   15   26    3
   30   26    2
   24   13    7
   17    5    7
   19   27    4
    1    9    2
   17    7    8
   12   11    9
   26   23    8
    9   19    3
   19   16    7
   18   23    3
   13   15    6
   14   16    9
    3   19    8
   22    9    6
    8   29    4
   29    6    2
    3    5    8
   28   14    9
   12   25    2
   17    8    6
   27    4    4
   16   17    9
   28   13    3
   15   28    9
    6   14    6
   21   26    8
   30   29    9
   11   15    6
   12    8    6
    2   30    8
   10   24    5
   11   24    4
   14   30    7
   27    9    3
   17   12    8
    6    5    6
    3   24    8
   21   28    9
   10    5    5
   25   10    9
    8    2    6
   16    5    8
   29   11    2
   17   24    6
   15    5    6
   19   30    6
   19    2    9
   28    2    1
   13    7    6
    1   10    7
   24   27    3
    8   14    5
   29   23    6
    7   10    6
    2   10    7
   27   17    3
   22   15    8
   28   26    2
    2   14    9
   20   10    9
   23    8    3
   27   11    6
   25    9    6
   25   19    7
    2    3    8
   27    1    6
   14    5    7
   12    1    9
   29   16    8
   25   11    6
   21    8    6
   20    5    4
    6   27    3
   18   28    9
   12    7    6
   10   30    9
    2    5    4
    1   17    9
   11   30    6
    2   29    5
    8   24    8
   12    6    9
    3   20    6
   14   22    7
   20    8    5
   27   30    4
   22   10    5
    1   22    7
   12   29    3
    3   29    4
    7   15    4
   23    2    6
   24   29    5
   28   11    8
    6   26    4
   21    9    6
   25    2    9
   23   25    6
   20    9    5
   28   27    1
    9    7    6
   14    3    8
   25    3    6
   13   12    6
    3   15    5
    8   13    4
   22    7    2
   26   18    6
   16   30    6
   30   15    5
   25    6    7
   15    9    2
   11   26    3
    1   19    9
   30   18    6
   17   14    8
   24   20    2
    4    9    5
   25   29    7
   29   22    2
   14    4    9
   22   26    6
   24   14    5
   14   18    7
    7    2    5
    7   30    3
    7   21    2
   19   11    9
   18    5    7
   15    2    6
   12    9    2
   26   13    8
   28   29    2
   29    9    7
   21   22    3
   18    7    2
    8    9    2
    2   16    8
   17   25    3
   28   23    4
    4   29    2
   18   27    1
   22    3    5
   27   25    2
   16   18    6
   11   13    7
   11   16    8
    2   12    8
    8   16    6
   22   24    3
    4   18    7
   16   10    5
   13   14    8
    4    2    9
   12   28    8
   29   13    3
    3   26    2
   15   29    2
   10   14    7
   11    6    8
    6   15    9
    9   24    6
    8   27    3
   20   28    3
   20    7    3
   18   15    9
    7   25    3
   16   22    4
   10   23    8
    2   21    8
    8   11    6
   21   14    8
   23    1    5
   25    1    4
   19   13    6
   28   19    8
   14   19    9
   19   29    4
    4   12    7
   22   28    8
   27   12    8
    8   30    6
   28   25    4
   15    8    4
   24   15    3
    4    3    9
    1   20    6
   20   17    2
   12   19    8
   19   17    8
    2   13    7
   27    5    8
    8   19    4
   18    1    9
   27   29    2
    2   20    3
   25   30    8
   16   27    2
   27   20    3
   19    7    6
   24   19    6
   15   20    2
   18   13    3
    1   24    4
    5   25    2
    1   28    2
   21   15    3
    3   18    7
   23    4    5
   18   19    7
    6   20    3
   16   23    4
    4   24    5
   27    2    2
    7   29    3
   15    1    2
   26   10    6
   27   22    3
   23   20    7
    3   23    5
   15   16    6
    1    6    5
    8    3    6
   18   29    4
   27    3    3
   14   15    4
    5   22    7
    6    2    6
    5    7    2
   21   16    8
    3    7    6
   19   15    4
   23   24    5
   27   13    4
   27   21    2
   26    8    3
   24    7    2
   16   28    8
   18    6    7
   24    6    6
   21   13    5
   13   20    7
    3   28    8
   14   26    7
   15   27    9
    6   23    5
    5    8    6
    1   13    7
   14    7    6
   24   28    2
    2    1    9
   14   12    7
    6    4    6
    8    7    5
   30    6    8
    3   12    3
   27   10    6
    4   21    9
    6   22    3
   16    1    8
   25   26    2
   13   22    6
    2    9    3
   11    7    6
   14    9    2
    6    9    1
   11    2    9
   10   15    7
   17   28    4
    4   30    9
    6   17    3
   18   11    7
   27    7    2
   26   19    1
   12   21    9
    5   11    9
    7    6    5
   16   20    7
   24   30    3
   21   18    8
   14   25    9
   20   30    9
   20    4    6
    9   30    3
    5    1    8
   13   16    9
   10   12    2
   17    4    9
   13    3    6
    1    8    9
    9   26    2
    3    9    3
   21   20    8
   29   20    2
    5   26    3
    3   11    9
   25   18    8
   17    2    9
   17   29    7
    3    1    9
    2   26    6
   28   30    2
   30    1    9
   22   20    6
    2   24    3
   14   27    5
   23   22    4
   10   21    9
   22    4    7
    4   19    9
   10   17    2
   18   10    3
   17   26    4
   24   26    3
    4   13    9
   16    7    2
   11   22    6
   10   13    3
   12   23    9
   10   29    2
   28    7    4
    1   26    5
   24   18    4
    7    4    3
   12   22    3
   23   13    6
    8   28    2
   23   27    3
   22   19    5
   28   10    4
   10    8    2
   21   25    7
   22    8    2
    4    1    8
   26   12    3
   24   16    5
    5   21    2
   12   16    8
   25   20    9
    9   18    2
   19   23    3
   25   24    2
   26   29    4
   21   30    9
   11   23    2
   17    9    6
    6   16    5
   19    6    5
   15   12    9
   21   29    2
