Rock1Type Rock2Type Rating
    7   29    4
    7    8    4
    3   27    1
    9   21    4
    8   28    1
   13    5    2
    6   11    4
   11   23    2
   14   30    2
   19    1    1
    9   20    1
    7    2    2
   23    8    1
   10    6    5
   30   12    3
    2    5    3
   16   22    1
   11   29    2
   24   27    1
   29   15    2
   12    7    1
    3   28    4
    8   30    1
   22   26    3
   25   24    1
   14   26    4
   17    7    3
   22    6    4
   14   12    3
   28    6    1
   15   20    1
   22   15    2
    2   27    6
    3   17    5
    3   29    2
    9    7    2
   30   11    4
   25    1    3
   13    4    4
   24   11    1
   13   20    1
   14    7    1
    8   21    1
   21    1    1
   29   22    1
   22   24    1
   27   16    3
   20   12    1
   15    6    4
   26   24    4
   13    6    4
    7   25    3
   15   26    3
   21   13    3
   24   30    3
   16   13    5
   12   18    6
    4   23    2
    4   24    1
   15    7    1
   20    5    1
   20   18    1
    2   28    1
   16   11    2
    5    4    1
    1   30    2
   21   17    2
   18   26    2
   24   20    1
    6    1    2
   28   12    1
   24   19    3
   19    4    2
    4   25    1
    3   23    1
   23    9    1
    2    8    1
    2   14    5
   10    3    4
    5   21    4
    8   27    1
    9   30    1
   24    5    1
    3   26    4
   30   28    4
    7    5    1
   12    5    1
   19   22    1
   22    7    1
   18   30    2
   28    1    6
   20   29    1
   14   22    1
   23    2    1
   27   29    1
   11   10    1
    2   17    1
    5    8    1
   29   12    2
   14   11    3
   19   21    4
    8   16    2
   22   30    1
    1   18    3
    6   17    6
   28   15    3
   14   19    2
   21   24    2
   11   25    3
   24   29    1
   17   26    4
   25    3    3
    6    9    1
   13   10    5
   15   19    1
    5   14    1
   11   21    5
    6   24    1
   14   20    1
   30   20    6
   16    9    4
   27    7    1
    1   23    1
   26   27    5
   29   13    4
    5    9    2
   23   17    7
   28    7    2
    8   10    2
   16    7    2
    7   18    1
   27    6    4
   23   29    3
    8   29    3
    8   24    1
   26   19    1
   18   13    1
    5   30    1
   10   29    2
   14    9    1
   16   25    4
   22    2    1
   30   25    3
   11   28    1
   15   25    1
   24    3    4
    7   20    1
    6    3    2
   15    1    1
   29   28    3
   29   19    3
   17   25    3
   25   26    3
    5   22    1
   18    6    1
   10   19    1
    2    9    2
   14   10    1
    4   15    1
   26   30    1
   18   24    1
   14   15    5
    1   14    1
   20   28    5
    4    9    4
   23   14    1
   15   23    1
   17   19    4
   25    9    1
    2   10    1
   29    2    1
   10   23    2
   26    1    3
    7   23    7
   25   18    2
   25    2    4
   13    8    3
   16   29    1
   22    8    1
    1   17    1
   13   27    4
    4   26    5
   11   20    1
   12    8    1
   13   28    2
   10   27    2
    5   26    1
   26    9    5
   12   10    1
   27    9    4
   15    2    8
   15    3    4
   21   14    1
   22   23    1
   15   30    1
   14   29    4
   30   27    1
   19    2    1
   20   17    1
    1    9    1
   21   12    5
   18   10    4
   21   26    5
   29    9    3
   19   16    1
    5   11    1
    8    9    1
   18    5    1
    6   30    8
   24   12    1
   12   26    3
   24   28    3
   19   27    3
   20   10    5
    6   16    1
   21    7    1
    9   11    1
   22   12    1
    5   28    1
   18   28    1
   22    9    1
   22   17    1
   14   28    3
    4   27    8
   21   18    1
    1    8    3
   15   21    3
   23   26    5
   18   29    1
    3   11    5
   11    8    2
   17   27    1
   12   15    2
   28   10    2
   19   12    1
    6   14    7
   12    9    3
   26   11    2
   27    5    2
   14    4    5
   16   24    1
   17   16    1
   11   27    3
    1    7    1
    1   27    2
    3    9    2
   15   13    4
   10    4    3
    1   20    3
   11   15    3
    1   24    4
   13   25    5
   17    4    1
   12    2    4
   27   12    1
    5   16    1
   14   24    2
   10   21    5
   21   30    5
   14   27    4
   24   23    1
   19    8    2
   18    2    6
   11   19    6
   28   26    1
   13    7    1
   26   10    1
   15   16    3
   25   20    1
    2   11    5
   19   23    5
    4    1    2
   24   10    1
   30   19    4
   18   15    4
   20   16    1
    6    2    5
   21   22    2
    4   16    3
   28    4    1
   17   18    1
    4   21    3
   21   25    5
   27   23    1
   18    9    1
   10    9    1
   28   16    1
   22   13    3
   12   13    1
   28   21    3
   29   30    1
    2   20    1
   21   16    2
   20    8    1
    3   22    4
   25    8    1
   26    7    1
    9   17    1
    5    3    3
   29    1    1
   18    4    4
    4   12    5
    3   30    3
   29    6    2
    4   11    1
    7    6    3
    4    8    1
   13   26    1
    9   28    1
   19   13    5
   27   21    1
   18   11    3
    6   20    3
   27   20    1
    7   10    1
   15    8    1
   18   27    4
    2    4    5
    1   16    3
   29   26    2
    6    5    2
   17   15    1
   17   28    1
   22    1    2
    6   21    7
   22   25    2
   10    5    1
   22   20    1
   30    2    1
   27   28    1
    4    6    4
    7    3    4
   21    2    4
   15    9    4
   18   16    2
    3    4    4
   29   21    1
    1    2    3
   18   23    2
    6   26    2
    1    5    2
   16    3    2
    5   15    1
    1    3    1
   22   11    1
   29   25    1
   24   17    5
   11    1    5
   17   13    2
   11    7    2
   11   13    3
    9   13    5
   19    7    5
   17   10    3
   14   18    3
    7   30    4
   25   12    4
   15   24    1
   25   14    4
    3   19    1
   19    9    1
    8    3    1
    8   17    5
   13   30    4
   15   27    8
   10   15    1
    4   20    1
   16   10    2
   19   28    1
   23    6    3
   14   13    1
   12   11    4
    2   26    6
    1   10    3
   30    4    3
   23   30    3
   22    4    3
   19    6    3
    6   12    4
   12    1    3
   21   20    3
   22   10    3
   13    3    4
   19   25    3
   13   23    3
   26   20    3
   17   11    1
   12    3    1
   17   29    7
   23   21    1
    6    8    3
   17   12    3
    3   18    1
    5   29    3
    7    4    1
   28   22    1
   19   18    3
   25   23    6
   25   28    1
   23   12    1
   24    7    5
   13    1    1
   24    9    1
   23   16    1
    2   16    1
   24   13    1
   20    3    2
    2    3    2
   27   22    1
   14   17    7
   24    2    1
   30   10    1
   10   25    1
    3   21    1
    5   23    1
   28   23    1
   19   20    5
   18    8    1
   27   25    1
    8   14    6
   19    5    1
   16   30    1
   26   16    1
   16   14    1
   14    3    4
    5   17    1
   20   23    4
   13    2    5
   26    8    4
   12   16    1
   25    5    7
   25    6    1
   22   18    1
   29    4    1
   30   17    1
