Rock1Type Rock2Type Rating
   12   19    2
    4   24    2
   14   26    8
   11   16    6
   23    9    7
   27    8    5
    9   25    6
   27   13    7
    8    2    6
   18   14    7
   28   10    3
    6   28    2
   23   20    4
   27    2    8
    1   12    3
   13   16    8
   30   11    6
    9   19    9
   16   21    7
   22   17    2
    2    6    7
   28   13    2
   13   15    1
    8   12    1
    5   30    1
   30    7    1
   30   18    1
   22   26    3
   15   17    2
   25   26    8
   20    4    2
   10   23    7
    7    6    5
    4   28    1
   28    9    1
   29   30    2
   10   27    3
    1   10    3
   13   24    2
   18    6    1
   12    6    9
   29    7    2
   28    2    2
   19   22    1
   15   18    8
   18    1    6
    4   22    5
   15    2    8
   26   15    6
    8    3    4
    9   27    3
    8   29    1
   28   22    1
    9   24    5
    2   29    5
   11   15    1
    3   27    1
   11   17    3
   23    5    2
   17   16    8
    7   19    8
   12   30    6
   25   17    7
   21   14    9
   21   23    1
    3   26    2
   12    5    1
   22   29    1
   19   16    6
   22    3    1
   24    3    3
    9    5    7
   18   20    4
    5   17    2
   26   19    2
   30   17    2
   21   12    8
    3   13    3
   11   26    3
   16    4    4
   21    3    1
   24   28    1
    2   12    4
    4   18    6
   26    8    4
   28   20    2
    1   24    2
   14    6    7
    6   22    1
   18   23    2
   10   24    1
   25   16    9
    1    9    5
   20   14    2
    9    2    2
   30   19    1
   24   30    1
    7   13    2
   18   24    1
   22   13    1
   11    6    4
   18   13    5
   17    1    3
   13   12    2
   22   10    2
   28   25    2
    7    2    1
   19    5    3
    5   26    1
   21   17    2
    7   10    1
   15   25    2
   10    9    2
    9    4    2
   27   12    1
   23    1    1
   14   13    5
   20    7    4
    2    1    6
   15   10    8
   28    3    5
   16   20    3
   11   27    1
   27   21    1
   26   21    4
    1   20    2
   10   11    5
    6    3    2
    3   14    2
   29   26    4
   19   13    4
   28   14    5
   18   17    4
   16    9    8
   12   22    1
    8   23    1
   21   13    2
   11    1    8
    5   29    2
   25    7    2
   10    2    9
    8   18    1
   14    5    2
   24   20    1
   10   12    5
   12   20    1
   12    9    1
   26   20    2
   26    6    7
   30    2    7
    7   11    7
   28    7    5
   30   23    5
    4   25    5
   14   11    6
   20   30    5
   27    7    1
    9   11    5
    9   22    2
   20   21    5
   27   20    1
   29   16    2
   30   28    1
    7    5    5
   16   15    6
    5    3    7
    9   14    8
    6   24    5
   23   25    5
    7   21    4
   23   27    7
   17   26    7
   29    1    3
   12   15    3
    6   19    4
    6   25    3
   25    5    3
   14   17    8
   27    5    2
    9   26    4
    9   21    2
   19   23    6
    5   15    4
   14   12    6
   10   16    5
   25   24    2
    4   26    2
   27   15    7
    3   30    2
   21    1    2
   22   11    2
   27   28    7
   12   29    1
   22   16    1
    1    7    2
   10   18    7
    2   22    3
   25    3    4
   11   12    5
   24   22    1
   23   11    2
    5   18    4
    5    4    3
   18   27    5
   19   10    6
    2   14    7
    7   26    4
    3   17    8
   12   25    4
    4   23    1
   16    1    5
   26   23    7
   27   29    2
   24   27    1
   24   12    2
   14   10    6
   30   16    3
   26   10    7
   27    6    6
    4    6    2
   25   29    1
   23   28    1
   25   18    2
   15   29    2
   22   14    2
   21    6    6
   14   25    6
    1   27    2
   19   15    2
   19   17    3
    3    1    4
   14   15    3
    5   24    2
    9    6    2
   17    4    2
   26   12    3
   18   16    4
    2    4    3
    5    8    2
    4   29    1
   22   18    2
   17   23    3
   10   13    6
   24   29    1
    2   26    7
   21   24    2
   14   16    3
   22   25    1
    3   10    1
   27   26    2
    3   19    5
   29   11    1
   13   11    2
   15    1    1
    7   23    3
   17   24    4
   15    8    1
   29    3    1
    9   20    2
   27   14    2
    4   21    3
    1   25    4
   19   20    4
   19   29    2
   16    5    5
   28   19    5
   30   22    2
   13    9    8
    7   24    7
    3   16    5
   25   20    3
   22   21    1
   15   24    1
   22   20    1
   29   14    2
    2   13    4
   17    7    4
    1   30    2
   28   26    2
   27   16    2
    2   19    3
    5   20    2
    8    9    6
   25   19    6
   29   20    3
   22   27    1
    5   11    4
   30   26    2
    2   18    3
   18    9    1
   23   29    2
   23   14    1
   18   26    2
   17   12    2
   15    9    1
   10   20    2
    7   14    2
    4   27    2
    4   11    6
    4    8    3
    4   14    3
    5   13    2
   14   24    3
    7   18    1
   24   19    4
   28   11    3
   13    4    2
    1   19    6
   12    7    2
   18   11    2
   23   13    3
   17   28    3
   15    3    1
    7    9    2
   25   21    2
    1    6    2
    5    6    1
   20    6    1
   10    5    1
   28   18    3
   23   12    3
   21   30    4
    8   20    2
   13   30    3
   11    2    2
   24   23    1
   15   21    1
    8   19    7
   20   13    2
   21    8    3
   24   11    3
    4   30    2
   16    2    3
   18   19    2
    5   21    1
   10   21    1
    8   24    4
   18   29    2
   30   10    2
   20    3    1
    5   28    1
    8   30    1
   28   29    1
   15   30    1
   16   23    2
   14   19    6
    9   29    4
    3   18    2
    6   17    2
   28   15    4
    9    3    4
   19   21    5
   30   25    5
   30   27    3
   13   29    3
   22    5    2
   20   17    1
   17   10    2
   26   13    3
    1    4    3
   25   27    3
   20   11    1
   13    6    2
   24    2    1
   17    2    2
    8   25    2
    8   11    2
   18   12    2
   16   24    2
   19    4    2
    6   15    1
   10    4    1
   16   28    1
   18   21    1
    8   22    1
   11   21    2
    3   11    6
   27   19    2
    8    7    7
    8   14    7
   28   12    2
    8   10    2
   26   24    2
   14   30    2
   17    9    3
   23    3    1
    3    7    2
   28   21    1
   21    2    2
   17   13    3
   22    1    2
   29   17    4
    4   15    2
   23    6    5
   13   25    4
    6   30    5
   29    6    4
    3    2    2
   22   23    1
    1    8    5
   17   27    1
    6   16    1
   25   11    2
    1   26    1
   12    3    2
    2   20    3
   25    2    5
    2   23    3
    2    5    1
   16   26    3
    4    7    2
   10   29    4
    8    6    1
    7   16    2
    6   10    4
   16    8    4
   14    1    4
   12    4    2
    7   22    1
    7   15    1
   22   15    2
   16   12    2
    8   28    2
   10   25    7
    8   13    4
   30    9    1
    4    3    3
   29   21    2
    1   13    1
    1   28    3
   15   20    2
   23   15    2
   17    8    8
    5    1    7
   11   19    8
