Rock1Type Rock2Type Rating
   12   15    1
   21    5    1
    2   27    3
    8   17    6
   16   20    2
   25   10    5
    7   18    1
   21   30    7
    2   13    1
   29    4    1
   22   15    4
   13   26    7
   22   26    1
    7   30    1
   13   24    3
   22   16    1
   20   28    3
    2    4    3
   18   24    1
    4    8    1
    4   15    1
    9   25    4
    5    4    3
   20    9    1
    2   20    2
   24   12    1
   27   16    1
   23    8    3
   27   23    1
   13   14    3
   19    9    1
   30   13    6
   26    6    5
   24   23    4
    3   12    3
    4   13    4
    8   14    1
   25    8    1
    6   13    2
   13    5    1
   15   25    7
    2   11    7
   29   30    1
   15   18    7
   26   11    1
   16    7    7
   11   19    8
   20   18    7
   29   28    1
   25   27    8
   18    8    1
   22    8    1
   17   27    1
   21    6    8
   16   19    1
   23   29    3
   26   29    2
    1   14    6
    4   21    3
   15   29    1
   18   17    2
   27   20    4
   28    3    1
   23   28    1
   14   23    2
   28    6    1
   15    6    1
   26    7    2
    5   23    1
   12   13    4
    4   17    2
   21   28    1
   28   15    5
   10   15    5
   18   11    5
    8    2    1
    8   28    1
    1   12    3
   10    1    6
   20    4    2
    4   22    1
   12   21    7
    6   11    3
    7   14    3
   12   10    1
   24   11    1
    8   27    1
   12    5    1
   26    9    5
   20   13    6
   30    3    4
    7   20    3
   25   22    1
   16   13    4
   22   19    1
   25    7    2
   10    7    2
    6   22    1
   14    9    5
    3   26    5
   21   26    5
   27   30    3
   24   22    1
    6    1    3
   22    3    1
   20   23    3
   29   17    1
    1   30    1
   29   22    1
    2   28    3
   28   10    3
    7   21    6
   24    8    8
   15   19    8
    2    1    8
    3   20    1
   22    7    1
    9   22    1
   18    5    2
    3   29    1
   29    8    2
   12   16    5
   12   11    5
    1   24    1
    9    8    5
   18    2    6
   29   21    4
    6    9    1
   11   15    2
   10   26    3
    6   20    6
   25   19    6
   17   13    6
   30   17    4
    2    9    3
   13   27    2
   24   30    1
   16    4    8
   26   18    7
   27   10    8
   10    5    5
    5   14    2
   30   20    6
   28   22    1
   28   25    1
    1   27    3
   25   29    1
   30   19    2
   29   14    1
   30   26    5
    5    3    2
   11    1    6
    9   24    2
    9    3    2
   15   13    1
   23    1    1
    3    6    1
   10   14    7
   15    8    2
    8   10    1
    8   26    1
   28    7    1
   19   20    6
    5   27    7
    7    5    5
   28   18    7
   14   17    5
    5   20    6
   28   26    1
   17   15    1
   16    9    2
    1   13    2
   30   10    2
   17    7    2
   17    6    1
   26   15    2
   16   11    2
   15   16    1
   27   12    4
    6   18    2
    5   26    2
   19   24    4
   25    4    4
   10   13    6
   15   14    6
   17   25    2
   30   18    1
   24    7    5
    3   15    1
    3   18    1
   13   22    1
   26   19    1
   13    3    2
    9   17    1
   19    1    6
   14   11    5
   26    4    5
    5   28    1
   14    6    3
   30    6    3
    3   23    3
   12    4    3
   15    9    3
    9    1    1
   22   12    1
    1   18    5
    6   16    2
   30    4    4
   24    4    2
    4   14    5
    6   23    2
    1    8    2
   12   25    2
   27    7    2
    4    3    6
   15    1    5
   22   27    2
   28   13    1
   11   20    2
   24   17    2
   28   14    1
    6   19    2
   16    8    6
   16   18    2
   16   21    1
   21   17    1
    2   21    1
   12   23    1
   28   17    1
    6   24    1
   26   27    2
    7   11    1
   16   30    1
    2   12    2
   29    5    1
   23   25    1
    2   10    7
   27   11    6
   11   22    1
   14    2    3
   21   22    1
   29   12    1
    2   25    2
   23    9    2
   15   27    8
   30   22    2
   12   28    1
    3    8    3
    4    9    1
   22   18    1
    5   16    2
   21   20    2
    8   19    1
   30   25    3
   17   19    2
   25    5    5
   20   17    1
    2   26    3
   14   25    3
    3   27    1
   24    2    1
    9   30    1
    2    5    1
   15    2    3
    4    1    1
   29    7    3
    1   29    1
    9   18    1
   27   24    1
   23    7    3
   25   16    5
    1    5    5
   30   23    1
   23   21    1
   13   29    2
    9   10    2
    9   29    4
   20   24    1
   24   14    1
   28   30    1
    1   16    1
    4   19    4
    8   11    1
   14   16    1
    2   23    1
   25    1    1
   21   18    1
    2   19    2
    7    1    2
   21   10    2
    2   17    2
   15   24    2
   16   10    2
   24    3    2
   29   20    2
    2    3    2
   19   21    1
    8    6    1
    3    1    7
   28   16    1
    4   18    6
   27   18    7
   19    7    7
   25   13    4
   25   21    2
   19   27    6
   26   16    6
   18   13    5
    2    6    5
   27    6    2
   17   22    1
   12   19    2
    9   21    3
   11    3    1
   14   26    6
   24   26    5
   15   21    2
    3   17    5
   19   14    4
   18   19    4
   29    2    1
   27    4    2
   25   18    6
   23   19    1
   14   18    4
   27   14    3
   23   22    1
   22   20    1
   11    4    3
   16   24    5
   27   29    1
   12   14    5
   25    3    6
    8   21    2
   10    3    2
    1   20    6
   13   11    3
   12   20    1
   30   12    7
   28   24    1
   17   11    1
   10   24    1
   11   30    5
   22    5    1
    8   12    1
    5   30    4
    1   22    1
   21   24    1
   26   17    2
   26   12    1
   10   29    1
    9   13    3
    8    7    1
    5    8    1
   21    3    3
   24    5    5
   10    6    1
   16   29    2
    2   30    7
   23   18    2
   26   23    3
   23   10    2
   20   25    6
   27   21    5
    7    4    2
   22   10    1
   17    5    1
   19   13    5
   14   20    6
   29   24    1
   13    7    5
   19    5    6
   23   11    1
   28   19    6
   20   26    4
   11   29    1
   30    8    1
   10   18    7
   11    9    2
   25   11    2
    5   15    4
   20   10    7
   11   28    6
    6   12    8
   15   30    6
   28   27    8
   12   18    7
   15   23    2
    2    7    2
    6    4    2
   25    6    2
   21   11    2
    9    7    3
   11    5    3
    6   29    2
   13   23    2
    7    3    2
   12    9    3
   16   23    3
   27    9    3
   17   10    2
    5    6    1
   26    1    1
   16    3    5
    1   28    8
   15   20    2
   21   13    2
    7   12    2
   17    1    2
   12   17    1
   19    3    6
   21   14    7
   22    2    1
   17   23    2
    4   28    1
   30   14    3
   18   29    1
    7    6    1
   14   22    1
   10    4    2
   11   10    4
   23    4    2
   25   24    1
    1   21    1
    8   20    1
    8   13    1
   10   19    3
   28    9    3
   26   25    5
   19   29    1
   16   17    4
    9    5    2
   15    7    1
    3   14    1
   16    2    4
