Rock1Type Rock2Type Rating
    9   28    1
   28    7    3
   29   11    2
   21    6    6
   13    1    3
   17   25    3
   30    2    7
   30   23    1
   28   26    1
   22   18    7
   21   20    3
    8   11    5
    2   13    3
   18   28    4
   16    8    6
   22    9    1
   17   27    1
   27    5    2
   27   13    1
   19   21    2
   12   20    1
   18   17    2
    5   20    1
   19    2    3
   29   18    1
   30   20    4
   21    3    2
   24   22    1
    8   10    1
   14    4    6
    7    9    1
    9   11    1
   20   25    5
   15   20    2
   26    8    3
   17   22    1
    3   24    2
   12    9    1
   14   23    1
   11   14    6
    1   20    3
   25   10    8
   12    5    1
    9   27    1
   30   16    6
   20   14    6
   22   21    1
   27   19    4
    5   11    6
   16   11    6
   14   24    3
    2    3    1
   19   16    7
   29    4    1
    4    9    1
    3   11    8
   25    1    5
   14   28    3
   14   15    5
   15   30    3
   28   21    4
    1   12    2
   23    8    1
    9    2    1
   27   10    4
    3    6    2
   16   22    2
    3   29    2
    7   24    6
   14   16    2
    8   24    6
   19    6    4
   21   26    6
   23   10    3
    5    3    8
   18    8    6
   11    4    9
   23    7    6
   16   29    2
    5   23    1
    2    8    1
   19   11    7
   10    6    2
   25   11    1
   22    7    5
    3   25    4
    2   14    7
    2    4    5
   29    1    1
   19    7    8
    9    1    4
    8   20    1
   13   20    2
    7   17    1
   24   12    1
   17   21    1
   17    6    1
   15   21    2
   12   30    2
   18    1    4
    8    7    4
   17    8    5
   28    3    2
   30   11    6
   29   19    1
   19    9    1
    1    4    9
    3   13    7
   17   23    4
    3   23    1
    8   29    1
   20   18    5
    8   25    5
   15    6    4
    3   22    4
    6   27    4
    8   12    1
   23   15    1
   24   21    1
   13    7    4
   25   16    3
    1   17    4
    4   27    4
    2   20    6
    7    4    7
   15    1    5
    8   28    1
   15   16    1
   28   10    6
   20   29    1
   21   11    5
   10   29    1
   17    4    5
    9   24    5
    5   14    4
   30    4    7
   19   20    5
   15   11    4
    3   12    2
   13   14    2
    6   29    1
   18    2    6
    4    8    4
   27   11    1
    9   30    1
    1    3    8
   19   28    6
   10    5    4
   29   30    1
   16   10    1
    3    9    1
   22   29    1
   14    8    2
   27   30    1
    8    9    3
   12   11    4
   29   24    1
   23   18    1
   30   21    6
    5   15    4
   10    7    2
   26    1    1
   14   30    5
   17   20    2
    1    8    3
   25   26    3
   28    2    4
   28   20    4
   15   29    1
   29   23    2
   30   19    3
   19   17    4
   27   18    4
   16   26    4
   17   26    3
   18   13    2
   17    3    3
   11    6    4
    1    2    5
    1   21    5
   28   25    5
   24   27    3
   21    7    2
   24   10    2
   15    4    5
    2   22    1
   20   11    2
   14   10    3
   23   22    1
   15   25    5
   10   18    7
   28   17    3
   13   29    1
   10   19    4
   25   22    1
   15   24    1
   27    1    3
   21    5    1
   15    3    1
   20    7    1
    1    5    6
   22    8    1
   17   14    5
   16   17    2
    9   20    2
   22   11    1
   28   11    5
   26    2    6
    4   22    4
   16    9    2
   13    9    2
   20   27    2
    5   18    4
   21   13    5
   24   30    2
    5    8    6
   19    3    6
   16    4    8
    6    1    4
   19   25    6
   20   16    3
   21    9    1
    5   25    3
   11    7    3
    2    5    1
   23   26    7
   18    3    6
   12   26    3
   10    9    1
   24   20    1
   30   10    4
   25    7    3
   13   12    2
   25   30    6
   14    9    2
   26   30    4
   27    3    1
   13   28    1
   29   25    4
   26   18    4
   13   15    3
   10   21    3
    3    4    8
   10   13    3
    2   21    4
   16   28    1
    2   23    2
    6   12    6
    1   14    3
   12   25    1
   16    5    4
   19   18    6
   25    6    2
   25    2    3
   23    9    3
    4   24    1
    5   17    1
   22   13    1
   26    7    2
   26   15    1
   13   25    3
   17   10    2
   19   14    6
   20    4    5
   23   28    1
   19   15    3
   26    3    2
    1   10    5
    6    9    1
    6   24    1
   19   23    1
   30   22    1
   22   10    1
    5   24    5
   18    6    2
    6    7    2
    8   19    6
   23   16    3
   28   30    2
   27   26    4
   19    5    7
    4    5    8
   22   27    1
   22   15    2
   26    4    3
   27   25    1
   22   12    1
   30    6    4
   14   18    4
   28   27    1
    3   20    2
   26   14    5
   12   18    4
   30    5    3
    1   19    6
   12   23    2
   11   18    6
   24   16    4
   27   21    2
   14   21    7
    1   28    2
   10    2    4
   17    2    1
   14   29    1
   16    1    3
   19   24    4
   16    3    4
   25   18    4
   12   15    1
   27   12    1
    4   28    1
   23   11    1
   17   13    3
   24   13    5
    6   26    1
    3   14    2
   16    7    1
   28   12    3
   17   29    1
   14   12    6
    2   12    6
   26   22    4
   24   18    1
   22    5    3
   22   28    1
   30    1    4
   11   13    1
   28   29    1
   21   29    1
   29    2    1
   20   26    1
   13   30    3
    5   28    2
   10   12    1
    2    7    1
    5   13    1
   18   16    5
   11   26    1
   25    4    4
   25   14    3
    7   15    1
    9   25    1
    5    7    5
    2   16    6
   20   23    2
    4   10    6
    6   14    6
   18    4    7
   16   21    3
   10   20    6
   24   25    3
   23    1    1
   16   12    2
   24    1    1
   15   28    6
    9   26    2
    1   11    8
    8   21    2
   14   22    1
    4    6    6
   13    8    3
   28    6    3
   17   12    2
    9   17    3
   26    5    1
    7   14    1
   15   17    1
    8   15    1
   27    2    3
   13   19    1
   30    7    2
    9   18    1
   23   13    2
   30    8    1
   24   23    3
   10   26    4
    3   30    3
    7   29    2
    6    8    1
   12   19    1
   25   23    1
   27   15    8
   12    7    5
   29    5    1
   21    4    7
   12    4    7
   27    8    2
   20   22    1
   27    7    1
   11   17    1
   26   24    3
   30   17    1
   10   11    5
   27   29    1
   24   11    1
   27   23    2
    5    9    1
   10    3    2
   29   26    1
   21   12    7
    5    6    2
    2   15    5
   19   22    1
    1   22    1
   15   10    6
   21   23    1
   28   24    2
    2   11    6
   21   18    3
   15    9    1
    8    3    5
   13   26    3
    7    3    5
    2    6    2
   12   29    1
    9   29    3
   25   21    1
    4   13    7
   26   19    3
   22    6    1
   24    2    1
   27   14    3
   17   24    1
   16   27    2
   23    4    2
   18   15    5
    6   16    3
   18   30    3
   13    6    6
   16   13    9
    6   20    4
   23    6    1
    4   19    7
    7    1    3
   18    7    2
