Rock1Type Rock2Type Rating
   24   16    4
    4   17    4
   21   30    7
   10   27    6
   13   27    4
   10    1    1
   23   28    1
   10   22    1
   16    2    6
   25   26    8
    2   25    7
   26   28    1
    7   28    6
   18   29    1
   26   14    8
   14    9    4
   21    3    6
   22    3    4
   24    5    3
    5   15    8
   12    6    9
   17   20    6
   21   29    4
   26   18    7
   30    5    6
   18   12    6
    2   22    4
    6   29    4
   16   27    7
   29    3    3
    9   21    3
    6   25    7
    3   15    2
   18   16    4
   12   11    6
   22   27    3
    3   19    8
    4   13    7
    7   17    2
    4   15    8
   28   14    2
    6   14    8
   24    1    7
   24   19    8
   26   30    9
   12    7    2
   11   13    3
   17   27    3
    3    4    9
   15   13    1
    4    9    3
    5   19    4
   20   13    4
   20   22    1
   27   14    7
   15   22    4
   10   15    3
   26   27    8
    6    4    2
    4    1    9
   23   22    1
   15   21    6
    7    1    2
   25   27    6
   18   27    9
    1   12    7
   24   26    3
   29   15    2
   14   13    6
    1   21    4
   19   21    6
    2   24    1
   27   11    1
   15   20    3
    7   18    1
   11   23    2
    1   14    8
   18    5    8
    2    5    8
   15   23    5
   13   10    8
   10   28    1
   24   12    1
    5   28    9
    8   14    6
   17   16    9
    2   29    4
    7   25    1
   27   28    9
   13   12    6
   28   19    6
   29   24    1
   14   12    7
    1   29    3
   17    9    4
    8    9    8
   30    2    9
   16    6    4
    3   14    8
   24   30    1
   23    1    3
   29    8    3
   29   11    2
   22   26    3
   13   22    4
    6   30    6
    2   21    7
   22   16    3
   10   18    2
   24    9    9
   11    7    4
   19   14    7
   30   25    8
    3    2    6
   25   11    2
   19   29    2
    2   26    9
   25   19    7
   26    5    1
   11   16    6
   11   22    3
    6   17    6
   25    9    2
   22    8    1
   16    4    7
   10   16    9
    8   10    6
    3   23    1
   29   14    4
   26   16    8
    7   21    1
   28    6    7
   20   29    4
   21   10    7
    2   28    1
   20    8    1
   29   26    4
   27    8    1
    3   25    4
   11    9    1
   27    3    7
    1   20    3
   10   11    2
   24   17    1
    2   13    7
    1   17    4
    3   13    6
   21   11    6
   17   19    6
   15   17    1
   10    6    2
    7   14    1
   19    2    1
    2   10    6
   15   14    2
   14   30    3
   27   29    1
   18   24    1
   19    4    7
   19   23    4
   19    6    4
    1   27    1
   27   21    1
   28   17    1
   22   18    7
   19   22    6
   14   10    7
    1    6    4
   26    9    1
   17   30    6
   20   23    6
   16   23    3
   25    8    1
    5    4    8
    8   24    9
   21   24    4
   13   16    9
    8   17    4
    8   12    1
   21   23    2
   28   21    3
   14   21    4
   23   24    1
    3    8    3
   30   27    6
    7   26    1
    7    3    1
   17   13    6
   20    6    1
   17   29    2
   27   24    1
   14   11    4
    1   19    9
   25   16    6
    1    8    8
    8   15    1
    7    8    9
   27   12    7
    2    4    7
    5   23    2
   14   25    9
   15    1    3
    4   25    6
   16   30    6
    2    7    1
   23   30    4
   17   18    4
   19    7    6
   23   13    2
    6   27    7
   25   28    1
   25   15    1
   12   26    3
    2   11    4
    3    9    4
   25   13    6
    6   21    8
   12   21    8
    8   26    2
    3    5    8
   19   30    6
    9   22    1
   13   24    1
   20   11    1
    6    2    3
   15    7    1
   28   11    7
   20   19    3
   15   26    1
   15   28    9
   21   18    6
   22   29    1
   24   10    1
   24   15    1
   28    4    7
   17    5    4
   17   12    6
   20    4    1
   28   29    1
    8   18    1
    5   22    9
    5   11    9
    3   16    6
   27    2    6
   19   18    4
    9    5    1
   28    1    1
    6    8    1
    1   16    6
   16    8    4
   25   22    1
   18    4    8
   20   10    8
    3   10    4
    5    8    1
   19   11    4
   25   29    6
   12   20    1
    3   11    8
   21    8    1
   12    5    7
   20   16    6
   10    5    1
   27   19    4
   24   22    1
   18   28    9
   24   11    1
   14   24    3
   18   20    1
   18   30    6
   27   15    9
   10   26    7
   12   10    4
   15   18    9
   11    8    1
   30   20    8
   22    7    1
    9   15    1
    2   12    4
   13    6    4
    2   20    4
    6   23    2
    5   16    1
    2    8    4
   12   16    6
   21   25    6
   22   21    4
   16    9    3
    6   11    6
   12   29    1
   21    4    6
   29    9    6
   13   21    6
   13    7    1
    8   30    1
   15   12    6
    8   23    1
    4   10    3
   15   11    6
   21    5    6
   30   29    3
    4   14    4
    7   24    9
   30    7    4
   11   18    8
    1   30    6
    5    6    6
    1   26    6
   30   13    4
    7    4    2
   26    3    2
   27    4    9
    6   15    7
   30   10    6
   10    9    3
   24    3    1
   28   13    1
   15   16    2
   17   23    2
    1   22    1
   20   21    4
    9   12    1
   19   13    4
   22   28    9
    4   30    6
   28   16    2
    9   20    3
   12    3    6
   20   24    3
    2   14    7
   20   26    7
    4   24    1
    1   11    6
   15   19    3
   30   28    3
    2   18    3
   18   23    2
   30   15    3
   30   22    2
   15    2    3
    3    1    6
    4    8    4
   13   29    6
   16   14    6
   17   22    1
   18   25    4
   25   12    3
   19   16    6
   21   16    6
   28   20    1
   17   26    7
    1   13    4
   25   24    1
   22    6    7
    7   23    4
   30    9    1
   22    4    8
   17    3    6
   26   23    7
   10   25    6
    9   19    4
    2   17    6
   29    7    2
    1    9    6
   12   23    3
    7   27    1
    4   11    9
   10    7    2
   28    9    1
    4   23    4
   27   20    1
   23    2    6
   27    9    1
   30   11    6
    4   26    1
    9    7    8
   24   28    2
    1   18    6
    3   28    7
    5    1    6
   10   29    8
    4   29    1
   18    6    6
    3   18    6
   13   26    8
   29   23    3
   20    5    3
   23   25    6
    7   16    2
   16   29    6
    6    7    1
   23   27    6
   19    8    6
    8   13    4
    3   20    1
   30    3    4
    9    2    4
   14   20    6
   24    6    1
    1    2    6
    5    7    1
   23   10    2
    5   13    1
   26   11    1
   20    7    1
   20   25    7
   12    4    7
   28   12    7
    3    6    7
   10   19    4
   22   14    4
    9   23    4
   26    6    3
   18    9    1
   10   17    6
    5   27    9
   19   26    4
   17   25    6
   14   18    7
   12   19    6
   11   17    3
   14   23    2
   12   30    6
   22   12    6
   17   21    7
    8   28    1
   21   26    4
   25    1    7
   18   13    4
   25    5    1
   29    5    1
    6    9    1
   14   17    7
   14    5    1
    9   13    2
