Rock1Type Rock2Type Rating
   13   17    6
    4   25    1
    2   15    1
   11    3    7
   17   21    4
   30   14    4
   11   15    1
   26    3    1
   17   20    2
    4   17    4
   25   11    1
   14   25    3
   30   19    1
   10    4    3
    4    8    6
   12   14    4
   21    6    7
    8   21    1
   27   25    6
    4   12    2
    3    8    6
   27    9    6
    3   18    4
   30    1    2
    4   13    2
    2   28    1
   17    9    6
   11    4    7
    3   14    4
   25   19    2
   19   13    3
   12   18    2
   13    7    4
   12    6    7
    4    7    7
   14    9    3
    1   17    3
   25   29    7
   17   12    4
    6   27    2
   15   30    4
    4    5    7
    3    9    3
   23    1    2
    7   11    6
    6   14    5
   17   27    4
    6    3    2
   14   15    3
    2    9    4
   11   27    2
   21    9    1
   24   20    1
   13   20    2
   20   25    3
    4   21    2
   18   17    4
   13   16    5
   21    1    2
   16   18    3
   19   15    3
   29   24    1
   11   21    3
   22   16    1
    3    5    7
   15   28    1
    4   18    4
   17    7    4
    9    4    2
    1   22    6
   10   25    7
   26   12    3
   12   23    3
   16    8    4
    9    8    6
    3   16    6
    4   14    2
   29   18    2
   17   22    1
   26   30    4
   26   28    6
   17   26    4
   17   14    4
    5   20    2
   20   12    2
    2   12    3
   19   10    2
   17   19    4
    2   19    3
   15   21    3
   26   19    2
    2   18    2
   29   17    2
    3   10    3
   29   11    1
   19   22    4
   18    8    1
   19   24    6
   20   11    4
    8   26    2
   26   23    6
   12   29    1
   19    1    6
    8   22    1
    7   15    3
    5    8    1
    2    1    2
    9   20    1
   27   20    6
   12    5    2
   16   30    2
    6    2    4
   17    3    4
   25   12    3
   30    6    4
    7   25    2
   24   27    1
   25   30    4
   29   20    1
   11   22    4
   26   27    6
   25    6    1
   18    7    5
   19   21    1
   22   12    1
    1   25    1
    8   10    1
    5   15    4
   23    3    4
   20   16    3
   18   19    4
   16    6    2
   19   16    4
    4   30    3
   24    1    4
    8   27    1
   23   14    5
   19   14    5
   22    4    4
    4   26    3
   10    6    4
    8   29    6
   10   26    6
   15   22    3
   30    3    1
    7   23    4
   22    9    1
   18    9    1
    6   19    3
   24    6    1
    4   23    1
    5   13    4
   19    9    1
    8   25    5
    3   25    2
   13   29    2
   19   20    2
   24    9    6
   17   16    6
    4   28    1
    3   15    3
   16    7    4
    8   20    2
   18   14    6
    7    2    3
   14    2    5
   15   26    4
   26    5    3
   25   28    1
   22   21    1
   21   12    8
    5   30    1
   28   11    4
    2   23    2
   15    9    1
   21   23    3
    2   27    2
   13   18    3
   21    3    1
   20    3    2
   16   25    3
   14   29    1
   24   16    1
    1    5    4
   25   15    4
    7   27    4
    1   14    5
   24   15    1
   27    3    4
   12   13    2
    5    6    3
    7   21    3
   18   20    3
   22   14    2
    3   19    5
   30    8    1
   26    9    1
   17    2    4
   14   26    5
    2   29    1
   27   23    6
   26   20    6
   17   15    5
   18    1    4
    7   12    3
   30   18    1
   29   26    1
   30   24    1
   11   17    4
   19   28    1
   30   10    5
   24   10    1
   12   24    1
   11    2    3
   21   13    2
   25   26    5
   28   22    1
   21   16    3
   28    7    1
   24    7    1
    1    8    2
   16   28    1
   30   28    1
   12    1    2
   29    4    1
    9    1    4
   13    9    2
   24   11    2
   15   27    2
   13   24    1
   25   21    2
   22    5    1
   21   24    1
   18   24    1
   20   21    2
   16   27    2
   24    5    2
   13   27    3
   21   28    5
   13   28    3
    5    7    3
   13    1    2
    2    8    1
   11   18    5
    3   13    4
   18   23    6
   23   10    6
   21   10    2
   10   16    3
   28    3    1
    1   26    3
    9   30    1
   18   26    3
   17    8    2
    4   15    4
   10   29    1
   10   11    4
   23    5    3
   29    6    1
    2   22    1
   17   28    2
   27   18    4
    9   29    6
   29   23    1
   28   12    6
   26   16    3
    7    3    3
   11   30    2
   27    1    2
   30   22    1
   26   24    1
   13    2    3
    5   25    1
   30   20    6
   12   16    2
    6   28    6
   16    5    4
   15   12    6
   15    6    6
   28   27    1
   25   22    2
    9   23    1
   26    6    4
    8   13    1
   30   17    4
   13   22    4
    2   20    4
   25   17    2
   16   29    3
   11    9    1
   25   24    1
    1   15    4
   16    9    1
   28   23    3
    4   24    2
   10   20    6
   20   28    1
    2   26    5
    6   11    1
    8   14    1
    3    2    2
    1    4    4
   17   23    4
    6   22    1
   25    2    3
    1   20    2
    7   29    1
   22    7    2
   30    7    2
   13   26    2
    4    3    4
   21   30    2
   18    5    2
   24   28    1
   15   29    1
   10    5    3
   12    8    1
   19   11    4
    5   29    1
    2   10    6
   11   14    4
   24    3    1
   28    8    1
    9    5    1
   15   13    2
   16    1    3
    7   19    6
   15   10    4
    7   14    4
   14   21    6
   23    6    6
   30    2    6
   21    2    4
   14   27    3
   12    3    1
   16   23    2
    6   17    3
    1    6    3
    3   29    4
    6    8    1
   11   26    3
   27   22    1
   22   24    1
   10   17    2
    8   24    4
    8   19    3
    4    6    4
    1   11    6
    2    4    4
   20   14    4
    9   12    1
   23    8    1
   11   23    3
   11   12    3
    6    9    1
   30   27    3
   22   29    1
   17   24    1
   13    6    2
   27   10    2
   23   20    3
   13   11    3
    2   24    1
   28   14    2
    5   17    3
   30   13    4
    5   21    3
   26   22    2
   13   25    2
   13   10    2
   29   30    1
   12   19    2
   14    5    2
   27   19    3
    2   16    4
    6   20    2
    4   16    3
    7    1    2
    8    7    2
   10    7    2
    4   20    2
   30   23    4
   29   21    1
   22    3    2
   23   22    4
   25   18    5
   18   10    5
    5   28    4
    8   15    1
   21   27    2
   18   28    1
   23   25    3
   19   29    1
    1   10    2
    1   28    1
    1    3    3
   10    9    1
   29   28    1
   27    4    3
   23   19    3
   22   18    3
   13   14    2
   27   29    1
   27    5    3
    6    7    4
    9   28    1
   26   21    3
    4   19    5
    1   29    1
    2    5    4
   10   28    1
   10   22    2
    9   25    1
   16   14    4
    7   20    3
   15   23    3
   26    7    3
   11    5    6
   16   11    4
   23   13    3
   10   12    2
    7    9    2
   15   20    3
   19    5    5
   15   16    3
   14   24    1
   30   12    3
   21   18    2
   11    8    1
   24   23    1
   14   10    4
   22   20    2
   15   18    1
   27   12    2
    6   18    2
