Rock1Type Rock2Type Rating
   15   23    2
   20   13    3
   19   28    7
   14   17    5
   15   14    4
    9   14    1
    7   10    2
    6   14    7
   20   23    2
    7    3    6
    4   13    6
    6    9    1
   23   30    1
   18   24    4
   14   11    8
   15   29    2
   25    9    3
   24   21    2
   17   26    4
    6   12    9
   29   18    4
   13   14    6
   28   14    3
   22    7    1
   15   11    2
   18   19    6
   20   21    4
    9   30    2
   22   14    1
    8   18    1
   17    5    1
    2    6    7
   25    8    3
    4   27    4
    2   18    5
   12    4    3
   15   30    3
    3   27    4
   21   11    7
    2   27    2
    4   20    3
   25    3    3
   14   27    1
   17    3    8
   22   27    1
   11    1    9
   14   26    3
   12   27    2
   26   19    2
   13    8    3
   16    4    9
   10   16    4
   11   13    5
   26   13    7
    9   19    3
   24   29    1
   30    7    1
   22    2    1
   27   11    2
    6   19    3
   25   28    6
    8   11    4
   10   21    4
   20   29    2
   11   18    6
   17   20    5
   29   25    1
   18   16    6
   18    3    7
   24   22    2
    1   28    3
   15    9    2
   22   28    1
   30    6    4
   15   18    8
   13   15    5
    6   26    6
   29    1    1
   18   28    4
    1   25    2
    6   25    1
    6   22    1
    1   19    9
   11   12    9
   29   30    1
    7   15    2
   12   29    1
   10   30    2
    7   25    2
   11   24    1
    8   24    8
    2   25    5
    1   21    3
   29    5    1
    7    6    2
    7   28    2
    3    5    9
   16   11    3
   30    4    3
   19   15    2
   23    4    1
   15    1    5
   14    8    5
   17    4    4
   30   11    6
   27    8    1
   13   25    2
   25   19    1
   25   17    5
   22   18    1
    4   18    9
    3   28    5
   16   29    2
   15   20    2
    1   23    2
   21   16    4
   30    1    5
   14   30    7
    6   21    9
    7   20    3
    2   28    3
    7    4    4
   30   17    4
   17   15    2
   21   26    7
   22   10    1
   22   15    1
    9   12    1
    1    7    3
   20   14    4
   24   15    1
    6   27    7
    1    5    8
    6   13    6
    6    8    4
   21    2    7
   11   29    1
   24    7    4
    4   26    3
    4    2    9
    8   29    1
   28   20    7
   21    7    1
   10   23    2
   12   28    8
   12   21    9
   24   10    3
   18    9    1
    4    9    1
    9   16    4
    6   15    3
   24   17    6
    6    3    1
    8    1    1
    1   12    3
    3   11    9
   26    1    1
   23    8    1
    2   17    5
   26   24    2
   14   18    4
    4   11    9
    7    5    6
   23    6    6
   24   27    1
   23   14    5
    9    8    7
    6   10    6
   17   13    7
   18    6    3
    1   16    5
   10   25    9
    3   26    1
   27    7    2
   28   13    1
   13   21    3
   15    3    2
   16   20    2
   13   30    3
   15   28    6
   10   27    4
   27   29    1
   21    3    3
   19   20    6
    6   28    7
   23    7    3
   11   20    1
   17   22    1
   27   26    5
   12   20    3
    5   16    5
   30   12    6
    5   20    1
   10   12    4
   30   20    5
    9   24    2
   13    2    3
   16    3    6
   20   10    7
    5    2    4
   29    4    1
   18    7    3
    8    3    1
    9   22    1
   16    2    4
    2   15    2
   19    5    5
   30   28    6
   10    2    6
    2   12    8
   17   19    7
   27   21    3
   21   25    1
   23   25    3
   27   19    4
   13   16    9
    3    1    9
   14   21    8
   14    5    2
   11   10    4
   13   22    1
    5    9    3
    4    8    5
   21   17    6
    1   17    4
   15    4    3
   12   17    5
   20   22    1
   25   30    5
   18   20    6
    2   30    8
   19    2    8
   19   21    6
   13    3    9
   19   30    6
    2    1    7
   16   24    5
   21    8    3
   12   14    5
    2   24    1
    6   17    4
    3   29    1
   21   18    3
   27    5    1
   13   10    4
   26   23    7
   12   19    4
   19   14    5
   26   22    1
   30    8    4
   29   22    1
   28    8    5
   24    3    6
    6    4    4
    2   26    8
    3    9    1
   17   23    4
   27   16    1
   22   23    1
   12   15    3
   16   14    5
   20    8    2
   14    3    6
   20    6    6
   24   20    2
   27    1    3
   23    5    7
    5   30    1
   18   17    4
    5   12    4
   26    8    3
   28   10    6
   25   18    4
    4   28    3
   13    5    7
    7   14    7
   30   21    8
    4    3    7
    3   30    6
   17   16    8
   11    9    1
   13    1    4
   23   11    6
    5   18    7
   29    9    9
   10    3    7
    2    9    1
    9   17    4
   11    5    7
   16    7    7
   29   14    1
   28    5    6
   12   23    4
   29   28    1
   27   28    9
   25   22    1
   28   23    2
   30   24    2
   30   27    3
   25   20    3
   18   10    5
    4   21    5
    5   21    4
   19    7    8
   22   30    1
   19   23    4
   25    5    5
    2   20    4
    6   11    6
   20    3    5
   21   15    3
   17    7    6
   27   18    6
   25   26    6
    6    1    5
   23   27    1
   24    1    2
   24   12    4
   24    5    5
   16   30    3
   19   13    6
    8    2    5
   22    5    1
   25   12    3
    7    8    8
    6   24    2
    3    2    3
    3   22    1
    7   11    3
    8   22    1
   10    5    3
   10    1    7
   26   10    4
   16   28    3
   22   11    1
   17   10    2
   10    4    2
   29   13    1
   22    4    2
   10   29    2
   18   13    5
    2   29    2
    4    5    8
   23   18    3
   14   25    6
   23   29    3
   19   11    9
   25   15    6
   23   21    5
    8   16    7
   17   29    5
   13   27    2
    7    9    3
   13    9    1
   21   28    2
   16   23    3
   24    4    1
    9   27    2
   29    7    1
   11    2    6
   26    9    1
    4   25    3
    9   28    1
   29   19    3
    2    7    2
    1   20    5
   14   24    5
    6    5    4
   12   16    3
   19   16    7
    2   14    9
    1   22    1
    3   12    4
   17    8    8
   27   15    9
   23    3    5
   28   24    3
   11   26    1
    4    1    9
   20   26    4
    8   15    1
   10   15    4
   13   24    7
   23    9    4
   22   19    1
   10    8    4
    9   21    3
   19   10    7
   12    8    2
   24   19    6
   23   13    4
   11   25    3
   18   30    3
   20   27    4
   23    2    2
    5   15    5
    5   26    5
   21   29    4
    4   14    6
    6   29    1
   20    9    2
    7   13    2
    1    9    1
   19    8    7
   19    3    7
   17   27    1
   11   17    4
   19    4    8
   12   22    1
   28   26    2
   10    9    3
    1   14    6
   25   24    4
    5    8    3
   16   25    5
   12   13    4
   26   29    3
   17   28    1
   14   10    5
   22   21    1
   16   15    5
   23   24    4
   26    7    3
   18    1    8
   16   22    1
   26   30    4
   26   12    5
   26   16    5
   18   26    3
   25   27    6
   12    7    1
    6   16    3
   11   28    6
   15   26    4
   18   12    4
