Rock1Type Rock2Type Rating
    2    1    3
   25   17    5
   22   15    1
    5   17    1
    4    6    1
   30   28    1
    3    9    1
   15    1    1
   30    8    1
    1   26    1
   25   24    1
   22   27    1
    5   13    1
   28   29    1
   24   23    1
    3   24    1
   20   16    1
   16   15    1
   10   18    3
    6   16    2
   13   29    2
   30    9    1
   27    3    2
   21   27    1
   24    7    1
   25   23    1
    7   22    1
    5   16    5
   12   24    1
   27   11    4
   13   21    4
   17    8    9
   18   20    5
    6   15    2
   24   30    3
   30   12    2
    3    4    8
    4   20    4
    2   11    6
    2   14    9
   29    3    3
   23   18    1
    9    7    1
   21   11    6
   21    8    6
   23    8    7
    9   13    2
    1   23    1
   12   28    1
   22   28    1
    6   23    1
   23   22    1
   13   23    6
   15   28    9
    1   12    2
    8   28    1
   27   24    1
    4   12    1
   10   13    2
   13    6    1
   27   16    1
   29   16    1
   25    3    1
   17    3    4
   22   12    1
   21    1    1
   11   10    1
   19   24    1
   20    2    8
   17   16    8
   19   11    8
    9   23    6
   30   23    1
   14   19    9
   26    7    4
   12   21    1
   21   28    1
    8   29    1
   16    8    8
   29   19    1
   28   26    1
    9   20    1
    7    3    6
   18   21    1
   29   30    1
    4   16    6
    2   26    4
   21   17    4
   30   27    1
   11    4    9
    4    9    1
   15   26    1
   14    3    4
   26   20    2
   26    6    1
   11   18    4
   14   20    2
   18    6    1
    3    6    1
   16   26    3
    7   10    1
   20   27    1
   14   11    4
   20    3    1
   22    6    1
   20   30    5
   16    1    3
    5    9    1
   30    2    7
   19   17    5
    2   21    9
   15   25    7
   17   20    4
   21   23    1
   29   10    3
    5   23    1
    5   15    7
    6   27    1
   21    3    3
   12    6    9
   20   19    4
   18   30    1
    1   29    1
    7   29    2
   10    4    2
   25    8    2
   26   22    1
    5   18    8
   28   27    8
   13   30    4
   25   18    3
    4    5    5
    9   26    6
   26   19    2
    6    7    2
   21   29    2
   22   14    1
   10    2    9
   15   17    1
    4   28    1
    2   17    2
   16   11    6
   18   26    2
   13   26    3
   25   13    3
    2   16    3
    4   26    2
   20   22    1
   22    5    4
   13    3    2
   23   14    1
   17   27    1
   17   22    1
    9   21    1
    5   26    1
   17   12    1
   22   29    1
   29   17    1
    9    8    7
   21   20    1
   22   10    1
   10    3    1
   19    2    5
   13   18    2
    5    8    1
   22   19    1
   14   30    7
   16    3    4
    5    1    3
   22    3    1
   12   19    7
    7   12    4
   21   19    2
   22   18    7
    2   12    6
   23    3    1
   10   28    1
    9   28    1
   12   16    1
   13    1    1
   17   23    3
    4   21    6
   19   16    5
   12   25    1
   30   10    3
   22   30    1
    8   20    4
   10   20    9
   23   10    3
   10    6    1
   25   14    5
   20    1    1
   14   16    1
   27   29    1
   17   30    1
    3   19    7
   13   12    1
   21    7    3
   24    4    1
    9   19    6
    2    4    1
   17    6    1
   29   25    4
   15   20    1
   24   20    1
    1   10    4
    1   25    3
   22   13    1
   16   13    9
   13   11    1
   12    3    1
   12    5    1
    8   19    8
   23   28    1
    1   11    9
    2    9    1
   21   24    1
    5   24    5
   20    7    1
    1   18    4
   23   11    1
    9    6    1
   13    4    5
   11   25    1
   16    9    1
   14   17    7
   25   28    1
   13   20    2
   17   11    1
   28   16    1
   26   10    8
    4    8    7
   24    2    1
   27   12    1
   28   17    1
    1   22    1
   19    5    1
   25   19    6
   16   24    1
   21   30    9
    6   20    1
   10   16    4
    2   22    1
    5    2    1
   12   10    1
   24   29    2
   18   27    8
   11    3    7
   29   15    1
    8    7    6
    8   14    6
   18    4    9
   21   26    6
   24   26    2
    8   22    1
   30   25    3
   15   21    1
   27    1    4
   13   19    7
   22    4    1
    4   14    8
   19   15    3
   24    9    1
   30   19    3
    1    8    1
    3    2    1
   14    7    1
   25    2    4
   30    1    5
    3   15    7
    4   25    6
   29    5    1
   28   18    9
   22   16    1
   24   22    1
   19    1    9
   14   10    8
   10   27    1
    4   29    1
    6   24    1
    6    8    1
    6   19    1
   19    7    3
   30    5    1
   26   12    1
   13    2    3
   27   13    1
    7   27    1
   17   18    1
    8   24    2
    4   30    6
   14    5    1
   30    6    3
    2    7    1
   14   24    1
   23   27    6
    4    1    9
   26    8    4
   27    4    6
   26    3    1
   11    7    1
   18    3    8
   14   28    1
   29   20    3
   14   18    1
   24   11    1
    1    9    1
    7   15    1
   28    5    4
   24   17    6
   15   14    1
   18   15    9
    6   29    1
   10   25    9
   27   19    2
   13    8    3
    2   28    1
    7   13    3
    8   10    1
   15   23    1
   18    7    1
   16   21    3
    5   10    3
   17   26    9
    2    8    5
   14    9    1
   25   21    2
   19   10    1
   16   30    2
    3    1    9
   22   21    1
   18   29    1
   29   26    5
    2   27    1
   28    7    1
   29    2    1
   23   26    7
   10   21    5
   23   19    1
   17   13    6
    9   11    1
   30   15    1
    3    8    6
   25   16    3
   13   28    1
   20   11    1
   27    5    7
   15    2    1
   25    5    1
   18    9    1
   15   10    1
   25   22    1
   10    9    1
   30    3    1
    7    5    1
   15    4    4
   24    1    1
   27    8    1
    8   11    4
   23    7    3
   11   29    1
   12   15    1
   20    5    1
   17    4    6
   16   18    2
   20   25    1
    7   16    3
   23    2    2
   18   19    2
    6   11    1
   11   15    1
   30   26    8
   14    1    7
   24   15    1
   12   20    1
    8   15    1
   14   26    3
    1   28    2
   17    7    1
    5   21    1
   20   23    1
   15   13    2
    5    6    1
   15   27    9
    8   12    1
    3   28    4
    6   21    8
   11   22    7
   30    7    1
   15    9    1
   27   26    1
   14   12    7
   24   13    6
   12    9    1
   14    6    5
   23   16    6
   30   11    5
   25    6    1
   20   28    1
    6   28    1
   29   12    1
   21   14    7
   11   26    1
   13   14    4
    2   18    1
    1    7    1
   28   19    4
    4   23    2
   27   25    3
   25    9    7
    5    3    8
   12   11    8
   23   12    1
   17   10    2
   11    5    3
   24   10    1
    9   22    1
   28   24    1
   29    9    3
    2    6    7
   18   24    1
   29   14    1
   17    9    2
    9   27    1
   18    8    1
   25    7    1
   25   26    8
   27   14    1
   18   12    5
    4    7    6
    1   17    7
   23   29    7
    4   19    8
   28   11    1
    6    1    3
