Rock1Type Rock2Type Rating
    9   28    3
   28    3    3
    4    6    4
   20    7    3
   13    7    5
    5   23    5
    5   30    4
   13   12    3
    3   16    5
   21   14    5
    2    6    4
   13   28    3
    1   10    3
    3   21    4
    2    7    4
   16   25    6
   29   21    4
   16   12    3
    4   27    7
   17   19    7
   23   15    6
   17   13    7
   22   24    6
   15   26    8
   21   22    4
   25   30    9
    6   23    8
   14   24    5
   20   15    5
   16   11    7
   17   15    8
    5    1    7
   28    8    6
   28   18    7
    1   11    8
   16   17    8
   15   11    6
   29   16    6
    2   29    5
    6   24    3
    5    9    3
    1   16    6
    1    7    4
   29   15    4
   11   13    5
   11    4    8
    6   20    4
   19   23    3
   23    8    3
   29    8    2
   14   17    7
    3    9    5
    6   10    1
   15    2    9
   28   14    5
   24    4    2
   20    9    1
   18   13    3
    9    2    4
   20   18    3
   22   30    2
   25    6    1
    8   18    4
   26    3    1
   10    9    7
   17   30    3
   19   10    2
   27   14    2
   21   20    7
   21   23    6
   29   14    4
    9   15    3
   25   11    1
    8   19    8
   16   10    6
    2   21    5
   29   18    2
   17    7    1
   17   29    7
    5   21    6
   17   11    6
   14   19    8
   23    1    3
    9   23    2
   28   23    7
   15   21    5
    3    4    9
   18   27    4
    3   13    8
   15    5    6
   13   22    1
    6   22    5
   18    4    6
   23   25    9
    8   14    7
    4    2    7
   26   30    9
   27    1    5
   23   12    6
    4   23    5
   20   11    2
   28   22    3
    5   19    7
   11    7    8
   10    4    6
   10   30    9
   26    9    5
    3    8    5
   10   13    6
    3    1    9
    7   27    4
    5    4    8
   20   12    6
    5   28    5
   13    1    4
   25   27    8
   20    8    2
    1    4    8
    6   17    5
   30    9    1
   19    7    6
   19    3    8
   29    1    3
   28   10    3
   21   19    4
   12   28    8
   18   30    9
    5   10    6
    9   29    4
   25    1    4
   30   29    8
    2    3    3
    2   27    8
   20   22    4
   12   10    3
   11    2    3
   11    8    9
   24   20    1
   24   29    1
   26    4    2
   10   14    7
   11    3    8
    9   17    5
   19   11    8
    2   14    7
   18   16    8
    8    4    5
   24    7    6
   12   17    4
    4   17    8
    6    1    2
    9   24    4
   19   25    3
   14    6    5
   28   16    4
   18    6    3
   28    4    3
    8   13    5
    5   20    3
   16   27    2
   28   20    1
   28    7    2
   29    4    3
    2   28    2
   13   24    4
    8   26    3
   12   29    3
   11   14    5
   10   17    6
   12   30    4
    2   25    8
    5    8    3
    5    7    4
   14   20    4
   11   28    5
   27    5    4
    9    1    6
   23    7    5
   25   22    3
    7    6    2
   12   26    4
   30   16    4
    9   11    6
    1   24    2
    4   21    3
   12   24    3
   29    3    4
   10   29    8
    5   12    7
   14   26    9
   16    6    5
    7   29    4
    7    8    7
   20    2    4
    1   28    3
   28   29    2
    6   19    3
   27    6    8
   27   12    8
   25    4    6
    6    9    1
   26   21    8
   29   11    3
   10   23    6
   30   23    8
    6   29    5
   12    6    7
    8    9    7
   13    2    5
   30   11    4
   30    7    3
   13   16    7
    1   26    5
   20   16    5
   26   13    4
   19    4    4
   11   12    3
   17   18    6
   10   21    5
   25   14    6
    1   22    6
   15    1    7
   18   26    5
   23   11    3
   21    6    4
   15   13    2
    7   10    1
   24    8    8
   21    8    4
   21   11    3
   15   22    7
   16    5    7
   24   27    2
    6   30    8
   13   29    7
   14   18    6
   18    7    3
   16   21    5
   17    3    8
   18   12    8
   26    5    5
   19   13    7
   30   13    6
   23   18    8
   26   24    2
   23   22    5
   18    3    3
    3    5    7
    5   17    5
   24   16    1
   26   11    2
   30   28    3
   24   25    1
   13   25    7
   10   26    8
   14    7    5
    5   11    5
   18   11    4
   21   24    2
   13    4    8
    2   19    6
   20   30    7
    6    3    2
   14   12    5
   17   21    4
    3   30    2
   20   26    3
   29    5    1
    6    8    1
   29   25    7
    9   16    4
   13    6    2
   15    7    1
   24   18    2
   18   22    8
    5   13    6
    5   14    6
    3   12    3
   25    8    2
   24   15    1
   22   11    3
    9    4    2
   14    9    3
   30   24    1
   25   12    1
   20   17    2
   26    6    4
   26    2    4
   29   23    1
    3    7    2
   14    3    3
   17    1    6
    2   18    4
   27    8    1
   22   12    6
    1    2    4
    5    6    5
   20   19    4
   22   27    8
   24   19    7
    7    9    9
   28   21    7
    7   26    4
   18   21    3
   26   28    3
   15   25    3
    3   25    3
   21    7    1
   17   25    2
   25    5    3
   16    8    3
    1   20    3
   27   15    9
   27   26    8
   27    3    3
   10   20    5
   17   22    3
   10    3    2
   28   15    8
   21   30    4
   28   17    3
   22    8    3
   14    1    6
    7   16    2
   16   14    3
    2   24    1
   12    4    4
    2   22    2
   25    7    2
    9   19    2
   19   30    2
   22   10    3
    7   12    1
    2   10    8
   12   19    5
    1   30    4
    9   22    1
   17   26    2
   15   12    3
   30   15    3
   22    7    2
   13    9    4
   12   21    6
   18   19    4
   21    1    4
    9   21    2
   16   26    2
   23    3    2
   10   18    2
   21   27    5
    1   18    7
    5    2    5
    5   24    2
    8    2    2
    4   22    7
   16   22    4
   16   19    7
   24   23    1
   18   15    2
    4   14    4
   30    8    3
    9   27    2
   29   22    2
    6   15    6
   21   13    4
    5   22    7
   12    9    2
   27   28    9
   22    3    5
    2   17    6
   11   10    5
   14   23    4
    9   18    2
    2   12    3
    6   11    2
   17   23    2
   20   13    2
   20   29    2
    3   20    1
    8    1    8
   16   15    5
   23   16    4
   23   27    8
    3   24    4
   18   25    4
   16    2    6
    8   15    2
    4   20    2
   19   29    2
    6   28    8
    4   15    7
    8   12    3
   10   15    2
   27   11    2
   24   10    1
   27   17    2
   30    4    3
   25   10    7
   20   25    7
   27   13    4
   26   23    7
   29   27    4
   28   19    4
   14   22    3
   23   20    5
   26   22    4
    1   19    6
   24   11    3
   23   13    3
   30    2    5
    5   18    7
   20   27    4
   25   26    6
    3   15    3
   13   14    5
   10    8    2
   22   19    1
    7    4    1
   15   19    1
   14   30    2
   27   30    3
   25   21    3
   12    1    3
   27   19    1
   28   25    1
   17    8    5
   23    2    4
   24   28    2
   10   27    2
   17   24    1
   19   26    2
   14   15    5
    4   16    7
   26   29    4
   25    9    3
