Rock1Type Rock2Type Rating
   20   18    3
   10   14    7
    4   28    2
    6   24    3
   13   30    6
   12    1    4
   16    9    7
   30   17    7
    7   18    3
   24    8    8
   10   19    7
   18   15    8
   17   27    4
   16    4    7
    4    9    4
   25    5    5
   28   27    6
   19    9    4
   20    5    4
   27   25    6
   13    7    8
   17   20    5
   18   12    4
   19   17    6
   25    6    2
    4   29    3
   29   17    4
    4    2    7
   12    2    7
    6   26    4
   25   11    3
    2   22    3
    2   20    5
   21    8    4
    5   12    3
   22   30    4
   12   22    4
   23    2    3
   30   12    6
   21   19    4
    6    3    4
   15    7    5
   13   10    7
   23   22    4
   16   26    6
    1   28    8
   19   23    3
    6    4    7
   15   30    4
   11    3    8
   25   13    5
   28   22    4
   19    2    6
   24   15    5
    4    3    7
   14   13    7
   22    3    5
   10   29    6
   18   29    3
   15   20    4
   23    1    3
   18   13    7
    6   28    3
   15    3    5
   29   14    4
   14   12    9
   22   18    4
    3   13    7
   29    8    6
   11    7    6
   16   28    4
   24   26    7
   14   15    6
    2   15    6
    3    8    7
    2    8    5
   12   23    3
    7   27    4
   19    5    7
    3    2    5
    8   10    5
   26   14    6
    8   25    4
   20   11    6
    1   16    7
   19   26    6
   12   10    6
   17   28    5
   23   21    4
   10   23    5
   29   25    7
   16   29    4
   17   21    7
   21    9    5
   29   24    6
   13   26    7
   15    9    6
   14   18    7
    2   25    6
   23    3    4
   20    8    4
   26   10    7
   18    4    7
    3   24    6
   10   28    6
   21   13    7
    7    1    5
    1   25    6
   18   21    6
   22   25    6
    1   14    7
    3   21    6
   29    9    6
   12   11    7
    6   19    7
   14    6    8
   12   24    4
    7   23    7
   17   26    7
   24   11    5
   24    2    4
   30   26    6
   24   28    4
   19   15    5
   15   29    6
   11   15    6
   21   14    8
   16   21    6
   10   27    7
   30   23    6
    5    4    8
    9   23    5
   23    5    4
    2   17    7
    3   25    6
   20    4    7
   24   25    4
   13   20    7
   16    7    6
   10   17    7
   28   11    5
   29   19    5
   29   30    5
   25    9    6
   17   16    7
    3    1    7
    8   22    6
    5    1    8
    8    6    6
   17   15    6
   23   17    5
    7   26    5
   13    1    6
   27   23    6
   12    3    6
   27    6    6
   20   27    6
   14   20    7
   22   21    5
   11   14    7
   21   29    6
   17   18    6
   25   23    5
   10    3    7
    1   11    7
   30    5    6
   11   22    5
    4   25    6
   28    8    4
   10    1    7
   12   13    6
   13   17    7
   30   14    8
   26   25    8
   11   19    8
    4   14    8
   13    5    7
   10   15    7
    5    8    6
   16    6    7
    8   13    6
   27   21    6
   18   30    6
    9   26    5
   19   16    6
   28    5    5
    1    4    8
    9    1    6
   16   22    5
    9    8    7
   26    3    6
    7   17    5
   25   28    6
   27   19    7
    6    5    6
   15   21    6
   13   11    7
   12   27    7
   16   27    6
   10    5    7
   29    6    7
    8    7    7
   29   28    4
   22   26    5
   17   22    5
   20   30    7
    5   22    6
   10    9    7
   27   11    6
   30    2    8
    1    8    7
    2   13    7
    9   20    5
   10   16    7
   21   28    7
    2   11    8
   28    7    4
   18    3    7
    9    2    5
   19   22    6
    4   27    6
   25   14    6
    5   11    8
   18    2    8
    7    9    7
   21   24    6
   14   28    6
   30   19    6
    6   30    7
    5   16    7
   25   16    7
   20   29    5
   24   17    5
    6    2    7
   29   13    6
   13   24    5
   13   27    5
    4   10    7
   28   30    5
   24   20    5
    2   28    4
   12   19    7
   21   11    7
   27   24    3
    9   11    3
   18    1    6
    8   30    5
   11   26    5
   29   23    6
    8   15    7
   19   25    6
   20   12    5
   29    3    6
    6   13    6
    3   28    6
   11   30    7
   26    2    8
    8   27    5
   24    1    6
   18   25    7
    7   20    5
   21    7    5
   24   19    5
   28   15    7
   18   28    7
    9    5    5
    1   19    7
   18    6    6
    5    3    8
   15    1    7
   16   24    6
   23   14    6
   15    4    7
   17    9    6
   17    5    5
   23    4    4
    2   10    7
   11   16    7
    6   21    9
   21   25    7
   14    2    8
    7    3    5
   12    6    9
   27    1    5
   15   23    4
   25   17    6
    9    6    5
   13    9    5
    7   29    5
   23   20    6
    5   21    4
   23   16    4
    1   21    6
    7   30    5
    8   11    6
   26    4    6
    6   20    5
   30    3    6
   16   12    5
   17    8    7
   10   21    7
   18    9    5
    8   14    6
   14    9    6
   23   24    5
   22   10    4
   19    8    7
    3   16    8
    7   22    5
   26   21    6
   20   28    6
   23   18    5
   17   11    7
   24   18    5
    1   17    7
   27   26    7
    2   21    9
    6    7    5
   24   22    4
   30   27    6
   14   19    7
   10   30    8
    6   22    5
   20   26    6
   26    1    7
    9    3    6
   26    5    6
   20   10    8
   16   18    7
   17    4    8
    4   22    7
   12    4    8
   19    7    7
   12    7    5
   25   30    7
    4   24    3
   16   20    4
   26   23    7
   12   21    9
   18   27    8
    5    2    6
    9   22    4
   22   29    3
   19   28    6
   28   23    5
    5    7    6
   17   14    7
   22   20    6
   30    4    8
   14   27    7
    1   20    7
    4    8    6
   19    4    8
   23    8    5
    5   18    6
    2   27    7
   15    5    5
   27    9    4
    2    1    8
    7   14    4
   30   21    8
   13    4    8
   29   12    5
    2    7    4
   18   19    7
    3   27    6
   20   25    7
   10   18    8
   16   30    8
   25   15    8
   16    8    8
   25   12    6
   13   28    4
   13   22    4
    7   25    5
   26   12    6
   10   24    4
    7    4    5
   26    8    7
   13   16    9
    8   18    6
    5   27    5
   15   13    4
    5   29    4
   21   20    6
   11   23    4
    1   30    8
    9   12    7
    3   17    8
   27   29    5
    8   12    4
   26   28    4
    9   24    5
   29    1    6
   24    5    5
   22    1    5
   22   27    6
   14    3    7
   15    6    8
   10   25    7
    3   19    7
   13   23    7
   26   29    7
   26   15    7
   12   15    7
    6   11    8
   17   12    7
   10    6    6
    9   28    3
   20   19    6
    7   24    7
   22   15    6
   29    2    6
   20    3    7
    4   11    9
   18   11    8
   17    6    7
    1    6    6
   30   24    2
   19   13    8
   21    4    7
    2   16    7
    5   14    6
   29   11    5
   12   28    8
    9   30    5
   14   16    7
   15   27    9
   15   16    7
   24   14    3
   26   18    4
   11   10    7
    6   23    6
   22   14    5
   10    7    3
