Rock1Type Rock2Type Rating
   22    2    1
    8   18    1
   13   27    1
   16   19    3
   22    6    1
   18   29    1
   10   26    1
   13    6    1
   22    3    1
   30   29    1
    1    7    1
   25   17    1
    6   11    2
   10   19    3
   21   15    2
   24   21    1
   11   18    2
   12    6    5
   23   29    4
   10   12    3
   17   19    2
   28   14    1
   26   15    1
   14    4    1
    4   25    1
   22    7    1
   22   28    1
   23    2    1
   28    8    1
   24    2    1
    3   27    1
   13   19    1
    9    8    1
   19   11    2
    9   14    1
    1   16    2
   16   20    1
   21    4    3
   20   26    2
   17   23    1
   27   28    4
    4   13    5
   29    7    3
    1   22    1
    2   15    2
    6   30    3
   26   25    1
    2   10    2
   21    6    3
   13   21    2
    1   11    6
   24    6    4
   25   11    3
   25   20    3
   29   15    2
   16   24    2
    7   20    1
    4   26    2
   18   19    4
   12   20    3
    7    2    1
   12   29    1
   12   26    1
   21   19    2
    1   27    1
   25   21    1
   11    7    1
   30    3    1
   24   19    4
   28   30    3
    7   28    3
    2    9    3
   21   22    2
   17   29    1
   17   27    1
   28   26    1
   26   14    1
   21   26    1
    9   10    1
    1   14    5
    5    9    4
   30   21    6
    1   10    5
   25   10    7
   12    2    6
    9    3    5
    9   20    6
    9   11    2
    9    1    1
   26   13    2
    8   30    1
   26    6    1
   25   24    1
    1   26    1
   29    4    1
   18   27    2
   12    4    3
    2   25    3
    8   20    1
   20   23    1
   18   16    1
   13   20    1
    5   17    1
   28   13    1
   23   28    1
   13   30    1
   13   24    5
   21   10    3
    9   26    4
   30    7    1
    3   12    1
    2   14    7
   18   23    1
   28   21    1
    2   11    6
    6   19    1
    5    2    1
   20   14    1
   27   14    1
   24   30    1
   18   25    1
   27   16    1
   17   12    1
   24   28    1
   28    5    1
    9   19    1
   12    5    1
   11   29    1
   15   22    1
   18   20    1
   14    3    1
   24   27    1
    8   22    1
   24   10    1
   20   15    1
   16    3    1
   11   30    1
   15   23    1
    1   15    1
   10    4    1
   15   18    1
   27    5    1
   30   19    1
    6    8    1
    2    8    1
   11   15    1
   30    9    1
    8    3    1
   19   15    3
   11   10    3
   16   23    1
   29   22    1
   22   23    1
   11   16    4
   13   23    1
    9   13    3
   21   29    1
    7   23    3
    1   13    4
   24   18    1
    3   25    3
   12   25    1
    8   29    1
    3    5    2
    1   30    1
    5   16    1
   24    9    2
    9   17    2
   29   10    1
   20    6    1
    6   10    1
   14    7    2
   15   13    1
   29    2    1
   21   16    1
   22   19    1
   16   12    1
   27   10    4
   23   30    1
   23    9    2
    8   14    1
   20    3    1
   22   25    1
   28    4    1
    9   16    1
   19   27    1
    4    7    1
    3    1    6
    9   29    5
   17   16    5
   27    4    2
   20   10    2
    6   17    2
   18   13    3
   19   12    2
    3    6    2
    5   29    2
   21    5    2
   17   24    2
    1   17    2
   28    1    2
   23   27    2
   20    5    2
   28   29    2
    5    1    1
    9    6    1
   21   14    6
   10    8    1
   23   26    1
   12   13    1
    1    2    5
    7    9    1
   14   29    1
   19    4    4
    7   21    1
   20   27    1
    8    1    1
    3   21    1
   24    1    1
    4   24    1
    2    4    4
   21   17    1
   13   11    1
    8   16    1
   21   18    1
   26   22    1
   11   17    1
   15   28    6
   27   30    2
   13    8    5
    4   17    4
   28    3    1
   11   12    1
   10   17    1
   10   22    1
   20   17    1
   23   25    1
   10    7    1
   15   16    1
   30    4    1
   19    7    1
   29   13    1
    4   11    6
   26   16    5
   15   14    3
    7   26    1
   27   26    1
   30   16    1
   27   29    1
   25   28    1
    7    5    1
   26    5    1
    6   15    1
   27    7    1
   12   15    1
   19   23    1
   12   22    1
    3   18    1
    1   12    1
   23   11    1
   22   18    1
    2   13    1
   28   11    3
   15    3    1
    5   10    1
    5   14    1
   26    3    1
   14   13    1
   22   17    1
   25    5    1
   27   22    1
   19    5    3
   18   14    5
    2   21    5
    6    7    3
   19    3    3
   12    9    1
   10   30    1
   18    9    1
   27   15    5
   29   19    1
   11   24    1
   11   20    1
   17    3    1
    5   18    1
   11    5    4
    6   16    1
    5   30    1
    3   11    1
    8   19    1
    1   25    1
   14   24    1
    5   22    1
   21    1    1
    8   26    1
   19   20    1
    1    4    7
   14   12    1
   22   13    1
   19   28    1
   14   19    1
   18   30    1
   15   25    4
   30   22    1
    4   20    1
   28   17    1
    3    7    1
   12   21    1
   23   14    1
    2   26    1
   25   30    1
   10   14    1
   23    3    1
   22   14    1
   27   11    1
   26   29    1
    4    5    6
   23   10    1
   13   25    1
   28   16    1
   15    9    1
    1   19    7
   12   27    1
   26   17    1
    6   29    1
    2   19    1
   23   24    1
   18    1    6
    2   16    4
   16   10    1
    1    6    1
   16   29    1
   18   10    5
    9   28    1
    7    8    1
   26   11    1
   20   22    1
   14   25    1
   30    2    1
    7   13    1
   30   17    1
   23   21    1
   21   27    1
   23    5    1
    2    3    1
   13   16    7
    1   20    1
    2   28    1
    9   21    1
   30   12    1
   23    1    1
   24   20    1
   16    7    1
   13    5    1
   25    6    1
   17    2    1
   18    7    1
   14   30    1
   22   24    1
   14   16    1
   25   29    1
    2   18    1
   30   15    1
   12   28    1
   29    3    1
    8   24    6
   18    6    1
   22    4    1
   20   30    1
   13    3    1
   15   10    1
    8   11    1
   25    8    1
    4   16    6
   24    5    1
    7   12    1
   20   21    1
    9   25    1
   23    8    1
    6    4    1
    6   28    1
    7   25    1
   23   12    1
    6    5    1
    3   10    1
   20    2    1
    8   17    5
   18   26    1
   29    1    1
   19   25    1
    2    6    1
   25   27    1
   24    7    5
   22   16    1
    8    5    1
   18   17    1
    2   27    1
   11   22    1
    8    4    5
   27    8    1
   21    8    1
   11   21    1
   26   24    1
    8   15    1
   12    8    1
   13   17    5
   15   17    1
   14   11    5
    7   15    1
    4    3    7
    6   23    1
   20   29    1
   17    7    1
    9    4    1
   24    3    1
   27    6    1
   18   12    1
    9   27    1
   28   20    2
    6   14    3
   15    4    3
   28   18    2
   26   30    1
    9   22    1
   17   14    1
   19   26    1
   12   24    1
   13   10    1
   10   28    1
   29   24    1
   23    4    1
   25   16    3
   18    4    6
   24   15    1
   15    5    1
