Rock1Type Rock2Type Rating
   27    3    1
   23   10    3
   21    5    1
    7    1    1
   26   19    4
    8   25    2
   23    8    1
   14   27    4
    6    2    6
   18   24    1
   11    2    5
   11   29    1
   23    6    3
   16   10    3
   16   25    3
   23   21    1
   22   29    1
    4   27    7
    6   25    1
   17   14    6
   20   28    6
   30    6    7
   16   19    5
    8    5    1
    2   21    7
    7    2    1
   28   23    1
    7   18    1
   23   30    1
    9   23    2
   11   16    1
   10   24    1
   26    1    1
   16   20    6
   19   30    5
    2   23    1
   10   11    4
   13    2    1
   26   15    1
   18   22    2
   17    9    1
   29   17    6
    9   16    6
   20   29    1
    7    4    6
   22   28    1
   14   22    1
   25   28    4
   17   11    7
    4   11    7
    4   30    8
   19   24    3
    3   10    7
    3   28    6
   18   23    1
    4   20    8
    2   10    1
   20   30    7
   28   24    6
    2   29    6
    1    4    9
   30   24    6
   14   26    9
   10   14    8
   22    2    1
   30   27    1
    5    2    1
    5   29    1
    4   26    3
   23   16    3
    5   27    8
   29   15    1
    1   17    1
   29   27    1
   16   15    1
   27    2    3
    5   15    3
   17   27    2
   28   29    1
   16   17    8
    2   19    8
   25   14    7
   10   12    5
    1    6    5
   17    7    8
   18   30    8
    4   17    8
   25    2    8
   27   21    1
    4   18    8
    1   25    8
   16   14    6
   20   17    7
   12   28    3
   13   19    7
   25   26    8
    3   12    7
    1    2    8
   24    6    1
   28    4    1
   12   18    2
   21    1    1
   16   30    8
   20   10    8
   16    3    8
   12    5    6
    7   16    5
   21   25    4
   12   26    6
   20   22    1
   25   23    6
    9   18    6
   23   17    7
   16    4    8
   14    6    5
   12   23    4
    5   28    1
   21    7    7
   11    6    5
    9   29    5
    4   24    8
    7   28    7
    1   20    6
    7   15    1
   23    1    8
   26   21    5
   27   23    6
   16   12    6
   13    9    6
   21   22    1
   27   10    6
   26    7    6
   28   11    6
   23    5    1
   17   10    6
   22   17    1
   20   26    6
    8    1    6
   20   11    7
   20    3    7
   14   12    6
    5   18    8
   18    8    1
   13   21    7
   30    9    1
   17   12    3
   28    9    1
   18   28    2
    6   26    7
   14   19    7
   14   15    5
    4   19    7
   12    1    6
    2   28    7
    9    6    1
   13   25    3
    1   30    3
   20   12    3
    9   26    7
   10   25    7
   10   15    7
   17    3    7
   14    8    6
    3    4    2
   12   30    2
   20   27    7
    8   15    7
   24   12    2
   11   21    2
   19   23    2
   28    6    4
   12   21    5
    1   16    6
    4   10    6
   14   23    3
   25   17    7
   17   21    7
   25    7    5
   18   15    7
   28   19    8
   25   12    2
   30    5    2
    7   27    2
   19   11    3
    5    3    7
   30   13    7
    1   27    6
   22   26    1
   30    7    3
   14    3    3
   26   29    8
    5   16    7
    9   25    7
    7   12    3
   27    6    1
   15   25    7
   29   10    3
    7   23    2
    3   24    2
   20   13    4
   15   22    1
    3    8    8
    9   14    7
   11   22    7
   29   14    4
   11   23    3
   12   22    1
   26   11    6
   29   19    3
   17   18    7
    6    5    2
   16    6    7
   26    8    7
   15   27    7
   15    1    8
   19    5    6
   22    9    1
   21   24    2
   14    7    2
    9   27    7
   24   14    7
   20   15    5
   29   18    1
    8   17    8
    8   12    7
   13    3    6
   15    9    4
   13   22    1
    6   21    6
   17   24    6
    8   19    7
   30   28    1
   26   23    8
   19   27    8
    8   13    7
   22   25    1
    3   22    1
   19   20    8
   30   26    1
   30   11    8
    1   10    8
   30   22    1
    2    8    7
    8   28    6
   23   29    1
    8   27    1
   15   23    3
   16   24    7
   27   11    6
   27   12    1
    2    4    8
   18   19    9
   10    8    9
   17   13    3
    9   21    3
    7   19    6
   11   24    4
    7    9    4
    2   14    9
   17    6    5
   25    4    8
   19   22    1
   19    1    9
    2   12    8
    1    3    8
   27   22    1
   24    5    1
    3   26    2
   24    9    2
    6   19    3
    1   11    4
   27   16    2
   17   28    2
   12   29    2
   24   15    1
   29   24    2
    5   14    1
    6   13    3
   14   30    8
    9    4    5
    6   15    1
    3   19    2
   25   27    9
   12    4    7
   13   16    8
   29   16    6
   27   26    1
    1   14    9
    6   20    7
   18   27    9
   29    7    2
   21   30    9
    8    6    8
   28    1    9
    3   21    9
   20    9    5
   27   28    9
   15   11    3
   28   13    2
   22   23    1
    2   15    7
    5   20    6
   22    7    1
   13    1    2
   17   19    9
   25   24    2
   17   15    3
   10   28    1
    6   29    3
    6   18    2
   17   26    9
    2    3    6
    6    7    2
   29   13    2
   13   18    7
   15   13    1
   12   19    3
    1    5    1
    9   19    2
   25   20    8
   19   21    8
   12   13    7
   22   10    2
    5   13    1
   27   13    1
   15   28    8
   19   25    8
   10    9    7
    2   17    9
   24   22    1
   15   21    1
   20    2    9
    2   16    6
    5   25    3
    5   11    6
    9   12    1
   22    8    1
    1   24    2
    7   13    3
    3   11    2
   30   25    6
   24   13    4
   20    8    3
   11   18    4
   20   21    8
   18   26    2
    9   11    6
   29    3    3
    1   18    8
   11   12    8
   30   10    8
    5    9    3
    5    4    3
   21   28    3
   10   26    6
   10   13    7
   13   14    8
    4   13    8
   18   25    8
   15    3    4
    6   12    9
   16   18    6
   30   15    1
    7   11    1
    2   30    9
   29   25    6
    3    6    3
   22   16    1
    8    4    8
   24    7    6
   29    1    3
   19   15    7
    8   24    7
    7    5    7
   26   16    8
    4   15    5
   23    3    3
    6   22    1
   20   18    8
   10   19    7
    8   11    8
   28   16    6
    1    9    5
    4   14    8
   14   20    8
   24    2    4
    6    4    6
    9    8    7
   18    2    9
   30   17    8
   13   11    7
    9    2    6
   10    5    6
   21    8    7
   18   10    9
   12   15    1
   20   24    3
    4   23    6
    4   21    8
   11   14    6
   13   23    3
   26    2    8
   21   18    6
   21   16    6
    3    7    3
   30    3    6
    3   18    6
   29   30    3
   14   18    6
    9    3    3
   25    3    6
   23   20    6
   17    5    7
   10    7    4
   23   24    6
   21   14    7
   26   13    8
   10    6    5
    8    7    8
   24   27    3
   30    8    8
   28   14    8
   20    7    3
   26    5    3
   25   11    3
   29   21    2
   28   26    2
   24   26    8
    1   22    6
   22    5    6
   29    8    3
   10   21    7
   22    4    6
    8   16    7
   29    4    1
