Rock1Type Rock2Type Rating
   17   22    2
   25   26    8
   25    6    5
   28   23    2
    3   23    5
   24    5    6
   23    9    7
    5   15    8
   22   24    4
   30    1    8
   19   13    8
   30   22    1
    7    9    4
   30    3    6
    6   18    6
   27   30    2
   16   13    9
    7   12    8
   16   23    5
    1   18    9
   12    5    6
   22   15    7
   21   30    8
   27   17    4
   30   12    6
   19   22    6
    4   15    7
   24    4    4
    9    1    4
    2    6    6
    6   23    3
    7   29    2
    6   27    4
    6   30    6
   14   18    8
   11    6    6
   24   25    3
   30   16    5
   10   17    6
   10    3    5
    6   15    2
   20   23    1
   23    1    2
    4   16    8
   16    7    8
   17    2    7
    5   25    6
   29   27    3
    9   17    8
   28    7    6
    7   22    3
    7   18    3
    4    3    9
   19   18    9
    8   12    1
    7   19    7
   24    3    5
   22    9    1
   13   24    6
    8    7    8
    1   22    7
   14   27    5
   18   29    2
   25   20    7
   28    1    9
   28   22    3
   20   19    9
   27   23    5
    8   21    3
   16    5    4
   16   22    2
   11   21    8
   21   29    2
   27    9    2
   26   17    9
   19   17    8
   29   19    3
    1    8    8
   24   27    3
   10   14    8
    6   26    8
   26   22    1
   28    8    2
   24    2    4
   10   13    7
   20    6    3
    1   21    7
   27   13    6
    4   27    5
    5    7    7
    8   27    3
   26    5    4
    1    7    6
   19   24    5
   17    8    9
   15   23    2
   13   29    5
   27    1    4
   24   30    4
   13   21    7
    8   15    3
   23    7    8
   24   16    8
    7   25    3
   22    8    1
    9    3    7
   16    9    6
   11    2    9
   14    4    9
   18   30    8
   19    1    9
   28    4    6
   23   30    4
    4   26    5
   16   21    5
   10   26    5
    4   21    8
   30   14    8
   16    1    8
   25   30    7
   29   26    7
    9    2    4
   16    6    4
   18    8    4
   11   18    6
    5    1    7
   12   23    4
   11   30    7
   26   21    3
   25   11    5
    2   22    4
   15   10    8
   19    3    7
   17    3    7
   21    5    4
   15   14    6
   10    1    8
   21   23    1
   12   26    2
   18   26    5
   11   16    7
    9   15    6
   14   16    7
    1   11    9
   13   17    9
    4   17    7
   29   12    1
    9   26    7
   20    5    4
   26    3    4
    2   21    8
    2   19    9
   21    9    3
   28   18    6
    8   26    7
   23   19    4
   19   16    6
   25   18    8
    6    7    3
   18   15    7
   10   27    8
   24   28    5
   15    7    2
   19    9    4
   16    2    6
   10   24    1
   17    5    1
   17   23    3
   28   20    2
    1   17    4
   28   16    4
   17   15    4
   25   23    6
   22   18    7
   14    2    8
   14   17    7
    1   26    3
   10   18    7
   13    5    4
   24   15    2
    5   22    8
   28   29    1
   20   11    6
   12    2    7
   29   10    4
   28   30    5
   18   21    5
   21    6    9
   20   22    2
   20    7    3
   13    3    7
    3   15    2
   30    7    2
    8    4    8
   24    9    7
    9    6    1
   18    9    3
   29   16    2
    9    4    4
   30    8    4
   19   14    7
   17    6    3
    9    8    8
   11   19    9
   24   14    4
    9   20    3
    3    2    7
    5    3    9
   29   25    3
   19   15    7
    7   10    3
   30   17    5
   21   19    6
   14   29    4
   26   19    6
   14   23    5
    5   18    8
   12    6    9
   24   18    4
    7   26    5
   27   20    6
   13   11    6
    3    6    6
    2   10    8
    5    2    6
    8   29    1
   11    9    4
   10   23    6
   30   13    5
    1    4    9
   30    2    9
   26   15    2
   27   26    2
   22   12    3
   26    2    7
    9    5    4
   28    5    4
   13   14    6
   25   14    5
    2    1    7
    2    4    7
   27   15    9
   30   10    8
   19    8    7
    6   14    7
   30   15    4
   28   25    4
    8   23    4
   26   28    3
   28   14    3
   21   17    7
    4   18    7
    3   12    6
   12   11    8
    1    6    7
    4   25    6
    1   25    7
   20    1    8
   27   22    5
   28    6    4
   13   20    5
   10   16    4
   15   25    5
   12    1    4
   10   12    3
   20   21    3
    6   24    2
    3   27    6
   22   29    1
   28   17    2
   13    6    6
   12   27    1
    4   20    4
    4   13    7
   25   21    5
    7   11    6
   14   11    7
    2   28    7
   30   20    8
    8    2    6
    6    8    2
   29   23    8
   19   28    6
   21   22    3
   10    9    4
   29   24    6
   27   18    6
   27    2    5
    7   21    6
   28   12    6
   15   21    4
   25    2    7
    2   23    2
   26   23    7
   21    3    3
   27   28    7
   21   10    5
    6   19    6
   13   22    2
   28   11    6
   17   12    2
   14    5    2
    3   18    6
    5   29    7
   13   15    3
   10    5    2
    7   13    6
   29   30    1
   28    9    1
   15   12    1
   23   18    2
    2    7    2
    7   24    8
   27   19    7
   30    4    8
   22   14    4
   15    2    7
   11    3    9
   26   13    8
   11    8    6
   25    8    5
   17   29    4
    3   25    5
   14    8    4
    3    1    8
   24   17    7
    6    5    3
    6   10    3
    4    5    8
   16   12    3
    3    7    6
   24    8    8
   27   21    2
    4   12    7
   22    3    5
    5   11    6
    2   18    7
   18   20    6
   17   18    4
   20   14    5
   29   11    2
   29    3    1
   30   19    3
   11   22    6
   11   24    4
    3    8    6
   23   11    2
    4    7    8
   20    8    3
    9   29    7
   18   13    4
   13   25    5
   13    9    6
    4   10    6
   22   10    3
   16   20    4
   16   27    4
   29    2    2
   15   20    5
   26   11    3
   13   12    4
   20   24    3
    7   17    5
   22   23    1
   13    2    5
   11   10    6
   15   11    6
    5   27    7
   27   25    7
   14    9    3
    6    4    6
   22    4    3
    4   23    3
    1   14    7
   12   20    3
   29    4    2
   16   17    7
   13   23    6
    9   25    6
   16   18    7
    5    8    3
   27   11    5
    5   23    2
    9   30    2
   30    5    4
   14   21    7
   29   20    2
   12   19    3
    4   11    8
   22    6    1
   20   17    2
   30   26    4
   24   12    1
   28   21    3
    3   28    5
   29   15    2
   19   25    3
   15   28    7
   14   26    5
   22   25    2
   16    8    7
   25   16    6
   10    8    3
    9   12    1
   15    1    6
   17   25    6
   29    1    1
   21   24    3
   16    3    7
   10   20    8
   16   26    7
   16   15    4
   27    7    3
   21   12    9
    4   19    8
   19    5    7
   23   24    6
   28   10    5
    6   29    1
   28   13    2
   17   11    4
    1   24    2
   20   26    6
   10   25    7
   18   12    2
   24   26    4
   14    3    3
   25   12    2
   20    2    8
   13    1    5
   12   14    6
   10   19    6
   14    7    3
    8   13    5
    3   20    4
