Rock1Type Rock2Type Rating
   12   29    1
   20   21    1
   14   30    2
   27   11    2
   27   10    3
   30    4    4
   12   16    3
   12   20    2
   19   13    4
    2    8    6
   19    8    5
   23   15    4
   10   11    6
    6   26    4
   17   16    8
   19   12    7
   26   27    5
   20   14    4
    4    6    4
   21    2    7
    5   19    8
   15   21    4
   11   30    5
   16   18    7
   30   15    3
    5    6    2
   30    2    6
   24   12    4
    7   26    3
    4   12    6
    4    1    8
   25   19    5
    4   14    6
   10    3    7
    2    7    4
   16   27    3
   24   21    2
   14    2    7
   23   18    4
   26   24    5
   15   11    6
   18    8    4
   27   23    7
   27    5    6
   17   24    6
   13   18    5
    3    1    8
    4   16    9
   28   17    6
   25   12    4
    2   13    3
   25   22    2
   16   30    3
   13   15    1
   19    2    3
   27    8    2
    9   29    5
   17   18    6
   19   16    5
    7    3    6
   20   29    6
   21   10    6
   10    5    3
    1   18    4
   20   30    6
   28   26    3
    6   21    7
   27   20    5
    2    9    3
   26   18    3
   29   28    2
   23   25    5
    1   26    3
    7    5    7
   22   20    3
    4   11    8
   10    6    3
   29   23    5
   11   25    3
   26   14    4
   19    1    8
    4   29    3
    1   12    5
   11    8    6
   23    1    4
   21   18    3
   13   26    4
    8   25    3
    4   22    5
    9   30    3
   15   22    6
   21   11    5
    8    4    7
    7   29    4
    7   13    4
   14    6    6
    1   11    8
   12    7    4
   24   11    3
   15    4    3
    8   23    4
   28   27    7
    9   20    4
   25    6    5
   21    8    3
   23    9    3
   24   27    2
    5    1    5
    7   28    7
   26   15    6
   16   25    4
   30   23    6
    3   26    4
   24   14    4
   23   21    6
    3    2    5
   19    4    6
   21   19    7
    2   17    7
   29   27    4
   15   12    7
   17   20    6
   21   13    6
    8   28    4
    8   13    3
   20   19    3
   18    9    2
   17    5    4
   14   11    5
   15   25    5
   13    4    7
   20   10    8
   17   21    9
   14   28    6
    8    7    5
   17   30    7
    3   18    8
   22   24    5
   25   28    4
   17   19    6
   28    6    7
   18    4    7
   13   22    5
   10   12    5
   30   26    7
   14   25    5
   26   25    7
    9   25    3
    4   23    3
   11   26    3
   29   19    4
   26    9    5
   21   25    6
   11   29    2
    5    2    3
   29   13    3
   15    2    5
    9   14    2
   27   19    5
    2   11    6
    1   15    5
    3    5    7
   27   17    5
   12   18    5
   28   22    4
   16    1    7
    5   23    2
   11   18    7
    1    8    5
   11    9    4
   11    3    6
   12   11    6
    5   18    7
   25   29    6
   28   18    4
   30   19    3
   19   18    5
   13   27    5
   30   12    7
   28   20    4
    7   18    6
   12   23    5
   23   19    4
    2   16    7
   18    6    6
    7   22    4
   28   24    4
   13    9    3
   23   22    2
   15   19    5
   26   17    6
   28   13    3
   25   18    4
   29   26    6
   11   17    5
   13   17    7
    5   24    5
   17    9    3
   14   27    4
   29   30    5
   15   16    4
    3   16    7
   12   28    8
   16    8    4
    4    3    6
   27   15    7
    3    8    5
   20   11    3
   15    5    4
   16   11    7
    5   13    4
   28    4    4
   17   22    2
   20    6    3
    8   22    3
   30   13    6
   13   11    6
   16   24    3
    3   13    5
   25    2    6
    2    6    6
   26    2    7
    3   25    4
   17    8    5
   16   21    7
   16    9    6
   26   19    5
   30   21    7
   23   13    3
   10    7    3
   29    6    2
   16   20    3
    7   15    6
   12   14    6
    3   28    4
   26   22    3
    3   23    3
   30   27    3
   21    7    7
    6    8    3
   27    2    4
   18   29    2
   23   14    3
    6   27    5
   20    8    5
   13   16    7
    8   29    6
   24   19    5
   27    4    3
    3   27    3
   25    7    6
    5   28    6
   10   29    7
    4   21    8
   16   10    5
   16   26    5
   20   18    7
    6   23    4
    4    2    6
    6   13    4
   10   26    6
   22   29    3
   21   12    4
   15   18    6
    3   14    7
   19   11    6
   23    2    8
   21   26    8
   20   23    7
   27    9    3
    5   12    5
   13   14    6
   17   29    3
   19    9    3
   15    8    4
   23   11    3
   15   10    4
   10   23    3
   28   11    7
    3   24    8
    1   21    6
   17   15    4
    9    1    7
   14   18    3
   16   14    7
    9    7    3
    2    1    6
   10   14    7
   21   27    3
   21   28    8
   10   30    7
    4   20    5
   18   24    4
   24    7    6
   27   25    7
   16    6    5
    6   24    3
   26   23    4
   28   16    7
    7   14    6
   19    6    5
   23   17    6
   13   10    6
    4   24    3
   15   24    3
   10   25    7
   17   12    3
   12    6    8
   30    5    3
   24   10    5
   21    5    3
   12    8    5
   10   19    6
   13   20    3
   24   25    3
    4   17    6
   19   14    7
    3   17    8
   16    5    9
    1   14    3
   25   17    6
    7   27    3
   22    1    7
    1   20    4
   27   12    6
   30   18    3
    6    3    4
   13   24    6
   15   29    3
   30   24    2
    2   29    7
   28   15    9
   10    1    7
   18   22    4
    9   10    2
   24    1    2
    9    5    3
   10   28    1
   23   16    4
   25   30    5
    5    8    2
    9   15    2
    8    9    6
   25    4    2
   29   14    2
    1    6    3
   28    2    2
   28    9    2
    6   30    6
    7   20    2
   23   24    3
    3   22    4
    3   12    6
   12   13    2
   22    5    7
    5   11    8
   16    7    9
   30    7    2
   18   27    6
   24    8    2
   12   26    3
   22   27    2
   11    6    3
   19   28    6
    5   29    5
    1   17    5
    1   28    7
    3   29    4
    8   30    3
   10   18    2
   24   20    3
   22   30    2
    6   15    3
   15   14    2
   23   28    4
   19   22    3
    5   26    4
   14   17    2
   21   14    6
   22   14    3
   22   12    3
    9   12    2
   16   29    3
    2   24    3
    7   17    6
   21    3    4
   20   15    3
    7    1    2
   11    7    3
   15    3    4
   20    5    3
   10   17    6
    3    9    3
    5   25    6
    8   26    2
   10    8    2
    1   25    1
    6   17    6
   10   22    2
   19    3    7
    9   24    7
   18    2    8
   22    6    2
   29   24    6
   26   20    3
    1   29    4
   22    2    2
    2   12    6
   25   13    7
    4    5    8
   30    1    6
   23    7    7
    5   14    3
    7   19    7
    2   20    7
    3   30    6
    8   14    5
    4   10    4
    6    7    7
    9   21    3
   22   11    6
    4   26    4
    4    9    2
    3   20    3
   21   29    2
   30   28    4
    9   22    2
    7    4    6
    2   10    8
   13    1    2
   20   25    9
    9    6    2
    1   27    3
   21   22    4
   16   22    3
