Rock1Type Rock2Type Rating
   22   19    4
    2   23    3
    6   18    4
   18    1    4
   17    4    4
   23   18    2
   28   29    1
    4   23    1
   15   29    1
    6    3    2
    5   25    2
   22   23    1
   30    2    4
    6   15    3
   20    2    4
   20   13    4
   25   24    3
   30   10    3
   20   12    3
    7   18    3
   22   12    1
   25   23    5
   19    2    4
    5   28    4
    3   28    3
   27   15    3
   20   16    2
   20    3    2
    6    2    3
   22    5    4
   22   26    3
   15    8    3
   10    5    3
   17    8    5
   17   22    2
   23    5    3
   29    2    2
   26    3    3
   29    6    2
   15   12    3
   11   27    3
   28    4    2
    3    8    4
    5   19    4
   25   10    4
   15    2    4
    6    7    3
   21   13    3
   18   15    3
   13   28    3
   17    9    3
    4   20    3
   23   19    2
   10   16    2
    2   17    2
   27   30    2
   23    1    1
   16   17    3
   26   15    3
   20   25    3
   20    8    2
   12    6    8
   13    1    3
   26   13    4
   26   29    3
   12   10    2
   19   24    3
    3   10    2
   13   24    2
    3   18    2
   25   18    3
    8   14    2
   29   24    5
   14   21    7
   24    5    5
    8    6    3
   25    4    3
    5   18    3
   22    7    2
   26   16    2
   13    4    3
   25   30    2
    7   16    3
   14    2    4
   14    4    4
   29   22    3
   30    4    4
    1   24    3
   16    2    4
   29    5    4
   17   14    3
   12   29    2
   10   19    3
   14    7    3
   11    1    5
    3   30    4
   25   26    4
   22    9    4
   21   11    4
   16    3    4
    6   23    3
    8   24    4
   22   15    3
    7    3    3
   30   18    3
   11   28    3
   21    9    3
   25   12    2
   13    6    3
   21   20    3
   21    1    3
   27   28    4
   21   28    2
   15   28    4
    4   19    6
   26   17    4
   30   19    3
    4   15    3
   27   23    2
   22   21    1
   20   30    3
    8   29    2
   23   24    3
    4   18    2
   27   14    1
    2    9    1
   22   11    1
   13   10    2
   24    6    1
   22    1    1
   20   10    3
    1    4    3
    7    1    2
    4   12    3
   11    3    3
    2   26    4
   23   30    3
   18    9    3
    6   25    3
   15   17    3
    6   20    2
    3   15    2
   20   14    2
    2   22    1
   12   28    2
   21   18    2
   23   15    2
    3    5    4
    1   12    3
   19   26    2
   12   23    1
    9    3    2
   19   15    3
   20   29    2
    4    3    6
    2   21    5
   14   11    5
    1   19    7
   11    5    4
    3    1    4
   21    4    4
   18   11    3
   13   16    4
   23   16    2
   21   12    5
    9   14    3
   24   20    4
   16    8    7
    4   11    6
   10    7    2
   23    9    3
   25    2    2
   12    5    2
    5    2    2
   16   27    2
    5   14    2
    8   18    1
   25    1    1
   13   19    2
   16   14    2
   23   20    4
    7    4    4
    8    7    2
   17   20    3
    3   25    1
   18   16    1
   20    5    1
   18   17    1
   25   15    4
    5   26    3
   30    1    2
   11   30    2
   22   27    1
   17    5    1
    8   13    1
   14   24    2
   14   28    2
    9    7    2
   14    3    2
   15   20    2
   29    9    6
   11   19    6
    8   27    4
   11   12    6
    6   16    5
   27    7    6
   30    9    4
   14    1    4
    7   24    6
    9   25    4
    6   30    4
   20    9    5
   28   25    4
    7   19    6
   25   17    5
    3   22    2
   16   24    4
    9   12    2
   17   21    4
   10   14    4
   13   29    4
   17   30    3
    9   13    4
   11   13    2
    5    9    3
    1   16    4
   30   13    4
   22   13    2
   10    8    2
    8   21    2
   11   17    3
    7    2    2
   17   28    2
   12    8    2
   26    4    2
   16   30    5
   27   19    6
   13   27    4
    8    5    3
    7   13    3
    3    2    3
    7   29    3
   17    1    2
   21   24    3
   22    8    1
   11    2    3
   25    8    2
   29   10    2
   11    6    3
   27   25    5
    4    6    4
   14   25    4
   30   12    4
   14   26    5
   25   13    4
   27    2    5
   29   27    2
   22    6    1
   10    4    3
    1    6    2
    5   21    3
   25   21    5
   14   22    1
   22    4    2
   17    3    4
   18   22    2
   10   26    2
   30   26    2
    7   17    3
   24   22    1
   19   14    4
   11   20    2
   18   10    3
   22   25    1
   23   10    3
   10   28    3
   13   12    3
    8   26    2
   16    4    3
    4   27    3
   21   27    2
   24   15    2
    5   30    1
   12   27    2
   29   16    3
   29   25    2
   30   15    2
    3   29    1
    8    9    3
    1    5    3
   26    6    4
    5   15    4
    1   28    5
   18   12    4
   12   14    4
    1   10    4
   28   18    5
   21   29    3
    2    1    4
    5   13    4
   27   24    3
   10    2    4
   28   24    3
   11    8    3
   28    8    3
   12    3    3
   17   29    3
   15   11    3
   29   19    3
   11   23    2
   28   23    2
    2    8    2
   26   11    2
   20    7    2
   28   20    2
    1   15    2
   14   30    3
   26   18    3
   29   23    3
    9   24    5
   11   29    3
   22   28    3
   22   10    2
   16   21    3
   15   13    2
   28   30    3
   21    7    2
   24   18    1
   26    1    2
   14   29    2
   10   15    3
   30   21    5
   17   10    4
   16   25    5
   11    9    3
   16   22    2
   19   16    4
   18   20    1
   28    7    3
   29   30    1
    1   27    3
   16    5    2
   30   24    3
   11   25    2
   13    2    3
    2   18    5
   27   10    4
    1   29    3
   26   12    4
   17   27    4
   28    9    3
   27    5    4
   11   10    3
   21    3    3
   19   18    5
   23    3    4
    9   19    4
   21   26    4
   20   19    4
   15    7    3
   23    7    4
    6   14    3
   11   16    4
    6   19    3
    1    9    2
   24    3    4
   21   15    3
   13    3    3
   28    6    4
    8   30    3
    8    1    4
   18   27    4
    6    5    3
   24    2    3
    9   15    3
   27    6    4
   23   21    4
   13   23    4
    9   10    3
   17   12    3
    2    4    4
    4    9    3
    2   28    6
   23   26    6
    1   20    5
   29   18    4
   26    7    5
   10    6    6
   23   17    5
   12    2    6
   27    9    5
   16    9    5
   21   10    5
    9   26    6
   24   17    6
   26   24    5
   21    6    5
    9    6    3
   19   21    4
   22   30    1
   12   24    2
    5    4    4
   23    8    4
    4   29    2
   17   19    4
   11   24    2
   12   19    4
   18   13    3
   16   12    3
   25   19    4
   14   23    2
    4    8    3
    7   11    2
   12    7    3
    7   25    2
   19   28    5
   20   27    4
   24   10    3
   14   13    4
    4   24    3
   19    8    3
    7   30    2
   22   20    3
   27   26    2
   18   14    3
   28   16    3
   17   13    3
   26   28    2
   26   20    2
    7    5    3
    3   27    2
   15   16    2
   17    6    3
   15   14    4
    3   19    4
