Rock1Type Rock2Type Rating
    7    4    1
   18    2    7
   19   26    4
    6   11    6
   21   19    3
    6   13    6
   27    2    8
   30   16    3
   26    8    2
    7   24    6
   19   14    3
    7   28    1
   27   10    3
   12   18    4
   30   29    2
   26    9    4
    8   30    3
   24    6    2
    1   11    9
   24   29    4
   11   19    7
   18   24    2
   23   25    3
   18    7    1
    2   17    1
    8   22    1
    1   19    5
   20    2    3
   19    6    3
   27    8    4
    9   18    1
   14   28    1
    9   23    4
    4   17    7
   19    5    6
   19   28    4
   17    7    6
   12   22    1
   16   27    6
   11   12    5
   13   21    7
    3   15    3
   16   18    7
   16   26    6
   25    4    5
    5   10    4
    7   26    3
   20   26    2
   23   24    8
   15    2    9
    4   20    1
    4   28    1
   19   20    3
   13   26    6
   12    3    5
    3    8    4
   15   19    4
   20    3    6
   22    2    5
   12   15    4
   21    7    4
    1   25    3
   26   17    8
    5   12    4
   28   20    8
   24   11    1
   30   10    4
   20   23    9
   13    2    8
   14   25    5
   13   20    3
   30   14    1
   11   22    1
   12   16    6
   24   20    2
   20    1    3
   16    6    5
   15   25    8
   29   21    9
   10   12    5
    3    2    3
    4   13    6
   30   21    7
    6   30    6
   30    7    3
   19   13    6
   18   26    6
   22    7    1
   16   14    4
    9   14    4
   27    9    5
   29   12    4
   28    3    7
   20   18    6
    3   23    5
   17   14    7
   27   26    6
    2   19    4
   13   27    3
   27   25    7
    7   27    3
    2    1    4
   28   12    1
   16   15    4
   17    5    1
   10    8    2
   16   23    1
   10   20    5
   26   11    3
    3    4    4
   29    8    3
    8   16    3
   25    2    5
   29   18    3
   17    8    8
   26   15    7
   19   25    7
   14    8    7
   17   16    6
   25   29    4
   17   28    6
   24   28    1
    7    6    3
    4   30    5
    1    4    4
    5   27    5
   14   27    8
    7   14    4
   25   24    3
   30   17    2
    2   14    9
   14   15    9
    9   24    3
    2   30    7
   23   12    3
    5   16    6
   15    7    2
    9    5    7
   29   17    6
   24   15    4
    7   13    3
   24   30    1
    3   24    5
   22   26    7
   25   10    7
    7   16    4
   25   17    5
    1    7    4
   23   27    8
    9    4    8
   19    7    7
   27   18    8
    1   14    4
   12   26    7
    5   13    1
   24    8    3
   24   12    3
    1   27    5
   17   24    3
   29   13    4
   18   28    1
   25   12    1
   26   14    8
   18   30    5
   15    8    4
   23    7    5
   14   13    7
    8    2    4
   19   27    4
   29    1    2
   23   18    5
    5   22    5
    1   30    4
   23    2    7
    3   26    4
   29   15    3
   22    9    3
   12   30    6
   21   11    7
   20   27    7
   29   23    6
    6    4    7
   20    7    1
   23    8    3
   16   19    5
    5   15    6
    3   25    5
   10   23    4
   26   28    2
    8   12    1
   21   22    1
   11   13    3
   21    9    3
   19   17    4
   12   19    3
    1   22    2
    3   16    6
    8   19    4
    2   16    8
   21   27    5
   25   22    3
    7   25    1
    9    1    3
   16   24    2
    9   12    3
    1    5    1
    1   17    2
   13    9    8
   13   25    7
    9   16    9
    8   21    2
   28   11    3
   20   11    1
    9   29    5
    4   19    4
   22    4    1
    1   10    6
    3   13    6
   28   22    2
    1   23    8
   11   15    8
   10   13    8
   12   27    8
   15   30    6
   16   28    1
   26    5    7
    5    4    7
   30   11    6
   10   15    8
    8    7    9
   19   30    7
   21    2    8
   18   15    8
    6   20    6
    8    4    2
   29    2    7
    6   23    8
   18   25    7
   14   18    6
   14    5    3
   28   27    1
   17   11    1
   12    7    2
   13   30    3
    7   11    4
    4   14    8
   25   30    5
   28   29    1
   26   30    2
    1   13    1
   15   20    1
   12    6    5
    3    7    1
    3   30    1
   22   23    1
   29   20    1
    1   26    2
   21   25    7
   11    3    1
   30   28    7
   10   22    1
    5    6    7
   11    4    1
    9   30    3
   15   22    2
   12   17    2
   11    8    6
    6    9    7
   20   25    1
   16   22    1
   11   14    1
   23   15    4
   30   27    3
   23    4    3
    6   26    7
   26   21    7
   29   27    2
    7    2    2
   15    6    3
    4   18    9
   22   29    8
    2   10    9
   17    3    6
    9   20    1
   14    3    7
   15   28    1
   13   28    1
   14   23    2
   18   11    6
    3   21    7
   29    4    1
   20   14    1
   27    6    7
   28   25    1
   13   15    7
   23   17    8
    2   12    9
   17    9    1
   24   27    1
   21   28    2
    3   27    1
    1    3    7
   15    9    8
   10   18    9
   24    2    2
   23    5    1
    4   27    8
   21    6    7
   10   21    7
    3   18    1
    1   21    3
    9   28    1
   10    7    4
    2    6    9
   12   14    7
   25   26    8
    5   28    5
    6    8    3
   19    3    3
   11   27    2
   16   21    8
    2    4    9
   28   23    6
   10   11    7
   21   14    7
   29   19    2
   13   24    1
    4   12    9
   18   17    7
    5   30    1
   11   25    3
    4   26    9
    2    9    9
   29    5    3
   10   19    7
   24    4    1
    8   25    6
   27   22    7
   22   20    1
   10    3    1
   21    4    2
    9    8    7
   23   26    9
    8   28    1
   14   22    1
   24   21    1
   10   17    3
    9    7    2
   19   18    1
    5    8    1
   13   22    1
   24   10    2
    8   13    2
    2   26    9
    6    1    1
    4   16    7
    9   19    3
   14   29    4
   19   23    2
   17   15    1
    1   16    1
   30   20    3
    5    3    7
   21   15    1
   13   12    4
    1   24    5
   22   19    1
    6   10    5
   23   13    2
   18    5    3
   22   24    1
   22   30    1
   13   18    8
   20   12    1
    6    3    3
   17   20    1
    5    7    3
   26   10    3
    5   11    1
   29    6    3
   20   16    1
   11   23    3
   10   16    6
    7   29    3
   11   16    7
   18   22    1
    1   28    7
   11   29    3
   18    1    2
    3   29    1
   20   21    3
   21   18    3
   20    5    4
    5   25    2
    4   10    8
   28   10    2
    5    2    5
    6   14    7
    6   25    6
   12   21    7
   16   29    6
    1    8    3
   11    9    2
   23   30    7
   15   27    8
    5   21    3
    6   17    7
   10   29    4
   12    1    3
    2   11    2
   21   23    4
    5   24    1
   22    6    3
   17   27    1
   17   22    1
    4   15    9
   29   26    1
   17   21    3
   25    9    5
    9    3    1
   18    8    3
   20    8    1
   13   16    7
    6   28    2
    1   15    1
   24   26    5
   24   14    4
   19   24    5
    2   28    1
   13   17    7
    3   22    5
   25   16    8
   14   10    5
   10    9    7
    6   18    3
