Rock1Type Rock2Type Rating
    3   29    3
   26    8    7
   13    9    6
    1   24    6
    2   18    5
    7   20    4
    5   20    4
   20   27    8
    9   15    1
    5   13    1
    9   25    6
   11   24    6
   19    4    8
   11   29    1
   18   11    8
   24   29    1
   25    1    1
   30    7    1
    2   15    1
   18   20    1
   21    8    7
   29   14    1
    3   17    6
    3   28    1
   26    2    1
    2   25    7
   15   11    8
    5   28    7
   10    4    7
   24   27    1
    8    1    7
   29   10    1
   25    7    7
    6   20    1
   30    8    6
   12   21    9
   16   20    7
   24    4    8
    3    8    8
   15   12    1
    4    1    9
   28   10    9
   11   26    1
   22   12    1
   27    1    1
    3   11    9
    8   29    1
   23   14    7
   14    4    1
    7   19    8
   26    7    1
   17   29    7
   10   23    7
   22    3    9
    1    9    8
    7    6    1
    9   26    6
    4   15    6
   18   30    1
   27    9    1
   16   29    4
   13    7    6
   17   13    7
   20    1    5
   20   26    4
   30   10    7
   15   21    3
    5   22    7
    5   15    8
   14    8    1
   28   20    1
   22   24    9
   26    3    1
   25   27    7
    2   30    9
   16   13    9
   14    6    9
   11   25    6
   23   12    2
   24   15    5
    6   27    1
   30   11    5
    2   10    9
   25   15    9
   21   28    1
    1   19    9
   19   29    6
   10   21    2
   21    7    2
   26   19    5
   17   11    1
   17   30    1
   10   24    1
    3   20    2
   12   30    7
   17   18    6
   11    5    9
   20   19    8
   11   14    9
   30    1    7
    9    4    4
   12   13    1
   22    7    7
   29   15    1
   27    4    1
   12   19    1
   27   18    8
   14   30    9
    8   28    1
    9   21    2
    4    5    8
   16   19    9
   14    2    9
   13    8    9
    2   16    7
    1   28    6
   15   23    1
   17   21    3
   27   22    1
    4   29    1
   25   14    6
    3    1    9
   14   13    7
   26   25    1
   25   17    1
   17   24    1
    7   28    5
   21    1    6
   16   25    7
   25   24    6
   30   16    4
   28   27    9
    3    4    9
    1   29    7
    7   14    8
    7    2    7
   18   29    6
   18   28    9
   26   17    9
    6    3    1
   23    4    1
   22    2    1
   27   29    1
   27   30    1
   30    3    4
    4   25    4
   25   19    6
   16    5    9
   19   18    9
   15   19    9
   26    4    5
   13   25    6
   26   22    6
    1   15    7
   13   21    7
    4   16    9
   19   22    9
   18   23    1
   18    4    9
   20   22    1
   21   22    1
   14   21    9
   13    1    6
   14    5    7
   17   16    9
   15    3    1
   13   24    5
   21    5    1
   26   10    4
   27   19    5
   25    6    1
    5    1    9
   21   30    9
    2   17    8
   11   28    8
   21   24    8
   26   23    9
   11    6    8
   12    7    1
    6   13    1
    7    5    9
   10   25    9
   23    9    8
    1   14    9
   22    4    7
   26   14    8
   10   13    7
    4   21    8
   26   13    8
   20   29    2
   22   18    9
   14   10    9
   28   16    1
   22   25    2
    8   22    2
    7    1    3
   12    5    1
   16   12    1
   18    6    1
    7    4    9
   16    7    9
   26    5    3
    1   18    8
   11   10    1
   28   15    8
    2   28    7
   10    3    4
   14   22    4
    3   25    3
   16   15    2
   22   15    5
    3   12    1
   29   12    1
   13   15    1
   23   16    3
   26   27    4
   14   15    4
   24   28    1
   12   25    1
    9   10    3
   20   21    4
   12    4    1
   19    5    1
    3   23    1
    6    2    1
   11    9    4
   30   25    7
    8    7    7
    6   21    8
   30    5    4
   12   27    3
    4   11    9
    6    1    1
    3   13    2
    4    2    7
   25   18    7
   29    9    8
   29   21    1
   22    6    2
   16   10    2
   18   15    9
   21    3    1
   13   19    6
   13   22    3
   22   30    2
    5    3    8
   13   27    1
    3    2    1
   17   27    1
    6    5    1
   17   23    1
   28   17    1
   23   25    4
   11   21    7
   19   30    7
   21   27    6
    4    8    8
    2   20    8
   21    2    9
   23    7    6
   11   20    7
   12   10    3
   22    1    8
   23   29    9
    3   18    9
   29    5    1
   26   15    1
   27    7    1
   24   23    1
   23   20    1
   15   10    9
   18   26    1
    6   15    1
   16   18    7
   26    6    1
   11   19    8
   12   20    1
   25    5    8
    9   12    1
   30   15    8
   28    9    1
    9    6    1
    6    8    1
   24   30    1
   11   27    1
    5   27    4
   25   28    4
   10    8    2
   17    4    3
   18    9    4
   15    8    1
   24    7    7
    8    9    8
   13   11    4
   14   24    6
   29    6    1
   18   24    1
    9    5    2
   12   18    1
   10    6    1
    1   11    9
    5   17    7
   23   11    1
    3   14    8
    1    2    8
   17   14    6
   20   25    8
   27    8    1
    8   24    7
   23   27    4
    7   18    1
   10    1    7
    7    9    1
    8   18    2
   27    2    3
   13    2    4
   26   12    1
    9   16    3
    8   20    1
   28   12    1
    6   24    2
    9   20    1
   24   20    1
   19    3    3
   23    2    4
   23   30    5
   14   28    3
   17    8    8
   17   19    9
   27   14    7
    7   11    6
   21   19    5
    9   30    3
   16   27    1
   14   20    7
   24    9    5
   24    5    6
   29   22    1
    5   10    1
    2   19    6
   11    2    7
    7   17    7
    6   16    4
   22   23    1
   10   22    1
   30   20    9
   23    1    2
   26   16    6
   21   25    6
    1   12    7
   12   24    3
   16   22    1
   18   14    8
   24   19    7
   21   23    1
    6   12    9
    2   12    8
   14   16    7
   23   19    6
    5    8    8
   10   17    7
   19   28    8
    8   25    9
   12   11    8
   25   29    1
   10    7    1
   28    6    1
    1   17    3
   28   13    1
   23   28    1
   12   14    8
   27   10    9
   16   24    1
    9   14    2
   15   27    6
   17    9    7
   23    5    4
   11   22    7
   15    7    1
   16   11    1
   11    8    1
    4    6    2
   13   23    3
   18   13    2
    8   23    3
   20    4    7
   17    6    8
   23    6    6
   24    2    6
   29   28    1
   29    7    1
    2    5    4
   30   28    1
   10   19    8
    8    2    6
   15   17    1
   22    9    1
   27    3    1
    6   19    4
   29   26    8
    8   16    9
    4   13    9
   10   20    9
   19   14    9
    9    3    9
   26    1    1
   28   26    1
   26   21    7
    3   24    8
   26   24    8
   30    4    9
    2    9    1
    8   19    8
    8   12    7
   22   17    1
    3    7    1
   28    4    1
    6   30    9
   16    3    9
   22   28    1
   21   18    3
   13   30    6
   13   29    4
    5   18    8
   16   21    7
   16    1    8
   12   17    1
   13   20    1
   30   26    8
   20   17    7
   29   30    6
    9   19    5
   20   15    5
   10   18    8
   29    2    1
