Rock1Type Rock2Type Rating
   26   11    2
   20    9    2
    1   14    8
   24    1    7
    2   13    8
   20   24    4
   23    4    2
    6    3    7
    9    6    3
    1   19    9
   30    4    8
   19   22    1
    1   22    1
   14    7    1
   12   10    3
   17    3    3
   24   26    3
    3   14    2
    9   13    9
    7   24    7
    2   24    1
   26   15    7
   19    2    7
    5    1    7
   22   28    2
   29   25    3
   17   30    4
    3   15    3
    9   29    6
   16    7    3
   19   20    3
    3    7    3
   27   22    1
   30   15    2
    6   29    3
   29   10    3
   23    9    2
   10    9    2
   21   25    2
   13   12    6
    8   15    3
    7    2    2
   15    2    9
   15   20    2
   19   30    9
   20   17    7
   12   27    2
   25   30    3
   11   22    2
   17   10    8
    1   12    9
   25    6    8
   20    7    2
   29   18    2
    8   18    4
   20   27    4
   11   15    2
   18   27    9
   16   11    6
   22   30    2
   29   27    2
    4    3    9
    4    2    8
   20   12    2
   11    2    8
   21   26    3
   16   21    2
   29   13    2
   10    6    9
   15    4    8
   18   14    8
   17   22    2
   21    6    8
    7    8    8
   14   24    3
   10    5    8
    1   30    8
   23    1    1
   20   18    8
    1   26    2
   25   26    8
   28   24    2
   10   24    3
   17   11    8
   26    9    8
   12    7    7
    2    3    7
   17   25    8
    2   16    2
   16    3    7
   18   11    7
   16   29    3
   11    4    8
   11    3    2
    4   27    8
   16   28    7
   24    5    3
   28    6    2
   21    8    8
    5   26    3
   26   30    7
   14   22    2
   20    1    8
    8   17    8
   22    9    2
   26   14    8
    9   21    7
   21    5    2
   12    4    8
   25   24    7
    5   27    3
    5    6    2
   11   12    9
    7   26    7
   18    7    6
    4    5    8
   30    9    1
    6   30    2
   29   30    2
    6   16    8
   10   16    7
    6   14    3
   29    5    8
   23   26    2
    5   23    8
   23   29    2
   22    4    8
   28   17    3
   13   21    8
   29    8    8
   30   20    8
   16   18    3
   10    4    8
   23   27    7
   28   29    2
    3   21    8
    5    9    2
   18   13    8
    6    1    3
   27    9    7
   22   24    3
   22   29    3
   11   24    8
   12    6    3
   17   24    8
   27   24    2
    7   28    2
   27   26    9
    1    7    9
   15   25    9
   29   21    2
   13   10    8
   18   28    8
   13    6    7
   10    1    8
   15   12    7
   29   24    6
    4   13    8
   11   30    8
   27   25    8
    3   20    4
   14   15    4
    9    8    7
   27    8    4
   12   21    8
   25   28    8
    7   21    2
   10    8    2
    8   26    3
   17    2    8
   14    9    3
    5   15    2
   18   15    8
    1    3    9
   19   25    8
    4   17    8
   20   28    8
    5   28    2
    9    1    8
   27   28    2
   14   30    3
   18    2    2
   13    1    8
   10    7    2
   22    5    8
   22    6    6
   24    6    2
   24    4    1
   10   18    9
    9   15    2
   16   19    1
   20   23    9
   11   20    8
   16   24    3
   13   11    7
   30   28    1
   27    6    8
    8    2    6
   30    5    4
   21    2    2
   12   17    1
   29   19    4
   20    5    9
   22   20    1
   12   19    8
   28   14    7
   18    3    9
    2   14    9
    2   28    2
   26   22    2
   23    8    3
   25    1    9
   18   19    8
   14   21    9
    8   24    3
    2   10    8
    9    7    6
   28    8    6
   22    8    1
   19    8    8
    9    2    6
   12   16    7
    4   21    8
    3   27    4
    2   23    5
   23   12    2
    3   25    5
    2    5    2
    6   26    8
   12   24    5
   29   15    2
   13   30    7
   13   27    2
   21    1    8
   27   30    2
   17    1    7
   20    6    5
   15   24    6
   14   27    7
   15   13    5
   21   24    4
   11    7    4
    4   18    8
   23   17    1
    9   24    4
   12    9    2
   25   14    3
   16   13    9
   30    3    8
   16    5    8
    3   10    7
   17    6    4
   16    8    4
   22   16    2
   14   11    8
   23   18    3
   13   23    2
   21   18    4
   19   15    4
    8    6    3
    5    7    8
   15   21    1
    5   17    1
   18   25    3
    6   18    2
    2   30    2
   30   18    1
   17   18    2
   28   21    3
    2   27    4
   13   20    3
    6    2    8
    9   11    7
   17    7    8
   22   15    9
   21   17    7
   25   11    6
    8   30    4
   18   12    6
   28   23    5
   11   29    3
    1   18    5
   25   10    7
   11   10    3
   19   13    6
   16   20    5
    1   27    7
   23   15    3
   20   10    4
    8    5    6
   12    3    7
   25   16    2
   13    5    8
   25   23    4
   30   24    8
   18    9    3
   21   20    7
   23   24    5
    8   25    6
    4   25    8
    2    1    8
    4   28    2
   11    8    9
   10   14    7
   19   10    6
   26    2    5
   28   15    4
    2   25    3
   23    6    1
    4    1    2
   26   28    3
   24   13    4
   10   15    6
   14   13    4
    3    8    3
   15   16    2
   13   26    1
   11   21    3
    1   28    6
    3   13    3
   17    9    8
    6    7    7
   10   28    4
   29   17    3
   16    1    8
   19   26    4
   12   30    8
    6   19    5
    5   12    3
   10   23    2
   20    8    5
   12   22    2
   14   12    7
   29    2    8
   13    7    8
   10   22    2
   21   19    8
   29   20    2
   15    6    3
    5   19    7
    5   25    7
   26    3    5
   10   30    5
    4    6    8
    3   19    9
   14   20    8
   24   19    2
   23   30    9
   17   27    2
   24    3    3
   17   26    3
   29   14    5
    8   12    6
    4    8    4
   11    5    6
   16   26    5
   25    9    7
   21   30    4
   22    3    7
   19   14    6
    1    8    6
    8   14    6
    4    9    3
   11   19    7
   25    7    4
    3   28    6
   23   11    5
   16    4    8
   25   20    2
   14   17    6
    6   11    7
   21   23    7
   21   10    6
   28    9    4
   14   16    7
   10   26    6
   26   20    5
   20    4    4
    7    4    3
   21   27    7
   29    3    4
    5   14    5
   29    4    3
   13   22    1
    8   13    6
   12   28    4
   18   22    3
   15    1    8
    7   15    4
   19   17    7
   25   13    7
   27   16    8
   27   15    9
   10   27    8
    4   26    8
   11    1    9
   25   22    2
   19   28    8
    3    5    9
   19   23    3
   23   14    3
   30    7    2
   22   23    2
   21   22    2
   19    9    4
   29    1    2
    9   16    2
    2   12    3
   13   17    2
   11   28    1
   17   16    2
   12   29    3
   18   24    4
    2   22    2
    2   20    1
    5   18    2
   23   16    3
   27   19    4
   25   12    3
   26   18    2
    4   14    1
    7   23    2
   28   13    3
   19    4    8
   30   16    7
   22    7    8
   29   26    2
   19    7    8
   27    7    9
   11   27    2
    7   29    2
    9    3    3
   26   12    7
   17   15    4
   23    3    6
