Rock1Type Rock2Type Rating
    8   20    1
   17   22    1
   24   14    3
    1   21    4
    1   22    2
   28    5    4
    3    2    4
   22   25    2
   26    7    4
    2   21    4
   19   23    3
   14   21    7
   12    8    3
   15   20    3
   10    8    5
   14    3    4
   11   19    4
   24    8    8
   11    6    6
   18    5    4
   26   23    4
   27   17    4
   23   21    3
   27   15    8
   29   28    2
    4   13    4
   20   13    2
   26   16    6
    6   30    7
    6   24    2
   20    2    4
   19    5    4
   12   30    6
    5   16    6
   27   14    5
    8    1    6
   26   20    4
   14   15    3
   21   18    3
   24   16    6
   24   18    3
   28   12    2
   22    5    3
   16   28    2
   17   10    4
   30   17    3
   18   16    6
    1   27    4
   23   17    6
   20   10    6
    3   21    3
   23   11    3
   25   29    3
   13   24    3
   12   11    7
   10   25    9
   10    7    1
   18    8    2
   26   14    6
    5   27    3
   15    2    8
   30    5    2
   27   11    3
   23    7    4
    2   18    8
   12    1    6
   18   19    7
   12    5    2
    1   11    9
   26    4    6
   13   21    6
    4   19    9
   28   11    7
   20   30    6
   10   24    4
   29   16    3
   10    6    3
   11   29    2
   10   26    8
   18   28    6
   29   21    3
    4    2    7
    4   18    6
   13   15    4
   29   23    8
   30   19    8
   21   15    4
   30   22    3
    7    2    3
   22   27    4
   24   27    2
   21   24    3
   22   14    3
   24   25    4
    9   11    2
    1    3    6
   21   22    2
    2    6    4
   18   17    5
    3   25    4
   12   27    2
    2   29    2
    7   29    1
   24   26    6
   25    5    4
   26    8    7
    5    1    2
   29    6    1
   24   28    1
   19   21    3
   29   10    2
   26   28    1
   18   10    6
   26   19    3
   15   28    8
   19   22    3
   17    9    4
   19   29    3
   16   13    7
   22   18    4
   18    1    6
   17    3    6
    9   15    4
   23    9    3
    1    6    2
   21   28    2
   19   27    2
    6   26    3
   27   28    3
   14    2    7
   13   17    8
    4   20    4
   18   12    3
   20   19    3
   29    3    1
   22   26    2
    6   16    3
   22   15    2
   15    6    1
   13   18    2
   16   15    2
    3    4    6
   15   17    3
    9   12    1
   18    9    1
   29   18    1
   20    9    1
   25    8    2
   11   22    2
    6   28    1
   20   28    2
    1   25    3
   10   19    7
   21   26    6
    9    7    4
    8   19    7
   22   13    1
   14   23    3
   16   11    2
   26   25    7
    6   14    3
    7   18    2
   14   29    2
    4   30    3
    7   22    1
   30   21    8
   19   13    6
    3    6    3
   24   20    2
    7   24    8
   16   27    3
   20   29    2
    2    9    2
   18   15    6
    3   12    3
   11   30    7
   24    3    7
   12   10    7
   10   14    8
   30    8    6
    2    5    4
   25    7    3
    7    6    2
    8   27    2
   30   16    4
   19   12    6
   14    8    4
   13   10    3
   22    4    4
   21   25    6
    2    1    6
   24   22    1
   20    5    1
    7    8    7
    6   17    6
    3   23    2
   14   20    6
   24   19    7
   11    3    8
    4    5    6
    9    4    2
   13    8    3
   19   28    6
   29    5    2
   24   30    2
   25   20    6
   11    5    6
    7   21    4
    3   13    3
   11   25    3
   17   25    6
   12   23    1
    5    8    7
   17   11    3
   19    1    7
   26    9    6
   18   25    7
   23   30    1
   24    1    4
   28   23    2
   16    8    7
   30    1    7
    4   14    7
   27   26    4
   17   16    6
   13    2    6
   12   25    2
   30   27    2
   25   27    7
    3   27    4
   23   13    2
   24   17    6
   20   12    3
   22   23    1
   29    4    1
   24    4    2
    5   26    2
   14   17    6
    9   22    1
   16   12    4
   12    2    6
   25    2    7
   23   10    4
    4   16    6
    7   13    7
   18   20    6
   24   29    2
   21   20    6
   27    4    2
   22   20    1
   12   21    8
    9   21    3
   28   25    6
    2   24    4
    9   28    3
    2   30    7
   22   16    2
   23   20    4
   29    8    7
   26   17    8
   18   30    6
   10    1    8
    7   16    8
   29    1    1
    4    8    3
    3    7    4
    7   20    2
   19    6    3
    4    7    3
   12    6    6
   13    1    4
    6   22    1
   25   15    6
   16    3    6
   30   25    7
    5   10    6
   14   19    7
    9   13    8
    8    2    7
   19   25    7
   26   29    6
   13   26    6
   21    8    4
   14    7    4
    4   12    4
    8    9    6
    4   25    4
    4   15    5
   23    1    4
   14   11    4
    5    6    1
    9   24    4
   16   10    3
   22   12    1
    9   19    3
   14    9    1
    6   13    3
    6   27    2
   27   20    4
    3   30    2
    4   28    2
   14   18    4
   10   30    3
   16   23    3
   23   15    3
   13   25    3
   25    6    2
    3   22    1
   15    8    1
   13   14    2
   11    8    4
    5   14    1
    9    1    4
   28    8    1
    4    1    7
   21   17    6
   21   27    4
   26   18    6
    8   22    1
    6   20    3
   12   26    2
   18   11    6
    1   16    6
   21    6    7
   19   17    6
    7   17    4
   25   23    5
    3    5    6
   23    2    4
   11    7    4
   17    2    6
   12   29    1
   14   28    2
    3    9    2
    3    8    3
    7   15    1
   15   11    1
   11   10    4
    2   11    7
    6    9    3
    9   16    4
   24   23    6
   12   24    2
   27   18    7
   29    9    7
   10   28    7
   30   26    7
   17    1    7
    4   17    7
   25   14    7
    8    6    4
    3   19    6
    7   12    4
   15   30    3
    4   11    7
   28    7    1
   24    5    3
   26   11    4
    4   10    4
   15    3    3
   28   17    1
    1   28    4
   29   17    4
   14    1    6
   23    5    4
   22   28    1
   15   12    1
   18    3    4
   24   15    3
   29   27    3
   14   12    4
   15   19    6
   30   28    4
    2   26    6
    7    1    1
   23   27    3
   17    5    2
    4    6    6
   23   18    3
   11   20    3
   16   21    7
   21   11    8
   17   20    6
   11   24    6
   12   17    6
    3   20    4
    9   25    7
   22   10    4
   10   21    4
   10   27    6
   27    7    4
   28   13    3
   26   15    3
   30    7    1
   26    1    1
   13   12    2
    6   23    1
   21    4    4
   10    3    6
   13   29    4
   19   16    6
   18    6    4
   28    2    4
   15    5    6
   20   16    3
    7    5    6
   23    4    3
   13   11    2
   20    1    7
   16   25    6
    5   21    3
   15   10    7
   30   14    6
   16   14    4
    3   26    4
   13    5    3
    2   10    6
   27    2    7
    1   15    4
   27    9    4
    9   10    6
    3   28    4
    7   19    5
   17    8    8
   23    8    6
   30    9    2
    2   22    1
   13   27    3
    2   16    3
   29   15    1
    9    5    4
   30   13    4
   29   22    1
    2   19    4
   30   29    1
