Rock1Type Rock2Type Rating
   11    1    7
   27   11    4
    6   12    6
    6   11    4
   12    7    5
   14   19    5
   20   23    3
    5   23    3
    2    5    4
    7   11    4
    4    1    4
   12   30    5
    6    9    3
    8   20    3
   10    4    3
   18   22    3
   20    3    4
   29   18    3
    7   21    2
   22   28    3
   25    4    4
    8    5    4
   28   16    2
    6    1    3
    5    9    3
   16    5    3
    1   28    3
   14   15    2
   23   24    2
   11   30    3
   16   20    3
   28    6    5
    1    5    5
   11   20    4
   11    9    4
   23   30    6
   25   14    5
   25    8    4
   26    4    4
   15   13    3
   14   29    2
    7   28    3
   23    2    5
   21   10    5
    7   15    3
    9   21    3
    1    8    6
    1    9    5
   23    8    4
   22   11    6
    7   20    3
   20   13    3
   23   10    4
    3    7    6
   12   25    3
   26   11    3
   20   18    4
    1   18    6
   25   30    5
   24   30    2
   22    1    6
   14    8    4
    9   23    5
   28    5    5
   29   30    4
   13    7    3
    5   17    4
   15   12    6
    5    6    4
    5   12    5
   28    2    3
    4   23    3
   19   29    3
   12    1    3
   27    1    3
    4   14    7
   13   26    6
    9    8    6
   15    9    3
   12   27    2
    8    7    3
    2    4    5
   14   28    3
   10   17    4
    4   30    4
   17    2    4
   29    4    3
    3    2    4
   23   29    6
   13   25    5
   29   28    3
   30    1    3
    2    8    4
   22    6    2
   27   10    5
   26   18    5
   12   20    3
   29    6    3
   20    2    4
   15   18    6
   22    4    4
    9   29    5
   24    4    5
   15    6    5
   11   13    4
   24   22    6
   19    6    4
   21   20    5
    9   16    5
   19   23    3
   21   12    7
   27    2    5
    7   24    5
   20   26    4
    3   24    4
   28   18    3
   12   10    4
   27   30    3
   18    9    3
   26    9    3
    1   10    4
   26   12    4
   28   27    5
   22   29    4
   22    3    4
    8    6    3
   17   11    4
   25   21    4
   13   16    6
   26   21    4
    5    3    4
   26    5    4
    2   18    5
    5    7    5
   11    4    5
   21    5    4
    9    2    4
    3   13    4
   10    7    4
   22    8    4
   16    7    4
    2   16    5
    4   12    4
   24    6    2
   29   26    4
   22   13    4
    2   25    6
   29   25    4
   24   29    4
   12   11    4
   11   10    4
   27   13    3
   15   20    3
    9   25    4
   17   19    5
    2   13    5
   26   17    5
   30    7    4
   22   19    4
   15   29    3
   28   24    2
   20   30    7
   15   17    4
   28   11    3
   17   27    4
    1    3    6
   19   27    4
   29   17    4
   27   18    3
    5   24    6
   30    9    4
   23   12    4
    9    7    5
   28   17    3
   20   28    3
   30    6    3
   29    8    4
   29    3    4
    3   25    5
    8   16    5
    8   27    3
    9   14    3
    3    8    6
   10    6    4
   17   23    4
   22   26    3
   10   29    4
   21    6    4
    4    8    5
   18   14    5
    7   19    5
   15    1    3
   16   27    3
   11    2    5
   21   11    4
    7    4    4
   24    1    4
   19   25    4
   13   12    3
   28   12    3
    2   14    4
   10    2    5
   22   25    4
    2   26    6
   15   16    3
   29    2    4
   21   27    3
   18    7    4
    1   16    6
   28   15    6
    9   10    4
   23   11    3
   16   19    3
    9   28    3
   15   26    3
   12   19    4
   19   21    3
   16   17    3
    4   19    4
   15   24    2
    3   10    4
   28    3    3
   13    1    3
    8   15    3
   18   17    5
   27   25    4
   13   10    3
   17   20    4
    9   17    5
    5   30    3
    9   12    2
   11   29    3
    1   21    3
   16   21    3
    9    4    3
   12   14    4
   19    8    6
    5   13    3
    7   23    3
   13   23    4
   20   10    6
   14   23    3
   16   26    4
   21   15    3
   13   18    3
   18    6    3
   28   23    3
   18   11    5
   21   13    3
   27   20    3
    6   23    4
    3   17    5
   16   24    4
   22   20    3
   25   24    3
   22    9    4
   26    6    3
   19    5    6
    5   10    4
    4   20    4
   26    3    4
   18   10    4
   11    5    6
   14   24    4
   25   17    4
    3   11    6
    2   19    3
   17    1    3
   14   26    5
   22   27    3
    3   30    4
    2   12    4
   14   16    4
   27   15    7
   10   25    6
   21   24    3
   12   24    3
   17   22    3
   24   10    3
    1   19    6
    1   23    3
   27    3    3
   10   26    4
   21   23    3
    6   17    3
   10   16    4
    6    3    3
    2   22    3
    9   19    5
    2    7    4
   24   11    6
   16   25    4
   17   30    4
   25   20    4
   14   17    4
    9   20    3
   30   18    4
    4   18    6
   16    6    4
   29    7    3
   17    7    4
    5   18    3
   15   22    3
   24   17    3
   27    7    3
   30   15    3
   22   21    3
   29   21    2
   19   18    6
   22   30    3
    4    5    4
   30    2    5
   11   16    6
   19   13    3
   14   21    5
   10   30    3
    6    4    3
   25   23    4
    2   15    3
   27   14    2
   28   21    3
    5   22    6
   16   30    4
   23   18    3
   10   14    4
   13   14    3
    1    2    4
    8   28    3
   16    4    4
   28   13    3
    1   14    4
   13    6    3
   26    8    4
   17   21    3
    4   17    5
   10   22    3
   16    3    6
    3   18    6
    7   26    3
   20   19    3
   21    8    3
   19    3    6
   26   27    3
   26   28    3
   29    5    3
   14    3    4
   10   28    3
   26   23    6
    5   15    3
   13    9    4
   19   10    4
   14    6    5
    3   12    3
   10   15    3
   13   29    3
   16   29    3
   12   18    3
    8   24    6
   23    3    4
   30   26    4
   27   23    5
   29   27    5
   16   12    3
   13   24    3
   10    8    4
   14   30    5
    8   12    3
    2   24    3
   26    1    4
    4   15    3
   24    9    3
   16   23    5
   25    7    3
    6    7    2
   20    1    3
   27    9    3
   17    8    6
   27    4    3
   14    5    3
   25    5    3
   15   25    3
   13   30    3
   27    6    6
   29    1    3
   18    8    5
   25    1    4
   26   24    3
   23   22    3
   14   11    4
   25   11    4
   25   28    3
    4   28    3
    4    3    6
   16   18    5
   11    8    6
   12   22    3
   13    4    4
    7   14    4
   18   21    3
   19   15    3
   21   30    4
   25   26    7
    7    1    6
   19   24    6
   22   16    3
   27    5    3
   30   28    3
    3    9    4
    2    6    3
   29   12    3
   19   26    4
    2   21    3
    7   22    3
   22   14    3
   24   27    3
   19   28    6
   24   20    3
    6   20    4
    8   30    3
   25    6    3
   25   18    6
   11   19    5
   21    4    3
   11   15    3
    5   20    3
   17   13    4
   23   15    4
   13    8    4
   20   14    4
   12   17    3
   29   20    3
   24   18    3
    3   21    4
   19   30    3
   15    3    3
