Rock1Type Rock2Type Rating
    8    4    1
   21   29    6
   12   27    1
   16    4    4
   10   16    1
   19    9    1
    7   23    1
   23    3    1
   25    5    1
   12    7    1
    6   30    1
   13    4    1
   13   10    1
   24    7    8
   28   13    1
   16   29    1
   12   24    1
   18   21    1
   14   22    1
   23   18    1
   30   12    7
   28   16    1
   30   22    1
   18    9    1
   14    7    1
   11    3    1
   25    6    1
    3   17    8
    5    8    1
    9   13    1
   27   30    7
    4    7    1
    9   29    5
   11    4    9
   20   15    1
   19   12    1
   10    1    4
   25   27    1
   27   17    1
   12   26    1
    1   25    1
   14   10    4
   18   20    1
   16    6    1
   25   15    3
   10   18    1
   11   22    1
    7    3    1
    4    3    1
   15    8    1
   23   30    1
   15   11    1
   10    2    6
   10   17    1
   19   20    1
   17   21    1
    3    6    1
    4   30    4
   11   24    1
   19   29    1
   12   15    1
   20    6    1
    7   16    1
    2   18    1
   14   30    4
   19    6    1
   24   14    1
    1    3    5
   12   10    1
   18   25    5
    4    9    1
   11   14    1
   28    6    1
   20    4    1
   16   12    1
   29    7    1
   24   17    1
    5   12    1
    5   30    1
   26   20    1
   18   13    1
   27    6    1
   28   21    1
    7   18    1
   12    4    1
   29   14    1
    7   27    1
    6   12    8
    2   11    3
   20   21    1
   20   16    1
   21   15    1
   17    4    1
    2   13    1
   21   10    1
   27   20    1
   14    9    1
   20   17    1
   27    9    1
   24    4    1
   16    2    1
   23   26    6
    1   24    1
    2   12    1
   27   16    1
   28   12    1
   23   27    1
    3    9    1
   26    3    1
    5    3    8
   23    2    1
   17    8    1
   13    7    1
   11   13    1
   28   10    1
    2   15    1
   16    5    1
   27   18    1
    8   27    1
   19    1    1
   27   22    1
    9   16    1
   15   17    1
   12   13    1
   17   23    1
   29   22    1
    5   23    1
    1   18    2
   22   28    1
    8   22    1
   13   29    1
   17   30    1
   28    8    1
   12   29    1
   21   25    1
   25    8    1
   13   30    1
   15   23    1
   24   29    1
   16   22    1
   14   28    1
   21   19    1
    8   13    1
    7   28    1
   28   17    1
   22   17    1
   10    8    1
   14   13    1
   29   23    1
    4   14    1
    7   17    1
   11   16    1
   20    7    1
   27    1    1
    1    4    9
   23   14    1
   29   27    1
    3   19    1
    8   24    1
   16   19    1
   27   15    8
   10   27    1
    3   29    1
   19   13    1
    7   21    1
   10    6    1
    9   30    1
   28   24    1
   22   10    1
   30   16    1
   26    8    1
   20    5    1
   16   14    1
   30   25    1
   10   15    1
   19   10    1
    8   30    1
   28   20    1
    5   27    1
   18   16    1
   13   24    1
   25   11    1
   26   24    1
   19   30    1
    3    8    1
    4   15    1
   22   26    1
   13   17    1
   14   26    1
    1    8    1
   21    3    1
   21   30    1
   24   30    1
   11    8    1
   20   11    1
   16    3    1
   30    3    1
   27   21    1
    9    6    1
   19   25    1
   27   11    1
   12    9    1
    9    2    1
   18    4    1
   10   24    1
    4   29    1
   25   12    1
   30   20    1
   12   23    1
    5    2    1
    8   18    1
    8   20    1
   11   19    7
   10    5    1
   14   15    1
   21   16    1
   24   22    1
   29   18    1
    6   26    4
   27    3    1
    9   26    7
   22   18    1
   17   19    1
   27   26    4
   15   22    1
   10   29    1
   17    2    7
   16    8    8
    8    6    1
   11    6    9
   26    4    1
   28    3    1
    9   28    1
   16   17    1
    7   26    1
   30   29    1
   11   21    5
   20   14    1
   26   16    1
   17   18    1
   12   22    1
   13    3    1
   21   24    1
   13    1    1
    6   15    3
    1   28    1
    9    1    1
   17   29    3
   19   15    1
    4   25    1
   30   18    1
   27   19    1
   23   28    1
    7    1    1
    9    7    1
   15    7    1
   20    9    1
    7    2    1
   30    7    1
   29    2    1
    8    9    1
   25   17    1
   24   27    1
   26   19    1
   23   21    1
   29   25    1
   18   26    1
    3   15    1
   28   27    1
    9    5    1
   12   11    1
   19   28    6
    1   21    1
   30    1    6
   22   20    1
   25   23    1
   20   29    1
   21   13    7
   21    9    1
   22   23    1
    3   25    1
   23    4    1
    5   21    1
   15   30    1
   12    8    1
   25   20    1
    1   20    1
   30    2    1
   25   16    1
   15    1    1
    2    8    1
   26   10    1
   26   25    1
   18   28    1
    2   24    1
   12   14    1
   19    4    7
   19    8    1
    9   22    7
   14   18    8
   21   22    1
    8   29    1
    3   10    1
   12    3    1
   16   13    1
   17    5    1
   13   27    1
   22    1    1
    9   11    8
   26    5    1
   26   15    7
   20   12    1
    6   29    1
    7   11    1
   12    1    1
   25   14    3
    1   29    4
   28   25    2
   12   17    7
   11   23    1
   10   25    8
    4    6    8
    4    2    8
   21   26    1
    3   24    1
   21    4    6
   15   29    1
   20   13    2
    6    1    2
    5   15    2
    6   22    2
   29   28    1
    3   20    1
    6   21    1
   25   24    1
    2   22    1
    1   16    1
   14   17    9
    6   17    1
    2   20    1
   19    2    2
    9   23    1
    5    1    3
   16   24    4
   30   26    3
    4   22    1
   28   11    1
   23   20    1
   19   22    1
    2    3    1
   14    6    1
   23   13    1
    7   22    1
    6    2    1
    6   24    1
    8   23    1
    9   24    1
   22   13    1
    5   11    1
   21    2    2
   10   11    2
    5    6    3
   27    4    9
   16   15    3
    5   18    3
   24   20    3
   30   11    1
   23   10    2
   10   30    9
   18   24    1
   21   14    9
   29   26    1
    5   24    1
    5   14    1
    2   28    1
   19   14    7
    1   26    1
    5    7    1
   22    5    1
   19   23    1
   18    3    1
   24   19    1
   15   13    1
    8   21    1
    7   19    1
   26   11    1
   11   17    1
    1   11    1
    2   14    9
    2   26    1
   19    5    1
   25   13    1
   27    2    1
   29    5    1
   21   12    9
    6    7    1
   14    1    9
   13   26    1
   14    3    1
   13    5    1
    9   10    1
    1    2    9
   16   23    1
   26   28    1
   18   19    9
    4    5    1
    7   25    1
   24   15    1
   23    1    1
   14   27    1
   11   29    1
   23    6    1
   20   10    1
   18   12    1
   17   26    1
   18    6    1
   28    4    1
   17    1    1
    6   13    1
   14    8    1
    7   10    1
   11   18    1
   28   15    1
   22    3    1
   24   23    1
    7    8    1
   25    2    1
    4   10    1
   30   28    1
   22   25    1
   17    9    1
   15    9    1
   15   18    1
   28    5    1
    9   25    1
