Rock1Type Rock2Type Rating
   24   11    4
    3   14    3
   19   27    4
   29    4    1
   25   26    6
   25   11    2
    8   16    8
   13   20    3
   27    1    2
   17   27    2
    5   26    2
   12   23    1
   30   27    1
    1    4    9
    2   21    9
    8   29    4
    9   19    3
   13   26    6
    6   30    9
    7   16    5
   10    1    5
    1   18    8
   17    1    3
   16    4    5
   17   23    4
   26    9    3
   30   12    7
   15   28    9
   29   21    5
   21   13    5
    2   15    6
    5   27    3
   19   20    4
   12   20    3
    9    5    2
   13   23    1
    6   19    5
   27    9    4
   20   22    1
    7   15    1
   12   24    1
    9    6    5
   10   26    3
    1   13    3
    8    3    2
   26   17    7
   27    4    3
   13    9    5
    8   15    2
    2   19    4
    4   11    7
    2    3    3
    3   12    2
    5   17    4
    5   11    1
    2   12    9
   13    2    7
    4    3    8
   14   19    5
   14   26    4
   22   25    4
   17    6    6
    9   10    4
   14    5    2
   21   27    2
    8   22    2
    6   21    7
   25   21    7
   26    4    4
    7   24    8
    8   12    3
   29    1    3
    9   16    6
   13   22    2
   17   28    6
   15   26    7
   23    6    7
   16   11    5
   17   14    6
   24   26    4
   10   22    3
    8   21    3
   29   19    4
   11   13    4
   25   23    3
   15    5    3
    2   28    6
   18    5    3
   11    9    5
    3   27    3
   19   22    2
    1   28    7
    3    1    7
   10   25    5
    3   23    4
    5    2    3
   23    7    6
    9    2    6
   16   20    3
   24   14    9
   25   16    9
    9   15    4
   28   26    3
   22   14    5
   12    6    9
    5   13    4
   27    2    7
   11   10    6
   29   17    6
    8   28    4
   14   15    7
   21   22    5
    6    5    3
   21    4    6
   30   11    3
   17   24    9
    7   20    4
   16   15    4
    5   21    3
   12    1    3
   21   15    3
   10    8    3
    1   11    4
    8    5    2
   25    3    6
   22    4    7
   23   24    6
    8   11    5
   25   28    4
   16   18    5
   28   12    5
   11   26    5
   13    3    4
   20    1    5
   27   29    3
   11   17    5
   23    1    4
    7   12    4
   21   20    3
    6    1    6
   26    7    4
   24   28    4
    7   10    4
    6   28    3
    9   17    6
    6   24    7
   15   29    6
   20    3    3
    1    5    6
   12   26    5
    4    7    6
    6   26    6
   23    8    4
   13    6    7
   21   28    3
    3   17    6
    9    4    4
    3    6    6
   19   15    4
   24    2    3
   24    4    2
   19   21    6
    4   17    3
   12   22    3
   10   24    3
   11   28    6
    6   27    7
    2   20    7
   16    1    3
   20    8    2
   20   30    7
   18   17    2
   14   21    7
    1    7    3
   17   30    4
   29   28    3
    3   16    6
   11   12    7
    4   28    4
   22   24    3
   27   24    2
   30    4    6
   21   18    3
   17    7    3
    7   11    3
    2    8    5
    3   21    4
   14    8    7
   15   13    4
   30    5    1
   22   27    6
   22    9    1
    8   19    6
    7    9    5
   29   11    4
   15   17    7
   25   24    3
    3   10    4
   18    7    3
   30    3    4
    9    8    6
   28   23    7
   20    4    4
   26   16    4
   26   29    4
    9   12    6
   24    3    4
   15   12    4
   11   19    4
   18   30    5
   22    6    4
   23   14    4
   15    1    6
   19   26    7
    4   23    6
    9    3    5
   25    6    6
    9   21    4
   23    2    5
    1   26    6
   11   21    6
    2   26    7
   17   19    8
   14   25    4
   27   28    3
   10   19    9
    3   26    4
   18   20    4
   16   23    6
    4   15    9
   14   27    7
    4   25    4
   29   23    4
    6   10    7
   18    2    4
   27   16    4
   20   24    4
   16    2    6
   30   23    4
   24   30    3
   30    7    3
   10   16    6
   21    7    4
    6   11    4
   25   30    3
   19   18    6
    1   14    7
   27   10    6
   13   24    6
   14    6    7
   18   12    7
    6   29    4
   30   16    4
   27   23    7
   10   15    6
   22    5    5
   24   21    6
   25    9    4
   28   14    6
   25   17    4
   29   30    1
    8    4    3
   10    5    4
   23   26    4
   29   24    3
   30    9    4
   14   18    3
   15   27    3
   27   20    3
    2   14    3
    2    6    4
   22   26    4
   12   21    6
   28   19    6
    5   20    4
   13   27    5
   13    8    4
   27   25    5
    4   18    9
    8    7    9
   13   30    5
   26   20    4
   15   25    7
   11    2    7
   28   10    6
    7   19    7
    6   20    4
   28   16    3
   20   29    3
   23   15    3
   24   19    4
    2    1    4
   10   21    4
   15    3    4
   13   14    6
   24   18    3
   10    2    7
   12    4    5
   22   17    4
   30   15    3
   13   29    5
   29    7    4
   17   10    5
   14    4    4
    7   13    4
    8    6    6
   10   14    6
   16    5    5
   27   18    7
    3   18    4
   16   24    5
   28   13    4
   25    8    4
    3   28    3
   15    6    4
    8   27    4
   14   16    3
    2   30    7
   18   23    4
   24    5    5
   12   27    4
   22   15    7
   11   27    3
   22   18    4
   11    3    6
   21    1    4
   11   18    3
   26   27    3
    9   20    3
   16   12    7
   25   12    4
   28    9    3
    5   12    4
   20   23    4
   10   23    5
   29   22    4
   13   18    7
    4    2    7
   14   29    4
   28   20    7
   20   10    9
    3    5    4
   10   18    7
   20   11    5
    6    4    6
   16   29    7
   23   21    4
   30   14    4
   25    7    4
   12   14    5
    4    5    4
   22   30    4
    9   18    5
   24    9    4
    8   26    6
   20   14    4
   12   13    5
    8   24    8
    1   24    4
   22    7    3
    4   19    3
   22    3    6
   18   15    8
   26   18    5
   27    7    4
   19   13    9
   25   29    3
    2   25    4
   29    9    7
   26   30    3
   13   10    5
   29    5    4
   17   20    1
   13   25    2
   11   23    2
   23   22    2
    3   19    6
   28    7    4
   19    5    4
   29    3    3
   19   12    4
    2   17    5
    2    7    3
   17   12    3
    1   25    6
    8   30    2
   25   19    7
    5    7    3
   23    9    2
    2   29    6
   29   18    3
   22    2    2
   16   17    2
   21   17    8
   30   21    8
    1    8    4
   10   12    5
   16   22    4
   30   10    3
    9    1    3
   29   10    6
    5   25    5
    1   19    7
   18    8    3
   16   19    3
    1   22    7
   30   28    4
   21   26    7
    4   10    3
   12   29    2
   21   16    7
   14    9    5
   18   25    7
   16   13    6
   18    6    4
   17   13    5
   23    5    3
    6    7    5
   23   19    4
   18   28    1
   28   22    2
   28    5    3
   14   11    7
    8   17    9
   30   19    4
    3    7    3
   11   15    2
   11   22    2
   25   20    2
   24   15    2
   13    4    2
    6   16    7
    1   30    7
   20   15    4
    7   14    6
