Rock1Type Rock2Type Rating
   17   16    3
   10    2    4
   19   17    3
   18   28    1
   14    4    4
    5   13    2
    6   30    3
    7    9    2
   20    1    1
   16   27    1
   26   14    3
   28    6    2
   20   23    3
   14   10    3
    4   30    3
   14   19    3
   24   27    1
   21    4    3
    4   16    4
   23   19    1
   28    2    4
   19   11    6
   11   22    2
   25   18    5
    5   15    4
   22   10    2
   22   15    3
   18    2    7
   13    7    5
   22    3    3
   21   16    4
   10   12    3
   16   12    4
   20   16    4
    4   17    4
   14   20    3
   27   23    4
   14    3    3
   13   18    3
    7   11    4
   15   16    3
   17   12    4
   21   27    3
   10    3    4
   19   20    4
    1   17    5
   10   13    4
    5   28    6
    1   22    5
    3   24    6
   12    4    7
    3   25    8
   11   17    6
   10    5    4
   14   12    6
    5    8    6
   28   25    6
   12   28    4
   28   11    5
    7    4    6
    4    2    8
   19   24    7
    3   26    7
    4   28    4
   13   25    6
   23    2    5
    8   14    7
    9   11    4
    2    9    4
    8    6    4
    6   15    4
   21   15    4
   19   18    7
   25   19    6
    9   26    8
   19    2    7
    5   24    5
    7   24    8
   30   24    6
   13   16    9
   15    9    5
   28    9    4
   17   27    4
    5   14    5
   29   13    4
   15   24    3
    3    5    7
   26   22    3
    4   29    3
    7   26    6
   10   21    5
    3   18    6
    1   21    5
   26   13    7
   12    7    5
   17    8    9
   24   14    5
   10   27    6
   18   20    5
    8    2    4
   29   15    4
   30   21    8
    1   24    5
    3   13    6
    9   13    5
   21    2    6
    5   12    3
   16   26    5
    5   21    3
   19    4    8
   20   24    5
   28    8    4
    3   23    4
   20    3    5
   25   29    4
   20   27    5
    1   25    4
   11   23    3
   17   10    4
   15    8    3
   30   29    2
   13   12    5
   24   22    3
   23   15    2
   14   23    3
   26   23    7
   25   16    7
    2   16    7
   26    4    6
   18   26    4
   30   26    5
   21    6    9
   14   16    7
   11   30    6
    7    8    7
   27    4    4
   15    7    3
   16    9    5
   10   28    4
    8   22    2
   12   24    3
    9   23    7
    2   22    3
    3    9    5
    8   23    5
   20   11    5
   27   12    3
   14   27    2
    6    5    4
   12   21    9
   26   20    5
    1   27    4
    8    9    3
   10   20    6
    4   24    5
   27    7    4
   17    3    7
    2    1    8
   23    1    4
    8   30    3
   19   27    4
   12   26    4
   13    6    5
   14    9    4
   18   11    6
   25   20    7
   30    5    3
   12   22    2
   15   26    5
   19    3    8
   19   29    3
   24   28    1
   25   15    9
    3   30    4
    4    8    4
    8    1    6
   17   26    6
   11    5    5
   20   28    4
    5   19    7
   17    2    4
    3   21    3
   18    8    3
   23   18    2
   18    1    9
   19   26    6
   26   10    4
   14    2    9
   27    6    3
   29   11    2
   22    4    4
   30   19    4
   30   14    8
    9   30    3
    7   25    2
   25   21    4
   14   28    3
   15    2    5
    3   29    3
   29    1    2
   24   16    5
   26    8    6
    1   19    9
   24   23    5
   17   18    6
   26   21    6
   12    1    4
   19    9    5
    4    9    6
   17   28    4
   28   27    7
   28   22    4
   10   25    8
   13   14    7
    1    5    6
   30   13    8
    6   12    9
    4   10    4
   13   15    3
   24   26    4
   18   30    5
   12   18    6
   14   11    8
   22   16    4
   16   19    5
   16   28    4
   23    7    4
    2    5    3
   20   21    5
   28   26    3
    7   30    2
    9   17    6
    8   16    7
    6    9    2
    3    2    3
   26    6    4
   17   13    8
    7   29    3
   12   23    2
   21   28    3
   13   24    5
   28    3    4
   23   13    4
   29    8    4
   29   14    3
   10    6    4
    9   10    3
    9   29    6
    9   21    3
   17   20    5
   29    2    3
   10   16    4
   16   23    3
   24    9    6
   22    6    1
   22   23    1
    2   24    4
   30   10    5
    5   22    3
    7   22    2
   29   26    5
   20   12    5
    6   16    4
    6   25    3
    4    3    8
   19    6    4
   30   15    3
   15   28    8
   27    8    5
   14    6    8
    8   20    3
    6    2    6
   18   24    5
   21   13    6
    4   11    8
   15    1    7
    8   13    8
    9   18    4
    2   26    5
   15   20    4
    9   27    3
    2   12    7
    3   27    4
   15    4    3
    1   10    6
   24    8    6
   21   18    4
   14    1    5
   11   15    3
   26   25    7
   15   17    5
   10   24    4
   19   10    6
   15    3    5
   20   30    6
   28   23    3
   14   17    7
   21    8    6
   23   17    7
   11   12    8
   15   27    9
    6    4    8
    6   23    3
   20    9    4
   30   12    7
    4   13    8
   20    4    6
   18   29    4
    5    9    4
   22   20    3
   24    6    4
    8   25    6
    3    1    6
    8   12    4
   11    6    7
    2   27    5
   15   18    9
   14   18    4
    5   17    3
    1   30    7
   22   27    4
   22   19    5
    9   12    3
   25    5    4
   28   30    3
   17    7    4
   23   25    3
   19   13    2
   25    4    5
    7   20    4
   29   21    2
   17   30    6
   20    6    6
   29   10    3
   22   17    4
   25   22    2
   11   16    5
   28   19    6
   30   16    6
   13   11    5
   29    6    2
   21   11    7
   16    7    8
   10    7    4
   27   11    5
   20    5    6
    1    6    3
   13    1    2
   19    7    7
   25   17    5
   11   25    4
   11    3    8
   25    9    7
   13    2    3
    9    1    7
   20    2    6
   15   12    2
   21    7    3
   27   13    2
    1    7    6
   30   23    2
   17   24    8
   26    1    3
   25   24    5
    5   16    3
   16    3    6
   14   22    1
    3    6    2
   14   25    3
    3   12    2
    7    2    3
   16   29    4
   30    2    6
   18   22    2
   30   27    3
   30   22    1
    5   18    2
   13   20    3
   18    6    2
   25   27    4
   14   15    3
    1   11    7
   27    5    4
    7    3    4
   23   21    3
    1    4    4
    4    5    6
   22   29    3
    2   25    7
   23    5    2
   29   12    1
   28   13    4
    5    7    7
   22    9    3
   29   23    7
   29   17    6
    8   10    4
   22   13    3
   21   22    1
   19   21    4
   19   15    5
   29    5    3
   18    7    4
    4   23    6
    7   28    3
   25   30    4
   24   11    7
   12   25    2
   26   11    3
   14    7    5
   16    1    6
   14   21    8
   27   26    7
   27   18    8
   11    8    6
   21   24    5
   29   20    4
   29   28    3
   11    2    7
   24   29    6
    6   17    6
   18    4    7
   15   10    8
    8   19    5
   29   27    3
    5   26    4
    8    3    5
   18   16    4
   17   21    4
   28    1    8
    7    6    4
   10   11    4
   19   12    4
   18   10    7
   10   23    4
