Rock1Type Rock2Type Rating
   21    5    3
   28   17    2
   21    8    4
   30   15    4
   24    3    7
   25   13    5
    1   24    4
   20   12    4
    5   22    4
    1    4    6
   25   29    4
   28   23    3
    7   12    4
   22    9    5
    2    6    7
   28    4    2
    1   26    4
    4   23    4
    8   13    5
    5   18    4
   19    5    5
   24   27    4
    6   29    4
   22   20    3
   21   20    3
    5   16    6
    4   30    6
    9   21    3
   27   23    5
    7    6    6
    6   23    3
   14   18    6
    2   12    7
    5   12    4
   21   26    4
    5    2    3
   27   26    5
    8   14    4
   12   17    3
    6   18    3
   18   26    4
   27   14    4
   23    2    4
   27   15    8
   30    3    3
   21   23    3
   13   18    5
   15   19    7
   22    8    3
   24    6    5
   12   26    4
   22   15    6
   14   29    3
   12    4    7
   24    8    9
   15   20    7
   24   23    7
    4   16    8
    4    9    5
   11   26    3
   22   12    3
   14    6    2
   13    5    5
    8   28    4
   17   19    7
    8   27    4
   11   24    4
    5   10    5
   26   24    6
    9   26    7
    6    8    4
   17   23    6
    7    3    7
   10    1    9
   17   26    7
    1    7    5
    5   28    7
    9    7    5
   26   25    7
    8   29    3
   11   16    5
    4   13    8
    3    8    9
   29   11    4
   15    5    7
   23   19    3
   11    1    9
   11   19    9
   21   16    7
   24    9    9
   25   16    4
   22   18    7
    1    8    8
    6   17    5
   14   11    7
   19    4    9
   10   28    8
   24    5    5
   29   13    3
    9   20    5
    2    7    3
   11   25    5
   15   24    6
   26    3    6
    7   13    6
    2   16    7
   11   27    6
    1    3    9
   22   19    5
    3   11    6
   12    1    7
   25   20    8
   13    1    8
   13    2    8
    2    9    6
   20   23    6
   17   20    5
   21   10    6
   26   28    5
   29   12    2
   19   21    7
    5    1    8
    9    8    8
   28   19    8
   25   19    7
    9   16    6
   10    9    6
   15   26    6
    6   12    9
    8   17    8
   20    7    6
   15   12    3
   13   17    8
   27    7    4
   27   13    4
   11   23    3
    8   26    5
   21   14    8
   14   10    6
   13    6    7
   28   29    3
    2   22    3
   20   13    5
   28   14    6
   19   29    4
   25   17    5
   13   24    6
   17    2    5
   11   18    7
   15   25    8
    3    5    8
   14   25    6
   11   20    4
   20    8    5
   18   24    5
   23    1    3
   23   29    7
   26    5    5
    8   12    4
    7   15    4
    2   30    6
    6    5    3
    9   29    6
   29   15    5
    9    1    4
   13    3    7
   24    2    5
    7    4    7
   13   19    7
    3   28    5
   17    4    5
   29   21    5
   30   16    4
   26   30    7
    4   25    4
    8   11    6
   10   13    6
   16   18    6
   10   17    6
   21   17    6
   27   18    7
    9    3    6
   13    9    6
   25   18    6
   16   22    4
   29    5    4
   15    2    7
   25    3    3
    1   25    4
   29   10    4
   11    6    3
    1   18    7
    3   19    7
   14   20    4
    7   19    5
    9   18    4
    6    3    3
    2   26    7
   20   18    6
   17    7    6
   22   21    3
   18    7    3
   14    9    5
    5    4    4
    9   27    3
    1   27    3
    9    5    4
    7   11    3
   15   16    4
    8    4    7
    1   21    7
    3   12    5
   23   14    4
    6    4    4
    3    4    7
   12   14    8
   20   10    8
    7   30    4
   14   24    4
   28   18    5
   15   10    6
   22   10    5
    9   19    5
    7   29    4
    3   18    5
   25    5    5
   19    2    6
   25   24    5
   23    9    5
    7   25    3
    7   28    3
   20    3    3
    7   22    3
   27    2    5
   19    6    4
   28   25    6
   27   19    5
   17   27    4
   20    5    4
   10    7    4
    4   18    6
   24    4    4
   14   17    7
    2   28    5
   11   28    5
   12   13    6
    8   30    5
   26   16    4
    5   11    6
    2   20    4
   11   12    6
   30   13    5
    6   28    4
   22   26    4
   24   21    3
   22   30    3
   11    2    7
   27   12    4
   12   18    3
   15   13    5
   23   12    4
   20   28    6
   14   22    3
   25   12    2
   11   22    4
   25   10    7
   21    4    8
   20   29    3
   29   22    3
   17   16    7
   15   17    4
   13   28    4
   15   18    8
   21    6    9
   22    1    6
   20   27    5
    3   10    4
   10   23    3
   19   30    3
   26   23    7
   27   21    4
   27   25    6
   19   10    5
   16   23    5
   26   13    6
   11   13    6
   30   24    3
   27   28    4
   15    8    3
   19   20    4
   11    9    3
    8   16    6
    1   14    7
    2   29    4
   30    1    3
   27    6    3
   23    7    4
   12   10    3
   27   16    4
   16   24    5
   24   10    3
   21    7    3
   15    4    6
    8   25    3
   17    5    3
    8    2    5
    4   29    4
   28   30    3
   29   16    3
   17   18    6
   21   30    9
    7   14    4
   30   17    4
   28   12    3
   22   28    4
   14   13    6
    9   28    4
   22    3    3
   14   19    7
    1   29    4
   22    4    5
   10   30    7
    1   15    6
    4   26    5
   28    1    5
   20   16    6
   15   28    7
   29   17    4
   30   20    6
   30    6    6
   15   11    4
   12    9    2
   25    6    1
   21   11    7
   13   16    9
   27    3    3
   12   19    4
   27   29    3
   29   18    3
    8   18    3
    1    2    7
   14   15    4
   23    3    5
   27   30    3
    4   20    3
   16   28    3
    3   29    2
   16   10    3
    4   11    6
   13   21    6
   17    9    6
    9   15    7
   24   17    6
    6   26    5
    1   17    4
    6    9    3
   25   21    3
   19    8    5
   25   22    3
    2    4    5
   24    7    6
   23   13    6
   10   27    5
   24   28    4
    3   14    4
   30   11    6
   10    2    7
   19    1    8
   21   18    5
    9   25    7
    2   18    7
   20    1    7
   12   21    9
   17   11    5
   23    8    4
   15   23    4
   16    6    4
   15    6    4
    3   21    4
   10    4    5
   14    5    3
   16    1    6
   23   18    3
    2   14    7
   14   26    6
    2   25    6
   16   19    7
   30    5    3
   29   26    4
   17    3    7
   28   21    2
    9   30    2
   29   30    2
   26   19    3
   25   30    7
    8    7    6
    7   16    6
   18   10    8
   20    6    5
   23   22    4
   18   19    5
   21   15    3
   26   10    2
   30   12    7
    7    5    4
   20   26    5
   24   19    6
   15    3    4
   23   25    5
   16    3    4
   26    7    3
   14   30    7
    5    8    6
    3    2    3
   10   11    3
   22   27    4
   12   16    5
   24   29    6
   14    4    7
   30   18    6
   24   12    2
   30   23    1
   22    6    1
    4   27    5
   20   24    4
   13   22    4
   10    6    6
   10    8    5
    5   23    5
    6    1    5
   27    5    7
   14   16    7
    2   21    8
   22   17    4
   24   22    3
