Rock1Type Rock2Type Rating
   18   27    3
   15   23    1
    4   29    1
   25   27    5
   27   23    4
   28   12    5
   18   15    7
    2   18    5
   24    7    3
    6   12    8
   26   22    1
   18   17    1
   15    9    1
   16   27    2
    8   30    1
   11    9    1
    3   11    4
   24    5    3
   11   24    4
   18    6    1
   17   10    1
   22    3    1
   21   18    1
   30   12    1
    7    3    2
   28   22    1
    5    6    1
   23   30    1
   19   25    5
    4   21    2
    1    7    1
   16   26    3
   19   23    2
   29   26    6
   29    6    1
   13    7    5
   24    1    3
    9   28    1
   26   17    1
   11   14    4
   15    1    3
   18   24    1
   28    1    1
   16   19    5
   11   27    1
   21   30    8
   21   10    6
   20   14    5
    5   27    6
   12    5    2
   21   11    3
    9   29    4
   17   24    3
   17   13    7
    1   10    4
   17   27    1
   22   16    1
   28    7    1
   27   30    2
    2    7    3
   24   14    2
    8   13    4
   25    7    2
   20   22    1
   25   14    3
   14    7    2
   19    9    1
    2   16    5
   24   30    1
    6    1    1
   29   17    4
   18    8    3
    7   30    1
   16   10    5
   13    3    3
   24   13    1
   12   19    1
    1   11    9
    7   22    1
    2   14    8
    5   26    1
   24   20    2
    4   24    1
    7   10    2
   12   16    1
    4   17    3
   26   10    4
   14   19    3
   12   29    1
   12   11    1
   18   13    3
    8   27    1
    8    1    2
   12    7    1
    9   10    1
    1   30    1
   19   17    5
   25   26    6
   21   12    7
   11   23    1
   23   25    4
    6   28    1
   14   16    7
   28    2    1
    1    5    6
    1   19    4
    9    6    1
   19   20    2
   11   29    1
   19   24    4
   13   16    8
   29   13    5
   10   14    4
   27   21    1
   13   11    2
    4   22    1
   22   21    1
   17   15    2
   25   22    1
   17   20    2
   23    6    2
   21   16    1
   17    1    2
   20    3    1
   15    6    1
   26    6    1
   24   15    1
   22   23    1
   25   28    1
   27   14    1
    6   14    2
   18   19    2
   27    4    1
    3   23    1
   13    6    1
    5   28    1
    3   30    1
   13   28    1
   24   25    2
    1   14    4
   12   13    1
   15   12    1
   11    8    5
   18   20    4
   23   21    1
   26   28    1
   22    9    1
   24   21    1
   19   28    1
    4    2    1
   18   29    1
    4   11    7
   10    2    9
   19   10    5
    7   16    4
    6    2    1
   24    6    1
    7   23    4
    2   13    2
   15    5    1
   15   19    1
   26   13    1
    8    5    1
   29   28    1
    4    8    2
    4   23    1
   20    7    2
    9   17    5
   24   16    3
   25   12    1
   15   30    1
   26   15    1
   15   28    2
    4   10    3
   20   16    2
   22    6    1
    9   14    1
    4   19    5
   13   22    1
   23   24    2
   30   22    1
   29   30    1
   17   22    1
    8   22    1
    8   29    2
   14    4    3
   17   21    1
   16   15    1
   14    3    2
   27   29    1
   22    5    1
   10   29    2
    5   14    1
   13   21    1
   13    4    1
   17   11    2
   29    1    1
   27   15    8
    5   25    4
    8   16    6
   26   21    1
   30   18    2
   29   14    1
   20   21    1
    5   30    1
    6   27    1
   26    1    1
    1   23    1
    2    5    1
    9    1    1
    3   29    1
    5   16    1
    1    4    7
    6   17    1
    5    9    1
   23    5    1
   29    2    2
    4    6    1
   18    1    4
   12   10    1
   20   25    5
   25    4    3
    1   27    1
    1    2    2
   18   11    2
    2   11    2
   30   25    1
    1   22    1
   27   26    1
    1   25    2
   18   16    3
   17   28    1
    3   17    5
   12   23    1
   19   29    1
   28   10    1
    3    5    2
    8   12    1
   14   12    1
   24   28    1
   26   20    1
    6   16    1
   14   22    2
    9    3    1
    8   24    3
    6   30    1
   22   29    1
   21   28    1
   22   27    2
   17   12    1
   16   17    3
    5   11    2
    1   20    2
   20   13    1
   19   11    3
   15   11    1
    3   24    1
    2   20    2
    8   15    1
   29   20    1
   25   21    1
   22   24    1
   12    4    1
    9    8    4
    4   16    3
    9   18    1
   30    9    1
   14   13    2
   12   27    1
   11    6    2
   21   15    1
   13   19    3
    7   15    1
   10   23    3
   29   15    1
    8   26    1
   19    5    2
   18   10    2
   20   15    1
   16    3    4
   18    7    2
   23   26    6
   28   30    1
   14   30    3
    9   27    1
   10    8    2
   10   20    3
   18   28    1
   19    2    2
   19    7    3
    8   21    1
   23   16    2
   19   21    1
    7   29    2
   15   22    2
    2   17    2
   25   13    1
    4   20    2
   18   25    2
    3   25    1
   19    8    3
   21    6    1
   30    2    7
   26   14    2
    2   24    2
   14   23    1
    9   26    1
    2   25    2
   20   30    1
    3    1    4
   26    2    3
    7   26    2
    5    7    2
   18   22    1
   28    3    1
   17    5    1
    8   14    2
    2   12    1
   23    2    2
   22   12    1
   22   10    1
   21    1    2
   21    7    1
   14   17    2
   19    6    1
    3   21    1
   19   27    2
   17   25    3
    6   10    1
   28    8    1
   13   10    2
   10   24    1
    6    7    1
    8    6    1
   19    3    4
   13    9    2
   30   17    3
   14   18    6
    4    9    1
    4    5    6
   12    9    1
   20    6    1
   14   28    1
   16   11    1
   19   26    1
   26   18    2
   12    1    1
   11    7    1
   10   30    3
   10    5    1
   19   30    2
   18    4    3
   25   10    4
   20    9    1
   20    5    1
    4    7    2
   15   10    3
    4    3    4
   24   26    1
   13   23    2
    9   24    2
   11   25    2
   11   26    1
    5   13    2
   17   23    2
   24   12    1
    8   23    2
    5   21    1
    8    3    4
    6    3    1
   30   26    3
    8   25    2
   13   30    1
   28   27    2
    9    2    1
   20   27    1
    3   15    1
    3   12    1
   28   20    1
   22    2    1
   20   12    1
   18   12    1
    2   27    1
   11   28    1
   29   24    2
   17    8    3
   11   10    2
   21    9    1
   13   15    1
   18   23    1
   23   28    1
   26    3    1
    9   23    1
    8   20    1
   10   27    1
   27    3    1
   25   15    2
    1   13    1
   27    7    2
   13   27    1
   14   21    2
   11   20    1
   26   12    1
   25    9    1
    4   15    1
    7    8    2
    2    8    1
   11   22    1
    9   16    1
   17    7    1
   18    3    1
   30    4    2
    2   21    2
   10    3    1
   21   29    1
   28    4    2
   25   29    3
   28   16    1
   25   16    3
   27   24    1
   25    6    1
    2    3    1
   20   23    3
   18    5    2
   29   23    3
    4   26    1
   29    5    1
   15    2    2
   30   11    2
   16    1    3
    9    7    2
   22   19    2
   16   29    2
   16   30    1
   15   14    1
