Rock1Type Rock2Type Rating
   17   24    7
   29   19    5
   12   14    8
    7   13    7
   18   13    7
   23   11    3
   19   24    4
   18   17    3
   10   14    7
   27   30    6
    3   20    3
   20   24    2
    5   22    1
   16    5    6
   28    9    2
   23    3    1
    6   29    1
    5   26    4
   21   28    6
   25   17    6
   25    1    8
   23   13    6
   29   21    5
   22   13    2
   24   26    7
    1    4    9
   10    2    9
   14    2    9
    4   27    3
   29    3    1
   27   16    4
   28   16    4
   15    4    4
    1   28    4
   28   14    3
    5    1    5
   29    8    2
    2   25    9
    7   25    1
    4   13    4
   29   11    1
   29   22    1
   11    4    8
    5   20    1
   27    7    1
   13    1    4
   19   25    4
   30   19    5
    4    6    3
   30    7    2
   25   11    7
   15    5    4
   17   27    1
   25   14    8
    5   23    1
    8   11    8
   11   22    4
   15   17    1
   17   16    7
   18    9    2
    2    3    3
   27   15    9
    6   23    8
   29   15    1
    4   14    9
   24   12    9
    7   10    3
   18   29    1
   11   15    4
   17   22    1
    2    7    1
   30    9    1
   16    3    9
   19   11    8
   14    3    8
   27    9    4
    6   21    9
    8    3    9
   19   14    8
    9   22    4
   13   24    4
   15    9    4
   10   18    3
    4   26    2
    8   21    7
   23    2    1
   28   26    3
    1    6    1
    2   18    8
   23   18    1
   19   22    1
    2   19    8
    5   14    4
   12    6    8
   15    1    5
    5   25    4
   29   10    9
   16   23    8
    3   18    5
    4   23    5
    2   15    9
    2   26    9
    4   21    8
    4    5    9
   22   12    5
   11    5    9
    8   10    8
   28   19    8
   10   24    4
    9   29    2
    6   17    6
   27   11    4
    5   19    6
    5    6    4
    1   18    9
    6   14    8
   24    9    8
   22   25    1
    7    4    4
   21   12    9
   16    8    9
   23   25    9
   24    3    8
    6   10    9
   12   11    8
   18   22    5
   16   20    5
   19    3    8
   22   30    1
   11    3    8
   16   30    8
   12   16    3
    7   22    1
   30    5    2
   29    2    7
   22   26    2
   24    2    4
   21   19    7
   21   30    7
    6   15    8
    5    2    3
   29   14    2
   14   17    8
   15   25    8
   26    3    5
   25   12    7
    5   21    6
   10   30    9
    5    8    7
    9    1    3
    9    4    9
   13   17    9
   27   22    2
    8   15    3
   25   16    8
   25    9    6
   21   25    8
    8   12    6
    3   27    5
    9   10    8
   23   12    4
    9   23    3
   26   11    6
   30    1    8
   17   11    7
   22   15    6
   15   12    7
    5   13    8
   28    5    8
   30    6    8
   18    5    7
   25   29    6
    7    9    7
   19    9    3
   27   13    5
    9   26    4
    6   27    6
   16   29    4
    7   16    3
   30    2    9
   27   29    4
   30   23    4
   27   23    3
   21   15    3
   28    6    8
    4   18    8
    7   23    6
    9   12    4
    6    8    3
   15   18    9
   26   25    4
   23   21    5
   12   20    7
   11   20    7
   13    8    3
   20   23    6
    5   12    3
    8   27    3
   24   27    3
    9   21    1
   14    7    1
   19   23    2
    3   15    3
   15   20    1
   16   22    1
   10   19    7
   24   30    1
   25   30    8
   23    1    1
   20   30    8
   13   11    6
   21   11    6
    4   19    7
   28    4    7
   25    6    6
   17   30    4
    5   27    6
    3    7    6
   26   13    6
   17   28    1
   21   18    1
   18   27    6
    8   20    1
   16   24    1
   26   21    2
   12   28    3
   23   15    6
   20   17    2
   21   10    8
   10   23    6
   28   29    1
   19   17    6
    3   12    7
   28   18    9
    6    7    7
   26   14    7
   14   22    4
    3    6    7
   25    3    6
   25   28    6
   21    7    4
   26   29    4
   13   14    7
   30   15    2
   16    4    8
   22    6    1
   10   22    1
    1   24    4
   28   20    4
    2    8    6
   30   12    6
   28    3    6
   11    2    6
   15   14    7
   19   27    7
   27   25    7
   15    7    3
   15   28    8
   24   15    2
   21   22    1
    7   20    2
   16   11    7
    1   27    6
   13   28    7
   17   26    4
   21   17    6
   24   23    1
   19   13    7
    2   27    6
    5    3    7
    6   26    6
   18   14    4
   28   10    7
   26   30    7
   18   19    6
    1   17    3
   30   11    7
   20   19    2
    6    9    8
   24   21    3
   18   20    7
    3    1    1
   18    7    1
   22    3    5
   29   20    3
   18    8    4
   13    6    6
   10   15    6
    4   30    8
   24   25    6
    8    9    7
   16    9    6
   27   28    8
   24   11    4
   21   20    3
    1   16    7
   13   10    8
    1    2    7
   12    1    7
   16    6    7
   21   14    8
    1   10    9
   29   17    4
   10   16    6
   26   20    4
   24    5    3
    8   14    6
    4   22    5
   18   11    6
   29   12    3
    7   11    2
   12   17    4
   29   24    3
    7    8    7
    7   19    6
   24   28    2
   14    1    7
    4   25    2
    1   29    1
    3   10    5
   28    7    6
    2   28    7
    7   26    4
   25   13    7
   27   26    6
   14   23    3
    4   24    2
    5   10    1
   13   16    7
    1   21    4
    8   17    8
   15   26    4
   13   30    7
   20   25    3
   15   13    2
   18   12    7
   14   11    7
    6   11    8
   24    6    1
    6   19    2
   30   28    6
    8   30    3
   26    8    4
   20   10    8
    6    2    7
    7   12    4
   17    5    3
    8   24    2
    4   29    1
    3    4    7
   28    8    2
   12   13    8
   14   24    2
   25   10    7
   13   29    1
   22    2    1
    1    8    8
   21   27    7
   26   10    4
    3   30    2
    1   20    5
   12    2    7
   19    8    6
   13    2    6
   23   29    3
    7    1    1
   17    9    8
   20    2    7
   14   20    7
   18   16    7
    9   11    3
    4   20    2
   17   23    1
   20   22    1
   26   23    6
   24   18    1
   22   24    1
   16   14    6
    1   26    4
   16   19    6
    5    9    3
   10   12    6
    7   24    4
   10   17    6
   22   23    1
   15   19    7
    4   10    7
    3   13    8
   21    3    7
   27   10    7
   19    1    8
    2   17    6
   11    1    9
   12   27    7
   16   26    4
   13   20    3
   13    9    2
   23   28    4
   26   18    3
    4    2    7
   25   18    8
    2   16    7
   22    1    1
    2    9    7
    5   29    2
    4   12    7
    2   21    8
   14   30    8
    5    7    1
   15   16    7
   12   26    6
   12   19    4
   25    8    4
    6   20    6
   30   29    3
   10   11    7
   14    9    2
   28   11    7
    7   17    2
    3   17    4
    7   29    1
    9    3    4
   13   21    3
   16   21    7
   22    8    1
    6   18    4
   19   26    6
   20   27    7
    4    8    7
   17    4    6
   20    9    2
   28   22    1
    8   23    3
   14   27    3
   30   18    4
