Rock1Type Rock2Type Rating
   12   18    3
   18   11    6
    6   29    2
   30    9    1
   25   23    4
    5   28    5
   13   10    6
    2    7    3
   14   27    5
    8   23    2
   20    6    3
    3    2    6
   12   29    2
   21   12    9
   26    2    5
    2   30    5
   11    4    7
   28   23    5
    9   16    4
    6   15    2
    8   13    4
    7   12    7
    8    5    4
    1    7    3
    6   23    6
   29   21    4
   21   13    4
   26   13    5
   21   19    2
   27   19    5
    6    5    3
   22    4    6
   13   20    4
   17    5    2
    6    1    6
   23   18    4
   23   29    3
    8    9    8
   17    2    5
   22    8    1
    3   20    5
   30   13    4
   17    4    3
   11    6    6
    8   20    4
   15   22    6
    1   11    9
   22   25    2
    2   18    7
   18   28    6
   19   14    7
   20   18    3
   15   26    2
   20   21    2
    4   18    7
    5    9    4
    9   28    2
    2   25    6
   10    2    6
   13   29    4
   19    9    2
   12   10    5
    5   29    3
    7   26    3
   27    4    4
   16   26    2
   16    7    7
   25   14    5
    6   26    7
   16   28    4
   29   19    3
    8   30    3
    7   18    4
   19    4    6
    4   20    3
    1   25    4
   29   17    3
   16   23    2
   10   28    6
   29   22    3
   20    2    5
   11   24    4
   21   28    3
   15   27    7
   10    9    5
    4   25    5
    9    4    4
   20   29    5
   17   15    4
   17    7    5
   24   13    6
    9   12    3
   27   11    5
   10   26    3
    7   11    3
   18   17    3
   24   15    1
   24   25    3
    1   26    2
   17   26    5
    3   30    4
   21   11    6
   22   11    6
   17   21    7
    5   22    7
    2    8    5
   25   30    8
   13   25    4
   23   24    3
    3    1    6
   13    4    5
    8   24    7
   10   22    6
    8    7    8
    9   25    3
    4   10    2
    9   29    7
   16   13    9
   18   10    8
    6    9    1
   13   23    2
    5   20    1
    2   19    6
   16    4    8
   11   14    9
    4    3    9
   20   26    4
   11   20    3
   22   13    3
   14   18    6
   14    2    7
    2    9    4
    9   17    5
   14   23    5
   13    1    3
   27    1    3
   27   23    6
   22   12    5
   26   24    4
   16   10    3
   12   26    3
   16    2    6
   18    8    2
   11   16    6
   14   22    5
   22   26    4
   26    4    2
   19    5    6
    4   28    1
   30   19    4
   22    3    3
   17   11    5
   27   12    6
   25    5    6
   28   15    7
   30   10    3
    3   19    4
    5   30    2
    9    7    7
   15    5    5
   15    9    2
   20   24    1
   18   21    3
   21    3    2
    5   14    4
   19   23    5
   16    1    6
   30   27    3
   29    4    2
   23    3    6
   30   29    1
   13    5    4
   20   30    7
   10    7    3
   19   20    3
   22   19    1
    3   26    3
   25   20    6
   28   29    2
   27   22    7
   30   22    3
    8   26    6
   12   30    7
    7   13    3
    8   10    2
   14    6    7
   11   10    4
   22    7    2
   17   30    2
    3   14    3
    3   16    6
    2   15    7
   28   11    6
   29   10    4
   27    6    6
    1   14    9
   18    6    4
    4   14    8
   27   13    4
   24    3    3
   10   23    2
   13   11    3
   22   24    1
   15   25    6
   16    5    7
   27   18    7
   16   17    7
   14   13    6
   24   28    4
   10   27    3
   15    1    2
   29   24    1
   14   28    4
   19   15    3
   18   26    3
   23   21    2
    4    8    2
    2    5    1
   14    8    3
    6   21    9
   11   15    6
   16   19    6
    7   20    4
    8   27    3
    8   15    3
   25   21    7
   27   25    6
   12    1    6
   23    5    4
   24    6    3
    4    5    7
   23   30    5
   11   26    4
    9    3    3
   24   14    3
   15   16    4
    6   13    6
    5   24    3
   13   17    5
    5   26    3
   11   19    7
   26   19    7
   14    7    4
   25   29    4
   12    8    2
   28    1    8
   23   22    5
    7   21    4
   25    8    3
   23   26    7
   12   11    7
   28    8    2
   10    1    6
    5   27    6
   29   27    3
   12   16    4
    4    7    5
    3   27    3
   22   28    5
   23   17    6
   16    8    6
   24   19    7
   28    7    4
   16   21    5
   26   28    4
   16   20    3
    6   22    2
   27    2    7
   25   16    7
    3   17    8
   22    2    4
   27   21    3
   15   10    6
   12   19    7
   13   18    5
    5   21    4
    5    3    7
   13   19    6
    2    6    8
   22   16    4
   24    2    2
   14   20    4
   11   25    3
    6    8    2
   17   28    6
    4   21    5
   16   24    3
   29   26    6
   12    5    3
   25    6    2
   28   25    3
   28   30    4
   18    5    5
    9   21    6
   21   15    3
    2   12    6
   30    7    2
   27    7    2
   20   17    5
   19    6    7
   14   17    7
   12   14    9
    1   22    5
   10   19    8
   24   21    6
   22    9    3
   11    8    6
   13   28    3
   22   20    2
    9   26    6
    1    8    7
   11    9    3
   29   15    2
   28    2    4
    4   23    2
    8   19    6
   14   26    7
    4    6    2
   19   18    6
    1   29    2
    3   15    1
    1    2    6
    1   19    7
   12   24    4
   10    6    3
   25   10    8
   21   14    8
   29    3    3
   17   24    6
   12   13    5
    7    3    6
    1   30    7
    8    3    6
    5    1    6
   30   14    7
   24    7    9
   18   22    8
   26   25    8
    1   17    5
    2   21    7
   15    7    3
   24   27    2
   13    3    5
   16   27    4
   15   30    3
    9   20    3
   25   19    6
   12   28    7
    9   14    3
   18   25    6
   11    5    7
   24    9    7
    8   17    9
   12   20    4
    5    7    6
   17   10    5
    3    6    6
    3   11    8
   10   20    8
   18   24    3
    1   18    7
   28   27    8
   26   27    8
    1   23    5
    4   15    9
   22   21    4
   28   19    6
   12    4    5
   15   20    4
   13   15    3
   21   10    6
   11    2    7
   23   11    8
   19    7    5
   27   17    3
    9   13    7
   30   18    2
    4    2    6
    1   20    4
    6   16    3
   30   24    3
   23    9    6
   16   30    7
   30   11    7
    3   10    4
   14   16    5
   29    7    3
    6   12    9
    3   25    7
    4    1    8
   14   15    4
   23   12    6
   24   10    6
    1   24    2
   26   21    3
    2   23    2
   12    3    3
    8   21    1
   22   17    1
   12   25    4
    7   25    2
   12   17    5
   23   20    6
   29   18    3
    8   29    4
    7   23    6
   16   18    6
   30    6    6
   18   15    8
   24    4    6
   20   28    4
   28    6    6
   13    2    7
   17   19    9
    1   21    4
    9    1    3
    6    7    3
    3   18    6
    6   17    5
   11   29    1
   29   14    2
   29   16    3
   21   30    9
   17   25    6
   10    5    4
    9   27    2
   10   14    3
   27   20    3
   15   23    4
   29    2    2
    3   28    4
    4   30    6
   26   30    5
   15   12    4
    9   18    2
