Rock1Type Rock2Type Rating
    9   28    1
   21   19    2
    7    6    1
   18   12    1
   12    2    2
   17   26    4
   15   10    4
    8   17    7
    3   17    6
   27   23    2
   20   16    3
   21   14    8
   10    2    8
   15   19    7
    6   25    2
    5    6    1
   20   23    3
    1   17    4
    8   22    1
   13   26    6
   16   17    7
   12   22    1
   10   30    7
    1   13    6
   19   25    7
    7   21    2
    6    9    1
   23   29    7
   26   30    5
   30   15    1
    8   25    4
    3   13    6
    8   13    6
    3    4    8
   29   16    3
   30    4    4
   16   11    4
   15   23    4
    7    3    6
   19   13    6
   16   25    3
   11    3    4
   17   19    4
   19    7    4
   27    9    3
   22    6    1
    8    4    3
    4   17    6
   14   13    6
    2   19    4
   16    6    4
    9   30    1
   18   10    7
   17   24    8
    9   19    4
   20   22    1
   30   16    6
   10    7    2
   18   23    1
   26   12    1
   26   15    2
   26    6    1
   30   27    1
   14   11    8
   29   27    1
    5    7    4
   15    1    7
   14   16    6
    6   14    9
    4   26    4
   29   21    1
   20   28    3
    6    3    1
    1    2    8
    1   30    7
    2   16    4
   23   30    1
   29    9    9
   22   13    2
   19   23    4
   12    5    1
   27   17    1
   19    5    4
    9    5    4
    5   11    6
   12   19    6
   24    3    8
   10   14    7
    9   10    3
   12   23    1
   20   12    2
   16   26    4
    2   27    4
   23    8    4
    8    1    6
   10   16    5
   15   11    4
   26   25    4
   15   25    5
    6    2    8
   19    4    8
    7   14    4
   25   13    3
   12   24    1
   13   10    3
   29   20    1
   24   25    2
    7   15    2
   20    7    1
   25    4    3
   11   24    1
   13   29    1
   10   12    2
    5   15    7
    5   23    1
   27    5    4
   16   21    4
   19   10    8
   22   24    1
    5    3    8
   19   14    6
    4   12    6
   14   26    4
   20   18    4
   10   21    4
   25   20    6
   30   21    9
   23   10    1
   21   18    3
    4    2    8
   22   23    1
   10   22    1
   29   18    1
   28    3    3
   28   26    2
   15   29    1
   20   10    8
   17    5    3
    3    1    6
   17    9    7
    2   29    1
   12    7    4
   25    2    6
   30   17    6
   26   19    6
   11   13    4
    1    7    2
   18    2    8
    4    7    4
   23   17    4
   27   20    8
   23   13    6
   28   29    1
   12   16    4
   12   21    9
   11   10    7
   29    5    4
   29   12    1
   18   25    7
   14    4    8
   25   30    6
   29   19    2
   23   11    1
    2   28    4
   11   25    2
   27   14    2
   22   15    1
   18    6    4
   24    5    4
    6   24    2
    1    4    8
   18    7    4
   24    2    2
    5   28    4
   26   11    3
   26    8    4
   22    3    2
   11    1    9
   17   11    7
    5   13    4
   29   14    2
    1   27    4
   16   19    7
    7   30    2
    8   19    9
   28   12    2
   22    5    1
    9   20    3
   27   18    8
   23   16    7
   23   14    2
   24   26    8
    8    2    7
   25   17    3
    5   25    4
    6    4    4
    3   30    3
   24   15    3
    9    2    1
   17   18    4
   13    4    4
    4   29    2
    3   15    4
   28   16    2
   23   28    2
    2   20    4
    8   16    7
   18   26    7
    1   29    3
    8    7    6
    3   14    4
   23    3    4
   21   17    4
   10   29    1
    4   24    4
   29   25    2
    1   14    8
   28   14    4
   12   11    8
    6   11    8
    8   18    4
   26    1    3
   15   13    4
   26    9    4
   27    6    4
   22   17    1
   13   12    4
    1   23    1
   25    7    4
   21   26    4
   30    5    4
   21    1    7
    4    5    6
   22   27    1
   24   16    7
   14   25    5
   22   28    1
   27   28    8
   27    4    4
    1   28    4
    6    1    3
   28   11    3
    6   20    3
    4   11    8
   14   18    6
   10   28    6
    7   27    3
   14   24    3
   30    2    9
   10    6    7
   24   21    4
    9   13    9
   18    9    4
   21    6    9
    1   10    9
    3   16    9
    9   24    8
   29    6    1
    4   23    1
   21    9    1
   30    8    6
    7   26    4
   27   13    4
   29   24    4
    8   27    4
    7   24    9
    3   19    9
    3   18    7
   17   15    6
    8   21    2
   22   21    1
   17   29    3
   18   19    8
    9   22    1
   28   24    4
   10   26    4
   22   14    1
   12   25    1
   24    8    7
    1   18    8
   23    2    4
   29    7    4
   16    4    7
   23   24    7
   28    4    6
    3    9    6
    3   12    5
    7    2    5
   15   18    9
    3   27    6
    1   19    9
   13   16    9
   18   24    4
   17    6    2
   26   27    2
   14    9    1
   27   10    5
   30   14    7
   10   17    4
    5   18    4
   28   13    2
    8   15    2
   24   13    6
   21   27    3
   26   22    1
   12   14    7
   10    5    3
   20   21    6
    6   23    2
   19   30    7
    8    6    4
   13   17    6
   10    8    4
   26    3    3
   14    5    1
   12    1    4
    3   29    3
   14    2    9
   30   11    7
   19   22    3
   28   25    4
   22   18    3
   30   20    3
    6   12    9
   15   28    9
    3    8    8
   21    3    3
   30   28    3
   28   21    3
   30   18    3
    9   16    4
    9   23    4
   22   29    3
   25    3    4
    2   13    4
   25   22    2
   28   17    2
    2   11    8
   13   21    6
   26    2    8
   27   19    6
   22    1    2
   14   15    4
   14   20    3
   18   11    4
   15   27    7
   20   11    6
    7    9    6
   24   10    4
   26    5    4
   28   18    6
   19   11    8
   25   21    6
   25    1    5
   12    8    2
   27   11    2
   12   27    1
    5    8    3
   17   12    2
   29    8    1
   20    4    2
   18   16    3
    7   11    6
    2   21    7
   30   12    7
   23   25    8
    1   16    4
    7   23    4
    1    9    1
   19   24    4
   24   27    2
   15    6    2
    5   20    1
    3   10    2
   16   27    2
    6   30    7
   19   28    7
    8    9    6
   16   22    1
   11   22    1
   11    8    3
   22   30    1
   29   11    1
   20    3    2
    5   16    4
   30   13    4
    2    3    4
   22    4    2
   28    8    3
   17   14    3
   10    4    6
    9   11    4
   21   11    4
   23   26    6
   23   21    2
    5    1    7
    4   18    8
   30   24    6
   24   20    4
    4    9    3
   21    5    1
   18   13    3
   24    1    3
   20   17    2
    9   12    1
   20    8    4
   20   13    8
    2   22    2
   21   15    2
    4   21    6
   15    9    4
   28    6    6
    2   15    6
   29   30    1
   10   25    7
   16    7    8
   22    7    4
   20   19    7
    7   17    8
   25   27    9
   28    7    4
   26   20    4
   13    6    6
   15   16    3
   15   20    3
   19    6    4
    2    5    4
   25    9    3
    8   14    7
    1   20    4
   26   29    7
   17    2    7
    7   13    7
   15    4    4
   15   12    3
