Rock1Type Rock2Type Rating
   27   23    2
   15   11    1
   12    3    2
   26   27    3
   24    9    1
   19   28    3
   23    7    1
    6   13    3
   18   28    3
    7    1    1
   18    4    2
    2    4    1
   23    4    1
   17   18    1
    1   14    3
   10    3    1
   14   19    3
   13    8    1
    7    4    1
   19   29    1
   21   18    1
   25   17    2
   30   28    1
   22    6    1
   23    3    1
   29   23    1
   10   15    1
   14   11    2
   11   12    2
    2   15    2
    7   26    1
   22    9    1
   11   24    2
   28   16    1
   15   23    1
   24   20    1
   28    8    1
   30   11    1
   29   18    1
   10   25    2
    2   18    1
   21   30    3
    9    5    1
   27    5    1
    1   17    1
    5   25    1
   16   18    1
   20   16    1
    6   20    1
   20   19    1
   11    8    2
   15    1    1
   21    2    3
   10   12    1
   19   18    1
    3    9    1
   19    9    1
   18   30    1
   27   22    1
    4   27    1
   11    9    1
   23   26    1
   17   13    1
    3   18    2
   12   28    1
   13   20    1
   24   14    1
   26    2    3
    8    4    1
   18   20    1
   20   12    1
   19    4    3
    2   13    2
    5   23    1
    1   27    1
   16   30    1
   22   24    1
   29   30    1
    9   15    1
   25   24    1
    3   30    1
    4   30    2
   13   12    1
    6   17    3
   13   11    1
    3   24    1
   23    6    1
    6    8    1
    3    5    3
    1   28    2
   13   14    1
   15   19    1
   15    7    1
   30    1    1
   23   12    1
    5   21    1
   10   19    2
   24   18    1
   11   28    1
    4   17    1
   16    2    2
   28   29    1
    5   30    1
    1   18    1
    1    5    1
   23   14    2
   13    5    1
   16    3    3
   26   19    1
    6   21    3
   13   24    1
    2   10    3
   19   23    1
   13    4    3
   17   15    1
   20   14    1
   21   19    2
   11   21    1
   23    9    1
    6   16    1
   25   13    1
    9   17    1
   21   28    1
   14   25    2
   21   23    1
    5   26    1
   29   17    1
    7    6    1
    5    6    1
   14    5    1
   10   26    3
   29    9    2
    6   30    1
   12    4    1
   30   20    2
   23   22    1
   15   13    1
    1    2    2
   28   23    1
   27   11    1
   24   26    1
   17   14    1
   17    5    1
    4   11    2
    6   12    3
   15   28    1
   22   17    1
   21    8    1
   29    1    1
   30   14    2
   15   27    2
   28    5    2
    1   13    1
   19   30    1
   21   29    1
   17   30    1
   13    3    1
   21    3    1
   29   10    3
    5   24    1
    7   13    1
   23   20    1
   25   26    3
   16    8    1
    5   18    1
   30   24    1
    7   11    1
    2   29    1
   28   25    1
   30   25    1
   17    2    1
   30    2    1
   26   12    1
   22   15    1
   29   16    1
    1   20    1
   26   17    2
   22   28    1
    4   26    1
   22   30    1
   29   11    1
    8   27    1
   21   27    1
   25    4    2
   14    9    1
   17   12    2
   14    3    1
   18    9    1
   24    2    1
    7   18    1
   18    8    1
   24   21    1
   29    5    1
    2   11    2
   19   24    2
   19   13    2
    2   27    3
   10   28    1
   30   13    1
   29    8    1
    9    4    1
   24   10    1
   28   14    1
   21   17    2
   20   25    2
    5   19    1
   28    9    1
   14   15    1
   22   29    1
    6   10    2
    1   26    1
    7   20    1
   19    2    1
    9    6    1
   22   19    1
   10   18    1
    1    9    1
   12   15    1
   27    6    2
    9   30    1
   13   27    1
   13   10    1
    3   11    1
    6   11    1
   29    6    2
    9   20    1
   20   15    1
   17   24    1
   23   10    1
   12    1    1
   14   12    1
    7    3    1
    3    8    1
    6   14    2
   18   13    1
    8   20    1
   10    9    1
   27   18    1
   21    1    1
   19   12    1
   13   22    1
   16   15    1
    6   19    2
   16    5    1
    2    5    1
    8   15    1
   26   30    1
    3   27    1
    6   28    1
   14   16    1
    8   23    1
   24   27    1
   26   15    1
   26    8    1
   21   12    2
   16   25    1
    3   22    1
   20   21    1
    7    5    1
   12    8    1
   14   22    1
   15    6    1
   17   10    1
   19   16    1
   11   17    1
   24    4    1
   27   25    1
   26   29    1
   20    2    1
   27   10    2
    8    5    1
   16   27    1
    1   22    1
   23   18    1
   18   12    1
   26   20    1
   30   10    1
    3   19    2
   16    4    2
   25   21    2
    4   15    1
    9    2    1
   19   27    1
   25   29    1
   16   21    1
   20   11    1
   29   24    1
   12   27    1
   28   26    1
   24   23    1
    4    6    1
   14    2    2
   18   25    1
   20   10    1
   16   24    1
    5    4    1
   29    3    1
   19   25    1
    4   22    1
   28    4    1
    3   20    1
   19    1    1
    6    3    1
   29   20    1
   10   22    1
   11   18    1
   24    1    1
   18   14    1
   28   24    1
    3   28    1
   12   25    1
    3    4    3
   29   15    1
   21   22    1
   16    9    1
   19   17    1
    7   30    1
   10   16    1
   20   17    1
   21   14    2
   14    7    1
   16    7    1
   15    5    1
   22    8    1
   25   15    1
   11   10    1
   28   13    1
   22    7    1
    8   19    1
    4   21    1
    1    8    2
    4   10    1
   23   16    1
    7   28    1
   25    7    1
   14    8    1
    6   18    1
   30    8    1
    6    2    1
   18   15    3
   19    7    1
    2   28    1
   26   18    1
   10    1    1
   16   11    1
   27   29    1
   11   19    1
   26   11    1
    2   12    1
   30   15    1
    1   16    1
   20    5    1
   14   26    1
    9    7    1
    4   29    1
   26    9    1
   21   10    1
   11    5    2
   21    7    1
    9   25    1
    7   10    1
   22   25    1
    1   11    2
   16   26    1
   14   27    1
    7   17    1
   22   16    1
   17    3    1
   13   23    1
   24   15    1
   22   26    1
   23    2    1
    8   17    1
   11   22    1
    2   25    1
    8   24    1
   25    3    1
    8    9    1
   14    4    1
    6    1    1
   10    5    1
   25    8    1
   22    2    1
   12   16    1
   13   26    1
   15   21    1
   18   22    1
    3   26    1
   23   11    1
   22    5    1
    2    8    1
   25    6    1
   16   17    1
    3   15    1
    8    7    1
   17   28    1
    6   24    1
   27   20    1
    7    2    1
   22   20    1
   14   29    1
   20    4    1
   25   11    1
    4    1    2
   27    9    1
    7   12    1
    9   13    1
    3    1    1
   27   28    1
   26    6    1
    8   10    1
   14   10    1
   22   12    1
   24   12    1
   13   16    1
    5   12    1
   23   17    1
   27   17    1
   13   29    1
    7   27    1
   28   20    1
    3    2    1
   30   12    1
   12    9    1
   25    1    1
   27   30    1
   29    7    1
   29   12    1
   23   30    1
   23    1    1
   24    7    1
   26   21    1
   25   23    2
   13   21    1
    9   21    1
