Rock1Type Rock2Type Rating
   24    2    1
   18   15    7
   13   11    3
    1   30    4
   17   26    6
   20    7    1
   25   24    1
   20   29    2
    6   23    6
   28   29    1
   14   28    6
   26   15    5
    2    5    2
    3   28    4
   20   15    4
   27   19    3
   25   26    5
   23   24    2
    9   11    1
    8    2    5
    5   19    7
   29   16    4
    7   25    2
   10   23    2
   22    6    1
    2   29    3
   11    4    9
   25   15    6
   10    8    4
   24   16    5
   11    7    6
    2    9    4
    8   26    5
    6   12    9
   18    3    7
   26    6    6
    8    6    2
   29   25    7
   29    8    2
    5   20    2
    2    1    7
    3   29    1
    1    8    6
    9    8    5
   16   22    1
   15   27    9
   20   30    8
   21   14    9
   20    6    4
   13   10    5
    4   13    6
    1   12    4
   16    7    6
   30   19    2
   12   16    2
   30   13    6
   27   16    4
   22    8    2
    7   24    5
   12   26    6
   21   20    4
   30   29    3
   30   14    7
   12   28    6
    3   25    3
   16   18    7
    3   27    4
    4   17    6
   26   30    4
    2   15    4
   10   16    3
   30    6    5
   20    8    2
    1   19    8
    4    7    7
    2   16    3
   20    3    2
   17   15    3
   20    4    6
   13    6    4
   27   22    2
   16    3    8
   14   29    2
   30    8    3
    9   10    3
   19    2    6
   30    4    5
   21   17    4
   23    3    5
    4    2    4
   28   10    4
   22   24    7
   14   19    7
   18   28    8
   23   25    6
   17   13    4
    5   15    7
   22   30    1
   25    2    6
   24   17    3
    6   29    2
    3    5    9
    9   30    3
   20    1    5
   10    3    4
    1   24    3
    5    6    1
   30   17    6
   18   12    5
   12   30    6
   26   22    1
   21   19    7
   28   25    6
   22    7    6
   12   17    3
   21   26    5
   25    1    6
    1   17    5
    7   18    4
   26   14    5
   28   27    9
   14   27    5
   17   29    5
   18   14    7
   13    9    3
   18   11    6
    9   25    5
    9    4    3
   13   21    6
   25    5    5
   21   30    7
   22   10    2
    8   25    2
   20   12    2
   30   10    3
   23   14    3
    4   22    2
   25   30    7
   21   10    6
   18   27    8
   15   13    5
    7   26    3
    4   19    7
   18    8    3
   21   29    5
   16   25    3
    9   28    2
   25   27    6
    1    3    7
   16   19    8
    4   27    6
   10   29    6
   23   21    6
    4   25    4
   18    6    3
    3    9    2
    4    5    7
    6   25    2
   18   19    7
   26    1    2
   23   13    4
    4   18    5
   16   20    5
   15   19    6
    6   24    2
   14    4    7
   20   25    6
   11   17    5
   27   20    5
   15   28    9
   16   21    6
    1   13    4
    9    5    3
   19   29    2
   19   20    4
   17   19    6
   21   12    7
   19   11    8
   21    3    4
    9   18    4
   13   27    3
   18   10    6
   23   18    6
   19   22    2
    1   11    8
   14   12    8
   22    2    1
   12   15    7
   19   12    2
   17    5    2
    4    8    5
   28   22    3
    5   27    6
   24   18    2
   21   11    7
   11   26    3
   25   17    5
   15   24    2
    9    7    3
   20   10    7
    3   13    6
   29   15    3
   10   26    4
   22   11    2
   13   26    3
   17   16    7
    6   19    6
    4    1    9
   19    9    3
    1   27    6
   26   29    5
    5   21    4
    3   11    8
   10    5    3
    1   10    5
    4    6    4
   13   28    2
    2   28    5
    5   18    6
   18   20    5
   17    9    4
   29   18    4
   26   18    6
   15   21    7
    6   16    3
   16   30    2
    6    1    3
    7   29    3
   13    8    4
   11   29    2
   22   20    1
    8   23    1
   23    4    2
   15   22    5
   17   23    2
    3   24    5
   20   13    6
   26    3    6
   26   23    8
   27    9    1
    4   24    2
   20   14    7
   11    5    8
    4   12    6
   15   11    6
   11   25    3
   13   25    4
   30   28    3
    2    7    2
   13   14    5
   11   24    3
   14    3    4
   24   27    1
    7   15    2
    8   27    2
    9   21    4
   23   15    3
   10   17    4
   11   16    6
   15    1    6
   24   13    4
   15    4    5
   21    4    7
   26    4    5
    5   14    6
    2   21    6
   28   11    7
   10   24    3
   23    9    3
   23   12    2
   12   10    2
    7   28    4
    8   12    2
   11    8    5
    3    7    7
    1   18    7
   11   20    5
   16    8    7
   12    3    4
   23   30    3
   10    2    9
   25   21    6
   11    6    6
   20   17    5
   14   17    6
   20    9    3
    5   28    6
   12    7    4
   14   11    8
   11   10    3
   21   22    1
   20   28    3
   29    5    2
    7   19    4
   22   29    1
    2   12    5
    4   16    8
    2   27    7
    2   13    7
   21   28    5
   15   30    5
    4   28    6
   24    9    3
    1   14    8
   17   27    5
    7   13    6
   27   26    3
   27   21    3
   24   20    2
   21   18    2
    2    3    4
    5    1    6
   25   19    5
   22   12    1
   29   23    3
   23   16    4
   30   24    3
    2   30    9
    9    1    1
   17   18    6
   14    9    2
   24   26    3
    8    5    3
   28   19    4
   20    2    7
   17    6    3
    8   28    2
    2   17    7
   26    5    5
    5   16    4
    9   16    3
    6   14    7
    4    3    8
    8   14    4
   14   16    6
    3   17    6
   17   22    2
    2   26    6
    8   19    6
   24   28    1
   30   18    4
    9   22    1
   26   28    3
    6    7    2
   12   27    2
   27   10    5
    4   10    5
   14    7    4
    4   29    3
    6    9    2
    2   14    9
   30   11    7
   23    1    3
   14   25    4
   18   25    6
   11   12    6
    7   10    2
    6   10    3
   28    6    6
   25   12    3
   29   27    2
    2   23    3
   13   22    2
    1    7    1
   22   14    3
    9   15    2
    3   15    6
   15    6    6
   30   27    4
   26   19    4
   23    7    3
   12   24    1
   23   28    3
    9   26    2
    1   22    5
    9   29    7
    5    7    7
    1   28    6
   23   22    2
   22    5    6
    1   16    7
   19   23    5
   29   12    2
   13   19    5
    2   18    7
   17    7    5
   23    5    4
   17    8    8
   28   17    5
   24    5    4
   18   13    6
   13   16    9
   14   10    8
   27    6    4
   15   14    2
   24   29    1
    7   30    2
   25   22    1
   13   29    6
   10   15    6
   26   16    7
   11    2    7
    6   21    8
    6    2    7
    3   30    6
   24   19    5
   20   26    3
    7   27    2
   16   15    4
   13   12    3
   29    1    3
   23   11    3
    3    6    4
    5   13    2
   24    8    7
   25   10    8
    5   30    5
    3   22    5
   10   19    6
   21    1    5
   21    8    4
   23   20    4
   27   11    6
    7    8    6
    8    3    6
   21   24    3
   22   18    2
   12    9    2
   12    5    2
   23   27    6
    7   21    5
   15    8    4
   28   16    3
   14   24    2
   19    3    8
