Rock1Type Rock2Type Rating
    9   29    7
   16   22    2
   17    3    9
   26   23    7
   27   25    7
   21   17    4
   30   19    5
   17   30    1
    8   25    7
    2   21    9
   16   24    6
   13   29    2
   18    5    5
   26   13    8
   20   13    2
    6   30    9
   21   20    2
   18   21    1
   17   28    1
    8   23    4
   19   21    5
   14   24    3
   25   21    4
   28   18    8
    4    3    7
   30   12    7
   20    3    3
   13   22    2
   13   11    4
    1   30    8
   16   15    2
   20   16    2
    6   21    9
   22   20    1
   26   16    8
   29   19    2
   20   23    1
   26   17    5
   11   21    8
   14   20    5
   25    6    3
    2    6    8
   17   12    2
    5   25    7
   19   16    2
   25   10    8
   26    4    3
   11   22    6
    8    3    9
   19   28    8
   22   14    4
   29   15    1
   27   22    5
   18   11    8
   13   24    9
   19   20    6
    1   22    5
   15    8    2
    3   21    2
    4   13    7
    5   28    6
    9    6    1
   25   11    2
    2   24    1
    2   28    5
   17    1    3
   30   15    3
   24    5    8
   12   11    9
   24    8    9
   16   18    9
   27   15    9
   29    8    1
   11   19    8
   14   23    2
   13   30    6
    7   23    8
   27    4    3
    4   25    2
   12   26    1
   30   25    5
    1    2    7
   11    9    5
   10   16    5
   23   10    3
    1    8    5
   26    8    3
    7    9    8
   22   24    3
    5   11    7
   26   27    5
   22    5    7
    1   15    8
   27    6    7
    2   27    8
    7   26    7
   18    9    3
   26   15    3
   20    6    5
    8   28    2
   26   19    2
   13   14    8
   21   15    4
   14   12    8
    6   29    2
   30   10    9
    7   24    9
   15   25    7
   18   30    7
   17    7    7
    3    1    9
   14   16    7
    4   10    6
   16    1    8
   21   13    4
   28   15    8
    5   10    5
    9   20    7
   11   24    7
   19    6    8
   17    8    9
   21    7    8
    2   18    9
    9   13    9
   12    2    9
    4   22    4
   29   14    2
   11   29    2
   26   24    8
   26    1    4
   19    1    9
   12   27    3
    9   27    3
   19    5    8
   23   19    4
    6   12    9
   30    8    3
   30    3    4
   29   25    3
   10   14    8
    5   27    7
   10    3    6
    1    5    9
    3   18    9
   18   13    9
    9    2    3
   20    4    6
   22    7    4
    8    7    8
   12    7    3
   15    6    4
    2   14    9
   26   30    9
   23   18    3
   25   24    3
   25    7    5
    4   23    2
   16    5    8
   22   21    2
    2   30    9
   25   20    8
   30   23    1
   10   28    8
   11    6    9
   10   26    6
   19    4    8
   26   28    3
    2    4    6
   14   15    5
   19   22    4
    8    9    7
   25   14    8
   26   11    3
   30   27    5
    1    9    4
   19    2    7
   23    1    3
   30   28    7
   13   25    8
   21   29    2
   13   28    3
   29   22    2
   28   22    2
   23   24    9
   29   30    3
   27   23    5
    3   13    8
    7   16    9
    7   29    6
   23   15    5
   26   21    6
   10   19    7
   10   17    4
    8   22    3
   28   12    6
    4   29    1
   13    2    9
    3   16    9
    1   21    8
   25   16    9
   28   27    9
    7    5    9
   24   28    4
   14   27    4
   14   28    9
   18   17    4
   23   12    2
   10    8    2
   19   24    7
   27   18    8
    3   28    6
   20   27    5
   15   18    7
   22    2    3
   16    9    6
   28   25    7
    9   23    7
   29    1    2
   12    1    8
   10   21    9
   14    5    3
   12   22    5
    6   18    4
   11   16    8
   23    5    3
    2   29    8
   26   22    3
    3   24    8
   17    4    7
   24   15    4
    1   13    2
    2    3    7
   15   10    8
   20   11    7
   28   16    8
   16    8    7
   14   21    9
   21    8    5
   12   16    5
    5    2    5
   19    8    8
   10   13    4
   24   27    3
   18    1    9
   19   14    9
    5   17    5
   28    9    2
   17   22    2
   29    5    4
   29   28    1
    9   30    1
    8   11    7
   12   29    1
   26    6    8
   22    6    5
   14   30    8
   19   18    9
   12   21    8
   14   18    7
    7   20    5
   11    3    7
   29   26    3
    2   25    7
   29   16    3
    3    9    8
   27   16    7
   10   18    9
   26   20    4
   16   17    8
    9   15    2
    5    4    7
    4   15    8
   22   25    3
   14   11    8
    1    6    7
    8   18    7
    3   15    8
    9   26    8
    5    9    8
   23   21    6
    6   28    6
   21    5    6
   12   18    8
   13   16    8
   14    6    9
    3   22    6
    6   16    5
   10   12    5
    5    6    3
   22   18    5
   21   30    9
    6   13    8
    1   27    6
    4   24    4
   25    1    7
   18   25    7
    6    3    5
    5    8    8
    9   25    6
    8   13    8
    4   12    8
   25    3    8
   20    2    7
   29   23    7
   27   21    4
    7    3    8
   17   25    7
   15   13    5
   19   17    6
    4   16    6
   24   29    5
   16   23    6
    6   24    5
    7   13    7
    7   27    4
   29   17    3
    8   20    2
   11    1    9
   30   24    2
    7   30    6
   11   30    9
   28    4    8
   13   19    7
   10    2    8
   10    1    9
    9   21    3
   21   16    5
   20   15    5
   14    9    4
    5   12    2
    8    6    7
    8    4    7
   20   28    5
   30   22    3
    9   24    7
   12   13    5
   10   20    8
   10   22    2
   11   10    8
   22   15    7
    3   14    7
    5   26    9
   24   18    4
   17    2    4
   17   13    8
    8   14    5
   29   10    4
   29   20    1
   19    3    7
   29   18    2
   18    7    2
   14    4    8
    2   23    3
   20   30    8
   12   20    6
   26    3    8
   17    9    8
   10    9    4
   23   11    2
    3   27    1
   23   17    7
   18    4    7
   23   25    3
   16    2    6
   15    7    3
   27   13    7
    8    2    6
    7    6    5
    1   28    8
   20   24    6
    6    4    5
    1   14    6
    1   24    4
   15   17    2
   11   27    4
    7    2    6
    5   20    2
   29    3    3
   17   20    2
   23   22    4
   17   24    8
   24   12    5
    1   20    9
   10   27    8
    6   17    8
   23   28    4
   11    2    8
   12   25    5
    5   13    7
    7   28    5
   24   10    3
   11   28    6
   19   15    8
   23    6    4
    4    7    6
   27   29    2
   19    9    8
   11   17    6
    2   26    7
   12    3    4
   12   19    5
   17   27    5
    3   23    2
   30    5    2
   26   14    6
   23   13    6
    3    5    7
   14    7    5
   11   15    4
   21   28    5
   12    9    3
    8   12    4
   11    4    7
    8   27    4
   24   21    2
   18   20    6
   30    4    7
   27   19    6
    7   11    6
   26   25    7
   19   25    7
   26   18    6
   22    9    3
   30   16    8
    1    4    9
   15    2    7
   10    7    3
    4   21    8
   12   15    4
   15    5    9
   19    7    8
    1    7    6
    4    9    5
    6   10    5
   17   14    7
