Rock1Type Rock2Type Rating
   13   15    4
   22   10    2
    8   21    2
   15   11    8
   18    1    9
   10   29    9
   30   16    7
    9    5    4
    3   18    7
   10   30    9
   11   22    3
    4   28    1
    1   15    8
   19    2    5
    7   29    1
   23   10    6
   26   15    3
   24    1    6
    1   30    4
    4   24    2
   30   19    6
   26    7    3
   22   15    1
   21   26    8
   13   25    9
    2    4    6
    8    1    9
   20   16    7
   19   13    7
   20    6    1
   24   30    1
   23    3    3
    3   24    3
   15   17    2
    5   27    2
   17    1    4
   20   27    4
   21   19    8
    7   18    6
    7   25    4
   18   11    9
    6   13    7
    1   27    3
    9   10    8
   10   20    9
   22   29    1
    4   22    4
   27   29    5
    2   28    6
    9    8    9
   20   11    4
    5   13    8
   21    5    6
   26   23    9
   28    1    4
   28   27    2
   10   17    8
   23    1    6
    3   30    6
   13   18    6
   17    3    5
   27   26    9
   15   30    2
   30   17    8
   18    2    8
   27   10    9
   14    3    4
   17    2    9
   17    8    9
   13   11    6
   27   19    3
   22   24    7
    8   14    8
    7   20    4
   14   16    8
   28   16    3
   25    9    7
   20   13    6
   29   19    1
   29   30    2
   24    8    8
   13   12    6
   23   27    9
    4   30    5
    4   27    4
    9   30    2
    6   21    9
   19   26    4
   12   24    1
   28    7    8
   14   26    9
   25   29    9
   22    1    9
   20   28    4
   26   20    8
   27    3    3
   14   19    9
   26    1    4
   25   24    1
   28   29    1
    9   26    1
   15    7    8
    5   20    5
   25   19    7
    8   28    2
   22   12    2
    2    8    5
    3   15    7
   10   18    4
    9   20    5
   21    9    2
    2   21    3
   25    8    3
   12   26    8
   12   21    9
   14   18    8
    5   22    3
   23   30    6
   18   19    7
    3   26    4
    7   10    7
   13   16    9
   28    3    4
    5   10    7
   28   15    9
    3    6    4
    3    9    2
    6   27    8
   29   11    1
    2   26    9
    5   11    9
   27   25    9
   14   13    9
    2   14    9
   22   26    1
   17   13    3
   23   22    2
   28   10    3
   18   17    8
   18   22    2
   14    7    6
    9    1    2
    9   27    1
   26   24    2
    4   20    3
    5    8    3
   17   25    7
   13   22    2
   23    7    6
   28   14    5
   25   28    3
    5   23    2
    3   19    3
   12   29    1
    3   21    5
   27   15    8
    2   11    6
   20   30    7
    3   25    8
    6   19    8
   28   11    4
    6   26    8
    7   16    6
    2    6    6
    8   27    1
   21   30    9
   12    7    7
   24   18    1
   15   23    3
    3    5    9
   16   25    9
   22   30    1
   19   11    7
    7   11    8
   17    5    4
   12   20    3
   12   25    1
   25   26    3
   16    2    6
   29    2    4
    5    7    9
   19    4    8
   22    8    8
   10   26    7
   19   17    7
   29    1    5
   10   11    6
   25   21    4
    7   17    7
    2   20    6
   21   14    8
   23   12    9
   10    2    7
    8   12    3
    8    4    7
    3    8    8
   30   25    9
    8   16    5
   25    5    4
   23   16    7
   24    9    3
   28    9    1
    5    2    4
    7   13    6
   10    1    3
   27   11    3
    6   22    1
    4    3    9
    4   16    9
   11    3    9
   17   11    8
   24   28    3
   15   12    6
   29    3    3
   11   16    8
   21    7    6
   14   15    7
   25   14    5
   29   23    3
   18   23    5
   17   26    6
   22    7    2
    1   14    3
    5    4    9
   14    5    7
   20   22    2
   13   29    4
   18   21    6
   27   30    3
   20   15    2
   28   23    1
   23   24    1
   17   29    3
    6    7    2
   15    9    1
    2   30    9
    9   19    6
   25    1    5
   16    9    3
   14   23    8
    1    5    7
    9   23    3
   21   16    7
    2   13    7
   24   11    3
   20   19    2
    3   10    3
   19    8    8
   14   17    8
    3   13    4
   15    8    2
   11   23    3
   30    5    4
   20   21    7
    9   12    2
    4   23    4
   28    5    8
   27   21    6
   25   10    9
   11    8    7
   15   10    4
   18   27    7
   14   10    8
    6    9    3
   21   17    7
   21   15    4
    5   18    8
   27   17    4
   21   23    5
   23   13    5
    2   27    7
   30   11    4
   20   17    6
   21    4    5
   20   23    7
   24    7    3
   19   28    2
   12   11    3
   21   10    7
   30   26    7
   17   22    2
   19   23    7
   16   19    8
   15   16    3
   15    5    8
   20   24    2
    8    7    8
   18   28    8
   18   26    3
   29   16    6
   24   19    4
   13    8    4
   22    2    2
   10   13    7
    6   25    4
   12    6    9
   24   17    2
   11    4    9
   12   17    8
   13   30    8
    1   11    8
   22   14    2
   12   18    6
   14   24    1
   29   24    3
   21   28    5
    1   19    6
   28   26    4
   26   11    4
    8   26    3
    7    4    7
    4   26    6
   16   24    2
    6   29    1
   16   17    7
    9   11    3
   20   25    8
    4   18    8
   15   29    3
    2   24    1
   28   22    2
   18    6    6
    6    4    4
   21   11    5
    1    3    7
   28    6    3
    3   16    7
   16    6    3
    2    3    8
   12   28    3
   21   22    1
   24   10    3
    7   19    7
   24   13    2
   15    2    1
    5   29    1
   17    6    7
    4   25    4
    1    2    5
    6    5    3
   27   14    6
   10   19    4
    6   14    6
   14   20    4
   23    2    6
   12   27    4
   16   26    3
   30   18    3
    9   14    2
   28   13    7
    1   20    4
    4   15    8
   17   28    4
   19    5    8
   30    6    7
   24   27    1
    8   10    4
   15    6    1
   26   13    8
   29   18    3
   19   22    2
   13    4    8
   12   14    9
    8   29    4
    4   10    3
   21   29    1
   16   12    4
    2    7    5
   23   17    8
    4   29    3
    1    6    3
   15   18    9
   25   11    3
   14    4    6
   21    1    4
   26    5    7
    9    4    1
   22    9    1
   24   21    1
    1   12    3
   18    8    2
   16    5    8
   26   29    2
    7   27    6
    9   13    2
    7    9    5
   22   25    3
    2    9    4
    8   20    6
   11    6    3
   22   16    1
    2   25    7
   30   14    7
   29   14    4
   16   18    8
   19   15    4
    3    7    8
   12   30    8
   23   25    6
   22   27    2
   30    8    1
   21   13    3
   18    9    1
   17    4    6
   23    8    4
    7    1    6
   18   20    3
    6   10    6
   29    9    4
   20    3    2
   14   11    5
    9   17    7
   16   10    8
   12   19    8
   28   30    4
   12    5    3
   25   18    5
    1   13    5
    6   24    1
    7   30    3
   12   10    5
   13   27    3
   16    1    7
   24   15    1
   20   29    7
   15   25    4
   12    3    3
    8    6    1
    4   12    2
    3   22    1
    6   23    7
   12    2    4
    1    4    9
    5   24    1
   16   27    3
