Rock1Type Rock2Type Rating
   27   28    6
   13   30    4
   23   27    3
   25    6    3
    5   18    5
   11   28    4
    5    3    6
   25    1    4
   20    7    2
   30   24    2
   28   25    6
   11   15    4
   15   25    4
   17    7    5
   21    9    5
    5    9    3
    9   19    3
   23    7    6
   15   26    3
    7   27    4
    2    6    4
    1    5    6
    8   23    4
   17   20    3
    8   21    3
   15   13    4
   29   13    7
   28   10    6
    3   19    5
   25   18    3
    7   11    4
   14   29    3
   15   10    4
   22   28    3
    1    2    4
   11   30    4
    8   30    3
    7    2    3
    3   27    2
   18   14    5
    8    9    7
   19    2    4
   16    8    4
   28    1    5
   24    1    3
   12   18    2
   11   24    2
   30    7    3
    4    5    6
   13   11    3
    6   23    4
   10    3    3
   19   14    5
    7   26    3
   17   10    4
   28   20    3
   17    3    3
   15   24    3
   28   21    6
   25   16    3
   19    8    4
    5   26    3
    8   29    2
    4   19    3
   22   18    6
   23   29    3
   19    5    5
   15   19    3
   24   28    2
   25    3    3
   11   16    5
   20   10    8
   30   25    7
   18   24    4
   12   27    7
   12   19    7
   30   16    4
   14    2    3
   18   15    4
   13    4    3
   23   13    3
   20    1    3
   12    8    3
   28   17    4
   25   12    4
   22   14    5
   14   13    3
   11   14    6
   14    7    4
    2   28    5
   17    8    4
   14   30    5
   27   25    4
   18   17    4
    4   30    4
   18   16    5
   10   19    6
   16   14    4
   21   27    6
   16   28    3
   30   22    3
   30   10    7
   15    8    3
   26   17    4
   15    5    5
   26   13    3
   12   17    7
    3   21    5
    1   11    8
   24    6    4
   22   13    3
   12   29    2
   18   23    2
    8    3    4
   24   19    5
    4    8    7
   22    2    3
    2   10    7
    2   18    6
   26   11    3
   13    9    2
   19   29    1
    5   10    3
    8   14    2
    2    4    6
   30   27    3
    7   25    3
   24   21    2
   22   10    2
    1    7    4
    4   11    8
   12   28    8
    6   11    5
    1   30    4
   27    4    4
   26    2    7
    8   10    5
    6   18    4
   29   17    3
    7    8    9
   13   10    5
   10    1    4
   27   19    4
    2    9    4
   13    2    3
   13   24    3
    3    4    6
   23   26    6
   13    1    3
    1   18    8
   14    5    7
    4   23    3
   15   21    6
    2   11    5
   10   12    6
   26   30    7
   21   22    5
   10    6    4
    3   18    6
   21    6    8
   13    7    5
    8   24    8
   23   21    5
   18   28    3
   25   17    3
    7   15    4
   20   12    6
   16    5    5
    9    3    3
    1   19    5
    5    6    2
   13   17    3
   14   24    2
   18    7    4
   12   23    5
   12   30    5
   28   23    4
   22    7    5
   29    4    2
    9   30    1
   24    5    2
   10    9    5
   12   24    3
   18   19    3
   28    6    6
   23    2    2
   22   25    1
    3   12    1
    5   27    1
   13   25    3
   13    5    2
    6   30    3
   29   22    1
   13    8    2
    5   11    7
   29   27    2
   20    3    1
   21   13    2
   28    9    1
   24   17    2
   19   17    4
   20   11    2
   14   20    6
    9    4    2
   22   26    2
    7    3    3
   16    3    1
   14   15    1
   29    6    1
   30    5    2
   19   21    7
   23    9    6
   11   18    5
   12   15    2
    7   19    1
   21   12    8
    7    4    2
   16   23    2
    5   12    1
    1   22    6
   25   11    2
    3    2    2
   12   13    1
    1   21    2
    1   15    4
    3   11    6
    8    1    7
   22   16    2
    6   20    2
   15    9    2
   27   17    1
   22    5    6
    6   22    2
   24   23    1
   24   29    1
    7   16    2
    1   14    2
   27   15    3
   25   19    1
   10   25    9
   20   22    1
   18   13    1
   26   27    4
    8   27    1
    2   21    3
   27    9    1
   26    3    2
   30    3    1
    2   27    2
   29   10    5
    2   12    4
   17   23    3
   11    8    7
   14    6    6
   30   29    3
   25   20    4
   23    1    2
   19    6    4
   11   12    3
    5   25    3
   11   10    3
   15   30    1
   14   23    2
   18   10    3
   12    1    3
   10    7    1
   11   27    1
   21    7    1
   14   26    2
    4   28    1
   26   18    2
   15    6    1
    9   16    3
   10   14    4
   23   15    1
   29    2    1
    8    2    2
   16   15    3
    1    3    6
   26   28    2
    4   26    1
   29   21    1
    1   27    1
   11   21    4
   12    7    3
    9    1    2
   17   11    3
   28   30    2
   11   29    2
    8   20    3
   26   24    2
    4   14    3
    7    5    2
   10   27    4
   12   26    2
   28    5    2
    7   29    2
   25    8    4
   15    3    3
    6    4    2
   21   14    4
   29    9    7
   26    6    4
   17    4    3
   13   20    3
    5    2    2
   18   20    3
   20   15    1
   22   19    4
    1   26    2
    9    7    2
   29   15    2
   10    4    4
   29   26    1
   16   20    1
   28    7    3
   20    4    1
   23    3    2
   19   30    3
    2   15    6
   22    3    4
   16    4    4
   16   13    7
    2   24    2
   20    9    2
   23   10    4
   17   16    5
    9   14    3
   16   29    2
   25   14    2
   12    9    1
   18   30    2
    2   30    7
    8   26    3
    3   24    2
    7    6    1
    3   13    1
   15   22    2
   11   22    6
   22   23    4
   17    6    2
   19   28    2
   17    5    2
   17    9    4
   22   12    2
    6    9    1
   16   26    4
   25    9    3
   20   21    4
    4    1    8
   16   19    4
   28    3    3
   19   26    7
   20   27    3
   17   22    1
   15   28    7
    9   18    3
   12    4    2
   25    4    2
   21   18    1
   27   18    6
   20   19    4
   26    9    6
   20   29    3
   11    9    3
    8    5    6
   23   11    3
   28   14    2
   30   21    6
   29    5    3
   27   24    3
    8   22    2
   24   16    4
   10   21    7
    9   24    5
    1   17    4
   26   20    3
   16   12    3
   29   18    2
   21    4    4
   29   25    2
   17   30    2
    3   14    2
    6   13    1
   18    4    7
    2   25    8
   30   20    6
    6    8    3
   20    2    6
   10   24    2
    2   17    4
   22   27    5
   25   24    2
   25   21    8
   13   28    2
   21   26    2
   20   23    3
   26   10    4
   27   14    2
    6   12    9
   17   14    6
   25   26    7
    5   21    3
   12   14    4
    2   16    2
   15    4    3
   19   23    2
   27   16    2
   24   20    2
   30   23    4
    6    3    1
    1    6    4
    7   24    8
   23    5    2
   29    1    2
   29   28    1
   29    3    1
   24   22    3
   17   15    2
   27    6    3
   24    4    1
   18    8    1
   20    5    2
   13   19    1
    1   16    2
   22    4    3
    6   16    1
   16   21    1
   21   17    6
   28    8    2
   19   11    2
    9   22    1
   10   16    4
   23   25    2
   27   13    2
