Rock1Type Rock2Type Rating
   27   28    8
   10    2    6
    6   16    3
   30    6    1
    9    6    1
   10   29    3
   10   11    1
   28   18    7
   17   10    3
    8   16    8
   22   10    1
    2   12    3
   23   29    5
    2    8    3
   26   10    4
   26    1    1
   17   30    3
    3    1    8
    9   20    3
   24   27    1
   16    3    4
   25   12    2
   28   13    1
   13   22    3
    1   13    5
   11   13    6
   24   23    2
   13    6    2
   21   15    4
    7   27    3
   11   17    2
   30    3    3
   14    9    2
   20   18    5
   24   10    4
   22   21    3
   28    7    4
    2   18    7
    4    2    5
   26   18    5
   11    4    7
    8   27    2
   20   23    3
   13   19    5
   24   21    4
   21   30    7
   18   12    4
   28   16    2
    6    7    3
   25   21    7
   30    4    6
   14    4    7
    3   20    3
   16   21    5
   12   26    6
   11   20    3
    8   22    4
   21    2    8
   26   19    3
   22   27    3
   17    4    3
   21    9    6
   29   30    7
   19    9    6
   25    9    4
   21    3    4
   26   15    7
   19   20    6
   23   28    4
   12   24    4
   20   21    4
   26   24    2
   15   27    8
   15   30    6
    8   18    4
    9   23    4
    4    9    7
   22    5    7
    4   16    8
   23   25    8
   22   19    7
   29   11    4
    1   22    7
   17   14    9
   23    8    4
   29    4    2
   14    1    7
    3    2    3
   24    9    6
   15    1    5
   29   24    3
   26    5    2
    3    4    9
   18   17    7
    5    9    6
   13   26    3
   18    1    9
   24    7    8
   23    3    2
    8   14    6
   12   23    6
   10    5    3
   29   19    3
   27    5    4
   19   23    5
   25   19    4
   20   30    6
   26   27    6
    9   30    4
   16   30    4
   26   23    6
    6   24    4
   11    3    7
   10   19    5
    1    5    6
    2   13    4
   16   15    3
   25    6    4
    5   23    3
   23    7    3
   25    1    4
   22   14    4
   17   25    5
    6    8    3
   24    1    5
   13   18    4
   25   13    2
   24   25    2
   30   24    3
   28   15    9
   29   28    1
   16   19    5
   11   28    2
   17   24    5
   17   15    1
   29   18    1
   23   15    3
   24   16    5
    2   19    3
   29   17    5
   10   25    7
    2   25    7
   29   14    2
   26    6    3
   29    5    1
   29   15    2
    9   12    4
    1   21    4
   19    7    6
   22    3    6
   22   25    4
    3   26    4
   30   18    4
   13    4    7
    6    1    3
   23   13    3
    8   26    3
   13   20    3
   20    8    2
   29   21    6
   12   11    6
   20   26    4
   24    8    7
   28   30    2
   16    1    6
    3   15    3
   20   10    6
    5   12    3
   10    3    3
   12   10    3
   20   28    3
    8   13    6
   19   28    4
    6   14    2
   23   14    3
    5    4    5
   13   30    3
   14   25    3
   17    2    3
    1   12    3
   22   29    3
   11   15    3
    2   22    2
    8   11    4
   13   24    4
    6   12    7
   23   30    6
   28   22    4
   24   22    3
   19    4    5
    9   16    4
   11   23    3
   25   29    7
   28    6    5
    7    2    3
   18   24    3
   27   29    7
   14   28    5
   29    3    4
   12   21    6
   27    4    4
   15    6    5
    9    8    6
   13   29    4
    2   16    3
    8    5    3
   15   22    3
   27   10    5
   11    5    7
    3   27    3
   15   24    3
   30   19    3
   20    5    3
    9   15    3
   22   23    3
   11    2    4
   10   28    3
   16   17    5
    1   10    3
   25   20    6
    4   15    4
   20    6    3
   23   27    5
   26   25    7
   22   20    3
   16    5    3
    7    5    6
   22    6    5
   21    7    4
    8   17    6
   21   19    5
   16   11    5
   14   24    4
   28   25    3
   14   27    3
   12   14    6
    7   13    4
   11   18    5
    9   28    3
   14   18    4
   30   12    5
    1   28    4
    8   25    4
    9   11    3
    1   29    3
    4    8    6
   25   27    7
    1   30    4
   12   16    4
   21   18    3
   22    9    3
    6    2    5
   16    7    4
    2   27    5
    4    1    6
   24   28    3
   17   12    3
    9   26    4
    7    1    6
   27   21    5
   28    8    3
   10   13    3
   14   30    3
    6   11    2
    2   30    6
   18    7    4
   27   16    3
   15    2    6
    5   14    4
    4   24    5
   28   26    3
    9    1    5
   15   13    4
    3    6    3
   17   23    3
   20   24    2
   10    8    3
   15   19    2
   17   13    5
   19   17    5
   25    4    4
    6   18    3
    6   21    6
   15   10    6
   19   18    6
   16   29    4
   21   14    5
   25   30    5
   14    3    4
   11    7    6
   29   26    5
    9   18    4
   22    7    7
    3   12    5
    3   25    4
    2   26    6
    5   30    4
    8   29    3
    5    2    3
   14   13    5
    9   17    4
   17   26    5
   30   27    4
   11   21    4
    8   30    3
    8   12    3
   22   18    7
   19   11    8
   11   14    6
   21    8    5
   11   27    4
   28    3    3
   29   20    5
   16   26    3
   10   30    7
    7   17    4
    1   23    3
   16   18    5
    4   21    5
    5   15    3
    2   14    6
    8    1    6
   12   19    5
   14    7    4
   13    3    4
   27    9    3
    7   29    2
    5   28    2
   25   11    2
   29    2    6
    6   29    6
   28   21    3
   18    3    6
   20   16    4
   13    5    4
   28    4    3
   26   14    6
   23   10    7
   17    1    5
    9    7    4
   15   14    5
    7    3    4
   26   30    7
   16   13    7
   20   15    7
   24   19    6
   11    1    8
   19    6    4
    7   30    4
   27   12    2
   15   25    6
   27    6    5
   26   11    3
   20   27    5
   24    2    3
   13   27    3
    5   25    3
   25    7    2
   11   22    7
    5   24    6
   12   20    4
   15   12    6
    2   20    6
   19    5    7
   13    9    7
   12   29    5
   16   23    3
    2   28    3
   19    1    7
   19   27    3
   20    4    3
   28   17    4
    4   18    7
    6    4    4
    4   12    4
    6    5    2
    4   10    3
    3   19    6
   10   14    4
   20    7    3
   22    4    3
   26   21    6
   25   18    3
   29    9    3
   15    7    3
   22   26    2
   14   19    6
   22   17    2
   14   20    4
   12    7    4
   22   30    2
   16   25    4
   13   21    4
   13   12    3
    9    3    2
    8    7    7
   21   17    4
   10    9    4
   20    1    3
   21    5    2
    2   23    2
    4   26    3
   23    6    5
    3   24    5
   12   22    3
   27   18    6
   16   10    4
   23   18    3
   27    1    2
    2    1    3
   16   14    6
    5   17    4
   17   20    5
   11   24    5
   23    4    4
    3   17    6
   19    8    7
   10    7    5
    3    5    7
   30   11    4
    8    3    6
    8   15    4
   21   23    6
   15   18    8
    7    4    4
    9    2    3
   10    6    3
   10   18    5
   17   27    4
   16   22    3
   21   10    6
   26    7    3
   18    5    3
   28   12    5
   17    6    4
