Rock1Type Rock2Type Rating
   30   10    8
    5   29    5
   11    9    4
   26    2    9
   19   14    8
   29    3    4
   15   17    5
   20   15    6
    4   17    7
   16   18    8
    6    7    3
   18    1    9
   25   22    6
   15   30    6
    7    4    7
   27   15    7
    1   30    5
   15   12    6
   11   21    6
    9   28    3
   26   19    5
   11   15    2
   26   20    8
   29   17    3
   13   22    2
    1   20    5
   29   12    1
   30   16    7
   23    1    4
   17   18    6
   22   30    3
   26    5    4
    2   11    6
    9   29    4
    3    2    6
   19   27    5
   25    1    5
   13   30    8
   17   27    7
   24   29    3
   15   16    4
   27   22    3
   19   22    3
    7   14    7
   19    4    6
   20    4    6
    2    8    4
   26   13    7
   28   16    3
   17    8    8
   12   26    4
   29   21    3
    5   12    5
    7   18    4
   18   11    7
    9   13    4
   13   18    5
    3   16    7
   25   17    6
   10    5    4
   22    1    3
   30   25    8
    3    9    7
    8   18    4
   27    9    3
    2   17    8
   13   17    8
    2   25    8
   24   22    4
   15    7    4
    3   14    4
   11    3    9
   30   17    7
   28   11    8
   24   18    6
   17   28    6
   20    8    4
   24   28    7
   13   25    8
   13    7    8
   26   21    9
   20   19    4
   19   21    6
   28   20    2
   16   14    7
    8   30    4
    2   10    8
   13   14    7
    6   27    7
   18   26    8
   14   27    9
    5   15    8
    2   20    7
   24   15    4
   12   11    7
   21   22    4
   20   10    8
   25   11    6
    7   10    4
   20    6    2
   10   23    2
    8   24    8
    5   30    3
    7   30    2
   28   18    8
   25    3    6
   27   10    2
   18   27    2
    6   19    6
   15   26    7
   28   10    3
    5    9    2
    7    5    3
    7    8    4
   22    4    6
   11   10    7
    2    9    3
   18   22    2
    6   22    2
    2   15    7
   29   27    2
    5   17    8
   27    3    3
    8   15    4
   27   30    4
   17   21    8
   11    1    9
   25   18    9
    1   12    9
   17   26    7
   14    4    6
    9   12    4
    1   29    3
   11   26    7
   28   26    4
    3    7    3
   27   20    3
    4   16    7
    2    6    5
    9    1    4
   22    7    3
   23   13    8
   26   29    4
   14   11    5
   18   14    9
    5   20    4
    1   21    5
   22   11    7
   17   14    8
    8   26    7
   28    3    6
   14   15    8
    5   28    4
    9   10    4
    9   18    3
   16   29    4
    5   18    4
    1   15    7
    1    4    7
   17   22    4
    8   29    4
   23   22    3
    8   21    7
    4   29    5
    2   19    6
   15   19    7
   14   26    8
   24   14    3
    8   13    9
    6   21    9
   28   29    3
   19   28    5
    1   14    9
   18    3    8
   16   11    7
   23   25    6
   30   20    9
    7   26    8
    9   22    3
    5   14    7
    4    9    4
   30   14    5
   12   30    4
   30    9    3
    3    4    9
   29   11    2
    4    8    4
   27   23    4
   26    3    7
   13    2    8
   22   20    3
   14    8    5
   20   13    7
    5    4    8
    6   15    5
   22   16    3
   16   17    9
   25   20    9
    2    1    9
   21    5    5
    7    2    3
   25    4    5
   11   17    7
   23    8    4
   26   22    3
    5   27    8
    6   30    9
   10    6    5
   26   30    8
   14   25    5
   24   10    3
    1    7    2
   23   30    4
   24   21    3
   12   18    6
    9   23    7
   27    2    8
   24   17    6
   25   21    7
   16   27    4
   26   24    3
   19    1    9
   17    3    8
    9    7    4
   16    7    5
    9   25    6
    7   17    6
    2   21    5
   23   16    4
   24    1    4
   13   29    4
   21   18    5
   20   12    2
   13    6    5
   23   18    3
    7   28    1
   13   27    6
    2   22    5
    8   16    7
   17   19    7
    8   22    3
   10   18    9
   20   16    6
   21   15    4
   29   25    3
   25   24    3
   12   25    5
   23   20    4
   10    3    3
   26    1    3
   21   23    4
   12   13    2
   30   24    2
    8    3    8
   23    7    6
   14   20    7
   19   18    7
   23   12    3
   10   14    8
   20   21    5
   27   24    3
    1    3    8
   24    7    8
   27    8    6
   14   29    5
   10   19    7
    5    2    4
   30   28    3
   24   19    7
    3   15    4
   17    6    8
   22    3    6
   29    7    4
   26   27    8
   27   28    8
    5   13    4
    3   19    8
   28    1    8
   30    3    4
    1   13    7
   11   30    6
   24   16    6
    5   25    7
   18   29    4
   24    3    8
   24    6    8
   13   11    8
   21    9    6
   27   25    7
    6   16    8
   12    7    4
    7   11    5
   29    2    3
   26   10    6
    5    1    7
   12   14    7
    2    4    7
   18   20    4
    6    8    7
   25   15    7
   30    2    7
   23    3    6
    4   24    8
   10    8    4
   10   29    3
   24   20    3
   11   23    5
   11    5    5
    4   15    7
    5    3    8
   25    6    4
   21   10    7
   19   23    7
   24    9    3
    2   12    8
   28   13    4
    4   10    2
    4    6    2
   26    9    3
    5    8    7
   24    5    6
    3   20    4
   16   21    7
   22   14    7
   17    1    7
   11   27    4
   14   21    8
   15   18    9
   15   10    8
   12   22    4
   23   15    3
   30   29    2
    6   26    7
    1    8    6
   16    5    4
    2   14    8
   12   17    8
   21   27    4
   17   20    8
   10   25    9
   19   13    8
   16    9    3
   10   12    7
   22   29    4
   13    3    8
    6    1    3
   30    4    8
   25    7    4
    9   20    4
   12   27    7
   23    6    5
    8   25    6
   19    7    7
   28    8    4
   14   28    8
   19    8    7
   19   29    3
   23   26    8
   14   23    5
    2   16    4
   12   24    3
   19   30    7
   26    4    8
   20   11    6
   13   15    7
   29   15    3
   19    5    6
   26   16    8
    2   18    8
    7   27    4
   28   15    3
   21   28    8
   18    4    9
   24    2    4
   16   13    9
    4   13    8
   25   26    6
    9    8    6
   10   22    3
    2   28    7
   11    8    8
   29    6    4
    9   19    3
   28   22    2
   21    7    7
    1   10    6
    4   21    8
   19   25    4
   24   23    3
   16   19    8
   11   19    9
   19   12    8
   15    9    5
   28   23    2
   30   21    9
   18   30    8
   12   21    8
    9   14    4
    6   12    9
    3    6    8
   20   29    4
    6   18    7
   28    6    7
    6   11    4
    8   12    4
    7   20    7
   12    3    7
   17   23    3
   16   10    8
    1   16    8
   12   28    8
   24   11    7
   10   13    8
    4   28    6
   21    3    7
    6    5    2
   27    4    8
    1   27    3
   23    2    4
    4   11    9
   29   23    8
   12   16    9
   28   25    4
   12    4    7
   13   24    7
    6    9    4
    4   23    8
    9   17    3
   23    5    7
    5   22    7
   14    6    8
   25   16    8
   21   13    4
   22   15    6
   10   17    5
