Rock1Type Rock2Type Rating
   15   10    7
    5   29    3
    1    8    7
   26   30    6
    8   30    3
    7    1    3
   30   15    5
    6   20    4
   21   17    7
   13   26    4
   26   12    5
    7    4    4
    3    1    8
   19   16    6
    5   21    4
   25   28    6
   28    6    5
   18   14    6
   23    7    3
    4   20    2
   30   24    3
    2   23    4
   16    2    5
   23   28    3
    7    6    4
   15   24    2
   30   16    6
    2   26    7
    7   15    3
   20    1    7
   22    5    6
    2   18    7
   23    6    4
    6   29    4
   10    7    4
   20   13    6
   26   14    7
   18   11    7
   19    8    8
   17   16    7
    3   30    4
   16   14    6
    8   21    3
   27    7    3
    1   24    3
   23    5    3
   30    9    3
    8   26    4
   28   15    8
   11   28    6
    5   10    4
    3    5    7
   13    4    7
   18   19    6
   12   30    5
    5   27    5
    3   27    5
   16    8    6
   23   15    4
   14   19    6
   15    5    6
   24    7    7
    1    9    4
   18    7    3
   17   15    3
   11    5    6
   14   23    3
    9   15    2
   16   11    6
   19   22    5
   12    8    2
   23   16    4
   14    3    6
   27   14    5
   14   25    4
   24    9    6
   22   29    3
   16    1    6
    1   29    3
   21   10    6
   27   18    7
   25   10    7
    5    1    7
    7   14    5
   27    2    7
   22   18    3
   11    2    7
   10   23    4
   14   28    3
   20    5    3
   17   20    4
   22   20    3
   18   24    4
   23   29    6
   29   21    4
   14    5    6
   30   14    5
   22   25    3
   15   22    6
   25   26    7
   21    9    5
    8   23    5
    1   30    6
    4   25    5
    8   20    3
   29    3    4
   27   15    7
    7   20    3
   22   17    3
   28   12    7
   11   30    7
    4   14    7
    6   27    6
   13    2    5
   11   23    3
   27   26    4
   22   27    3
   10    3    3
    1   18    7
    9    3    3
   11   22    3
   12   19    6
   18   30    5
   27   29    3
    1   22    6
   11   12    7
    9   22    3
   16    4    7
   11   21    6
    8   24    7
   19   28    7
    4    3    8
   21   24    3
    6   17    4
   10   12    5
   19   23    4
   22    2    3
    4   21    6
    6   15    5
   27   13    4
    2   17    6
   25    2    5
    3    2    4
   14   22    4
    7    2    4
   10   24    3
   19    4    6
   13   10    4
   27   30    4
    1   27    6
   30   29    3
   10    2    6
   26   24    5
   11    9    4
   20   12    4
   14   20    4
   29   13    3
   27    8    3
   18    9    3
    5   19    5
   27   28    6
   27   12    4
   30    5    3
   10   16    3
   16   15    3
    4   18    7
   21    6    7
    3   18    7
    8   25    6
    7   16    5
   17   27    5
    8    4    4
   17    7    5
    1   17    4
   25   18    7
   29   12    2
   17   28    6
   12   21    8
   28   16    5
    7   12    3
   12   18    5
   19   20    6
   27   10    7
   28    2    5
   13    7    4
    3   16    6
   20    9    3
   22    4    3
   14   17    4
   26   21    4
   20   26    4
   19   17    5
   24   19    5
   17   11    4
   12    2    6
    3   20    4
    9   26    6
   18    8    3
   11   14    7
   21   30    7
    5   26    3
   27   19    6
   26   10    4
   23   22    3
    3    6    3
   26   16    4
    4    5    6
   19   15    6
    3   17    7
   22   24    3
   24   27    4
   23    1    4
   10   17    7
   19    3    8
    1   25    7
    9   29    6
   22    8    4
   27   11    5
   19   26    6
   14    8    5
   20   10    8
   21   28    4
   22   13    4
    5   17    4
    8    9    5
   28    3    6
   15   12    5
   24   12    4
   21   22    4
    4   24    4
   18    6    5
    1   14    8
   26    3    4
   16   20    6
   23    3    4
   13   24    4
    1   28    7
    2   21    6
   11   13    5
   23   27    3
   25    6    4
   15   14    6
   19    6    6
    2    1    7
    9   25    5
   24    3    5
    9   13    4
   16   21    6
   16   12    6
   13   23    4
   21   19    4
   19   29    3
    4   10    5
   20   29    3
   18   29    4
   20   11    4
    8    5    4
   19   25    6
   28   24    3
   16   18    4
   16   27    3
    5   18    3
   16   25    4
   16   24    3
   20   30    4
    4   29    3
   13   25    4
   17    4    4
    5   16    3
   13   30    5
   26   15    3
    2    4    5
   20    2    5
    2    9    4
   12   25    4
   17    8    7
    9   19    4
   20   24    3
   29   16    3
    5   25    6
   18   23    3
   29   11    3
   19   30    6
   25    3    7
   28   30    4
    2   15    4
   21   15    3
   19    7    3
   28   20    3
   18   21    4
   26    6    4
    8   29    3
   25   29    3
   17   13    6
    7   28    3
   26    1    4
   12    6    9
    6    9    2
   28    5    6
   26   29    5
   27    4    4
   18   17    3
   28   10    6
    6    2    6
   13   12    4
    9    5    5
   14    6    6
   14   24    3
    8    7    5
    3    8    6
   20   15    4
   18   15    7
   22   26    3
    6   22    3
    3   21    4
    8    6    4
   26   23    5
   19    2    5
   11   10    4
   28   22    3
   25   24    4
   28   26    3
   15   13    4
   22    7    3
    9    4    4
    9   23    5
   10    9    6
   19   11    7
    3   11    5
    6   16    4
   21   25    4
   30   17    5
    4   15    5
   23    4    3
    9   16    6
    4   11    7
   14   21    6
    3   22    4
    7    5    4
   25   17    4
   25   11    3
   29   14    3
   28   18    5
   19   13    4
   20   27    4
   23   12    2
   29   24    3
   12    5    4
   10   29    4
    4   12    5
   25   15    6
   22   12    3
    1   15    4
   12    9    2
   13    6    3
    6   11    4
   13    1    4
   14   13    5
    7   11    4
   11    1    7
   29    2    3
   10    8    5
    6    5    3
   13   28    4
    8   11    4
    4   28    4
    7    3    5
   17   23    3
   17   29    4
   13    8    4
   15   29    3
   21   27    3
    3   13    4
    5   24    3
   13    5    4
   16   22    3
    6    4    6
   18   10    6
   28   29    3
   21   20    4
   11   15    5
    6   10    6
   20   25    5
    5    2    4
   25   30    6
   17   12    4
   28    9    3
    6   30    7
   27    9    3
    1   10    7
   24    6    3
   12    1    4
   17    9    3
   25   27    5
    9   14    3
   26   11    3
    7    9    3
    2   30    7
   10   14    6
   21    7    5
   13   16    7
    8   15    3
   17   26    5
    8    2    4
    7   26    4
   12   14    6
   22   30    3
    6    1    6
   30    4    5
    7   29    3
    3   15    6
    3   12    4
   25    7    4
    8   28    3
   10   22    3
   26    4    4
    1   19    7
   19   10    7
   24    2    3
    1   21    5
   23   24    5
   17   24    4
   10   30    5
    7   30    3
   18   20    5
   24   11    3
   21   23    3
   23   20    3
    2   14    7
    4    1    8
   25   23    6
   23   30    3
   18   26    4
   21   13    6
   18   13    5
