Rock1Type Rock2Type Rating
    2    6    2
   29   19    1
    1   19    6
   15   12    4
    8    1    6
   20   26    1
    4    5    4
   17   11    3
   17   22    1
   23   24    1
   26   21    3
   11   28    2
   14    3    2
   27   14    2
   19   26    2
   10   17    2
   20    5    1
   20   28    1
    2    9    1
   20   27    1
    4    3    4
   29   17    1
    2   13    3
   22    6    4
   26   22    1
   15   10    6
   22   15    1
    7   13    1
   24    9    3
   10   12    2
   22   25    1
   10   19    6
   17   25    3
    7   16    2
   18   15    6
   20    6    1
   27   30    1
    6    7    1
    9   13    2
    4   12    1
    4   26    1
   14   29    1
   19    6    1
    7   30    1
   16   11    3
   24   18    1
    3   15    2
   14   28    1
    9   30    1
   11    8    6
    1   13    2
    4    1    6
    7   29    1
   11   27    2
   19   23    1
   19    9    1
   28   18    3
   16   24    3
    2    4    3
   15    9    1
   22    4    6
   22   14    3
   26   24    1
   28    9    1
   21   27    1
   23    2    1
   30   23    1
   27   29    1
   19    8    2
   12    5    1
   29   25    1
    5   21    1
   12    1    1
    8   20    1
   18   30    1
   22   18    1
   11   18    3
    5   27    1
   19   16    2
    6   27    1
    3   29    1
   27   10    3
   16   29    2
    2   17    6
   13   25    3
   29   11    1
    7    1    1
   29   28    1
   12    2    2
    3   11    6
   16   22    1
    1   28    1
   26    2    1
   30   12    1
    1   11    7
    7   14    1
    9    4    1
   24    2    1
    3    1    6
   17   21    2
    9    7    1
   23   18    1
   20   15    1
   23   28    1
   12   14    3
   30   20    2
    7   23    6
   30   26    1
    6   12    7
   30   24    1
   25   10    3
    2   16    2
   13   11    3
   10   14    2
   21   23    1
   17   15    1
   20   19    2
   10    1    3
   24   22    1
   25   20    1
    1    5    2
   20    2    6
   13    8    3
   11   14    2
    3   24    1
    7   27    1
    8    2    1
   11    9    1
   19   27    1
    8   24    2
   11   15    1
    3   21    1
   21   12    7
   24   17    1
    8   12    1
    3   10    1
   18   27    1
   21    6    7
   20   13    2
    4   29    1
   10    4    1
    5   29    1
   14   26    1
   25    4    1
   14   30    1
    6   15    1
   10   13    1
   25   26    1
   18   29    1
    4    7    1
   20    7    1
    9    6    1
    9   20    1
   24   13    1
    1   24    1
    6   25    1
   25    9    1
   15   14    1
    9   27    1
    3    5    6
   20   16    1
   22   12    1
    6    3    1
   28   15    6
   23   25    1
    7   26    1
    1   25    1
   17   26    2
    2   28    2
   24    4    1
    4   16    6
    3   17    2
   23   15    1
   28   22    1
   17   27    1
    1   22    1
   24    6    1
   16   14    1
   27   12    1
    8    7    1
   14   24    1
   17    4    1
    8   10    1
   17   12    1
    7   12    1
   22    7    1
    5   19    1
   15    2    1
    2    7    1
    4   19    1
   20   11    1
   26   13    2
    1   18    3
   10   22    1
   13   14    1
   23    6    1
   24   15    1
   30   28    1
    6   17    1
   22   11    1
   16   21    1
   24   25    1
    2   22    1
   16   15    1
    8   26    2
    6   18    1
   19   15    2
    6    8    1
   21   19    2
   21   28    1
   24    5    1
    8   15    1
    4    6    1
   18   25    1
   18   21    1
   16    6    1
   27   28    6
   15   25    1
   14    2    3
   16   28    1
   16   12    1
    2   21    1
   22    5    1
   15   30    1
    8   23    1
   16   23    1
   15    4    1
   26   12    2
   26   18    1
   13    4    3
   24   12    1
   15    7    1
    6    1    1
    9   21    1
   20   23    1
   23   14    1
   30   16    1
   22   19    1
   23    4    1
    1   16    1
   11   30    1
   11    7    1
   15   29    1
    8   21    1
    8   22    1
    2   25    1
   16   25    1
    6   26    1
   21   14    4
    7   10    1
   23    1    1
    2    1    1
   14    1    1
    1   30    1
   13   27    1
    5   13    1
   26   16    2
   24   11    1
    1   21    1
    8   27    1
    2    5    1
   25    8    1
   23   10    1
   23    5    1
   18   16    2
    9   29    4
   25   27    1
    4   28    1
   29    2    1
   29   23    2
   12   13    1
    5    6    1
    3   12    1
   30    5    1
    9   17    1
   24   27    1
   19   11    2
   20   14    1
    5    8    1
   19   17    2
   28   10    3
   20   24    1
   22   29    1
   21   25    1
   10   20    2
    2   19    2
   25    5    1
   17    7    2
    6   30    2
   12   29    1
   30    2    2
   20    3    1
   30   29    1
   10    6    1
   16    8    1
   16    9    1
   11    6    1
    3   26    1
    4   11    6
    4   30    1
   12   23    1
   27   22    1
    3    8    1
   19   28    2
   20    4    1
    2   27    1
   18    7    1
   10    9    1
   17   14    1
   15    5    1
    2    3    1
    1   29    1
   24   10    1
   25   30    1
    9   18    1
    1    9    1
   16   13    4
   20   18    1
    7   25    1
   17    8    1
   25   11    1
   30   17    1
   30    3    1
    5   16    1
   23   22    1
   14    9    1
   28   25    1
   13   19    1
   17   23    1
   14    4    1
   18    8    1
   19   25    1
   26   23    2
   16   27    1
    7   24    1
   20   12    1
    9   26    1
   19    7    3
   10   21    1
    8    4    1
   18    3    1
   22    9    1
    3   27    1
   23   27    1
    5   26    1
    1   17    1
   17    5    2
    3    9    1
   15   26    1
   14   25    1
   12   11    1
   26   28    1
   28    6    4
   21   30    1
   15   27    3
   19   12    2
   11   10    1
    4   18    1
    7    5    1
   26    1    1
    2   10    2
    8   30    1
   26   10    2
   17   28    3
   22    3    1
   30   19    1
   22   20    1
   23    9    2
    5   11    4
   17   16    2
   21   11    2
    5   18    2
   21   29    1
    6   29    1
   16    3    3
   11   26    1
   14    5    1
    7   28    1
   29   13    1
    6   13    1
    8    9    1
   21   13    1
   13    3    1
    3   25    1
   18   14    2
   23    3    1
   28    3    1
    8   29    1
   29   20    1
   13   22    1
   30   13    1
   20   21    1
    3   19    1
    8   14    1
   23   13    1
   10    5    1
   28   24    1
   15    1    1
    7    3    1
   13   15    1
   10   29    1
   18   19    2
   17   20    1
    1   20    2
   19   14    2
   16   10    1
   26   27    1
   17   18    2
   14    6    2
   12   18    2
   21   22    1
    7   21    1
   28    5    1
   21    4    2
   24   19    2
    2   18    1
    4   27    1
    9   12    1
   27    1    1
   29   26    1
   11    2    1
   13   17    2
   28   12    1
   10   30    2
   28   13    1
   13   18    1
    9    5    1
   25   12    1
   11   23    1
   21   24    1
   10   18    2
   22   30    1
   24   29    1
    8   28    1
   21   15    1
