Rock1Type Rock2Type Rating
   20   28    3
   30   14    4
    1   29    4
    3   23    5
   17   23    5
    2   15    7
   12    2    6
   15    6    3
   16   23    4
   22   20    2
   16   29    4
   22    1    2
    2   24    4
   14   19    4
    9    7    3
   27   25    7
   30   13    5
   10    2    4
   12   23    3
   15    9    3
   28   13    3
   30    9    3
   30    4    5
   24   28    4
    3   30    3
   30   12    4
   15   18    7
   24    5    4
   25   17    3
   12    5    1
   26    9    3
   18   12    2
   28    1    6
    3   28    5
    3   16    5
   21   15    4
   25    4    3
   16    2    4
   24   13    3
   12   28    3
   21    5    2
   15   14    3
   30   10    3
   10   28    2
   15    8    4
   19    3    5
   17   12    7
    5    1    4
   17   11    7
   10    7    2
    9   19    5
   16    1    4
   10    9    5
   21   23    3
   19   23    4
    8    2    4
   21   29    3
   24   21    6
   26    6    3
   20   12    4
   17   28    4
   13    2    6
   22    8    2
   12    6    8
    2   21    6
   21   20    4
    4    7    3
   16   15    4
   15   13    4
   29    7    2
   26   27    4
    4   27    4
   22   26    2
    9    3    4
   26   29    4
    6   10    4
   13    6    4
   24   12    3
   22    3    2
   30    5    3
   19   16    4
   18    8    3
   16   22    2
    5   10    3
   10   26    4
    8   29    4
   24   22    2
   15    3    5
   12   22    3
    8   26    4
    2    1    5
    8   30    2
    3    5    6
   17    8    8
   23    4    3
   22    9    2
   23   24    7
    7   24    7
   26   14    6
   14   11    5
    7    1    4
    2    9    3
   11   27    4
   10   20    5
   30   25    6
   24    3    4
    3   12    4
    6   28    3
   27   12    4
   20   24    3
   24   11    3
   20   11    4
    6   29    2
   29   17    6
   30    7    2
   21   27    4
   21   13    4
   14    4    7
    7    3    4
   16   26    3
   20    8    3
   17   18    4
    6   27    4
    9   14    4
   13    1    3
   16    8    4
   27   24    3
    8   12    3
    3   11    6
    3    6    3
   23   14    3
   26   25    6
   11    7    4
    7   25    3
   23   11    3
   15   24    4
   24   14    4
   29   13    5
   21    9    4
    8    3    5
    7   18    4
   16   14    6
    3   10    4
    7   27    4
    9   27    4
   16   17    5
    9   18    4
   26    1    6
    4   16    4
   22    4    7
    2   25    8
   23   26    4
   19   10    7
   25   23    5
    8   11    4
   18   19    8
   19   15    7
   24    1    4
    9   29    4
   24   25    5
   20    7    3
   28    7    4
    3    4    4
   26   17    3
   19   13    6
   16    7    4
    7   26    3
   12   14    4
   13    9    6
   15   23    7
   17   19    4
   18   22    6
   19    7    4
    2   22    3
    4   28    3
   10   25    7
    6   14    4
   14   18    7
   20   17    3
   12   16    7
   21    7    3
   26   13    7
    7   15    4
   25    3    4
    2   26    8
   27   18    7
    1   21    4
   15   28    8
    4   18    4
   29    2    8
   27    3    4
   25   21    6
   25   12    4
   26   24    7
    3   20    6
   11   25    5
   16    5    7
   11   10    7
   13    4    4
    5   26    5
   25   14    7
   21   14    5
   29   18    7
   30   22    2
    5    6    2
   26   21    5
    4   12    4
   30   18    5
   25   18    6
   26    3    4
   20   23    4
   15    4    6
    9   25    4
   20    6    3
   23   28    3
   26    4    3
    2    6    3
    1    8    7
   17   10    3
   29   15    3
   11   26    7
   29   25    3
    1   11    3
   18    3    3
   30   19    5
    5    4    6
    8    9    3
   21   30    3
   29   20    3
   19   11    4
   18    5    7
   28   26    7
   15   30    1
   27   28    7
    9   23    4
   21   22    3
    7   13    5
    1   14    4
   22   27    4
   10   18    5
    5   29    4
   18    6    3
    8   27    4
   28    5    3
   10   12    4
   19   21    7
   30   24    4
   13   12    3
   16   10    4
   29    4    3
    5    9    4
    7   14    5
   20   18    4
   20    9    5
    1   18    4
   12    7    4
   11    2    5
   24   29    6
    2   18    6
    3    2    4
   16   25    7
    7   22    4
   18   16    7
   13   23    4
   11    4    4
   17    1    5
   12    1    4
   10    1    6
    6    4    4
   16   27    6
   24    9    4
    2   27    5
   11   18    6
   30    1    5
   28   16    5
    6   21    5
   20   27    6
   14   20    5
    8   10    4
   20   15    5
    8   21    5
    5   22    3
   10   14    5
   28    2    4
   15   17    4
   11   12    6
   12   19    6
   10   27    4
   25   20    4
    5   17    4
   27   30    4
   16    9    4
   24   10    4
    6   25    6
   15   25    4
   17   22    4
   22   10    3
   14   13    5
   22   25    3
   19    1    5
   28   21    4
   23   29    7
    1   27    3
   25    5    4
   26   15    3
   30   17    8
   14   27    3
    3   14    4
   23   27    5
   23    6    3
    6   11    3
   19    5    3
    1    4    4
    8   14    3
    8   23    8
    4   20    3
    2    7    3
   24    4    3
    4   17    3
   28    8    3
   15   10    3
   30   11    4
   20   30    3
    1    9    5
    7    5    4
    5   11    7
   17   24    6
    6    7    4
   11   28    3
    1   15    3
   17   13    5
   20    2    4
   29   10    4
   20   26    4
    1   20    4
   27   13    4
    5    2    3
   19   22    3
   29   28    3
   29   12    3
   19    6    3
   28    9    7
    6    8    3
   16   20    3
   11   29    3
   27   15    7
   17   27    5
    2   14    8
    9   12    3
   11   15    3
   23    1    3
    5   27    3
    3   17    7
    1   25    5
   16   13    7
   18   21    4
   26   19    4
   30   16    4
   15   12    3
   10   21    4
   13   18    4
   23   30    3
   13   10    5
    2   30    5
   28   30    3
   27   19    3
    3   21    3
   11   13    6
   25    8    4
   20   19    3
   16   21    5
   13    5    5
    4    8    4
   24   16    4
   26   18    3
   17    6    4
   23   18    3
    5   20    3
    3   29    4
   13   22    3
    6   30    5
    1    3    3
   28   18    3
   13    3    4
    5   23    5
   20   13    4
    9   11    7
    2   17    4
   18   24    3
    8   13    7
   28   19    4
   19   24    8
    6   24    7
    7    8    4
   22    6    6
   14   29    6
   15   22    3
   25   13    3
    8   24    3
   22   23    2
   27   29    2
    4   21    3
   22   29    6
   22   11    2
    6    1    2
   15    5    4
    7   17    3
   30   29    3
   10    4    9
   26   30    8
   14    5    9
   28   25    8
    6    9    3
    8    5    3
    4    2    3
   26   12    3
   19   29    4
    4    9    8
   28   22    7
   19    4    5
   12   21    8
   14   22    9
   17   21    8
   21   11    4
   19    2    3
   28   14    7
   14   17    6
   17    9    8
    8   19    5
    6   16    8
   23    2    8
   19   25    8
   10   23    8
   11   16    4
   23    7    4
