Rock1Type Rock2Type Rating
   21    1    3
   12    5    3
   15    4    2
    6   26    1
   23   26    3
   26   16    2
   12   27    4
   23   14    2
   19   26    1
    2   16    2
   14    6    2
    2   26    4
    3   28    1
   16   11    6
   29   13    5
    5   25    2
    4   19    3
   11   18    5
   12    2    2
   22    2    5
   17   22    7
   25   29    8
   13   14    8
    9   29    9
    3    5    8
   24   29    4
   30   27    3
   10   15    6
    4    3    7
   11   28    3
    1   27    3
   30   13    6
   14   21    7
   23   20    6
   15   20    2
    1    5    7
   25   24    3
   21    2    2
   29   15    8
    7    1    3
    5   18    7
   16    6    1
   29   12    1
   16   27    3
    9   23    8
   30   10    4
    4    9    3
   30    3    3
   30    4    2
    6    5    4
    6   11    7
   10   17    3
    7   30    5
   27   22    6
   20   30    8
   23   30    5
   11   27    5
    6   27    1
   17   28    2
   17   12    1
    9   13    6
   15    7    3
   13   11    8
   13   12    4
   16   13    9
   25   19    9
   24   27    4
   26    7    3
   20   10    8
   17    7    2
   27    4    4
   22   19    7
   30   18    2
   13   28    1
   26   28    1
    2    5    2
   12   23    1
   18   15    7
    5    9    3
   24   12    2
   29   20    6
   27   18    6
   29    7    2
   18   29    6
   27   19    6
    2   23    4
    4   28    2
    2    7    2
   23   28    1
    7    8    9
   19    8    8
   28    5    3
    9   24    2
   14    5    3
    4    6    1
   14    2    7
   14   27    3
   17    5    2
    9   16    1
   16   12    1
   15   17    1
    2    4    3
   25   21    6
   23   29    7
   20    8    3
   11   19    6
   12    6    9
    5   29    2
   28   12    6
   28   10    1
   23   24    6
    2    1    5
   22   24    3
   26    1    2
   18    6    4
   15    9    1
    6   30    6
    9    2    2
    2   15    3
    8   11    7
    3   25    4
   12   20    1
   23   25    7
    9    3    1
    6   17    4
    4    5    7
    3   14    3
   25   28    1
   18   24    2
   10   12    1
   26   29    2
    3   20    1
   30    8    2
    5   21    4
   23   15    1
   14   20    2
   16    1    6
   15   16    4
   26   24    6
   14    9    2
   17   23    1
    2    3    3
   20    5    1
   24   10    1
   13   10    4
   24    8    8
   29    1    4
    8    4    6
   17   16    6
   25   30    6
   16    4    9
   20   27    1
   22   29    2
   24   13    8
   29    4    4
   16   19    6
   14   10    6
   13    4    7
    7   23    3
   23   22    1
   27    9    2
   11   12    6
    6    3    1
    8   23    1
    4   23    2
   20   11    1
   21    3    4
    7   13    5
   11   21    6
   24    1    1
   13    6    2
   10   25    8
   25   20    6
    6    8    1
   24   17    4
   20    2    6
   20   22    1
   16   23    2
   11    1    8
   28   20    1
   10    6    2
    5    7    6
   14    4    3
    5    8    1
    4   10    1
   12    4    1
   22    4    1
   28   16    1
   11   10    4
   25   22    3
   24    7    7
   11   30    3
   26   20    8
   14   12    2
   16   30    4
   17   14    5
   18    2    8
   28   29    2
   16   24    6
    7   16    6
    7   12    1
    5   26    1
   14    8    4
   26   22    1
   22   18    6
   30   29    4
    5   19    6
   19   13    1
   19   30    3
   18   13    6
   18    1    7
   10    1    7
   22    8    1
    2   19    6
   10   23    7
   15   19    2
   15   11    4
   16    8    6
   10   21    5
    1   22    6
    3   26    2
   30   15    2
    3   19    6
    5   23    3
   12    1    2
    4   17    1
   18   21    2
   22   12    1
    8   28    1
   14   15    4
   11   24    4
   26   17    8
   22   28    2
   13   21    4
    8   29    5
   22   21    3
    9   25    6
    1    8    6
   17   13    8
    1   28    7
   12   15    6
   20   24    3
   22   16    2
    8   13    4
   27    2    7
   13   22    2
    9   10    7
   21   28    6
    7   20    2
   10   16    4
   15   27    9
   20    1    6
   21    9    3
   29   14    2
    9    6    2
   21   26    2
   25    1    6
    7   14    2
    4   11    8
   30    5    4
   17   11    4
    5   27    6
   14   22    1
   28    7    2
   10    5    6
   21   15    1
   19   14    6
    9   26    2
   15   13    7
    5   11    7
    9    8    2
    8   15    2
    3   17    6
   24   14    1
   18   19    7
   25   17    4
   14   26    6
   19   23    3
   30   12    1
    6   20    3
    8   12    4
   14   28    4
   12    3    1
   11    3    8
   11   26    1
    3   22    3
   24    6    1
   24   30    1
   21   20    4
    3   15    4
    5   16    3
   19   29    2
   23   11    4
    6   22    1
    7    9    1
   18   16    6
   25   18    6
   28   27    7
   25   15    4
   20    4    1
   29    6    2
   22   11    4
    3    7    1
   26   10    6
   20   18    3
   26    8    4
   17    1    7
   18   23    1
   29   16    2
   28   19    7
   29   17    6
   15   26    4
   23   27    1
   27   10    7
   11    7    4
    9   19    1
   20   17    3
    4   26    1
   29   27    3
   12   18    1
   13    1    3
    3   10    6
   14   16    4
   15   28    7
    4    1    8
   24   21    1
    8    3    3
   19    1    8
    8   25    2
   25    6    1
   17    8    8
   26   27    1
    9   28    2
   18    8    6
   21   29    4
   21   19    3
   12    9    2
   18   28    6
   21    7    1
   15    6    3
    1    3    8
   14   11    7
   18   14    6
    8   27    2
    7    4    1
    1    9    2
   12   26    2
    2    8    1
   10   18    6
    9   20    1
   19    6    2
    2   25    7
    1   23    1
    1   14    6
   30   21    9
   18    3    7
   25    7    3
   15   24    2
    2   28    1
   30   22    2
   13   23    7
    4   21    3
   18   26    4
   12   21    9
   12   25    1
   13    5    4
    7   19    4
   21    6    9
    6    7    1
   30   14    4
    9   11    2
   11   29    3
   16   21    4
    3   27    1
   10   29    4
   18    9    1
    6   28    4
   26   30    4
    4   24    2
    1    6    7
   13   26    7
   29    2    1
    7   22    7
   24    5    2
   10    2    8
   12   19    4
   23    3    1
   21   23    4
    6    2    2
   27   13    3
   30    1    7
   13    2    8
    3   16    2
   14   25    9
   20   19    4
    9   17    8
    2   30    7
   20   13    4
    9   22    2
    3   13    6
   17    2    5
   25   26    6
   21   27    3
    7   18    7
    7   10    6
   18   17    3
   17   27    4
   25   27    6
   29    3    1
   19   17    3
    8   10    2
   22   10    6
    4   25    7
   30   28    1
   17   21    2
   13   25    1
   18    4    7
   27    7    3
    2   24    2
    3   24    7
   21    8    1
   11   25    3
   16   20    2
    5   15    7
   24   19    6
   30    9    3
    2   11    4
    1   15    6
    6   23    1
   10   19    7
   15   22    6
   30   17    3
   22    5    1
   16   25    6
   24   28    2
