Rock1Type Rock2Type Rating
   11   21    4
   21   19    4
   18    6    1
   12    3    1
   23   22    1
    2   19    5
   30   29    2
   30   27    2
   26    2    8
    7   27    6
    3   15    5
   30   25    7
    1   23    1
   23   11    2
   30    4    4
    4   12    8
   11   28    7
   14   23    4
    6   26    6
   21   28    3
   26   13    7
    8    1    8
   21   30    9
   24   25    3
    4   16    8
   24    4    6
   19   17    5
    4   18    7
   18   12    3
   23   13    4
   28   10    7
   30    1    7
   29   24    3
    4    8    7
    2    6    7
   15    8    3
    2   16    7
   26    7    4
   19    4    7
    8   28    5
   21   26    6
   19    3    7
   29    1    3
   22   21    4
   27   20    6
    5   23    3
   24    8    7
   17   10    8
   26    3    7
   27    4    3
    7   29    3
   10   25    7
   29   21    3
   15   29    2
   15   11    2
   14   26    8
    1   24    5
    7   25    4
   20   23    4
   28    9    3
   16   14    8
   26   20    7
   19    9    4
   11    2    8
   11   27    7
    1   26    4
   30   11    8
   26   30    7
   17    7    5
   30   28    8
    3   17    4
   17   21    8
    2   29    2
    4   21    8
   30   13    8
   20    9    3
   15   23    2
   11    5    8
    7    5    8
   18    3    8
    1   15    8
   27   16    2
   30   12    8
   20   22    1
   21    2    8
   20   18    7
   11    6    8
   26   10    8
   22   28    2
   22    8    2
    7   10    2
   25   23    3
   13   25    7
   30    5    3
    7    3    7
   20   15    3
    4    9    7
   21   16    8
   13    1    7
   26   16    8
   13   20    8
    9    5    5
    3    9    3
   18   25    5
   28   14    5
   29    4    3
   25   12    3
    7   24    7
   21   23    3
   18   13    7
   10    2    8
   25    6    2
   20   11    8
   19   29    3
   25   21    4
   13    2    7
   13   22    7
   13   29    3
   25   19    7
    1    9    3
    1   11    7
   21    7    8
   17   29    2
   10    9    7
   27   22    2
   30    7    7
   18   15    8
    1    2    8
   13   21    8
   10   24    7
   15    5    8
   21   15    2
   22    9    2
   24    3    7
    2    4    7
   10    3    3
   29   12    3
    7   12    7
   26   25    8
   14   29    2
   19   14    8
    5   16    8
   25   14    7
   17   18    7
    5   17    2
   13    5    7
   25   27    7
   26   28    3
    2   12    7
    7    4    8
   18   14    8
   30   15    2
    8    2    7
    4   28    7
   11   14    7
   11   24    3
    4   13    7
   16   13    7
    1   14    7
    6   28    2
   12    6    8
   28   24    3
   16   28    2
   13   27    3
   18   30    2
   17   22    2
   15   27    7
   24   21    2
   18   24    8
    1   25    2
    5   26    2
   11    7    7
   18   29    2
    5   22    2
    8   10    2
   23   24    3
   22   30    3
   25   20    7
   22   16    2
   26   27    2
   26   29    2
   20   19    7
   10    5    2
    6    8    6
   28   15    7
    3    5    7
    3    1    6
   22   14    2
   13    8    3
   25    4    4
   25   22    2
   10   23    3
   14   17    7
   20    5    2
    9   24    3
   19   27    3
    2   15    3
    1    7    4
   24   20    4
   27    1    4
   14    7    7
    5   21    4
    8   19    7
   11    9    2
   19   12    7
   27   17    6
    1    4    8
   19   11    8
   24   14    7
   17    2    8
    2    5    2
   28    1    7
   14    8    6
   13   17    7
    4   11    8
   14    5    6
   22   10    2
   27    8    6
   17    8    8
   24   12    2
   10   18    7
    8   30    2
   20    8    2
    5   25    2
   18   22    2
   16    3    8
   23    3    2
   14   20    3
   22    3    2
    9   30    6
   28    2    4
    3   25    5
    7   20    7
   19   24    7
    3   27    4
   18    5    8
    6   17    7
   12   17    6
    4    3    9
   19    5    8
   28   25    4
   16   23    3
   27   24    4
   15   10    7
   12   28    3
   19   26    6
   10    1    7
    9   25    3
    8   23    4
   15    9    2
   17   16    8
   28   18    8
   18    8    7
   30    6    7
   17   11    6
   10   14    7
   19   10    7
    2   18    8
   13   28    5
   12   16    7
   14    6    7
    6    1    7
   19   28    7
    9   21    3
   22    4    2
    6    9    4
   16   19    7
    3   21    8
   12   14    3
   12   27    3
   14   15    4
   19   13    7
   13    6    7
   18   27    7
   25   11    3
    6    5    3
    9   13    6
   29   28    3
   22    6    3
   17   25    2
   26   15    2
    4    5    9
   26    9    8
    7   18    8
   25    8    3
    7   28    8
   15   25    7
   17   20    3
   21   20    3
    6   20    2
   27   23    2
   23   30    3
    9   16    7
    8    9    7
    6    4    7
   30   14    7
   13    7    7
    3   28    4
    5   24    7
   19   23    4
   16    8    8
   12   10    2
    2   22    2
   27   21    2
   26   23    2
   29   25    2
    4   23    2
   20   10    4
   24   16    8
   22   11    2
    7   19    8
   27    6    2
    7   22    2
   26   12    7
    8    7    7
    2   25    7
   24   26    8
    2   24    7
    3   11    9
   20    4    8
   18   11    8
    2   30    7
   13   15    3
   17   15    3
    4   10    4
   15    6    3
   16    6    4
   12    5    3
   19   30    7
   30   17    2
   20   16    3
    6   10    2
    5   27    3
   16   25    3
    1   19    9
    6   21    8
   29   16    7
   29    9    7
   15    7    3
   27   28    4
   23   17    3
    9    2    3
    9   27    3
    9   23    3
   16   11    8
   20    3    7
   10   11    8
   22   26    2
    1    5    9
    6   29    2
   10   16    3
   16   30    7
    4   15    2
   11   12    3
   23    2    2
   26    8    2
    3    6    3
   16    7    8
   19   18    9
   18   16    8
   14   21    8
   24   17    9
   18   21    8
   17    9    3
   19   22    4
    4   14    8
    8   21    2
   29   11    2
   26   17    8
    6    7    3
   13   10    3
    3    8    9
    1   12    8
    2    7    4
    3   29    2
   12    9    2
   11   26    7
   20   29    2
    8   11    3
   22   24    2
   12   13    2
   15   24    2
   28   20    7
   22   29    2
    2   14    9
   18   23    7
    7   23    2
    2   20    8
   23   29    7
   16    1    8
   21    1    7
    3   14    7
   15   12    2
   24   13    7
    9    7    4
   12   20    4
   26    4    3
    9   14    3
   30   10    7
   28    5    3
   15   16    7
   24   30    3
    8    5    4
    3   30    3
   27   29    2
   22    1    2
    5   29    3
    1   18    7
   15   19    3
   26   18    4
   17   28    3
    1   17    3
    2   27    3
   22   12    3
    4   17    7
    6   24    7
    8   29    2
   21   10    2
   15   22    2
   29   10    2
   10   27    7
   12    8    3
   28   23    2
    6   23    2
   19    6    7
   13   11    5
    2    3    4
    9   18    6
   13   14    8
   12   21    8
    3   13    7
   20    1    7
   12   23    2
   14   27    3
   20   30    7
