Rock1Type Rock2Type Rating
   21    5    2
   20   12    4
   13    3    6
   10   15    8
   29   16    3
   16    8    6
   12   16    2
    3   11    7
   15   22    6
   30   25    7
   19   24    5
   15    5    6
    6   16    3
   30   22    1
    1   14    7
   11   23    2
   17   14    5
    3   20    4
   12    8    3
   16    3    3
   13   30    6
    3    7    7
   25   10    8
   18    6    5
   27    3    6
   30    5    4
   23    2    3
   11   13    6
   17   30    3
    8   21    4
   21   23    2
   30   23    2
    2   18    9
   24   22    2
    7   11    6
    1    4    9
   27   19    5
   29   22    3
    8   28    2
   25   28    3
   18    4    8
    3    1    9
    2   14    9
   19   23    4
   14    4    6
   27    7    3
   20   30    8
   12    9    5
   27   25    7
   18   23    4
   10   28    3
   16   20    5
    1    9    4
   21   22    3
    2    7    3
   25    8    6
   16    2    6
   15   29    3
   28   17    3
    6   30    7
   15   26    4
   13   22    1
   23    8    6
   28    5    4
   14   12    7
   30    8    6
   26   13    8
   23    7    7
    7   14    5
    4   29    1
   25    7    5
   30   11    6
   30    1    7
   24   18    4
   19    7    6
   11   10    7
   14   16    7
   19    4    8
   28    3    7
   10    2    9
   13   19    6
   19    5    7
   22   20    4
   18   16    6
   26    2    7
    7   18    5
    5    3    9
   15   14    4
   11   19    7
   28   26    2
   30   26    6
   21   16    6
   24   12    3
   20   24    3
    6   22    1
   21    9    5
   15   17    4
   20    9    4
    9    7    7
   29   12    2
   17    4    5
   23    4    4
   27   26    4
   27   22    6
   26    7    4
   16    5    8
    6   12    9
    3   23    5
    8   14    6
   24   29    2
   17   13    8
    8   24    8
    9   25    6
    8   18    4
    1   10    6
   24    6    2
   25    5    6
   10    4    5
   28   30    2
   25    6    4
    3   19    7
   20   13    6
    3   29    3
   20   21    6
   16   26    6
   19    8    8
   13    4    7
    5   22    3
   25   21    4
   26   17    6
    2   17    7
   27    1    3
   19   26    4
   20    1    6
   14   19    5
   15   30    4
   21   29    2
   17   24    5
   26   14    6
    6   15    1
   26   23    5
   11   18    7
   28   29    3
   25   19    6
   20   27    5
    1   11    9
   16   13    9
   23   27    4
   22    8    1
   23    9    6
    4   22    4
   14   23    4
    5   23    4
   26    4    3
   20   15    4
    7   30    4
    7   22    4
    5   11    8
   16   19    6
   20   29    3
   30   29    6
    3    2    5
   20   17    4
    5    6    2
   20   18    7
    9   18    7
   10   13    6
   18   13    8
   26   29    2
   25   13    6
    7   24    4
   18   27    6
    9    5    4
    4    6    3
   14   11    7
    5   12    4
    7   16    4
    8   17    9
   24    5    4
    2   19    7
   18   14    7
   18   17    6
   28   18    7
   28   14    6
   30   21    8
    1   25    6
   10   20    6
    1   24    4
   11   21    6
   17   19    6
    4    7    3
   24   27    3
   27   29    2
   27   14    5
   26    3    6
    3   14    4
   24   13    7
   11   22    2
   28    9    2
   11   20    4
   14   21    8
    3    4    9
   11   15    3
   23   24    6
   27   28    8
   26   20    4
   18    5    8
   11   24    6
   25   16    6
   13   27    4
    4    5    9
    7   13    4
   28    7    3
    9   10    4
    5   14    6
    9    4    4
    1    8    7
    8    5    6
   26   11    2
    1    7    4
   28    6    2
   15   19    7
   16   28    4
   10   21    6
   10   22    5
    1   19    8
   12   17    5
   14   20    6
   21   28    3
   15   25    7
   16   15    3
   22   16    2
    2   21    6
   21   15    7
    2   27    6
   16   17    8
   25   11    5
   30   12    6
   18   19    8
   22   18    4
   28    2    4
   12   19    3
   17   11    3
    2   25    6
   12   26    4
    6   27    4
   18   12    5
   30    3    4
    1   17    5
    3   22    3
   15   12    1
   12    3    4
    6   23    3
    8   29    6
   13   12    4
   24   14    6
    3    9    5
   19   28    7
   24    4    4
   23   25    6
    6   29    3
   11    6    6
   11    2    8
   23   15    3
    7   29    2
    7   12    7
   29   17    5
    9    2    4
   30   10    8
   11    8    7
   15   18    7
   22    9    3
   20   19    5
   17    7    4
   11    4    8
    9   11    6
   22   23    2
   12   22    2
   27   10    7
   11   27    6
   22   26    3
   28   22    3
   30   18    7
   20   28    4
   25   14    6
    8    7    2
   19   21    3
    2   13    4
   17   25    4
   28   23    3
   15   27    7
    8    2    5
    7   15    3
    4   16    7
   27    5    5
    6   21    8
   30   24    5
   15    9    6
    1    6    7
    1    5    8
   14   22    4
    1   15    4
    3    8    6
    2   15    6
   21   24    3
    8   13    2
   18   29    3
    4   27    3
    9    6    2
    7   20    1
   25   12    2
   22    2    4
   23   17    4
   21    3    6
   29    5    3
    8    9    6
    1   21    7
   29   14    4
    9   26    6
   30    9    4
   26    5    5
   11   12    7
    2   24    6
    4   25    5
    6   19    6
   24   28    4
   23   12    3
    4   20    6
    1   28    5
   12    1    6
    2    5    4
   21   27    3
    5   13    3
   18   10    6
    3   24    6
   17   10    5
    8   20    3
    1   26    2
    8    4    6
    6    3    6
   22    1    6
    6   20    4
   25   29    6
    7   21    4
   25    3    4
   26   21    6
   29   23    3
   22   19    5
    5   17    6
    7    6    7
   10   24    4
    2   30    8
    4   21    7
   23   10    4
    1   23    3
   26    6    6
   29   11    3
   12    4    6
   12    2    6
    9   19    5
   21   12    7
   26    8    6
   20   23    4
   17   22    2
   12   28    1
    6    8    5
   13   15    4
    2   29    3
    3   10    4
   21   17    5
   25   18    6
   27   16    3
   18   21    6
   13    6    4
    1   13    6
    1   16    6
   10   16    7
   23   16    5
    4   15    4
    6    2    7
   19   10    7
   17   27    6
    7   10    4
   11   16    6
   29    9    4
   30   14    7
   25   24    4
   10    5    3
   29   19    2
   12   10    6
   20    5    4
   29   13    5
   19   30    4
   14   10    6
    8   15    3
    3   17    8
    9   17    6
   26   25    6
   10    8    6
   26   24    6
   28   15    8
   21   13    4
   13   23    3
    9   16    3
   25   20    6
   10    6    6
    1   18    8
    8   27    4
   29    1    2
   12   27    3
   28   11    4
   16   24    6
    3   18    6
   20    2    7
   14   13    4
    9   27    4
   30    4    6
   15   24    2
   26   18    3
   13   28    1
    4   28    2
    2    1    8
    7    5    7
   27   30    5
   10   29    6
   10   26    4
    6   14    7
   30   16    7
   24    9    4
    2    4    6
   13    9    3
   22   25    3
    3   15    4
   14    9    6
   17    6    5
