Rock1Type Rock2Type Rating
    3    2    2
    5   25    7
   28   27    3
   30   25    7
   11   15    5
   30    2    8
    2   13    5
   22    1    6
   23    8    2
    5   28    5
   29   25    6
   22    5    6
   30    3    4
   12   25    2
   14   13    6
   17   24    2
   26   18    2
   27   19    1
   13   18    3
   27   17    1
   21   28    1
   14   18    3
    7   10    1
   19   25    2
    6   14    5
    4   23    1
   17    3    6
   23    9    6
   25   23    4
   15   19    2
   17   11    3
   28    4    1
   18   24    1
   16   12    2
   22   16    1
    6   19    6
   29   22    2
    3   26    1
   22    7    2
    4   21    3
   26   30    6
   20   21    7
   12    9    3
   10   25    8
   12   19    8
    3   14    5
   26   14    7
   20    5    4
   11   13    5
   27   21    4
   15   21    3
   19    3    6
    8   14    8
   24    1    5
   30   16    5
   26   25    7
   21    6    7
   23   22    6
   20   28    3
    3   21    3
   26   19    1
   12    5    2
   15   28    3
   11    3    6
   25    6    7
   11   28    5
   27    9    2
   17   30    2
   19    8    4
   25   20    5
    3   10    3
   17   20    2
   21    5    2
   11   27    3
    4   25    5
   25    1    4
    3   13    3
   29    2    2
   10    5    5
    6    1    4
   20    7    1
   20   22    1
    2   19    2
   24    3    4
    6   12    9
   10   28    1
   14   19    7
   14   10    7
    7   21    2
   29    4    1
    7    3    4
   15    3    2
    5   24    1
   18    2    8
    3    5    8
   23    5    2
    3    9    4
    6   26    7
    3   20    4
   30    9    1
   16   21    5
   30    4    3
   10   18    6
    4   19    6
    6   29    1
   20   12    1
    8    9    7
   20   26    7
   25    2    7
   14   27    4
   23   28    3
   18    9    2
   18   22    5
   19   11    6
   12   21    5
   30   11    4
   23   30    5
    8    7    6
   16   25    7
   21   13    6
   27   13    3
   28    9    1
   17   25    2
   20    6    2
    5   29    1
   16   20    2
    7    1    1
   20   30    8
   16   13    8
    1   19    7
   26   22    5
   30    6    6
   29   23    6
    6   22    4
   23    6    6
   10   27    3
    6    9    2
   16   15    2
    3   18    2
   14   12    5
   11   14    5
   23   27    6
    9   29    2
   11    5    8
   30   14    7
    9    7    8
   10   23    7
   20   29    2
   21   17    4
    4   10    1
   12   11    3
   17    7    3
    8   18    3
   10   16    5
   21   29    2
   22    2    3
   15   30    3
    9   21    2
   16    8    5
   19   30    2
   10   22    1
   18   17    1
   26    1    1
   30   12    5
   21   22    4
   22    8    1
    5    2    4
   30   13    5
    9   15    1
    2   16    4
    9   24    4
   27    3    4
   14   28    5
   30    5    3
   18   11    6
   19   24    6
   19   16    3
   14   25    5
    2   14    8
   13   22    6
   18   30    5
   22   17    1
   24   14    5
   27    5    5
    7   29    1
   24    2    1
   16   26    4
   20   11    4
   26   15    4
   15   20    2
   17   12    1
   17   23    1
    3   25    5
   15   14    6
    4   15    7
   18   12    7
   30   29    1
    4   11    8
   22    4    7
   19   17    7
   24   30    1
    2   27    7
   23   21    8
    7   26    1
   27   30    5
   17   28    1
   11    1    8
   26    5    4
    4    8    1
   27    1    2
   20   10    6
   30   21    7
   27    6    6
   28    2    4
   16   24    2
   19   10    2
   24   21    1
   19   21    6
   13   19    2
   15   27    8
   21   14    7
   12   22    3
    2   11    6
   14   23    3
    2   23    2
    8   15    1
   10   12    4
   30    1    5
   28   24    1
    7   28    1
   17    1    2
   28   25    2
   29   26    2
   25    9    2
   11   22    5
    9   19    4
   27   25    6
   14    9    4
    5   19    3
   28   30    3
   11   16    6
    7   27    2
   28    8    1
    7   11    3
   15   12    4
   23   20    5
    9    2    3
    9    1    1
    3    1    8
   28   19    4
   28   12    7
    3    8    7
   27    8    5
    3   29    3
   19   29    1
   26    8    2
   26   24    2
    5    7    2
   29    8    5
    9   10    4
   17    2    5
   26   28    3
   26    4    5
    6   17    3
   26   17    4
    7   13    6
   17   13    7
   16    5    7
   12    4    6
   18   19    5
   26    9    3
   23   18    5
   17   10    8
   27    4    8
   17   15    1
   24    4    1
   29   15    2
   26   21    2
    9   17    5
   27   12    6
    8    1    5
   17   14    8
    2   21    7
   11    6    6
    1   10    7
   20   18    6
    4   16    7
   18   21    5
   18    1    7
   15   18    8
   23   19    4
    6    4    3
   26   12    3
   11   24    1
    5    4    4
    4    9    1
   13   24    2
   24   15    1
   23    7    2
   15   10    4
    6    5    3
    5   13    3
   20    4    2
   10   26    6
   18    5    7
    8   24    6
   28    1    5
   28    6    5
   29   14    4
   13   10    5
   18   28    3
   26    2    8
   30    8    4
   16   27    3
   27   26    6
   28    3    4
   24    6    1
   27   22    7
   16   18    6
   11   21    3
    8   12    1
    1   12    4
   23    1    4
   25    8    2
   10   29    3
    8   11    2
    7   19    5
    1   16    4
   12    3    3
    2   12    4
    6   18    4
   10    6    4
   22   28    3
    4    7    1
    7   12    1
   18   27    5
   18    4    8
    9   22    1
    5   15    8
    5   14    7
    8   10    4
   18   25    4
    5    8    4
   25    7    1
   11    9    1
   15    2    8
   24   22    1
    4   14    8
   22   15    7
   13    6    4
   29   18    1
   17    5    1
   26   13    4
    3    4    6
    6    3    2
    1   20    3
    2    4    3
    2    7    1
   17    8    6
   14    1    5
    9    5    2
    9   13    4
   13    4    4
    4   17    2
    6    2    4
   20   14    3
    6   16    3
   20   27    3
   25   13    4
   13   20    3
   19   22    1
    8    6    1
   28   29    1
    1   15    3
   23   11    4
   12   23    4
   18    7    1
   10   24    2
   24   20    2
    8   13    3
    4    1    4
   22   30    4
   30    7    3
   28   13    1
    8   20    1
    6   15    4
    1   21    3
   24   25    1
   12   13    1
    3   22    3
   28   16    1
   29   13    4
   24   27    1
   16   14    6
    7   16    1
   20   19    2
    1   13    1
   10    2    7
    7   24    5
   26   11    6
    2   20    4
    1    5    6
   23   13    7
   16   23    5
   29   11    2
   23   24    2
   10   11    4
   20    9    4
    3   23    3
   24   12    1
   10   30    4
    1    2    6
   21   25    6
   11   25    6
   22   25    5
   21    8    6
   16   17    5
   15    7    2
   26   23    6
    1   29    2
   10   21    5
   29   24    3
   15   23    4
   14    7    5
    3   16    7
    6    7    2
   29   12    1
   29   17    7
   16    9    5
   13   15    5
   15   25    3
   14   22    5
   27   29    2
    2    8    3
   16   29    3
