Rock1Type Rock2Type Rating
    5    2    4
   28   26    3
   12   17    6
    8    7    7
   11   10    4
   17   25    3
   25   12    2
   24   28    1
   13   19    5
   17   28    2
   22   24    4
   14   17    6
    9    4    3
   27   30    5
   11   19    7
   29    9    7
    4   17    7
   13   24    2
   15    8    2
   30   18    1
   19    4    3
    1   17    4
   12   10    2
   20   30    1
   12   19    7
   29   26    6
    2   26    6
   17   15    4
    8   13    3
   19   16    4
   22    6    1
   22    9    1
   13   25    5
   15   29    1
   21    6    9
    2   30    8
   16   23    1
   29   10    4
   18   25    2
   15   18    8
    1    3    8
    5   24    2
    8    4    3
   27   16    1
   10   13    2
    9    5    5
   27    6    3
    4    5    4
    2    3    2
    1   27    1
   15   28    6
   17    3    6
   22   27    1
   14    1    7
   28   22    1
   15   25    4
    6   12    8
   12   20    1
    6    5    1
   27    8    1
   23   30    1
    5   22    7
   19   21    5
   30    4    5
    4   15    4
   15   10    3
   14   18    2
   18   10    4
    6    1    2
   21   10    1
   27   13    2
   16    1    7
   24   25    3
   23   20    6
   20    2    5
    6   30    6
   25   27    7
   27   17    1
   11   26    1
    1   13    6
   24   19    2
   28    8    1
   23    8    6
    2   27    5
   21    5    1
   26   16    3
   20    9    1
    3   25    2
   14   10    8
   23   25    3
   23   29    4
   26   20    2
   19    5    3
   18    6    2
   23   21    1
   13    5    6
   24   23    2
   17   16    3
   11   17    5
   14    8    6
   21    2    6
   14    4    5
   28    3    1
   16   11    7
   13   12    1
    2   13    2
   22   25    1
   15    6    3
   26    6    1
   12    1    1
   22   15    2
    1   30    2
    2   18    4
   22   20    1
   18   11    3
   17    6    2
   25   29    5
   27   26    4
    3   26    2
   16   24    2
   21   22    1
   22    8    1
    7   23    3
    5   12    1
   24   26    3
   13   16    9
    5   11    8
   21   16    1
    3   30    2
   14   11    3
   24    3    3
   22    7    3
   22   30    1
   15   12    1
   13   18    2
    3   21    2
   11    4    8
   13   22    1
   28   25    3
   29    2    6
   26    9    4
   30    7    1
   19   18    7
    8   19    3
   15   20    2
   15    3    2
   24   30    2
   14    2    8
   10    4    6
   25    4    2
   25    7    1
   14    3    2
   30   16    3
   25    1    3
   11   23    4
   19   30    1
   15    9    3
   19   20    6
   14    5    3
    3    4    8
   23    9    5
    6   11    5
   19   25    2
   23   28    1
   18   23    1
   26   15    2
   21   14    5
   24    6    1
    6   16    3
    8   30    3
   17   10    6
    5   27    5
   14   27    4
    9   19    3
   10   30    7
   27   11    3
   17   26    5
   10    2    7
    3   18    2
   14   30    6
   18   27    7
   14   29    2
    8   11    4
    5   17    1
    7   13    2
    5   28    2
   29   19    1
   23   14    2
    9    7    5
   18   17    2
   11   21    5
   16    7    4
   20    1    2
   27   12    2
   28   20    2
   10    1    6
   21    8    1
   18   26    2
   18    4    4
   20   18    1
   25   16    3
    7    1    1
    7   24    6
    2   15    4
    7   27    2
   16    9    3
    6    7    1
   11   22    4
   15   14    4
    9   24    4
   24    8    4
   26    1    1
   16   29    3
   13    3    5
   15   30    2
   12   26    1
   30   26    6
   26   21    1
    7   18    1
    9    2    1
   28   11    3
   26    5    2
    4    6    6
   27    4    4
   23   17    4
   17   21    7
    9    1    3
    7    5    3
   26   22    1
   21   30    6
    7    4    2
    4   29    1
   18   24    1
   23   26    5
   24    1    2
   14    7    8
    8    5    5
   25    2    7
    8   16    4
    2    6    6
   15   13    3
   28   10    1
   15   23    1
   22    3    3
   10    9    2
   21   25    4
   29   21    3
    2   12    2
   26   14    4
    1   19    3
    4   12    5
   29    8    1
   30   17    3
   20   10    7
   11   30    4
   15   16    2
   19    2    2
   29   17    1
   11   24    1
   12   22    1
   20    5    2
   12   24    2
   19    3    6
    6   28    4
   18   29    2
   10   22    2
    2   11    6
   10    7    1
    2    1    4
   25   11    2
    6   25    2
   20   25    7
   17    8    8
   21    9    1
    7   26    1
   26   19    2
    2   23    1
    5   10    2
   18    5    5
    2    7    1
   19   17    3
   17    7    3
    3    6    2
   27   20    2
   12   18    2
   20    7    4
   25    9    5
   30    9    3
   27   24    1
   15   19    3
   28    7    1
   22   23    1
   13   14    4
    2   22    1
    4    2    8
   29   12    1
    7   21    1
   20    3    2
   24   10    1
    6   29    1
   13   23    2
   18   28    3
    5   25    2
   17   13    4
   21   12    8
   16   28    1
    5    3    8
   15   27    6
    6    9    1
   13   21    2
   27   28    7
   17   20    1
   30   13    2
   26   10    6
   13   20    2
   20   11    4
    9   13    4
   27    3    1
   17    2    2
    1   18    4
   22   14    6
   26   13    4
   25   30    4
   23    1    1
   21   28    1
   14   12    5
   14    6    5
    1   11    8
   29   27    1
   13    6    2
   28   13    1
    3   10    2
    6   20    2
   21   18    3
   28   19    5
   10   16    4
   23    5    1
    9   12    1
    7   15    1
   22    1    3
   12    3    1
   28   30    1
    9   18    1
   10   27    4
   20   24    3
   15   24    1
   10    6    2
    6    8    1
   12    7    2
   22   18    2
    3    8    5
   21   24    1
   14   20    3
    8    1    8
   14   19    4
   25   14    3
   11   13    6
   13    4    6
   18   16    4
   21    4    5
   21   20    1
   28   12    3
   10   23    1
   17   24    3
   30    5    1
   22   19    1
   29    3    1
   19    7    3
    8   18    1
    3   11    7
    8   12    2
    6   23    5
   24    4    1
   22   16    1
   14    9    2
   20    4    2
   11   29    1
   21   27    2
   22   17    1
    9   27    2
   21   15    2
   16    3    7
    1   21    3
   26   25    7
   14   24    5
   17    9    4
   25    8    1
   23    4    2
   23    3    3
   28    2    2
    1   29    1
   15   11    2
   28   29    1
   29   30    4
   20    8    1
   12   16    1
   15    1    3
   22    4    6
   19    6    3
   20   29    2
   12   23    1
    3    7    5
    9   11    2
   10    8    1
    8    9    7
   19   23    2
   14   16    2
   22   29    1
    9   28    1
   16    4    6
   16    2    5
   29    5    1
   10   19    4
    4    1    7
   28    1    1
    7   11    1
   26    4    1
   23   27    3
   20   16    2
   13   29    2
   19   27    2
   26    8    2
   16    5    5
    4   28    1
   28   14    1
    2   24    2
   11   12    1
    5   15    2
   29   24    1
    2    8    1
   30   12    3
   10   25    9
    3    9    3
    7   29    2
    1    5    4
