Rock1Type Rock2Type Rating
   27    5    1
   29   15    1
   29   25    1
    5   15    5
   10   12    1
    9    6    1
   12   29    1
   19    3    8
   30   29    1
    3   30    5
    7   30    1
   11   18    8
   18   27    5
   25    2    5
   10   11    4
   26   20    8
    7    3    7
   28    7    7
    8   20    3
   13    4    3
    8    7    4
   14    7    1
    3   12    1
   20   16    5
   21   26    6
   23   25    6
    9   25    5
    7    2    2
   23   19    2
   24    9    3
    1   15    3
    6   10    2
    6   18    2
   28    2    5
    9   27    5
    6   13    5
   30   14    7
   10   20    7
   26   28    4
    9    5    1
   24   17    7
   14   26    7
   14   10    6
   29    1    3
   13    9    4
    4   15    5
   16   15    4
   22   20    1
   14   12    5
   11   29    3
   26   12    4
   21    8    4
    1   21    6
    4    8    3
   23    5    3
   21    3    3
   12   21    9
    6    1    5
    5    7    5
    8   17    9
    4    3    9
    5    6    5
   13   14    5
    8   10    2
   21    4    3
   10   18    5
    6   23    4
   27    1    4
   17   22    2
    8   29    1
   14    2    8
   30   20    8
    3    9    8
   11   28    8
   19    7    8
   18    7    6
    7   25    6
   15   27    6
   17   19    8
   23   10    4
    8   23    4
   15    8    4
   12   13    3
   23    2    2
   21   11    5
   14    3    4
   15   22    1
   15    2    9
   18   24    5
   22   12    1
   17    4    5
   13   16    9
   11   16    6
   22   27    4
   13   22    3
   15   10    7
   17   13    9
   28    3    4
   20   19    5
   18   14    7
   30   13    4
   28   13    3
    4   22    1
    9   28    1
    2    6    7
   29   13    5
   26    4    4
   14   22    2
   16   21    8
   14   17    8
   19   11    8
    7   27    3
    6   19    6
   12    8    1
   30    4    4
   25    3    6
   16    1    5
   29   16    4
   21   29    3
   23   16    2
   23   13    3
   12   15    1
   26    3    1
   21   30    3
   30    8    4
    5   10    3
   25   12    2
   11    5    5
   23    3    1
    9    1    1
   15   24    1
   22   28    1
   30    1    4
   29   17    3
   24    8    9
   13    7    1
    1    4    9
    8   22    3
   16   12    3
    1   18    3
   18   16    9
   20   13    7
    6   30    4
   12   11    5
   28   20    3
    4    6    1
   14   21    9
   28    1    4
    7   12    1
    1   23    1
   27   20    1
    5   14    1
   19    4    9
   22   21    1
    7    9    1
   10   17    9
   12    4    1
   25   26    9
   14   28    1
   11   20    1
   17    3    7
   26   24    1
   26    1    1
    9   19    9
   19   29    1
    3   18    1
   11   15    1
   24   23    1
   26    5    1
    3    1    8
   22    7    1
   29   27    3
   18   30    3
    8    5    1
    6   16    1
   10    2    9
   19    8    6
   23   30    1
   16    7    1
   14    4    6
   28   23    1
   13   26    5
   12   23    1
    9   22    1
    3   22    1
   19   15    5
    9   15    4
   26   10    5
   24   12    1
    5    1    4
   22    6    1
   16   14    4
   18    9    1
   26   23    3
   10   16    3
    6   11    1
   28   21    1
   14    9    3
    9   10    3
   19   22    1
   25   20    9
    2   20    9
   19   24    8
    3    2    1
   21    7    1
    4   16    7
   11   26    4
   20    5    1
   16   27    5
    9    8    5
   19   26    4
    4    2    7
   29   22    1
   11    7    5
   15   13    7
   28   29    1
    5   21    5
   25   27    7
   26   29    5
   27    8    1
   23    4    1
   14   25    7
   25   16    6
   25   21    4
    6   25    4
   11   27    2
   10   13    4
   24   25    1
   20   23    1
   18   21    1
   22   23    1
   19   10    7
    7    1    1
   27   13    1
   27   12    1
   19    2    7
   10   22    1
   19   27    1
   18   29    1
   15   14    8
    3    8    4
    4   25    1
    5   29    1
    1   20    8
   12    2    1
    2   11    6
   10   25    6
    5    4    7
    2    5    1
    6   26    1
   29    3    1
   19   14    4
   19   12    1
   15   28    4
   18   25    6
    4    7    1
   21   15    1
    1    8    5
   28   24    1
    2   16    6
    2    9    5
    6    8    8
   30   12    9
    7   17    9
   25    5    9
   28   10    9
   23   11    8
    5   28    9
    1   11    9
    6   17    9
   22    5    6
    6   15    4
   29    7    3
   16    9    4
    5   19    6
    5   12    4
   26   17    7
    7   24    9
   19   16    3
   13   21    5
    3   16    6
   28   12    4
   26    7    3
   30    5    3
    3   24    3
   15   18    9
   30   25    9
   18   12    4
   28   17    3
    5   13    3
   24   27    2
   23   21    8
   23   29    2
   16   28    1
   24   22    9
    2   29    3
   26   22    8
   21    6    9
    4   27    1
   17   30    3
   15   23    9
    3   10    2
   14   24    4
    6   12    7
    5    3    2
   26    8    3
    9   30    6
   12    9    8
   25   22    7
   22    2    9
    4   29    8
    3   13    7
   22   18    9
   10   24    8
   30   11    2
   11   22    8
   29   20    1
    1   14    9
   17   12    9
   23   18    3
   27    6    9
    4   10    7
   20   21    3
   27    2    9
   26   15    9
   21    9    1
   22   16    1
   24   16    2
   24    2    1
   15   17    3
   30   26    4
   30   19    3
    6   14    9
   30   16    6
   13    8    7
   11   24    4
   16   26    4
   26   27    4
    8   25    3
   29   24    1
    9   29    1
   20   24    1
   21   24    1
    2   26    9
   18    4    7
   29    6    1
    9   11    1
   22    1    1
   27   23    1
   18   20    1
   24    6    3
   17    9    4
    3   20    1
    2    1    4
   27   30    1
   16    5    1
   14    8    1
   18   17    1
   24    1    1
   12    1    1
   21    2    4
   30   28    1
   20    6    1
   20   12    1
   19   18    1
    4    9    3
    2   13    1
    8   18    1
   14   23    1
   14   27    1
   19    1    3
   28    4    1
   29   10    1
    6   28    1
    1   10    1
   18   28    1
   17   27    1
   11    4    3
   19   25    1
   24   13    3
    9   26    4
   10   30    5
   20    4    1
    3   27    1
   23    7    1
   19   13    1
   11   25    1
   20    9    1
   28    8    1
   24   30    1
   17   16    5
    5   17    1
    7   15    1
   14   20    1
   27   21    1
   28   25    4
   23   17    2
    1   17    3
   14   29    3
   19   21    4
    7   20    3
   20   17    2
   28   27    1
    2   18    7
   13   11    5
   30   15    3
   24    5    2
   17   11    3
   18   26    2
   11    3    7
   15   25    8
   17    2    7
   13   25    6
   16    8    4
   30    2    6
   17   25    6
   18    5    4
   28   19    3
   10   21    4
   10    7    2
   13   18    1
    1   25    1
    1   13    1
   23    9    1
   17   21    1
   20   15    1
   15    3    3
    6    7    1
   14   11    3
   22   30    2
    6    3    1
    8   11    3
   27   10    6
   24    4    1
    2    8    2
