Rock1Type Rock2Type Rating
   17   15    2
    5    7    4
   21   10    4
   26   28    1
   13   20    3
    9    4    2
   19    7    5
   20   11    4
    2   18    4
    8   21    3
   17   14    4
    7   24    6
    3    2    4
    6    8    6
   27    7    1
   18    4    4
    2   27    4
   18    8    3
    1   19    4
   23   13    4
    6   24    3
   28    6    2
   13    9    6
   29   25    2
   22    2    3
   22    7    1
   16    8    5
   14   24    4
   18   14    4
   22   12    1
    4   17    2
   14    4    2
   11    7    1
   26   24    1
   27   15    7
    1    5    4
   30   24    1
   21   13    5
   28    7    1
    1   22    4
    9   24    2
   28    8    1
   10   15    4
    1   24    2
    3    7    1
   21    4    2
   17    9    1
    1    7    2
   23    3    1
   16   27    1
   12   17    4
   26   20    5
   28    3    3
   25   15    5
    7   25    1
   20   17    6
    7   10    1
   17    2    5
   14    6    5
    6   22    1
    2   23    1
   22    5    1
   19   20    4
   22   29    1
    4   23    2
    2   28    5
    1   13    1
   16   22    1
   23    9    3
   27    4    3
   11    6    3
   30    1    3
   30   20    2
    3   15    1
    5    3    7
   15   22    5
   12    4    3
   26   16    3
   24   18    1
    3   10    1
   22   25    1
   19   29    1
   26    1    1
    2   20    6
    3   11    7
   12   26    6
   25   21    4
   18   10    7
   29   27    1
    4   26    1
    6   30    2
   17    6    3
   12    3    3
   24   10    1
   30   25    6
    5    6    2
   10    1    5
   19   12    6
    2   24    1
    9    8    7
    1   25    4
   11   26    1
   21   19    4
   12   27    4
   26   10    1
   12    6    8
    6   10    1
   16   13    8
   13    3    2
    3   29    1
    1    6    1
   15   18    8
   12   29    1
   19   16    4
   26    3    1
   17   24    1
   23   30    1
   11   25    2
   20   23    1
    2   19    3
   15   19    2
    6   27    2
   26   21    1
   11    4    8
    4   22    5
   14   15    4
   24    4    1
   15   28    8
   18    1    5
   22   19    1
   28   19    5
    3   25    2
   16   30    1
    4   29    1
   29   17    1
    9   14    1
   11   16    3
    4   25    1
   23   17    1
   11   18    2
    6    2    3
   11   28    2
   15    5    4
   14   20    5
   17    7    3
    8   11    2
   14   30    3
   14   16    2
    2    7    1
    1   21    1
   27   30    1
   14    5    2
   28   10    2
   28   23    3
   23    5    3
   29   18    1
   20    3    1
   10    8    3
   16   25    3
   16    3    2
   29   13    1
    3   27    1
    1   14    3
   11   10    1
   30   18    1
   25    8    1
   13    4    2
   29    5    1
   20   27    1
   20   10    4
    9   21    1
   21   24    1
   18    9    1
   14   19    2
   30   11    2
   27   24    1
   21   29    1
   26   17    3
   22   14    1
   29   24    1
    5   26    1
   21   28    1
   16    9    3
   24    3    1
   23   25    3
    8   17    3
    7    4    1
   23   16    1
   20    1    4
   10   30    4
   18   27    5
   12    8    1
    2    5    1
    8    7    3
    9   10    1
    6   23    5
   19   30    1
    9   30    1
   26    9    1
   22   11    3
   15   11    2
    3   14    1
   29   20    1
   28   27    7
   22    8    1
   12    2    3
   18   26    1
    2   21    4
   28   22    1
   15   23    1
    4   10    1
    2   26    7
   15   29    1
   11   21    1
   17    1    1
    9   19    1
   20   15    1
   21    6    3
    7   16    4
   12   11    2
   27    1    1
   12    7    1
   16    2    1
    7    6    3
    4   30    2
   26   19    2
   27    5    1
   29   11    1
    1    9    1
   16   10    3
   11    2    2
   28   29    1
   22   27    1
    5   28    3
    4   20    1
   11    5    6
   25   20    3
   28   20    1
    2   15    1
   13   17    4
    4   16    5
   18    3    1
   11    1    6
   19   27    1
   24   11    1
   11   23    1
    6    3    1
   17   27    1
    1   28    5
   16    5    4
   10   23    4
   30   12    3
   13    6    3
    8    5    1
   13   25    1
   27    9    1
   28   13    1
    4    1    6
   30   29    1
   21   12    3
   30   26    4
   29    1    1
   12   16    2
   22    3    1
   17   30    2
   14   12    4
   28    4    1
   17    3    1
    4    8    1
   12   25    1
    9    6    1
   12    5    1
    6   19    2
   28   12    2
   24   15    1
   28   18    7
   29   14    2
    8   23    1
    5   10    2
   30    5    1
   25   18    2
   25    5    1
   26   14    4
    9   12    1
   18   16    3
   23   22    1
   23   27    6
    1   16    1
   26    6    2
   25   10    5
   25   27    2
    3   19    3
   24   28    1
   21   27    1
    6   29    1
   24    5    1
   25    9    2
   22   26    1
   29   23    1
    8   26    2
   11   14    3
   18   22    1
   25   28    3
   25    2    5
    8   30    1
   10   12    3
   17    5    1
   19   24    5
   23    7    4
   15   12    1
    9   15    1
    5   21    1
    5   20    1
   23   12    2
   18    5    3
   14    8    1
    2   14    5
   28   30    2
   18   20    1
    8   13    1
   11    9    1
   21   20    3
    4   15    1
   16    6    3
   12    1    1
   26   27    3
   17   16    3
    2    1    3
   13    2    1
   22   13    1
   15    8    1
   13   26    1
   21   15    1
   18   13    2
    8   19    5
    2   10    5
    9    7    4
   13   30    3
   21   17    3
   27   11    1
   17   18    1
   20   12    3
    8    3    1
    7   30    1
   16   29    3
   12   24    4
   18   21    1
   28   17    1
    9    5    2
   27    8    1
   18   23    1
    3    9    2
    4    3    6
   15    6    1
    6   18    1
   29   10    6
   11   17    1
    4    5    6
   24   16    3
   13   11    1
   15   30    1
   30    3    1
   20    6    1
    4    2    4
   14    7    1
   15   16    1
   19    4    5
   28   14    2
    9   22    1
   24   23    1
   12   18    1
   20   24    1
   24   13    2
    8    2    1
   10   17    2
   24   25    1
   14   21    3
   21    3    1
    7   26    1
   24   22    1
   29    2    2
   18   19    1
   13   15    1
    6   25    1
   25   17    2
   19   11    3
   16   28    1
   27   10    3
   22   20    1
    5   13    1
   21   30    5
   18    7    1
   17   19    3
   13    7    1
    2   30    4
   27   14    1
   14   13    1
   10   19    2
   15   26    2
   14   23    1
   17   22    1
    6    4    2
   22   10    1
    8   29    1
   26   23    4
    9   28    1
   20    8    1
    5   19    2
   25   19    1
    9    2    1
   14   25    3
   23   21    1
   13   19    1
   22   30    1
   20    9    1
   29    9    2
   10   13    2
   14   10    2
    7   29    1
   15    1    3
   26   29    1
   21    7    1
   19   23    1
   27   13    1
   24    8    5
   20    7    1
   20   16    1
   21   16    1
    1    8    5
   12   13    1
    1   23    1
   26   25    2
    3    1    6
   15    7    1
   22   21    1
