Rock1Type Rock2Type Rating
   13    4    4
    4   18    3
    8   13    2
    4   14    5
   23   14    2
   15   24    1
   20   26    2
   28   23    2
   11   23    2
    9   14    1
    4    9    1
   26   18    4
   10   18    5
   22   11    1
    2   12    3
   26   28    2
   13   10    3
    4   12    6
   19   16    7
    4   19    6
    3    1    7
   23   21    3
   30    9    1
   10    7    1
   10    3    2
    1   22    1
    2   27    3
   15   30    2
    1    5    2
   11    2    2
   15    6    1
   13   16    6
   28   18    4
    1   19    5
   30    4    4
   29   24    3
   23   19    1
   12    9    2
    4   26    3
    6   20    1
    8    4    2
   29    3    1
    8    2    1
    7   29    1
   19   17    7
    3   30    5
    3    8    5
   25   22    1
   27   22    3
   29    8    2
    7   14    2
   24    1    2
    8    1    2
   16   12    3
   20   30    6
    7   16    2
   30   23    1
   23   18    3
   27   25    4
   21   25    2
   16    2    7
   13   17    8
   18    6    2
   21   17    2
   19   27    2
   11   17    6
   16    5    7
   28   17    2
    4   23    1
    1   26    5
   26   23    4
   20    8    2
   11   26    2
   14   18    1
   10   22    1
   15    9    3
    2   15    2
   22    2    1
   29   16    2
   17   25    7
   20    3    4
   29   21    3
   27    4    1
    1   17    7
    4   24    5
   17   27    4
    2   18    3
   21   26    2
    8   28    1
    7   27    1
   13    6    1
    3    4    8
    7   23    6
   19    6    3
   27    6    2
   29    1    2
   12   24    2
   22   16    1
   28    2    4
   22    5    7
   25   15    8
   10    4    4
   13   29    2
    3   15    1
   21    7    1
   25    6    5
   28   25    1
   17   10    8
   26   19    3
   14    5    3
    8   26    4
   12   13    1
   20   14    4
   25   19    2
    1   25    1
   15    5    1
   12   25    2
   10   23    5
   25   29    7
    9   21    1
    9    8    8
   28    9    2
   17   18    4
   15   11    3
    2   26    9
   30    6    2
   18   12    4
   16   25    4
   25    8    1
   21   28    1
   28    4    2
   30   27    3
   30    8    3
   22   21    4
    4   29    2
   12   29    6
    2    7    4
   28   30    2
   18   11    8
   30   24    3
   30   10    6
   19   29    2
   14   10    7
   20   24    2
   24   21    5
   15   21    2
   23    6    5
    6   16    3
   19    3    8
    7   18    3
   20   21    3
    3   25    7
   26    5    2
   20   19    2
   27   12    4
   26   25    6
   20   22    1
    2    1    7
   25   30    5
    5   19    6
    2   10    6
    8    7    8
   17    6    2
   14   17    7
   26   27    8
   19    8    8
   30   17    3
   15   12    7
   11   24    7
    6    7    2
   25   20    2
   24   14    2
   12    1    6
   28   13    2
   18    1    8
   30   29    2
   26    9    2
   16    1    8
    3   18    6
   24    9    3
   16   10    6
   14   30    2
   27   23    9
    3   22    6
   10   24    4
   15   16    3
   19   28    2
   27    3    4
   29   11    2
   11   19    7
    9   18    2
   12   28    8
    3   11    9
   15   18    9
   16    3    9
    7   19    9
    6   10    6
    2    6    6
   26    7    2
   11    4    9
    1   13    2
    5   18    4
   29   27    2
   12   23    4
    7    3    2
   13    5    3
    5    4    8
   17    3    2
    9   23    2
   11   28    1
   26   13    6
    4   25    6
   26   17    8
   14   15    5
   27   13    6
   17    2    3
   13    7    5
    6    9    1
   21   14    7
   24    8    6
    3   26    2
   27   10    8
    9    3    6
   10   12    4
    1   30    2
   26   22    7
   24   17    8
   17   15    2
   29   28    1
   27    8    2
    8    5    2
    8   18    2
   23   17    2
   21   16    2
    5   24    2
    3   21    5
   30    5    1
    4   17    6
   14   11    6
   21   11    5
   13   15    4
    5   20    2
   23    1    2
   16   30    2
   25   18    4
    7    5    4
   30   11    3
   20   13    5
   12    6    4
   28   14    2
   19   18    5
   24   18    1
   21    5    5
   16    8    4
    9    7    2
   28    5    1
   18   22    7
    7    4    2
   20   15    2
    1    6    1
   13   25    4
   14    2    8
   13    2    2
   25   14    8
    3   13    4
   16   23    8
   14   16    8
    3   14    8
    1   28    3
   17   12    6
    5   10    2
    8   11    5
    8   22    6
   24    7    7
    6   26    2
   11    5    9
   15   19    3
    9    1    1
   14    1    5
    8   17    4
   21    8    3
   24   16    3
    7   30    2
   26   16    6
    6    4    2
    1   11    8
   22   29    1
   19    9    5
    2   23    2
   20    1    2
   30   22    1
   29   26    2
   21    6    3
   24   28    1
    4   15    2
   19   12    8
   18   20    4
    7    1    2
   11   20    2
    9    5    2
    3   12    5
    2   30    6
   20   10    9
    7   17    4
   15   28    8
   20   29    3
    5   12    7
    6   24    4
   13   18    6
   10   25    7
    3    2    3
   12   14    4
   29   17    3
   25    2    7
   16   11    7
    2   21    3
   10   11    1
   14   13    2
   20    4    2
    1   21    2
   30   12    5
   23    8    2
   12    8    2
    2   20    7
   18   29    2
   23   15    1
    7   28    1
   16   17    9
   15   26    5
    8   10    3
   21   13    3
   20   23    2
   22    7    1
   29    5    2
   24   27    2
   17   22    2
   22   24    2
    5    2    1
   20   12    2
    3   28    2
   27   28    2
    9   17    3
    9   25    5
   22    9    1
    4    1    8
    9   20    2
   15   10    2
   11   13    6
   24    2    2
    6   11    2
    6   14    2
   15    8    1
   13   22    1
   11   12    7
   19   30    3
   16    9    3
   21   18    2
   11   27    2
    9   29    7
    1   27    6
    5   23    5
   23   29    4
   16   27    7
   25    5    3
   24   23    2
   30   21    6
   13   24    3
   19   10    8
    5    3    9
    3   24    2
   30   18    2
    5   27    2
    7   25    1
   22   23    3
    8   14    7
   27   18    3
   12   22    5
   15   22    1
   19    2    7
   21   19    8
   27   15    6
   15   29    2
   20   17    8
    7   12    3
    9   10    5
   24   19    6
    9   27    2
   28   10    4
   27   21    4
    4   21    1
   23   13    5
   25   11    2
    2    9    2
   20   27    2
    4    2    5
    6   28    7
   30   26    7
    3   23    2
   12   21    1
   10   26    5
   20   16    5
   20   28    2
    7   20    1
   14   29    2
   11    9    2
    3    6    2
    9   13    2
   22   28    2
    4   16    7
    7   15    1
    1   10    3
    6    5    1
   14   27    5
   13   19    5
   23   25    2
   22    6    1
   24   25    2
   26   12    4
   11    7    4
   29   10    8
   26   14    8
   13   30    3
   24   26    2
   15    1    9
   22   14    2
   10   21    8
   19   22    7
   22    4    8
   16   28    2
    6    8    2
    2   29    4
   16   18    7
   17    5    3
   29    6    2
   14   19    7
