Rock1Type Rock2Type Rating
   14   10    6
    5    6    2
   29    1    2
    1   10    4
   20   12    4
   17   11    6
   26   27    5
   16   20    3
   19   17    7
   13   17    6
   22    3    4
   24   10    2
   18    8    2
   17    2    5
    1   17    4
   22   20    3
   11    3    4
   21   18    3
   30   22    5
    4    5    8
   17   24    8
   13    5    4
    6   22    3
   28   13    2
   16    3    6
   14    4    5
   13    6    5
   25   14    6
   27   24    3
   23   19    3
   23   18    3
   25   29    6
    3   29    4
   20    2    5
   16   18    8
    9   26    4
    6   28    9
    8   20    2
   12   21    9
   26    8    5
   12   10    5
   29   28    1
   19    8    6
   25   30    8
   13   26    8
   23   12    7
    4   30    3
   19   15    4
   22   18    2
   19   11    8
    2   29    7
    7   20    4
    4   26    5
   13    8    9
   15    5    8
    6   24    4
    9    7    4
   18   25    7
   28    8    2
   19   20    4
   29   26    5
   13   14    7
    8   27    4
   12    4    5
   13    7    7
   26    6    8
   21   17    8
   28   25    4
   16   23    5
   28   18    1
   23   22    2
   13    2    4
   14   29    5
   24   25    2
   10    6    6
   28   26    1
   11    1    9
    8    4    7
    9   10    5
   21   22    3
    5   30    2
   29   13    4
   17   25    4
   22   17    1
   30   28    1
   12    7    5
   24   19    5
    6   11    7
    6   23    7
   28    9    2
   17    7    7
   16   14    6
    9   13    8
    9    3    7
   24   14    8
   20   23    8
   18    4    8
    6   29    8
   14    7    8
   24   28    7
   24    3    7
   12    8    5
   26    2    8
   18   24    7
   22   28    2
   19   22    2
   14   17    8
   15    9    5
    3   28    3
   17   30    2
   30   24    2
   15   22    4
   27    3    3
    3   14    4
    4   25    5
    6    2    7
   15    6    7
   22   13    5
   26   20    7
    1   15    4
    2   14    8
   15    4    8
   24   22    6
   20   17    5
    2   18    9
   18   30    7
   16   19    8
    4   20    5
   28   11    6
    7    1    4
    8    9    8
   19   26    7
    1   21    7
    4   29    4
   21   29    9
   24   13    6
   11   22    8
    2    8    6
   24    1    6
   13   23    7
   27   30    4
   10   18    8
   23    5    4
   18   12    9
    5   22    8
   12   16    7
    1   13    5
    5   29    6
   22    1    8
   11   14    8
    4    9    9
   26   14    9
    3   15    6
   11    7    7
   16   28    4
   30    7    4
   28   14    3
    2   22    7
   12   25    7
    4   24    6
    6   25    4
   15   23    4
   30   16    5
   24    5    5
   21    5    5
   27   14    6
   21   24    6
    9   11    6
    4    3    7
   30    1    6
    8   17    9
   25    2    8
   21    8    6
    2   11    6
    7   15    4
   10    2    7
   11   18    6
   21    2    6
   23    8    5
    9   21    6
    7   10    6
   19   29    7
   19   21    8
    7   18    5
   13   27    6
   10   11    6
    9    2    6
   21   13    7
   16   26    5
   20   28    5
   29   11    5
   16   13    9
   25    5    7
   20   21    6
   25   13    5
   21   26    6
   10   21    9
   20   15    5
    4    7    6
   25    9    7
   27   12    9
   17   16    9
    1    6    6
    6   12    9
   22    8    6
   27   10    5
   23   10    6
   12   26    6
    4    6    3
   10   28    2
    8    7    6
   18    5    4
   10   26    7
   19    2    5
   30    8    3
   19    6    4
    1    9    4
   11   13    7
   12   19    6
   23    9    7
   21    7    7
    3    8    4
    9   29    7
   30   26    6
   20   14    4
   23    4    4
   22   26    4
    9    6    6
   14    6    6
   20    6    3
   20   30    9
    5   19    8
   14    5    5
   13   30    3
   17    3    4
    3   12    4
   16    9    5
   12   30    5
    7   24    7
    7    3    6
    3    2    4
    5    1    9
    4   28    4
    4    2    9
   10   30    7
    7    5    5
   17    4    5
   15    8    5
   22    4    4
    4   16    5
   14    8    8
   16   11    7
   25   27    4
    9   30    3
    1   18    5
   28   19    3
   26   18    3
   22   29    4
   14   21    9
    1   20    5
    7    6    7
   18   19    4
    3   10    5
   26    3    7
   30   21    8
   25   26    8
   22   14    4
   25   16    7
    5   12    4
    3   25    5
   22   10    3
   11    5    7
   16    6    7
    1   25    4
    8   29    7
   13   20    3
    8    5    5
   16   22    3
   14   30    5
   18   27    5
   27   19    3
    1   26    3
    1   14    4
   11   12    6
    5   20    4
   24   29    3
   29   15    3
   29    7    3
   16    2    4
   22   12    3
   25   21    5
   22    9    4
    4   21    5
    8   11    6
   17   26    8
   18    9    6
   29   30    2
   16   27    2
   17   18    3
   11   30    5
   20    9    2
    6   27    6
   27    5    4
    3   20    6
   28   15    1
   20   27    2
   20   25    3
   28   17    4
   19    9    1
    1   12    2
    1   23    1
   13   10    5
   13   12    6
    7   22    2
   10   16    6
   13   15    4
   27    2    8
   28   27    2
    9    5    3
    7   16    3
    3   30    3
    3   19    4
   14   19    3
   15   12    6
   29   10    7
   19    4    5
   27   22    6
   11   20    3
   28    7    2
    5    3    6
   12   24    4
    5   17    3
   25   22    4
   17   15    6
   15   27    8
   16   15    4
   18   14    3
   13   19    3
   23    7    2
   15   24    2
   17   27    2
   10    5    7
   16   21    7
    7    2    4
    6   18    4
   28   23    3
   14   12    6
   23   21    7
   16   29    3
   27   29    3
   10   19    7
   10    8    4
   16   24    5
   10   17    7
    9   17    7
   19    1    8
    9   27    5
   24   26    5
   21   28    3
    2    5    3
    6    3    4
   23   30    7
   18   29    3
   29   12    3
   25   10    9
   29   23    8
   24    9    8
   15   25    7
   12   17    6
    7   25    2
   15   26    6
    5   26    4
   15   10    7
   23   25    4
    4   11    8
   13    3    6
    3   23    3
    6   17    7
    3   18    5
   23   27    8
   25    8    4
   20   24    3
   11   25    3
   30   19    2
   11   23    6
   20   18    2
   20   10    7
   30    2    7
   14    9    6
   20   29    3
    8    1    7
    4   13    6
    2    1    5
   15   18    8
    1    4    9
    2   15    8
   16    8    6
   16    1    7
   24    2    2
    1   28    4
    4   10    2
   18   13    2
   28    5    3
    6   30    5
    4   27    6
   23   14    7
   15   30    4
   19    7    4
   27   21    6
   21    3    7
    6   21    9
   23   24    8
   28   12    7
   26    7    5
    8    6    3
   28    2    2
   15   21    5
   17   23    6
   14   15    7
   25   19    6
   12    2    4
   24   11    5
   26   23    8
    3    1    9
    1   27    6
   21   11    7
    5   16    8
    9   12    4
   27   11    7
   24    8    8
   17   29    8
    2   23    5
    7   27    3
   11   15    4
   26   11    3
