Rock1Type Rock2Type Rating
    5   23    3
   24   27    2
   15   21    3
   19   20    2
    1    5    8
   20   27    7
   25    9    4
   26    2    3
    7   11    3
   11    8    7
    1   11    7
   27   22    5
   11   14    5
   28   20    5
   13   29    4
   18    5    3
   24   23    4
   29   23    4
   23   14    3
   18   28    3
    6    8    2
   21   22    2
    4   10    7
   13   16    7
   28    9    4
   24   18    3
    6    5    3
   22   24    2
   23   21    2
    7    8    4
   26   10    4
    2    7    7
   22    2    4
   11   18    8
   29    2    3
    7   26    7
   27   12    7
    8   16    7
    4   22    4
   24    3    6
   27   23    4
   29   11    3
   23    3    3
    5   28    3
    2   18    6
    9   12    2
   17   12    2
    6   23    1
   19   16    2
    7    1    2
   10   12    2
   13   20    2
    4    2    4
   20    4    2
    6   20    4
   29   30    4
   27   10    8
    8   27    7
   10   15    6
    2   24    6
    1   14    5
   21   16    7
   12   21    5
   23   10    4
   23    4    4
   20    5    3
   13   19    5
   14   10    8
   23   17    4
   16    7    8
    9   19    4
   19    8    5
   29    5    2
   25    4    5
   14   19    5
   21    6    8
   24   14    7
   11   22    5
   15   28    5
    2   16    5
   24   25    4
   20   17    4
    1   24    4
   25   15    7
   12   14    7
   15   23    4
   19   28    3
    4   12    4
   20    9    4
   29   12    4
   10   13    6
   29    1    4
   24   12    4
    3   25    7
   18   20    7
    8   30    5
   29    7    3
    7   21    3
    7   14    3
   15   13    3
    1   26    3
    6   10    2
   18   22    4
   16    3    4
   17   16    7
    3    7    5
   14    2    8
    8   14    5
   29   10    4
   29   19    4
   20   30    4
    5    7    6
   27   26    4
   13   21    4
   27   13    4
   29   24    6
   29   17    6
   19   24    6
    7   12    6
   14   18    6
    2    9    5
   12   20    4
   15   20    4
   27   28    4
   10   19    5
    4    9    4
   12   13    5
   30   15    3
   30    4    4
   19    1    7
   19   21    6
   11    6    8
   13    3    5
   16   30    5
   22   12    3
    8   10    3
    1   28    6
   21   24    3
   26   23    5
   13   25    3
   23   20    2
    6    7    4
   13    8    5
   29    6    4
   13   30    6
    4   27    8
   23    8    4
   15    2    8
   10   30    4
   18   10    8
   18    3    7
    7   19    7
   25    2    8
   30    7    7
    3   17    7
   16   14    8
    7   25    7
    4    8    7
   15   22    6
   18    4    7
   21   30    8
   24   30    7
    8   15    7
    2    8    6
   22   30    5
   16   22    4
   18   26    3
   25   26    5
    4   16    5
   17   30    4
   27    7    5
   23   22    2
   30    5    2
   17    4    3
   11   23    4
   13    9    6
    7   20    3
   11    5    4
   29   16    3
   27   16    2
   26   22    3
    3   22    3
   27   17    4
    5   15    8
   28    7    4
   25    8    4
   17    6    3
   28   16    3
   20   24    2
   30   26    4
    3    6    3
    9   16    3
   11   24    4
    9   22    3
   21   28    2
    3   26    8
    4   26    8
   26   24    8
   19    4    9
   23    2    7
    6   30    9
   30   27    8
   26   20    7
   20   11    7
    7   24    5
   30   28    3
    1   20    4
    3   29    2
    4    3    7
   27    2    3
   27    5    2
   15    3    5
   13    7    4
    7   10    4
   15   17    4
   26   19    3
   25   11    3
   19   30    5
   26   14    3
    6   19    3
   29   21    2
   28   17    2
    6   27    5
    5    8    2
   25   29    4
   27   21    4
   15   14    3
    3   11    4
   21   18    4
   21    1    4
   18   23    2
   23   19    2
    8   24    6
   10   11    6
    5   17    5
    9   17    4
    4   29    4
   25    1    5
   16   26    5
   30   11    5
    2   13    5
   13   23    5
    8   12    5
    3   19    6
   23    7    6
   27   18    7
    2   17    6
    6    1    5
   19   15    8
   25   19    8
   14    9    6
    4    6    5
   10   22    4
   16    6    6
   25   10    8
    2    3    7
    1   16    7
    1    9    6
   12    3    5
    5    9    6
   13    5    5
    7    9    5
   15    6    8
   14   20    4
    7   22    4
    6   24    6
    5   21    6
   16   23    5
    1   22    4
   28    6    5
   20   21    5
    6   14    2
    8   28    8
   20   25    8
    2    6    7
    4    7    6
   26   11    4
   17   10    6
   18   30    6
   30    2    6
   15   16    5
   29   18    6
   29    9    6
    9    8    7
   11   19    6
   29   26    7
   24   15    6
   30   12    7
   17   13    5
   10    5    7
    3   27    7
   27   15    8
   13   24    8
   22   28    4
   23   28    5
   28   26    4
   12   15    4
    3   20    3
   13   28    4
    4   15    6
    4   24    5
   26    5    5
    3   14    4
   16   20    7
   29   15    7
   23    1    6
   12   18    8
   21   10    8
    1   13    6
   12   26    5
    5   24    6
   27   25    8
    9   10    7
    8   22    4
   10    2    4
   28   12    4
    4    1    6
   20   22    4
   16   18    4
   25   18    6
    2   20    5
   19   27    5
    9    6    4
   26   21    5
   14   22    3
   18    6    6
   10   16    3
   18    8    6
   19   17    6
   25   14    4
   23   25    4
    5   19    3
   25   30    7
   25   22    6
   19   18    7
    1   12    5
    1   30    5
   21    2    4
   25   16    4
   24   28    4
   12   11    3
   11   17    8
   14   21    7
   17   18    7
    8    1    6
   21    8    5
    8   20    5
   17    8    7
    9   11    6
   30   23    6
   15    7    5
   27   14    7
   11   27    5
    7   18    5
   28   25    6
   19   22    4
    4    5    6
   25   17    5
   18    1    8
   29   27    5
   11   15    5
    3   10    7
    5   25    5
    2   19    5
   13   22    6
    5   14    4
    9   18    5
    9   30    6
   13   18    5
   21    3    7
   10   28    6
   12    2    6
    9   21    6
    5   16    6
    5    3    6
   13   11    6
    8   26    5
    6   22    5
   27    9    4
   10    1    6
    9   23    5
   12   23    4
   29   14    4
   16   12    5
   21   11    4
   11    4    7
    4   13    4
   17   26    4
   28    2    4
    1   17    5
   30    3    4
   29   20    3
   10   20    7
   21    4    7
   11   28    6
   26    9    6
   13   14    6
    4   28    4
   15    1    4
   22   29    3
   21   25    4
   17   24    5
    5   22    4
   16   24    4
    7   17    6
   12    5    4
   28    3    5
   26    6    5
   14   28    4
   18   15    4
   22   17    4
    2    1    4
   15   26    5
    9    3    7
   12   25    6
    8   29    5
   14   30    6
    6   12    6
   14    4    7
   13   26    6
   25    6    5
    9   24    6
   12   19    5
   21   17    5
    1    3    5
    3    8    5
    2   11    7
   13    6    5
    2    5    5
   17   14    5
   27    1    8
   28   29    6
   11   16    8
   24   10    7
   15    9    6
