  1 5.63 4.90 5.17 5.50 4.64 3.30 3.61 4.92 4.60 4.75 4.98 4.17 4.62 4.69 4.21 4.61 4.46 4.35 4.90 4.35 4.24 3.95 3.60 4.28 4.08 4.11 3.98 3.57 3.30 4.02
  2 4.90 6.34 4.06 5.43 3.55 4.32 3.32 4.56 4.02 4.47 4.94 4.96 4.19 6.30 3.62 4.40 5.03 4.78 4.64 5.08 5.86 3.44 3.72 3.56 4.43 4.75 3.84 3.39 3.66 5.17
  3 5.17 4.06 6.50 5.12 6.08 3.16 4.36 5.08 4.42 4.01 5.11 3.79 5.12 3.94 4.11 4.68 3.84 4.11 5.20 3.40 3.93 3.99 3.13 3.87 3.46 3.51 3.57 3.39 3.21 3.30
  4 5.50 5.43 5.12 5.89 4.70 3.90 3.92 5.49 3.91 4.10 5.71 4.93 4.89 5.48 4.00 4.87 4.87 4.49 5.81 4.18 5.53 4.05 3.43 4.28 3.77 4.12 3.74 3.85 3.34 4.57
  5 4.64 3.55 6.08 4.70 6.59 3.09 4.38 4.90 4.21 4.26 4.74 3.51 4.85 3.53 4.49 4.10 3.52 4.21 4.54 3.01 3.47 4.59 3.45 4.65 3.53 3.76 3.55 3.85 3.58 3.53
  6 3.30 4.32 3.16 3.90 3.09 7.15 3.75 3.47 2.47 3.27 4.73 6.47 3.08 4.70 3.17 3.79 3.81 3.21 3.62 3.40 5.96 3.25 4.28 3.01 2.92 3.11 3.79 3.95 2.76 4.18
  7 3.61 3.32 4.36 3.92 4.38 3.75 5.41 4.17 3.48 3.30 4.13 4.06 3.77 3.57 3.67 3.85 3.60 3.43 4.13 2.83 3.80 4.75 3.60 4.55 3.53 3.58 3.58 4.11 3.13 3.70
  8 4.92 4.56 5.08 5.49 4.90 3.47 4.17 6.01 4.02 4.01 5.09 4.21 4.65 4.46 3.94 4.40 4.52 4.22 5.34 3.59 4.58 3.97 3.40 4.85 3.87 3.87 3.35 3.59 3.38 3.80
  9 4.60 4.02 4.42 3.91 4.21 2.47 3.48 4.02 6.70 3.95 3.55 2.86 4.03 3.27 4.15 3.93 3.89 4.00 4.09 3.25 3.13 3.25 3.55 3.68 4.13 4.35 3.60 3.09 3.74 3.25
 10 4.75 4.47 4.01 4.10 4.26 3.27 3.30 4.01 3.95 4.37 3.94 3.42 4.26 4.36 4.00 3.99 4.17 4.66 4.47 4.04 3.95 3.64 3.59 3.87 4.01 4.09 3.40 3.45 4.44 4.46
 11 4.98 4.94 5.11 5.71 4.74 4.73 4.13 5.09 3.55 3.94 5.72 5.35 4.68 5.12 3.62 4.62 4.54 3.76 5.36 3.60 5.55 3.81 3.26 3.83 3.40 3.82 3.52 3.45 3.00 4.18
 12 4.17 4.96 3.79 4.93 3.51 6.47 4.06 4.21 2.86 3.42 5.35 7.35 3.77 5.71 3.38 4.05 4.67 3.63 4.77 4.14 6.93 3.67 3.82 3.26 3.26 3.72 4.44 4.52 2.67 4.46
 13 4.62 4.19 5.12 4.89 4.85 3.08 3.77 4.65 4.03 4.26 4.68 3.77 6.58 4.42 4.00 5.85 4.78 4.65 5.00 3.90 3.83 3.68 3.35 3.62 3.82 3.83 3.95 3.07 4.15 3.91
 14 4.69 6.30 3.94 5.48 3.53 4.70 3.57 4.46 3.27 4.36 5.12 5.71 4.42 6.32 3.74 4.65 4.99 4.69 4.88 5.49 6.14 3.63 4.17 3.92 4.18 4.81 3.93 3.59 3.50 5.57
 15 4.21 3.62 4.11 4.00 4.49 3.17 3.67 3.94 4.15 4.00 3.62 3.38 4.00 3.74 5.65 3.98 4.03 5.17 4.08 3.62 3.62 3.53 4.03 3.44 4.17 4.50 5.32 4.81 3.72 3.73
 16 4.61 4.40 4.68 4.87 4.10 3.79 3.85 4.40 3.93 3.99 4.62 4.05 5.85 4.65 3.98 5.77 4.62 4.71 4.96 4.49 4.21 3.67 3.49 3.70 4.15 4.20 3.96 3.43 3.62 4.22
 17 4.46 5.03 3.84 4.87 3.52 3.81 3.60 4.52 3.89 4.17 4.54 4.67 4.78 4.99 4.03 4.62 5.43 4.94 4.81 4.79 4.58 3.26 3.83 3.75 4.31 4.69 4.29 3.85 3.74 4.60
 18 4.35 4.78 4.11 4.49 4.21 3.21 3.43 4.22 4.00 4.66 3.76 3.63 4.65 4.69 5.17 4.71 4.94 5.85 4.45 4.55 3.74 3.71 4.29 4.04 4.86 5.29 4.67 4.31 4.57 4.85
 19 4.90 4.64 5.20 5.81 4.54 3.62 4.13 5.34 4.09 4.47 5.36 4.77 5.00 4.88 4.08 4.96 4.81 4.45 5.92 3.87 4.95 4.08 3.51 4.29 4.17 4.07 4.04 4.07 3.30 4.29
 20 4.35 5.08 3.40 4.18 3.01 3.40 2.83 3.59 3.25 4.04 3.60 4.14 3.90 5.49 3.62 4.49 4.79 4.55 3.87 5.52 4.75 3.04 3.93 3.16 4.58 4.89 4.03 3.09 4.03 5.19
 21 4.24 5.86 3.93 5.53 3.47 5.96 3.80 4.58 3.13 3.95 5.55 6.93 3.83 6.14 3.62 4.21 4.58 3.74 4.95 4.75 7.11 3.47 3.68 3.44 3.78 4.21 3.91 4.05 2.89 5.02
 22 3.95 3.44 3.99 4.05 4.59 3.25 4.75 3.97 3.25 3.64 3.81 3.67 3.68 3.63 3.53 3.67 3.26 3.71 4.08 3.04 3.47 5.19 3.64 5.07 3.38 3.72 3.47 4.26 3.27 3.81
 23 3.60 3.72 3.13 3.43 3.45 4.28 3.60 3.40 3.55 3.59 3.26 3.82 3.35 4.17 4.03 3.49 3.83 4.29 3.51 3.93 3.68 3.64 5.02 3.63 4.46 4.66 4.56 4.64 3.99 4.30
 24 4.28 3.56 3.87 4.28 4.65 3.01 4.55 4.85 3.68 3.87 3.83 3.26 3.62 3.92 3.44 3.70 3.75 4.04 4.29 3.16 3.44 5.07 3.63 5.88 3.58 3.85 3.30 3.88 3.47 3.98
 25 4.08 4.43 3.46 3.77 3.53 2.92 3.53 3.87 4.13 4.01 3.40 3.26 3.82 4.18 4.17 4.15 4.31 4.86 4.17 4.58 3.78 3.38 4.46 3.58 4.95 5.45 4.19 3.22 4.44 4.43
 26 4.11 4.75 3.51 4.12 3.76 3.11 3.58 3.87 4.35 4.09 3.82 3.72 3.83 4.81 4.50 4.20 4.69 5.29 4.07 4.89 4.21 3.72 4.66 3.85 5.45 5.80 4.65 3.76 4.30 4.90
 27 3.98 3.84 3.57 3.74 3.55 3.79 3.58 3.35 3.60 3.40 3.52 4.44 3.95 3.93 5.32 3.96 4.29 4.67 4.04 4.03 3.91 3.47 4.56 3.30 4.19 4.65 5.72 5.40 3.00 3.71
 28 3.57 3.39 3.39 3.85 3.85 3.95 4.11 3.59 3.09 3.45 3.45 4.52 3.07 3.59 4.81 3.43 3.85 4.31 4.07 3.09 4.05 4.26 4.64 3.88 3.22 3.76 5.40 6.05 3.02 3.63
 29 3.30 3.66 3.21 3.34 3.58 2.76 3.13 3.38 3.74 4.44 3.00 2.67 4.15 3.50 3.72 3.62 3.74 4.57 3.30 4.03 2.89 3.27 3.99 3.47 4.44 4.30 3.00 3.02 5.46 4.26
 30 4.02 5.17 3.30 4.57 3.53 4.18 3.70 3.80 3.25 4.46 4.18 4.46 3.91 5.57 3.73 4.22 4.60 4.85 4.29 5.19 5.02 3.81 4.30 3.98 4.43 4.90 3.71 3.63 4.26 5.95

